   1.9614678e-02
   2.1897132e-02
   5.6103412e-02
   2.4978498e-02
   2.9067714e-02
   2.0306926e-02
   8.7374322e-02
   3.6557607e-02
   9.5630195e-03
   7.4302102e-03
   4.6625365e-02
   2.4809640e-02
   2.3854727e-02
   1.2325427e-02
   5.4191347e-02
   1.5071192e-02
   1.9524643e-02
   2.1595955e-02
   5.5912685e-02
   2.8560661e-02
   2.0172877e-02
   2.3736417e-02
   8.3923608e-02
   3.4359261e-02
   1.0241413e-02
   6.8274266e-03
   4.9312387e-02
   2.2855798e-02
   2.5480526e-02
   8.5763708e-03
   5.2127257e-02
   1.4984619e-02
   3.2490477e-02
   2.1369103e-02
   4.9735636e-02
   3.4663592e-02
   2.1429110e-02
   3.0539323e-02
   8.3178900e-02
   3.0792160e-02
   2.0894323e-02
   6.7892196e-03
   5.4861248e-02
   2.2677211e-02
   5.4301102e-02
   6.7838454e-03
   4.9616244e-02
   1.5508042e-02
   7.7934541e-02
   2.4492454e-02
   4.5552660e-02
   3.5583641e-02
   3.4667447e-02
   2.9677721e-02
   7.9043761e-02
   3.0487349e-02
   3.0256851e-02
   7.1858312e-03
   5.4546814e-02
   2.6955551e-02
   6.3800767e-02
   7.4195387e-03
   5.5541325e-02
   1.8300984e-02
   5.3537667e-02
   2.7665805e-02
   4.2945080e-02
   3.5148837e-02
   2.8478056e-02
   2.4254611e-02
   7.3617987e-02
   3.6960144e-02
   1.4787015e-02
   7.4353768e-03
   5.0039202e-02
   3.1999275e-02
   3.0647494e-02
   7.6652351e-03
   6.1457537e-02
   1.9059347e-02
   2.5013626e-02
   2.6278768e-02
   4.3901041e-02
   3.2648988e-02
   2.0201067e-02
   2.0744201e-02
   7.5914465e-02
   3.4203816e-02
   1.1131862e-02
   6.6396985e-03
   4.6721496e-02
   2.7328370e-02
   2.5112016e-02
   6.6086468e-03
   5.2591871e-02
   1.6645337e-02
   1.9503657e-02
   2.2370560e-02
   4.5054469e-02
   2.4283264e-02
   1.6825855e-02
   2.0188510e-02
   8.0127962e-02
   3.0295445e-02
   1.0280610e-02
   6.4205788e-03
   4.9358595e-02
   2.3806814e-02
   2.2913899e-02
   6.4415745e-03
   4.9317129e-02
   1.5407645e-02
   1.9738071e-02
   2.1757120e-02
   4.9554717e-02
   2.3864759e-02
   1.9559411e-02
   1.9402623e-02
   8.4370464e-02
   3.2169793e-02
   9.5912600e-03
   7.1579879e-03
   4.6757162e-02
   2.3229050e-02
   2.1758454e-02
   8.7721758e-03
   5.0247185e-02
   1.5358394e-02
   1.4802354e-02
   2.3187533e-02
   5.6452040e-02
   1.9810092e-02
   3.7450187e-02
   1.9169677e-02
   7.7856839e-02
   4.1015983e-02
   7.9702474e-03
   5.5358801e-03
   4.1054714e-02
   2.4456220e-02
   2.9038034e-02
   1.3942064e-02
   5.0252277e-02
   1.2857463e-02
   1.5380475e-02
   1.9308763e-02
   5.6169499e-02
   2.3320384e-02
   2.5447961e-02
   2.3866724e-02
   7.5531974e-02
   3.6153756e-02
   1.0104263e-02
   5.3519267e-03
   4.3939665e-02
   2.1058250e-02
   3.4505334e-02
   8.8852569e-03
   4.6228603e-02
   1.1559265e-02
   4.3030430e-02
   2.2182364e-02
   4.8808753e-02
   3.5645172e-02
   3.0617094e-02
   2.5706660e-02
   6.9336459e-02
   3.2096487e-02
   3.2736629e-02
   5.2087968e-03
   5.1799979e-02
   1.9187562e-02
   9.7682275e-02
   6.2134699e-03
   4.4832323e-02
   1.2965810e-02
   1.1409284e-01
   2.7188031e-02
   4.2127561e-02
   3.7676442e-02
   5.1605050e-02
   2.6982635e-02
   7.2304197e-02
   3.3545572e-02
   5.4009590e-02
   5.7413876e-03
   5.7428308e-02
   2.5016591e-02
   1.1662424e-01
   6.5395329e-03
   5.4868255e-02
   1.6354889e-02
   8.0843590e-02
   2.8456509e-02
   4.3184031e-02
   3.7235152e-02
   4.6325389e-02
   2.1534381e-02
   6.4716265e-02
   4.6678722e-02
   2.1940289e-02
   5.5955448e-03
   5.1758416e-02
   2.9661916e-02
   4.6803635e-02
   6.6785421e-03
   6.7189537e-02
   1.9087655e-02
   3.2261644e-02
   2.5951624e-02
   4.4173058e-02
   3.1831238e-02
   2.7530851e-02
   1.9265180e-02
   6.3849635e-02
   4.3221615e-02
   1.4437998e-02
   4.8495010e-03
   4.6465695e-02
   2.5501180e-02
   3.1399041e-02
   5.4256357e-03
   5.4983858e-02
   1.4324944e-02
   1.5702268e-02
   2.4864454e-02
   4.7180861e-02
   1.9627543e-02
   1.9238984e-02
   1.6085418e-02
   6.8644740e-02
   3.2037221e-02
   1.1056709e-02
   4.7053336e-03
   4.2297874e-02
   2.0821113e-02
   2.7878875e-02
   5.1876958e-03
   4.5088496e-02
   1.1909840e-02
   1.3078221e-02
   2.5096942e-02
   5.1606268e-02
   1.7922064e-02
   2.3177966e-02
   1.5576360e-02
   7.2672486e-02
   3.5630517e-02
   8.9072138e-03
   5.2171303e-03
   3.8359430e-02
   2.0042749e-02
   2.6134491e-02
   8.4832134e-03
   4.5345128e-02
   1.2685577e-02
   1.7506810e-02
   3.1418394e-02
   5.0285783e-02
   2.4632772e-02
   5.6588415e-02
   2.1622719e-02
   6.6810764e-02
   4.9476098e-02
   1.0083765e-02
   4.7581983e-03
   4.1506410e-02
   3.2377817e-02
   4.4352826e-02
   1.4983499e-02
   5.1810723e-02
   1.6669871e-02
   2.2662887e-02
   1.9977188e-02
   5.6217227e-02
   3.0310234e-02
   4.2384788e-02
   1.8842168e-02
   6.2836371e-02
   4.1568253e-02
   1.5989482e-02
   4.1271676e-03
   4.8189748e-02
   2.5965616e-02
   5.9532713e-02
   9.5469812e-03
   4.7789954e-02
   1.3725459e-02
   4.1639414e-02
   2.4690935e-02
   5.2205659e-02
   4.5460913e-02
   3.8149994e-02
   2.2171512e-02
   6.0674172e-02
   3.4907702e-02
   6.2107228e-02
   4.2693340e-03
   5.8364563e-02
   2.4444437e-02
   1.8427394e-01
   7.2580068e-03
   5.0548598e-02
   1.4203153e-02
   9.7948313e-02
   2.9205889e-02
   3.4977660e-02
   4.6758395e-02
   5.6498934e-02
   2.7809845e-02
   6.2787727e-02
   4.0115584e-02
   1.0420979e-01
   4.5883795e-03
   5.8240954e-02
   3.3153012e-02
   2.0280388e-01
   8.0939895e-03
   6.8378665e-02
   1.8541778e-02
   8.5537188e-02
   3.8137656e-02
   4.7317397e-02
   5.1203627e-02
   5.6620788e-02
   2.4484927e-02
   6.2242985e-02
   6.4103574e-02
   3.9087590e-02
   4.8725279e-03
   6.4327151e-02
   4.1008983e-02
   7.5069174e-02
   8.3895251e-03
   8.9548610e-02
   2.1518346e-02
   4.6315677e-02
   2.9149396e-02
   4.9521789e-02
   4.0408872e-02
   4.2876892e-02
   1.7790031e-02
   6.2940635e-02
   5.7474364e-02
   2.6876567e-02
   4.1660005e-03
   5.3247225e-02
   3.7342362e-02
   5.0886605e-02
   6.2397812e-03
   6.9853172e-02
   1.7714478e-02
   2.0497447e-02
   2.3797521e-02
   3.8130663e-02
   2.5983389e-02
   3.0797064e-02
   1.6748978e-02
   5.7146341e-02
   3.8645536e-02
   1.8864183e-02
   3.6677886e-03
   4.9434867e-02
   2.8539261e-02
   4.7156453e-02
   5.6734905e-03
   4.6318740e-02
   1.2909063e-02
   1.7513899e-02
   2.7233737e-02
   3.9300531e-02
   2.1929469e-02
   3.8460758e-02
   2.1948440e-02
   6.3325942e-02
   4.5052778e-02
   1.4087696e-02
   4.5689032e-03
   4.3629285e-02
   2.9520722e-02
   4.0429842e-02
   9.8984484e-03
   4.8236229e-02
   1.4767883e-02
   2.0196671e-02
   3.6316581e-02
   5.5011984e-02
   3.4999974e-02
   8.6639471e-02
   2.5540121e-02
   7.1741939e-02
   5.6888111e-02
   1.8162852e-02
   5.2584265e-03
   5.2599117e-02
   4.4021357e-02
   6.0124829e-02
   1.8350275e-02
   7.0504948e-02
   2.8684221e-02
   2.6415247e-02
   2.1690378e-02
   5.3777192e-02
   3.8420256e-02
   6.5374225e-02
   1.9367153e-02
   7.2813801e-02
   5.3118046e-02
   3.1075032e-02
   4.1651390e-03
   4.9849175e-02
   3.5861708e-02
   7.7901907e-02
   1.0217987e-02
   6.6454284e-02
   2.0236406e-02
   4.1565631e-02
   2.3350613e-02
   5.4427363e-02
   6.8037234e-02
   5.7986826e-02
   1.6354859e-02
   4.9585242e-02
   5.2217368e-02
   6.6615082e-02
   4.0594297e-03
   6.4100981e-02
   3.7897944e-02
   1.9539553e-01
   1.0077674e-02
   5.9922569e-02
   2.2769779e-02
   1.0988981e-01
   3.0983524e-02
   4.1455556e-02
   6.9830962e-02
   6.7248940e-02
   1.8921772e-02
   6.4689003e-02
   6.2772341e-02
   9.0749525e-02
   5.3443024e-03
   6.0184579e-02
   4.4049434e-02
   2.1472000e-01
   1.4958531e-02
   5.8683503e-02
   2.4969107e-02
   1.0700838e-01
   4.4066425e-02
   5.3552832e-02
   7.3060706e-02
   6.0136266e-02
   2.6162622e-02
   6.4612933e-02
   8.9021377e-02
   4.1899178e-02
   5.5530579e-03
   9.8416328e-02
   4.8041597e-02
   8.5578352e-02
   1.8424030e-02
   1.0369112e-01
   2.6552992e-02
   6.3745186e-02
   3.5269096e-02
   3.9848834e-02
   5.7443593e-02
   6.3853152e-02
   2.6358008e-02
   7.7145196e-02
   7.1552441e-02
   3.9307453e-02
   3.9071599e-03
   7.3307052e-02
   3.8792238e-02
   6.4666204e-02
   1.1710787e-02
   7.9764098e-02
   2.7002564e-02
   2.7237644e-02
   2.6846791e-02
   2.7419468e-02
   3.8967002e-02
   4.8873331e-02
   2.2312192e-02
   4.7964863e-02
   5.5728901e-02
   3.6386792e-02
   3.9936034e-03
   4.5855887e-02
   3.7557095e-02
   7.5207748e-02
   7.2271251e-03
   5.6707218e-02
   1.5343132e-02
   2.4516322e-02
   3.6822725e-02
   3.8423318e-02
   3.1864498e-02
   6.4854965e-02
   2.1623887e-02
   5.1080670e-02
   5.7264265e-02
   2.9367911e-02
   4.5955935e-03
   5.2972253e-02
   4.1610215e-02
   5.6110941e-02
   1.2101132e-02
   5.6049664e-02
   2.4640597e-02
