   6.4523168e-02
   6.5173931e-02
   7.2683230e-02
   5.3954169e-02
   5.0291810e-02
   4.4585489e-02
   3.2270409e-02
   1.8773865e-02
   7.9439014e-02
   1.6481556e-01
   7.9218753e-02
   1.0110808e-02
   3.3599298e-02
   5.2080143e-02
   2.7394559e-02
   1.2830829e-02
   3.2665621e-02
   3.1259626e-02
   3.3379186e-02
   2.5294928e-02
   3.5002396e-02
   2.6345171e-02
   1.5745742e-02
   1.1084443e-02
   4.2941507e-02
   8.7357104e-02
   4.4046193e-02
   1.0143204e-02
   3.1300526e-02
   4.7996484e-02
   2.3910925e-02
   1.3362873e-02
   1.4407551e-02
   1.7064262e-02
   1.2616781e-02
   1.0354117e-02
   1.5728207e-02
   1.0700266e-02
   6.6911220e-03
   7.7891843e-03
   3.5380781e-02
   4.4303712e-02
   2.1688970e-02
   9.6183037e-03
   3.0345103e-02
   4.8085671e-02
   2.4295086e-02
   1.4709774e-02
   1.2138598e-02
   1.8751930e-02
   1.3385461e-02
   1.1171346e-02
   1.6425386e-02
   1.1058356e-02
   9.5992647e-03
   9.9884486e-03
   3.9725825e-02
   5.5113748e-02
   3.0686839e-02
   1.1767114e-02
   3.3696905e-02
   5.6563351e-02
   4.1786041e-02
   1.6151948e-02
   8.8655800e-03
   1.0946191e-02
   2.3901802e-02
   1.4564145e-02
   1.9861354e-02
   1.2815224e-02
   1.4604677e-02
   1.4464642e-02
   5.1259182e-02
   6.8786874e-02
   6.0582709e-02
   1.5709054e-02
   4.1993268e-02
   8.3788477e-02
   6.5924004e-02
   1.9607063e-02
   7.9103950e-03
   8.4033245e-03
   2.2028811e-02
   1.6970333e-02
   1.6137995e-02
   1.1261555e-02
   9.6384371e-03
   1.0821730e-02
   4.2087305e-02
   6.6237211e-02
   2.8340735e-02
   1.2152540e-02
   5.8028087e-02
   1.3295232e-01
   3.6265723e-02
   1.5375378e-02
   8.9394441e-03
   7.8516230e-03
   1.1331530e-02
   2.5815662e-02
   1.5760669e-02
   1.0883748e-02
   6.6834050e-03
   8.7642306e-03
   4.6478290e-02
   7.6298647e-02
   1.7478801e-02
   9.7798938e-03
   9.2238322e-02
   1.0145996e-01
   2.1920569e-02
   1.3145656e-02
   2.7444512e-02
   2.6462365e-02
   3.1004000e-02
   3.1694543e-02
   2.5028372e-02
   2.1620961e-02
   1.4346256e-02
   1.1949449e-02
   8.0446444e-02
   1.1202614e-01
   3.5925247e-02
   9.3406979e-03
   6.2844388e-02
   5.7013836e-02
   2.3429541e-02
   1.3271705e-02
   1.0072637e-01
   1.0026076e-01
   1.0397217e-01
   7.6216049e-02
   7.4736141e-02
   6.1966572e-02
   4.4840712e-02
   2.5328847e-02
   1.1987087e-01
   2.2271991e-01
   1.1370247e-01
   7.2252415e-03
   4.4491932e-02
   5.2919213e-02
   2.8097203e-02
   7.9391915e-03
   4.9715467e-02
   4.6614066e-02
   4.6006095e-02
   3.4462217e-02
   5.2990627e-02
   3.5061978e-02
   2.0146010e-02
   1.4195411e-02
   5.2073978e-02
   1.1635271e-01
   5.8814444e-02
   7.4680303e-03
   3.6578096e-02
   4.5405876e-02
   2.3843318e-02
   8.7160282e-03
   1.9632952e-02
   2.4515787e-02
   1.3712305e-02
   1.0983409e-02
   1.8538240e-02
   1.3450515e-02
   7.8826295e-03
   7.8827487e-03
   4.2613838e-02
   5.2453347e-02
   1.8536109e-02
   6.8271947e-03
   3.4012266e-02
   5.1939800e-02
   2.7044179e-02
   1.1095547e-02
   1.5307478e-02
   2.6305355e-02
   1.8609213e-02
   1.1862644e-02
   1.9685697e-02
   1.2316769e-02
   1.2325724e-02
   1.0996269e-02
   4.7824048e-02
   6.6285372e-02
   3.8034886e-02
   1.0115371e-02
   3.9968327e-02
   5.7791773e-02
   5.3258337e-02
   1.2222409e-02
   9.9869519e-03
   1.4213670e-02
   3.9649125e-02
   1.5518891e-02
   2.4753680e-02
   1.4050918e-02
   1.8959720e-02
   1.6764631e-02
   6.7042604e-02
   6.4294182e-02
   8.2884513e-02
   1.5637781e-02
   5.3195089e-02
   8.1373632e-02
   8.4733687e-02
   1.6103942e-02
   8.6719804e-03
   9.1175372e-03
   3.6082748e-02
   2.4756150e-02
   2.0564785e-02
   1.2497204e-02
   1.2571818e-02
   1.2776877e-02
   5.4922398e-02
   6.7890815e-02
   3.5012703e-02
   1.0987261e-02
   8.9910179e-02
   1.1225592e-01
   4.1029233e-02
   1.1566181e-02
   1.0626085e-02
   8.7725893e-03
   1.5941273e-02
   4.3013491e-02
   1.7513087e-02
   1.2098084e-02
   8.6416649e-03
   1.0721117e-02
   7.0798419e-02
   1.0207975e-01
   1.3732543e-02
   7.3312982e-03
   1.5282065e-01
   1.0462359e-01
   2.1984717e-02
   8.0337524e-03
   3.8724314e-02
   3.7704259e-02
   4.1961726e-02
   4.8621818e-02
   3.2056611e-02
   2.7095085e-02
   1.9311715e-02
   1.4395547e-02
   1.2647237e-01
   1.5367350e-01
   4.5876160e-02
   6.0810731e-03
   1.0399088e-01
   5.9636664e-02
   2.2557106e-02
   7.4498695e-03
   1.7141512e-01
   1.6503839e-01
   1.6442794e-01
   1.1738279e-01
   9.5451392e-02
   1.1086076e-01
   8.0022700e-02
   4.5941003e-02
   1.8191129e-01
   1.0225391e-01
   2.3016939e-02
   7.3975595e-03
   8.0918677e-02
   4.8181724e-02
   2.4110865e-02
   5.4530301e-03
   7.8157410e-02
   7.5265624e-02
   6.9161505e-02
   5.1380083e-02
   6.6238329e-02
   5.3147651e-02
   3.3728950e-02
   2.5538893e-02
   8.4532507e-02
   6.1802901e-02
   1.5733611e-02
   6.4653466e-03
   6.6360526e-02
   4.7731306e-02
   2.9360907e-02
   5.2283122e-03
   2.8982352e-02
   3.9230693e-02
   2.3563294e-02
   1.7167911e-02
   2.9469496e-02
   1.5379827e-02
   1.2146596e-02
   1.3024912e-02
   5.8802363e-02
   5.2756712e-02
   1.3159947e-02
   6.2295571e-03
   6.1486512e-02
   5.7232309e-02
   3.7804995e-02
   7.5884419e-03
   2.6188415e-02
   4.1165754e-02
   3.5652213e-02
   1.7253537e-02
   2.4453029e-02
   1.5548213e-02
   1.9129917e-02
   1.8683847e-02
   6.9485903e-02
   5.8460362e-02
   5.1156551e-02
   1.3168674e-02
   6.3107088e-02
   5.8010750e-02
   7.6275110e-02
   1.3457537e-02
   1.6747072e-02
   2.3897231e-02
   7.0485443e-02
   2.4523314e-02
   2.7414039e-02
   1.6863063e-02
   2.8111260e-02
   2.6164060e-02
   8.4137745e-02
   6.3450791e-02
   1.1300292e-01
   2.2196298e-02
   7.5408220e-02
   9.3146548e-02
   1.1482394e-01
   1.8349165e-02
   1.4087828e-02
   1.2537730e-02
   6.3468248e-02
   4.1595947e-02
   2.7570324e-02
   1.5100525e-02
   1.8298829e-02
   2.0647386e-02
   7.3056668e-02
   4.8733279e-02
   4.7566000e-02
   1.4124193e-02
   1.1893888e-01
   7.5496279e-02
   5.2329358e-02
   9.2568183e-03
   1.6830923e-02
   1.1418179e-02
   2.9516585e-02
   6.9499299e-02
   2.3507655e-02
   1.3838002e-02
   1.3310891e-02
   1.7824890e-02
   1.1174642e-01
   7.7770777e-02
   1.2800896e-02
   7.1330285e-03
   2.4209376e-01
   5.3262591e-02
   1.8836837e-02
   5.4752650e-03
   6.2056255e-02
   5.9289742e-02
   6.5310553e-02
   7.8250542e-02
   4.2435788e-02
   4.4681977e-02
   3.2297790e-02
   2.3381576e-02
   1.9915362e-01
   1.1113650e-01
   1.5290807e-02
   5.1810457e-03
   1.7667355e-01
   4.1774698e-02
   2.1038791e-02
   5.8019226e-03
   2.1258612e-01
   2.1003449e-01
   2.1340363e-01
   1.6394629e-01
   1.3380150e-01
   1.2521453e-01
   1.1593770e-01
   7.4696325e-02
   1.8616362e-01
   5.7465535e-02
   1.9150849e-02
   8.4455907e-03
   1.0058868e-01
   4.0170860e-02
   2.8189914e-02
   4.4483049e-03
   9.9207453e-02
   9.4300158e-02
   8.6723685e-02
   7.0910349e-02
   7.8767523e-02
   6.6555217e-02
   5.0404493e-02
   4.7607984e-02
   9.4817400e-02
   3.7280139e-02
   1.4511671e-02
   5.7062199e-03
   9.2442490e-02
   5.0459396e-02
   3.8119987e-02
   4.5228507e-03
   4.0829897e-02
   5.5525601e-02
   3.6698010e-02
   2.3290366e-02
   2.7299661e-02
   2.4070755e-02
   2.0092981e-02
   2.6188698e-02
   7.8712508e-02
   4.0055059e-02
   1.6672129e-02
   9.3163755e-03
   7.1574941e-02
   4.6549566e-02
   6.8205148e-02
   8.1551829e-03
   4.1873295e-02
   5.8762334e-02
   6.1948586e-02
   2.3810899e-02
   1.9532753e-02
   2.1300588e-02
   2.8100783e-02
   3.6873054e-02
   7.4911028e-02
   3.8383707e-02
   6.1385967e-02
   2.0592194e-02
   6.4469844e-02
   4.5640875e-02
   1.2884210e-01
   2.2576535e-02
   2.8528865e-02
   3.6509585e-02
   9.5519401e-02
   3.6310323e-02
   3.4083132e-02
   2.0859540e-02
   3.2840002e-02
   4.0825669e-02
   9.5245391e-02
   4.6839438e-02
   1.3513118e-01
   4.6811745e-02
   9.7275503e-02
   8.1698328e-02
   1.6127913e-01
   3.2156847e-02
   2.1139065e-02
   2.2274310e-02
   8.6675756e-02
   6.2365584e-02
   3.0378198e-02
   1.5572228e-02
   2.2675142e-02
   4.0648557e-02
   6.9311552e-02
   2.6668644e-02
   5.3965416e-02
   2.5077064e-02
   6.8323046e-02
   7.3809788e-02
   7.3009916e-02
   1.3923958e-02
   2.5691235e-02
   1.6043490e-02
   4.2037733e-02
   1.1499178e-01
   3.0161483e-02
   1.3592904e-02
   1.8047314e-02
   3.7677601e-02
   9.6388951e-02
   3.3437937e-02
   1.2429407e-02
   1.0022869e-02
   1.4292127e-01
   4.7077440e-02
   2.0345801e-02
   4.6897205e-03
   7.6480106e-02
   7.5915270e-02
   8.2438454e-02
   1.2315079e-01
   4.5330506e-02
   5.2354190e-02
   4.3893553e-02
   3.8671102e-02
   1.8208800e-01
   5.2738797e-02
   1.3327473e-02
   6.2239091e-03
   1.4572553e-01
   2.7933318e-02
   1.9442413e-02
   3.6668265e-03
