   3.2643158e-02
   4.5603413e-02
   3.6600284e-02
   1.2787317e-02
   6.9034271e-02
   1.3323708e-01
   8.3197542e-02
   1.0639454e-02
   5.5306453e-02
   6.4698622e-02
   4.2023048e-02
   1.4778484e-02
   6.7382134e-02
   6.5821990e-02
   6.8636857e-02
   2.9670505e-02
   5.8943685e-02
   5.1378898e-02
   2.8554525e-02
   1.2722636e-02
   8.2513675e-02
   1.1354417e-01
   3.7830733e-02
   9.9176830e-03
   2.5979685e-02
   2.9332282e-02
   1.8885760e-02
   1.1091274e-02
   2.8223731e-02
   2.8917255e-02
   3.1338755e-02
   2.5983213e-02
   9.4713725e-02
   9.8971747e-02
   2.5173413e-02
   1.3504197e-02
   5.0003834e-02
   9.7491220e-02
   1.5609561e-02
   1.0606187e-02
   1.4653292e-02
   1.3054403e-02
   7.8368038e-03
   8.7271500e-03
   8.7896129e-03
   9.0845264e-03
   1.2034148e-02
   3.2443963e-02
   5.8660541e-02
   1.3751274e-01
   3.5029400e-02
   1.3947743e-02
   4.0817104e-02
   8.3411433e-02
   2.5086487e-02
   1.2973989e-02
   1.7356399e-02
   1.5979085e-02
   1.0664784e-02
   1.0669340e-02
   8.6804545e-03
   9.7884294e-03
   2.6076183e-02
   1.9032514e-02
   3.9076760e-02
   7.8661986e-02
   6.1263796e-02
   1.7969429e-02
   4.8295520e-02
   7.9713605e-02
   5.3204056e-02
   1.5852105e-02
   2.0902697e-02
   2.1183429e-02
   1.6280858e-02
   1.3339144e-02
   9.4925212e-03
   1.4798230e-02
   3.0291634e-02
   1.4056984e-02
   3.1349063e-02
   4.7379568e-02
   4.3509539e-02
   1.5816553e-02
   3.8656611e-02
   6.3657068e-02
   2.9324999e-02
   1.2912781e-02
   1.5916796e-02
   1.6204834e-02
   1.0570391e-02
   9.8381434e-03
   1.6224200e-02
   2.5133355e-02
   1.4363257e-02
   1.0908559e-02
   2.9840952e-02
   4.0272567e-02
   2.5999077e-02
   1.4796387e-02
   3.5555027e-02
   4.9611583e-02
   2.1112561e-02
   1.1096896e-02
   1.4260637e-02
   1.3926908e-02
   8.0027496e-03
   7.4407067e-03
   2.4710326e-02
   2.1098491e-02
   1.2723424e-02
   1.0542752e-02
   3.0136712e-02
   4.1740578e-02
   2.9110180e-02
   1.3061217e-02
   3.8633011e-02
   7.2075523e-02
   4.3361593e-02
   1.1304658e-02
   3.1662490e-02
   3.4515500e-02
   1.9061340e-02
   9.4275177e-03
   3.9240643e-02
   3.0441049e-02
   3.0538699e-02
   1.6389573e-02
   3.9418977e-02
   4.5727603e-02
   3.5094582e-02
   8.1956470e-03
   1.0447257e-01
   1.7276144e-01
   1.1402734e-01
   7.2021866e-03
   7.2412446e-02
   8.5048445e-02
   6.0570206e-02
   2.2292746e-02
   9.7399220e-02
   9.5296472e-02
   9.5714301e-02
   4.2152409e-02
   9.3057938e-02
   5.4985866e-02
   2.5263257e-02
   7.9020308e-03
   1.3059923e-01
   1.5529281e-01
   4.7655657e-02
   7.1852603e-03
   3.1859551e-02
   3.6856484e-02
   2.6440401e-02
   1.4353984e-02
   3.9723042e-02
   4.1130252e-02
   4.2346831e-02
   4.1179050e-02
   1.5630870e-01
   1.0495929e-01
   2.5141692e-02
   7.9862811e-03
   7.5750418e-02
   1.2584847e-01
   1.3015999e-02
   7.7679008e-03
   1.7831407e-02
   1.6227353e-02
   9.9857189e-03
   1.0833493e-02
   9.6676918e-03
   1.2092257e-02
   1.7762048e-02
   5.4228924e-02
   9.2203088e-02
   1.2167887e-01
   4.1741766e-02
   9.3128504e-03
   5.2008823e-02
   8.1742413e-02
   3.1135794e-02
   1.0645295e-02
   2.1627638e-02
   1.7944850e-02
   1.4864917e-02
   1.3352749e-02
   8.6418474e-03
   1.2323856e-02
   4.5126114e-02
   2.9136168e-02
   4.9633142e-02
   8.0243714e-02
   7.6070644e-02
   1.4059404e-02
   6.4429887e-02
   7.4797608e-02
   7.2975434e-02
   1.5979361e-02
   2.7496332e-02
   2.1182626e-02
   2.3859244e-02
   1.6273543e-02
   1.0622096e-02
   2.1372875e-02
   5.2072801e-02
   1.5097631e-02
   3.6258239e-02
   5.1112402e-02
   4.9772482e-02
   1.1805841e-02
   4.7317799e-02
   6.9382288e-02
   3.5685573e-02
   1.0748183e-02
   1.9501483e-02
   1.8259373e-02
   1.5116046e-02
   1.1211038e-02
   2.2684658e-02
   4.0200375e-02
   2.0734796e-02
   1.1675604e-02
   3.1856004e-02
   3.9994095e-02
   2.7305091e-02
   1.0328821e-02
   3.9840128e-02
   6.1474901e-02
   1.6666804e-02
   7.9259723e-03
   1.6529810e-02
   1.7144641e-02
   9.1603426e-03
   7.9209283e-03
   3.3881288e-02
   3.3516910e-02
   1.4317382e-02
   1.2529894e-02
   3.4270450e-02
   3.9534125e-02
   3.0699437e-02
   7.6693580e-03
   4.5546666e-02
   8.9955457e-02
   5.4972269e-02
   7.6357103e-03
   4.2022195e-02
   4.3550912e-02
   2.5747696e-02
   1.2345494e-02
   5.2530758e-02
   4.1498370e-02
   4.0735625e-02
   2.1225566e-02
   6.9760442e-02
   4.4415955e-02
   3.6972448e-02
   8.3358940e-03
   1.6518849e-01
   8.8514522e-02
   3.0688889e-02
   5.2423002e-03
   1.2505043e-01
   1.1355697e-01
   8.6885668e-02
   3.6313787e-02
   1.4606185e-01
   1.4730769e-01
   1.4063241e-01
   6.2884122e-02
   1.6111040e-01
   4.0612753e-02
   2.9438054e-02
   5.9895492e-03
   2.1470866e-01
   1.1452977e-01
   1.7673003e-02
   4.7244309e-03
   4.8903573e-02
   4.6616465e-02
   3.5525396e-02
   2.3108730e-02
   5.9327636e-02
   5.9758186e-02
   6.0659777e-02
   6.6482477e-02
   2.5557750e-01
   5.3405475e-02
   2.6016146e-02
   5.4037175e-03
   1.2991890e-01
   9.2098348e-02
   1.4737514e-02
   6.0033109e-03
   2.3895826e-02
   2.0761004e-02
   1.6406011e-02
   1.8263545e-02
   1.3608476e-02
   1.5487132e-02
   3.0343428e-02
   9.1704443e-02
   1.3117263e-01
   7.4126542e-02
   5.1914219e-02
   8.7188184e-03
   6.7186140e-02
   5.7462566e-02
   4.1822784e-02
   1.2532866e-02
   2.8120337e-02
   2.4353025e-02
   2.0872030e-02
   2.0788779e-02
   1.1783786e-02
   1.7329562e-02
   7.4418619e-02
   5.0088271e-02
   6.4783476e-02
   8.3085090e-02
   1.1032824e-01
   1.5369845e-02
   7.2226450e-02
   8.0462851e-02
   9.6167199e-02
   2.2618202e-02
   3.0141795e-02
   2.8243646e-02
   3.2445699e-02
   2.4431283e-02
   1.4948429e-02
   3.3461701e-02
   8.7643817e-02
   2.0896811e-02
   6.0114224e-02
   4.3630157e-02
   6.7313500e-02
   1.0772322e-02
   6.7406401e-02
   6.2329393e-02
   4.7790058e-02
   1.3515583e-02
   2.5678333e-02
   2.3283420e-02
   2.2659548e-02
   1.7667938e-02
   3.1745382e-02
   6.0610808e-02
   3.5507336e-02
   1.5212441e-02
   5.8829296e-02
   3.9910428e-02
   3.6906708e-02
   7.5347549e-03
   5.9432391e-02
   6.1873857e-02
   1.4574993e-02
   6.5645315e-03
   2.7549515e-02
   2.0797616e-02
   1.4419165e-02
   1.2841105e-02
   4.6374772e-02
   5.0593484e-02
   2.2684559e-02
   1.5040564e-02
   6.0016301e-02
   4.4011690e-02
   3.7329197e-02
   5.8111753e-03
   7.6876439e-02
   5.6300957e-02
   2.1533648e-02
   6.0318876e-03
   6.6375069e-02
   5.5676486e-02
   3.4631386e-02
   2.0908797e-02
   7.3683150e-02
   6.2451616e-02
   5.6734733e-02
   3.0227585e-02
   9.7341172e-02
   3.9132044e-02
   5.3675879e-02
   9.7855926e-03
   1.7012183e-01
   4.4063058e-02
   3.6799639e-02
   4.3145921e-03
   1.5086897e-01
   1.4591031e-01
   1.3362910e-01
   5.4259852e-02
   2.1110471e-01
   2.1627699e-01
   2.0303482e-01
   9.2167333e-02
   1.3964459e-01
   2.9276673e-02
   3.6617555e-02
   5.4744114e-03
   2.0020442e-01
   5.2261237e-02
   2.4468448e-02
   4.6197856e-03
   5.7457153e-02
   6.1731633e-02
   5.0603047e-02
   3.6403701e-02
   8.6702920e-02
   8.6122982e-02
   8.6003453e-02
   1.0642921e-01
   1.4882095e-01
   3.9839294e-02
   3.2238681e-02
   4.8654717e-03
   1.0937268e-01
   3.7949029e-02
   1.7501917e-02
   6.9013690e-03
   3.0250244e-02
   1.9360483e-02
   2.4190530e-02
   3.3621762e-02
   2.1288721e-02
   2.1538334e-02
   3.9585993e-02
   1.5657911e-01
   7.1462154e-02
   7.9993442e-02
   8.4469080e-02
   1.3298035e-02
   6.9500469e-02
   3.3184219e-02
   5.6247596e-02
   2.1521512e-02
   2.9097499e-02
   1.9926894e-02
   3.2755915e-02
   3.8318586e-02
   1.8357575e-02
   2.5067627e-02
   9.6919172e-02
   7.3235027e-02
   8.0072641e-02
   8.2879364e-02
   1.6236770e-01
   2.2245001e-02
   9.0500161e-02
   5.9894353e-02
   1.3831697e-01
   4.5930464e-02
   3.7425779e-02
   2.3950843e-02
   4.3500952e-02
   4.2201657e-02
   2.4511242e-02
   4.2424820e-02
   1.1946955e-01
   2.8126799e-02
   6.2100984e-02
   3.4305561e-02
   1.0058601e-01
   1.4404710e-02
   7.2744116e-02
   4.2469166e-02
   6.6639237e-02
   2.2970645e-02
   3.0478464e-02
   2.2653017e-02
   3.5603341e-02
   3.2398891e-02
   5.3882204e-02
   8.3717324e-02
   4.5391284e-02
   2.2855800e-02
   7.5188272e-02
   3.1611718e-02
   5.9430391e-02
   1.0046192e-02
   7.9366729e-02
   4.5779768e-02
   1.9454755e-02
   8.0874432e-03
   2.7866269e-02
   2.6068710e-02
   2.2546129e-02
   2.3479175e-02
   6.5217882e-02
   7.1205549e-02
   3.8020674e-02
   2.6092496e-02
   7.8137182e-02
   4.0965155e-02
   4.7913238e-02
   5.7830960e-03
   8.3744675e-02
   3.5442438e-02
   2.8208634e-02
   4.4353390e-03
   7.2806649e-02
   7.1415000e-02
   5.4716513e-02
   3.2625068e-02
   9.9320300e-02
   8.8942096e-02
   7.7540465e-02
   4.2974427e-02
