   2.4229541e-02
   1.3657995e-02
   5.7901733e-02
   1.6717758e-02
   2.4563579e-02
   8.6316541e-03
   3.3737805e-02
   1.5861195e-02
   1.6359564e-02
   9.2337802e-03
   3.1095330e-02
   1.3875195e-02
   1.6218618e-02
   9.1549689e-03
   3.2037430e-02
   1.5916757e-02
   2.4047079e-02
   1.3909315e-02
   5.7401963e-02
   1.6764749e-02
   2.1424420e-02
   6.9172778e-03
   3.0636527e-02
   1.4685901e-02
   1.5690835e-02
   7.2052917e-03
   2.7973980e-02
   1.4247843e-02
   1.5899396e-02
   8.5274177e-03
   3.1486046e-02
   1.7411867e-02
   2.4637962e-02
   1.4112041e-02
   5.2293237e-02
   1.6220361e-02
   2.0119524e-02
   5.7430607e-03
   3.1693242e-02
   1.4095437e-02
   1.6544014e-02
   6.7349528e-03
   2.6219504e-02
   1.3474096e-02
   1.6390629e-02
   8.5978368e-03
   3.1778846e-02
   1.7727818e-02
   8.4845357e-02
   1.5006837e-02
   5.2530304e-02
   1.6449496e-02
   5.9031431e-02
   7.0670065e-03
   3.5106808e-02
   1.4310763e-02
   5.0364479e-02
   7.8769075e-03
   3.2324620e-02
   1.3926449e-02
   4.8725016e-02
   1.0132668e-02
   3.8826108e-02
   1.6712138e-02
   2.0780332e-01
   1.9328935e-02
   5.7901256e-02
   1.8016933e-02
   1.3372403e-01
   9.9990340e-03
   3.8736451e-02
   1.5906582e-02
   1.2083088e-01
   1.1003515e-02
   3.7704825e-02
   1.5549538e-02
   1.2071243e-01
   1.0726484e-02
   4.6748918e-02
   1.8395126e-02
   8.6762838e-02
   1.8995587e-02
   5.5544779e-02
   1.7762091e-02
   6.0766309e-02
   7.9277931e-03
   3.4164358e-02
   1.5552795e-02
   5.3854823e-02
   8.1081782e-03
   3.1961773e-02
   1.3059828e-02
   5.1091693e-02
   9.3938252e-03
   3.6088202e-02
   1.6332118e-02
   2.3968000e-02
   1.3754398e-02
   5.2136347e-02
   1.7702587e-02
   2.0161500e-02
   5.9950836e-03
   3.3007015e-02
   1.5612965e-02
   1.7763555e-02
   6.8595726e-03
   2.8335406e-02
   1.3449837e-02
   1.5884403e-02
   8.9159673e-03
   2.8956493e-02
   1.5460613e-02
   2.3780530e-02
   1.3434163e-02
   4.9434893e-02
   1.6587244e-02
   2.0567643e-02
   6.7609041e-03
   3.4192976e-02
   1.5932987e-02
   1.7326197e-02
   7.9413410e-03
   2.7456693e-02
   1.3345987e-02
   1.5974481e-02
   8.8865859e-03
   2.9347258e-02
   1.5526882e-02
   1.7980428e-02
   1.2871441e-02
   4.8658021e-02
   1.0249713e-02
   2.5774837e-02
   1.0219515e-02
   3.9442621e-02
   1.2436412e-02
   1.5427767e-02
   1.0090997e-02
   3.2615405e-02
   1.0313990e-02
   1.0904681e-02
   7.4797408e-03
   3.6208931e-02
   1.1737407e-02
   1.8458564e-02
   1.2457641e-02
   4.9114481e-02
   1.0203417e-02
   2.2084201e-02
   7.4343672e-03
   3.5006251e-02
   1.1002177e-02
   1.5211326e-02
   6.6576013e-03
   2.8758183e-02
   9.7743263e-03
   1.0589115e-02
   5.7618306e-03
   3.3019934e-02
   1.2246181e-02
   2.2366775e-02
   1.0083055e-02
   4.3046489e-02
   1.0572344e-02
   2.3199631e-02
   5.0671329e-03
   3.7446164e-02
   1.0637444e-02
   1.8186888e-02
   6.3050673e-03
   2.6633030e-02
   9.2275981e-03
   1.2206282e-02
   6.0944189e-03
   3.4463823e-02
   1.2202533e-02
   1.1036283e-01
   1.1665460e-02
   4.4150855e-02
   1.0828434e-02
   8.9396805e-02
   7.4313325e-03
   4.2637229e-02
   1.0936227e-02
   7.9881862e-02
   8.1037423e-03
   4.0247649e-02
   1.1491487e-02
   7.5382866e-02
   7.7817026e-03
   4.3243811e-02
   1.2147447e-02
   2.7503681e-01
   2.0237042e-02
   5.8543485e-02
   1.3358428e-02
   2.0264409e-01
   1.3007297e-02
   5.1153392e-02
   1.2989756e-02
   1.8806595e-01
   1.2859127e-02
   4.7764249e-02
   1.3402318e-02
   1.9166228e-01
   8.5899876e-03
   5.7987288e-02
   1.4496568e-02
   1.1327665e-01
   2.2052713e-02
   5.7979342e-02
   1.2092449e-02
   9.1499366e-02
   9.2188092e-03
   3.8686536e-02
   1.0618673e-02
   8.5146777e-02
   7.7547701e-03
   3.7326042e-02
   9.8932264e-03
   7.9119526e-02
   7.0259594e-03
   4.1199397e-02
   1.0684580e-02
   2.0762831e-02
   1.2700044e-02
   4.5887109e-02
   1.2358951e-02
   2.3561716e-02
   6.0691158e-03
   3.5802785e-02
   1.0923806e-02
   1.9394042e-02
   5.9480565e-03
   2.7326234e-02
   8.8328272e-03
   1.2962505e-02
   6.5630064e-03
   3.0904621e-02
   9.8547777e-03
   1.8009037e-02
   1.2058455e-02
   4.0656663e-02
   1.1008250e-02
   2.3064319e-02
   7.1255038e-03
   3.6802456e-02
   1.2245875e-02
   1.5901588e-02
   7.6640607e-03
   2.5502989e-02
   9.2002414e-03
   1.0827300e-02
   6.7107147e-03
   3.1149158e-02
   1.0198972e-02
   1.7165890e-02
   1.5389928e-02
   5.3495374e-02
   1.0382918e-02
   3.2996252e-02
   1.3764482e-02
   5.7996597e-02
   1.4455862e-02
   1.7545810e-02
   1.1698189e-02
   4.9794745e-02
   1.2066640e-02
   1.0539421e-02
   8.5555343e-03
   5.4183349e-02
   1.1585704e-02
   1.7136317e-02
   1.4310395e-02
   5.2901980e-02
   9.5958887e-03
   3.2270502e-02
   1.0923094e-02
   4.8724525e-02
   1.1388421e-02
   1.9321410e-02
   7.7753463e-03
   4.3070771e-02
   1.1258886e-02
   1.0821733e-02
   5.8136676e-03
   4.6220236e-02
   1.1314788e-02
   2.6541948e-02
   1.1720697e-02
   5.3497862e-02
   8.7761413e-03
   3.2030385e-02
   6.5212776e-03
   4.7451865e-02
   1.0189082e-02
   2.7800487e-02
   7.9906797e-03
   3.7662711e-02
   9.7813504e-03
   1.3997612e-02
   6.2139072e-03
   4.1984700e-02
   1.0996777e-02
   1.0022748e-01
   1.5922973e-02
   5.7589825e-02
   1.1196036e-02
   9.9032387e-02
   9.0955682e-03
   5.6167871e-02
   1.0909861e-02
   8.8441648e-02
   9.8584406e-03
   5.5092607e-02
   1.2295765e-02
   8.7655447e-02
   7.2882916e-03
   5.6309663e-02
   1.3522088e-02
   2.4033092e-01
   3.1132972e-02
   6.9794491e-02
   1.4482062e-02
   2.1195959e-01
   1.7699353e-02
   7.9699710e-02
   1.6051179e-02
   2.0242523e-01
   1.7131990e-02
   6.4008869e-02
   1.5404991e-02
   2.2587809e-01
   9.2663262e-03
   9.2670962e-02
   1.6459668e-02
   1.0541193e-01
   3.0016746e-02
   5.9359603e-02
   1.1362901e-02
   9.8496817e-02
   1.2112212e-02
   5.3419545e-02
   1.2315005e-02
   9.4949722e-02
   8.4647285e-03
   4.6873577e-02
   1.0848220e-02
   9.1817357e-02
   7.4045896e-03
   5.8933184e-02
   9.8029869e-03
   2.3016723e-02
   1.8136052e-02
   5.5661596e-02
   1.2418563e-02
   3.1119464e-02
   8.1366841e-03
   4.7884583e-02
   1.2361402e-02
   2.7395567e-02
   6.7193788e-03
   3.8151029e-02
   9.2006950e-03
   1.5847353e-02
   6.1033550e-03
   4.2580381e-02
   7.5800498e-03
   1.9693727e-02
   1.3925564e-02
   4.6427876e-02
   1.0983313e-02
   3.1635024e-02
   9.6889064e-03
   4.7530908e-02
   1.3223492e-02
   2.0437812e-02
   8.1944428e-03
   4.2351950e-02
   1.1313382e-02
   1.2573600e-02
   6.5313578e-03
   4.4879470e-02
   8.8452138e-03
   2.0133246e-02
   2.4699824e-02
   7.5099662e-02
   1.8983804e-02
   4.5923080e-02
   2.1389134e-02
   7.4263766e-02
   1.8540798e-02
   2.7237235e-02
   1.6076552e-02
   6.3293904e-02
   2.2849739e-02
   1.2060688e-02
   1.2672162e-02
   6.1465200e-02
   1.8095108e-02
   1.9689914e-02
   2.9156163e-02
   8.2113490e-02
   1.4905297e-02
   4.5102794e-02
   1.8604504e-02
   6.5608263e-02
   1.5089842e-02
   1.7016398e-02
   1.0695035e-02
   7.0452899e-02
   1.7903633e-02
   1.2024458e-02
   8.7689143e-03
   6.6272430e-02
   1.5551297e-02
   2.1622602e-02
   2.5194846e-02
   8.9243889e-02
   1.2740369e-02
   3.3078507e-02
   9.0524275e-03
   6.4020336e-02
   1.0909001e-02
   2.8566927e-02
   7.6885968e-03
   6.2849276e-02
   1.4098305e-02
   1.0715351e-02
   7.7283550e-03
   5.7167321e-02
   1.5267903e-02
   6.3650541e-02
   3.1889025e-02
   7.3486522e-02
   1.6362857e-02
   6.9664091e-02
   1.1909347e-02
   7.1132801e-02
   1.5546336e-02
   6.7284241e-02
   1.2140390e-02
   6.6310294e-02
   1.6076317e-02
   5.8155429e-02
   7.9229847e-03
   5.8480669e-02
   1.9576652e-02
   1.3505177e-01
   6.4902171e-02
   8.0360748e-02
   2.4006026e-02
   1.3986813e-01
   2.3766330e-02
   1.1485273e-01
   2.8088717e-02
   1.4124648e-01
   2.0778857e-02
   7.7772290e-02
   2.5364229e-02
   1.3724886e-01
   1.1445427e-02
   1.1524618e-01
   2.8484853e-02
   6.0076967e-02
   4.7235046e-02
   7.2698198e-02
   1.7146720e-02
   7.3907182e-02
   1.5751671e-02
   7.7905416e-02
   1.7530594e-02
   6.5165855e-02
   9.9325702e-03
   5.5553850e-02
   1.4234957e-02
   5.3989779e-02
   1.0072823e-02
   7.0534103e-02
   1.3067506e-02
   2.1793574e-02
   2.6384963e-02
   7.8929186e-02
   1.7850414e-02
   3.9992854e-02
   1.1301694e-02
   6.6950731e-02
   1.7882738e-02
   2.0980863e-02
   8.0555333e-03
   7.0306271e-02
   1.2339001e-02
   1.1669813e-02
   7.8136865e-03
   4.9909808e-02
   7.0140306e-03
   2.2953143e-02
   2.3866439e-02
   6.9104947e-02
   1.8670870e-02
   3.9553367e-02
   1.7696815e-02
   7.5169586e-02
   1.8011933e-02
   2.9673729e-02
   1.0834623e-02
   6.5505438e-02
   1.6783638e-02
   1.1260047e-02
   9.2457719e-03
   5.4813754e-02
   1.1766084e-02
