   5.6421161e-03
   6.2667415e-03
   7.4524023e-03
   2.7278865e-02
   6.8642292e-03
   6.0795248e-03
   9.2858830e-03
   2.7200226e-02
   8.1994263e-03
   1.2654687e-02
   1.2608445e-02
   2.6392877e-02
   6.2751584e-02
   1.0242683e-01
   1.0928850e-01
   1.0093337e-01
   5.3169713e-03
   4.8537510e-03
   6.9668302e-03
   2.7885472e-02
   7.0767314e-03
   6.0891877e-03
   9.2681739e-03
   2.7332680e-02
   7.5456714e-03
   1.0362492e-02
   1.1962310e-02
   2.4721222e-02
   3.8105257e-02
   5.0835993e-02
   5.2191291e-02
   5.4500874e-02
   5.0602877e-03
   4.5720381e-03
   7.5425552e-03
   2.6987363e-02
   7.0998240e-03
   5.8288965e-03
   9.5372871e-03
   2.7258685e-02
   7.4278377e-03
   8.8131046e-03
   1.2643478e-02
   2.4424439e-02
   2.8442018e-02
   2.3228293e-02
   2.4097426e-02
   3.2848120e-02
   5.7286532e-03
   4.6476056e-03
   8.0540385e-03
   2.6520740e-02
   7.2155222e-03
   6.7409221e-03
   9.9915303e-03
   2.8300019e-02
   7.6888464e-03
   1.1727894e-02
   1.2575558e-02
   2.3816876e-02
   2.4116885e-02
   3.2644548e-02
   2.2578694e-02
   3.1830251e-02
   6.9805779e-03
   4.7786953e-03
   1.7756717e-02
   2.8741211e-02
   8.3649782e-03
   7.4242465e-03
   2.0609898e-02
   2.7315414e-02
   8.3955619e-03
   1.1196855e-02
   2.2750262e-02
   2.3922093e-02
   1.5521307e-02
   2.6186058e-02
   2.5483150e-02
   3.1069774e-02
   5.6399750e-03
   4.7718952e-03
   1.6644528e-02
   2.7673321e-02
   7.1827634e-03
   6.6990908e-03
   2.0102847e-02
   2.7345667e-02
   7.7431886e-03
   8.5420795e-03
   2.2004014e-02
   2.5296403e-02
   1.4891488e-02
   1.6172478e-02
   2.5376623e-02
   3.5900574e-02
   5.0950390e-03
   4.8481706e-03
   6.5259333e-03
   2.7038060e-02
   6.6668433e-03
   5.6187026e-03
   9.2792073e-03
   2.6366845e-02
   7.4482751e-03
   7.8871828e-03
   1.2296046e-02
   2.4343649e-02
   1.6362675e-02
   1.6966980e-02
   2.3543926e-02
   4.7644321e-02
   5.2418308e-03
   5.0664712e-03
   6.8244487e-03
   2.6042819e-02
   7.0887948e-03
   6.0442085e-03
   9.2301210e-03
   2.6672520e-02
   7.8603765e-03
   9.7169476e-03
   1.2411998e-02
   2.4590651e-02
   3.3974074e-02
   4.8371647e-02
   5.1074028e-02
   5.7130266e-02
   4.1541746e-03
   4.6577216e-03
   5.5213892e-03
   1.5889026e-02
   3.5291438e-03
   4.0108575e-03
   5.4177237e-03
   1.5322458e-02
   4.9825921e-03
   1.0770514e-02
   8.9349542e-03
   1.5433499e-02
   7.8030385e-02
   1.3834248e-01
   1.3364492e-01
   1.2346700e-01
   3.5632595e-03
   3.1810736e-03
   4.5941914e-03
   1.5080198e-02
   3.9797225e-03
   4.2212592e-03
   5.0361846e-03
   1.5202511e-02
   4.6981391e-03
   8.9277765e-03
   7.4800681e-03
   1.3813006e-02
   4.5850441e-02
   6.5128259e-02
   5.8489088e-02
   5.9179273e-02
   3.0084380e-03
   2.8225177e-03
   3.8805772e-03
   1.5852803e-02
   3.8775594e-03
   4.2093918e-03
   4.3420549e-03
   1.4897288e-02
   4.8566703e-03
   8.2740430e-03
   6.4335475e-03
   1.3442021e-02
   3.5083178e-02
   2.5069717e-02
   1.8789811e-02
   2.3209101e-02
   4.0702089e-03
   2.8182126e-03
   6.5770345e-03
   1.5680065e-02
   4.6347287e-03
   4.3826308e-03
   7.4715954e-03
   1.5904494e-02
   5.3623016e-03
   1.4314775e-02
   9.4435960e-03
   1.3369394e-02
   2.9757993e-02
   3.6354430e-02
   1.9266762e-02
   2.1302531e-02
   5.5728513e-03
   2.9097551e-03
   2.7390111e-02
   1.7975001e-02
   6.7091268e-03
   5.0628306e-03
   3.0729964e-02
   1.5922397e-02
   6.6204676e-03
   1.3959950e-02
   3.0834274e-02
   1.3482195e-02
   1.4828862e-02
   2.9564330e-02
   2.3963105e-02
   2.1453422e-02
   3.6002425e-03
   2.9048116e-03
   2.5137518e-02
   1.6570741e-02
   4.6601822e-03
   4.8751631e-03
   2.9322926e-02
   1.6065093e-02
   5.2365647e-03
   8.1204614e-03
   2.9603252e-02
   1.4039942e-02
   1.3468351e-02
   1.6212504e-02
   2.3672255e-02
   2.8864235e-02
   2.7679396e-03
   2.6957020e-03
   5.6133168e-03
   1.4508031e-02
   3.5559507e-03
   3.8188274e-03
   6.8006068e-03
   1.6608708e-02
   4.0969118e-03
   6.6728164e-03
   9.6932882e-03
   1.4642634e-02
   1.5610609e-02
   1.8539215e-02
   1.9865269e-02
   4.4408619e-02
   3.0675498e-03
   3.1166342e-03
   4.2756698e-03
   1.5533573e-02
   3.6749102e-03
   3.7842849e-03
   4.4904542e-03
   1.5477900e-02
   4.8417333e-03
   8.7553347e-03
   7.5419554e-03
   1.4822667e-02
   4.5063440e-02
   6.3236132e-02
   5.7722919e-02
   6.3960448e-02
   4.2578522e-03
   4.7571021e-03
   5.2689998e-03
   9.1093201e-03
   2.7153715e-03
   3.2435521e-03
   3.0307963e-03
   1.0046366e-02
   5.3589656e-03
   1.3738524e-02
   1.1065504e-02
   1.3748124e-02
   4.7689609e-02
   1.3110201e-01
   1.7450419e-01
   1.6367663e-01
   3.1616532e-03
   3.0748600e-03
   3.2394973e-03
   9.5927473e-03
   2.3605383e-03
   3.1740014e-03
   2.8347895e-03
   9.5609576e-03
   4.9080569e-03
   1.0821555e-02
   6.4443066e-03
   9.8790834e-03
   3.8245700e-02
   6.6177361e-02
   7.5519480e-02
   7.6018527e-02
   2.2116147e-03
   2.2299932e-03
   2.5452848e-03
   9.5881494e-03
   2.2825794e-03
   3.5213418e-03
   2.4702479e-03
   9.5482012e-03
   5.1199510e-03
   1.0568143e-02
   4.9832934e-03
   1.0069822e-02
   5.2340884e-02
   2.7883535e-02
   2.1455893e-02
   2.3111744e-02
   4.6356660e-03
   2.1697208e-03
   8.7936977e-03
   1.0888270e-02
   4.1720909e-03
   3.7448311e-03
   9.2833992e-03
   1.1453112e-02
   6.3956501e-03
   1.5928593e-02
   1.1474751e-02
   1.0530686e-02
   4.9358755e-02
   3.6547080e-02
   1.9783728e-02
   1.8668186e-02
   7.4770339e-03
   2.1677662e-03
   4.6117298e-02
   1.7187186e-02
   8.2086325e-03
   4.1249585e-03
   5.1022917e-02
   1.4543005e-02
   8.5171666e-03
   1.5512516e-02
   4.9428139e-02
   1.2774036e-02
   1.9927002e-02
   3.2937240e-02
   2.6961699e-02
   1.9281717e-02
   3.6516793e-03
   1.9925381e-03
   4.2051665e-02
   1.5341014e-02
   4.2554615e-03
   3.6162846e-03
   4.8583277e-02
   1.1930791e-02
   5.6330403e-03
   7.7692731e-03
   4.6611972e-02
   1.0274511e-02
   1.3990567e-02
   2.1913372e-02
   2.8280254e-02
   3.3407636e-02
   1.7117779e-03
   1.6772461e-03
   7.4043474e-03
   9.6322214e-03
   2.0319810e-03
   3.0888387e-03
   7.9244580e-03
   1.0053538e-02
   3.3029669e-03
   8.2989689e-03
   1.0852323e-02
   1.1000826e-02
   1.6203851e-02
   2.0564338e-02
   2.2553448e-02
   5.3719837e-02
   2.1887308e-03
   2.2621981e-03
   3.9792955e-03
   9.1709197e-03
   2.6018030e-03
   3.1331915e-03
   2.3729820e-03
   9.7198123e-03
   4.4318642e-03
   1.0279519e-02
   7.1123987e-03
   1.1954051e-02
   2.9785357e-02
   5.7314664e-02
   7.0409633e-02
   8.6148068e-02
   6.0405796e-03
   7.8663267e-03
   9.2837159e-03
   7.9500498e-03
   2.1339210e-03
   3.7375884e-03
   2.5458199e-03
   5.3435988e-03
   1.3290038e-02
   3.0257383e-02
   2.5785310e-02
   2.6505444e-02
   6.0931977e-02
   1.3651252e-01
   1.3556537e-01
   9.8077752e-02
   4.0762168e-03
   4.1085882e-03
   4.3906285e-03
   7.3028952e-03
   2.4096637e-03
   3.7559900e-03
   2.0324758e-03
   5.3843511e-03
   1.1478512e-02
   1.7708343e-02
   1.0954099e-02
   1.5827758e-02
   6.0923982e-02
   7.3389851e-02
   6.5766953e-02
   5.6913745e-02
   2.7503849e-03
   1.8476585e-03
   2.7936739e-03
   7.9626488e-03
   2.5457845e-03
   3.1844622e-03
   1.3356261e-03
   5.6734462e-03
   9.9610686e-03
   1.5552060e-02
   5.7633105e-03
   8.7748850e-03
   7.9212248e-02
   3.1674888e-02
   2.8705299e-02
   2.9391130e-02
   8.7468065e-03
   1.9449812e-03
   1.3302985e-02
   1.3751901e-02
   7.4117947e-03
   3.6577792e-03
   1.3405428e-02
   1.2060006e-02
   1.2462678e-02
   2.0737827e-02
   1.8177021e-02
   1.0698526e-02
   7.3548846e-02
   4.0599402e-02
   2.8709125e-02
   2.3239899e-02
   1.5649142e-02
   2.2744217e-03
   7.0958301e-02
   3.6680516e-02
   1.6203707e-02
   4.1396553e-03
   8.6592764e-02
   2.1989049e-02
   1.7131530e-02
   2.0451985e-02
   8.5538693e-02
   1.8278187e-02
   3.1711567e-02
   4.1379616e-02
   3.6655221e-02
   2.3382714e-02
   6.1114137e-03
   1.8559352e-03
   6.4439289e-02
   2.5470281e-02
   6.9630514e-03
   4.0340563e-03
   8.2890227e-02
   1.5591586e-02
   1.0387148e-02
   1.2378197e-02
   7.8628182e-02
   1.1825895e-02
   2.2024523e-02
   2.4427144e-02
   3.5757706e-02
   3.5568170e-02
   1.6281012e-03
   1.6191057e-03
   1.1719557e-02
   8.8716131e-03
   1.5845947e-03
   3.1420023e-03
   1.2109998e-02
   9.6677616e-03
   4.6451064e-03
   1.1872915e-02
   1.6682111e-02
   9.4833132e-03
   2.3424974e-02
   2.3558417e-02
   2.9605383e-02
   6.3262358e-02
   2.6038731e-03
   3.1402940e-03
   6.3721132e-03
   7.0374361e-03
   1.5442739e-03
   2.9488022e-03
   2.0915954e-03
   7.8377752e-03
   9.0199979e-03
   2.0435775e-02
   1.3253862e-02
   1.4269674e-02
   4.1839208e-02
   6.0710918e-02
   5.6488156e-02
   7.2195351e-02
