   3.3132672e-02
   3.1635515e-02
   3.9728630e-02
   2.5805872e-02
   3.7180539e-02
   5.4150376e-02
   3.9999865e-02
   2.9672299e-02
   3.2699335e-02
   3.9746135e-02
   4.7289077e-02
   3.2858063e-02
   2.6454845e-02
   2.6018886e-02
   8.9236893e-02
   2.5464557e-02
   3.2010067e-02
   3.3507127e-02
   3.3774156e-02
   2.4534827e-02
   3.4354229e-02
   5.3097736e-02
   3.5862196e-02
   2.7436769e-02
   3.2632057e-02
   3.2279067e-02
   4.3117870e-02
   2.9620457e-02
   2.7962815e-02
   2.4505083e-02
   8.9035347e-02
   2.4229789e-02
   3.2243945e-02
   3.9501552e-02
   3.8424067e-02
   2.8466161e-02
   3.2736767e-02
   4.5896064e-02
   3.8429812e-02
   2.8463274e-02
   3.1030718e-02
   3.1128285e-02
   3.6964696e-02
   3.1432725e-02
   2.4756841e-02
   2.7584365e-02
   8.3153017e-02
   2.1713665e-02
   3.4820791e-02
   3.8542811e-02
   6.2451389e-02
   4.5122698e-02
   3.4633636e-02
   4.3808192e-02
   4.4576425e-02
   3.8176157e-02
   3.0926663e-02
   3.1001182e-02
   4.0461563e-02
   3.3222899e-02
   2.5273776e-02
   2.9956421e-02
   8.2338922e-02
   2.4359627e-02
   4.3408688e-02
   6.7610770e-02
   6.1021831e-02
   3.7632618e-02
   7.2768621e-02
   6.4336471e-02
   5.2999686e-02
   5.5509783e-02
   8.7608248e-02
   3.0549532e-02
   5.2537125e-02
   4.6459362e-02
   7.2533339e-02
   3.5573564e-02
   8.0188036e-02
   3.1085290e-02
   1.0156903e-01
   9.5718801e-02
   3.9504778e-02
   2.7518775e-02
   1.5124767e-01
   7.7209637e-02
   4.0615741e-02
   3.7043843e-02
   1.5722905e-01
   3.3740327e-02
   4.6281263e-02
   4.1587710e-02
   1.1488271e-01
   3.5836328e-02
   8.2124367e-02
   2.9775741e-02
   9.1427274e-02
   4.9146049e-02
   3.1680238e-02
   2.3406217e-02
   7.9725742e-02
   5.1056590e-02
   3.5033830e-02
   2.8913807e-02
   6.1433028e-02
   3.2884840e-02
   3.9173745e-02
   2.8646266e-02
   4.2672884e-02
   3.1854946e-02
   8.1924625e-02
   2.2769282e-02
   3.7995230e-02
   3.1087475e-02
   3.3121981e-02
   2.4059823e-02
   3.5864685e-02
   5.0872251e-02
   3.7803642e-02
   2.7127869e-02
   3.0329498e-02
   3.5496261e-02
   4.5042500e-02
   2.9965661e-02
   2.3652285e-02
   2.8371032e-02
   8.3811671e-02
   2.2492819e-02
   3.5872258e-02
   2.9894222e-02
   3.7439294e-02
   1.7093716e-02
   3.8823545e-02
   4.5765910e-02
   3.3616882e-02
   2.2654863e-02
   2.5212269e-02
   4.4850558e-02
   5.0437547e-02
   2.4604103e-02
   1.8916393e-02
   2.5181817e-02
   7.4645326e-02
   2.5027456e-02
   3.2352891e-02
   3.3010159e-02
   3.2539833e-02
   1.6828708e-02
   3.3665940e-02
   4.1476369e-02
   3.4237456e-02
   2.1334063e-02
   2.2984149e-02
   3.7331447e-02
   4.3561257e-02
   2.2683410e-02
   1.7301219e-02
   2.5389029e-02
   7.7682562e-02
   2.2853499e-02
   3.5237249e-02
   4.9582601e-02
   3.9906710e-02
   2.3343580e-02
   3.1106237e-02
   4.4507388e-02
   3.6791660e-02
   2.0261537e-02
   2.4865719e-02
   3.4794647e-02
   3.7680630e-02
   2.4104504e-02
   1.9788129e-02
   2.5547022e-02
   7.4200861e-02
   1.9407107e-02
   4.0694855e-02
   4.8299715e-02
   6.7477763e-02
   4.8381653e-02
   4.1410003e-02
   4.4085752e-02
   4.4427916e-02
   3.9382476e-02
   3.6477286e-02
   3.3236418e-02
   4.3174542e-02
   2.9349180e-02
   3.0412611e-02
   2.6523542e-02
   7.1065113e-02
   2.5441781e-02
   6.6945568e-02
   7.2644293e-02
   5.8845572e-02
   4.1067913e-02
   9.9314198e-02
   5.6387343e-02
   5.3741835e-02
   7.2183922e-02
   1.1744051e-01
   3.3825036e-02
   6.3668720e-02
   5.6904469e-02
   1.0479798e-01
   3.3132963e-02
   7.4026994e-02
   3.8176034e-02
   1.7152891e-01
   1.1009319e-01
   3.4534067e-02
   2.0836467e-02
   2.2314891e-01
   5.8546174e-02
   3.5570320e-02
   3.5958212e-02
   2.2343579e-01
   3.9829478e-02
   5.7264887e-02
   4.8467126e-02
   1.6537015e-01
   3.7121538e-02
   7.0465975e-02
   3.2384727e-02
   1.4578824e-01
   5.3617559e-02
   2.7275495e-02
   1.6257022e-02
   1.2310870e-01
   4.4412103e-02
   2.9967582e-02
   2.3506025e-02
   9.0024881e-02
   3.8801786e-02
   3.8160421e-02
   2.5502838e-02
   5.8749154e-02
   3.0357802e-02
   6.8997748e-02
   2.0716630e-02
   5.1482305e-02
   3.1976316e-02
   2.9536724e-02
   1.6054170e-02
   4.1915122e-02
   4.6895560e-02
   3.4760021e-02
   2.1051217e-02
   3.0576751e-02
   4.0948503e-02
   4.6272896e-02
   2.3739144e-02
   1.8838391e-02
   2.5805071e-02
   6.5107904e-02
   2.0993760e-02
   6.1414044e-02
   3.6162265e-02
   4.8724424e-02
   1.4334568e-02
   5.5130400e-02
   4.3068551e-02
   3.1160457e-02
   2.2412345e-02
   3.5257149e-02
   5.9361205e-02
   5.4283086e-02
   2.1783400e-02
   2.2954866e-02
   2.9153481e-02
   6.0710654e-02
   2.9424923e-02
   5.5381902e-02
   4.5132492e-02
   4.5176063e-02
   1.4662230e-02
   4.7070421e-02
   4.2310599e-02
   3.3556197e-02
   2.0620339e-02
   3.3229861e-02
   4.6089657e-02
   4.7101371e-02
   2.0128887e-02
   1.9900598e-02
   2.4595657e-02
   6.1739974e-02
   2.8039716e-02
   6.1664809e-02
   6.1268870e-02
   5.7496991e-02
   2.3101272e-02
   4.5602385e-02
   4.6351507e-02
   4.3511454e-02
   1.9080449e-02
   3.4048747e-02
   3.9853726e-02
   4.1463368e-02
   2.4276944e-02
   2.7344741e-02
   2.2643732e-02
   6.6100195e-02
   2.4643525e-02
   6.4680509e-02
   5.4393221e-02
   9.3841597e-02
   5.5530924e-02
   6.4050160e-02
   4.8629690e-02
   5.9113126e-02
   4.8135534e-02
   4.9058601e-02
   3.3109918e-02
   5.4215107e-02
   3.2296885e-02
   4.3182384e-02
   2.5629012e-02
   6.1666057e-02
   3.0237949e-02
   9.2320785e-02
   6.1047670e-02
   8.0090843e-02
   5.2871633e-02
   1.2664625e-01
   6.2430184e-02
   6.1786752e-02
   9.3273275e-02
   1.2645164e-01
   3.4090668e-02
   7.4043617e-02
   8.1949078e-02
   9.2794575e-02
   3.7356544e-02
   6.8184704e-02
   5.5481918e-02
   2.6547810e-01
   6.9357738e-02
   4.1441079e-02
   1.9969610e-02
   3.1754190e-01
   7.1330599e-02
   4.4525828e-02
   4.3892514e-02
   2.7607405e-01
   4.1468594e-02
   7.0393234e-02
   7.6242879e-02
   1.5035701e-01
   4.4216275e-02
   6.3025251e-02
   4.7117341e-02
   2.4280289e-01
   3.5195369e-02
   2.9277744e-02
   1.3096043e-02
   1.8371776e-01
   4.7491588e-02
   3.4307469e-02
   2.4629746e-02
   1.2236036e-01
   4.3285742e-02
   4.3174468e-02
   2.4988420e-02
   6.8186454e-02
   3.4502279e-02
   4.8912808e-02
   2.8917901e-02
   8.4263347e-02
   3.2549769e-02
   3.4844305e-02
   1.4163874e-02
   6.7190550e-02
   4.6223860e-02
   3.3656478e-02
   2.0709299e-02
   4.1604597e-02
   5.3214863e-02
   4.7083467e-02
   1.9724879e-02
   2.8407231e-02
   2.8531380e-02
   5.3090136e-02
   2.3378948e-02
   7.2961807e-02
   3.5107926e-02
   7.3326148e-02
   1.2526622e-02
   6.5140314e-02
   4.0568773e-02
   4.2716403e-02
   1.6079821e-02
   3.3627503e-02
   5.9597332e-02
   8.2249850e-02
   2.1039860e-02
   2.3967670e-02
   3.4093063e-02
   6.2008094e-02
   2.9075203e-02
   7.4492373e-02
   5.6595117e-02
   7.1600534e-02
   1.5968831e-02
   5.9626121e-02
   3.7770025e-02
   4.8539512e-02
   1.8137077e-02
   3.6959413e-02
   5.3162824e-02
   6.2306609e-02
   1.8129101e-02
   2.3258362e-02
   3.2098375e-02
   7.2062634e-02
   3.5096310e-02
   8.3352268e-02
   7.6380521e-02
   7.8770600e-02
   3.6945783e-02
   6.2008884e-02
   3.6221016e-02
   6.3107342e-02
   2.2371870e-02
   4.8992336e-02
   4.5394700e-02
   5.0487787e-02
   2.4321312e-02
   4.8733279e-02
   2.7092762e-02
   7.2130501e-02
   4.6675753e-02
   6.5595694e-02
   6.1529800e-02
   1.3926329e-01
   9.5815726e-02
   6.6491164e-02
   4.8857395e-02
   8.5746787e-02
   7.2920717e-02
   5.1513724e-02
   3.8361553e-02
   6.5989651e-02
   3.8616665e-02
   5.2108072e-02
   3.0493461e-02
   7.4339367e-02
   4.1867651e-02
   6.6210911e-02
   7.5860895e-02
   1.1941081e-01
   9.4176300e-02
   5.5077191e-02
   6.9993488e-02
   8.3340079e-02
   1.4827484e-01
   7.5935543e-02
   5.2364737e-02
   8.9879707e-02
   1.0506973e-01
   9.7663842e-02
   4.7926217e-02
   8.3098896e-02
   7.3365651e-02
   1.5696238e-01
   9.4372176e-02
   5.0310947e-02
   2.3998225e-02
   1.2371063e-01
   7.5332843e-02
   4.9179316e-02
   6.1030246e-02
   1.3875560e-01
   5.9019294e-02
   9.5806599e-02
   9.8274484e-02
   1.3869368e-01
   5.1608343e-02
   6.4790227e-02
   6.9226116e-02
   1.9466227e-01
   4.2123936e-02
   4.1320387e-02
   1.3413175e-02
   1.0344177e-01
   3.7162140e-02
   3.8324844e-02
   1.7026290e-02
   7.1251273e-02
   3.5882071e-02
   6.2885873e-02
   2.8170159e-02
   5.8016345e-02
   4.5083709e-02
   4.9316917e-02
   4.7039263e-02
   9.5105626e-02
   3.8303833e-02
   5.4254603e-02
   1.2325269e-02
   7.2353199e-02
   4.1186601e-02
   3.2480627e-02
   1.5966590e-02
   4.5117605e-02
   4.6669528e-02
   6.7362994e-02
   1.6359868e-02
   3.2456450e-02
   3.2366741e-02
   5.3104565e-02
   3.2670695e-02
