   5.5103384e-02
   6.1935183e-02
   1.3513108e-01
   7.4006468e-02
   5.6784119e-02
   6.2781431e-02
   9.5023945e-02
   6.3346192e-02
   1.6462063e-02
   9.9279433e-02
   7.2526805e-02
   1.3008655e-02
   6.6578992e-02
   1.0258722e-01
   9.9581733e-02
   9.8724194e-02
   2.9097054e-02
   3.0999647e-02
   5.9495568e-02
   3.7898500e-02
   3.9448116e-02
   2.9552253e-02
   4.5048937e-02
   2.8334592e-02
   1.4276345e-02
   5.9171308e-02
   4.9093381e-02
   9.6652266e-03
   3.9976537e-02
   5.5993851e-02
   5.4991901e-02
   5.9446838e-02
   1.9233374e-02
   1.4547881e-02
   2.4521876e-02
   2.9243799e-02
   2.7880637e-02
   8.5901245e-03
   1.9598374e-02
   1.0482501e-02
   1.4166362e-02
   2.5369978e-02
   2.9140575e-02
   6.8711289e-03
   2.4968520e-02
   2.9624889e-02
   2.8142735e-02
   3.2757033e-02
   2.2408864e-02
   1.4340974e-02
   2.7185220e-02
   2.7074000e-02
   3.0704539e-02
   8.4564220e-03
   2.3613263e-02
   1.0891809e-02
   2.2010379e-02
   2.5653200e-02
   5.1260192e-02
   9.9258944e-03
   2.7230542e-02
   3.1109406e-02
   2.9814091e-02
   3.5995375e-02
   2.3399450e-02
   1.6233759e-02
   3.0472619e-02
   2.1030301e-02
   3.6429174e-02
   9.5591089e-03
   2.6677087e-02
   1.2281031e-02
   2.8349252e-02
   3.2194547e-02
   6.1590996e-02
   9.6604358e-03
   3.2578908e-02
   3.6741868e-02
   3.3591453e-02
   3.6598980e-02
   3.1161368e-02
   2.1102069e-02
   2.5140356e-02
   2.1170469e-02
   6.4372443e-02
   9.1300486e-03
   2.1333665e-02
   1.1526663e-02
   5.0833784e-02
   2.6904592e-02
   3.3686887e-02
   6.8043931e-03
   3.4125477e-02
   3.5614349e-02
   2.9249124e-02
   3.3168849e-02
   2.6389917e-02
   1.6546248e-02
   2.4604786e-02
   2.0179646e-02
   5.0188191e-02
   8.6413296e-03
   2.0869892e-02
   1.0405157e-02
   2.8996017e-02
   2.0685615e-02
   2.9934604e-02
   7.0660566e-03
   2.8863525e-02
   3.2531530e-02
   2.8360132e-02
   3.2496970e-02
   2.9529810e-02
   2.9038871e-02
   6.1996728e-02
   3.7397090e-02
   4.1738499e-02
   2.6383143e-02
   4.4784058e-02
   2.7651737e-02
   1.5634365e-02
   5.0234981e-02
   4.6029475e-02
   9.6401544e-03
   3.6513388e-02
   5.4033287e-02
   5.0717529e-02
   5.3739954e-02
   7.9175800e-02
   9.1016971e-02
   1.8796743e-01
   9.8874591e-02
   6.3537769e-02
   8.2684875e-02
   1.2101580e-01
   8.7295696e-02
   1.0795890e-02
   5.4902609e-02
   5.0142422e-02
   9.8571340e-03
   7.8314111e-02
   1.2636930e-01
   1.2679227e-01
   1.2002864e-01
   3.6328543e-02
   4.3621313e-02
   7.7579774e-02
   4.8925966e-02
   3.9263669e-02
   3.5933811e-02
   5.3044435e-02
   3.6151335e-02
   9.7719142e-03
   3.3344612e-02
   3.5328560e-02
   6.3001635e-03
   4.2211019e-02
   6.4951383e-02
   6.5870628e-02
   6.3768268e-02
   1.5639657e-02
   1.5343496e-02
   2.1612883e-02
   2.9799035e-02
   2.5687793e-02
   6.7470176e-03
   1.7449165e-02
   7.8081600e-03
   1.0812532e-02
   1.8741053e-02
   2.5892861e-02
   5.7396507e-03
   1.9897915e-02
   2.7394718e-02
   2.2590594e-02
   2.4062529e-02
   1.8975278e-02
   1.6174192e-02
   2.4764301e-02
   2.5576856e-02
   2.6522892e-02
   6.2775207e-03
   2.2131849e-02
   7.6039825e-03
   2.2882013e-02
   2.3210924e-02
   5.8238842e-02
   1.1647044e-02
   1.9165199e-02
   2.5345208e-02
   2.3932740e-02
   2.3302758e-02
   2.1949282e-02
   2.1195283e-02
   3.1413205e-02
   1.9677464e-02
   3.9657429e-02
   7.7525061e-03
   2.5291344e-02
   8.6360602e-03
   3.2886863e-02
   3.7569121e-02
   6.8965919e-02
   1.0746234e-02
   2.1689719e-02
   2.8690010e-02
   2.6246570e-02
   2.3378070e-02
   3.5191964e-02
   2.9387064e-02
   2.2936100e-02
   1.8769758e-02
   8.0873266e-02
   7.7570644e-03
   1.9571614e-02
   8.2860244e-03
   6.2766321e-02
   2.7846286e-02
   3.0503549e-02
   5.3393897e-03
   2.6393378e-02
   2.9505456e-02
   2.0913750e-02
   2.0817369e-02
   2.7619876e-02
   2.1110486e-02
   2.2171872e-02
   1.8888123e-02
   6.2523931e-02
   7.6043066e-03
   1.6733743e-02
   7.1998979e-03
   3.1909712e-02
   1.6661704e-02
   2.3646815e-02
   4.8117922e-03
   2.3267156e-02
   3.0159218e-02
   2.2408701e-02
   2.3390334e-02
   3.6256973e-02
   4.1050076e-02
   8.1306711e-02
   4.6415403e-02
   4.5412473e-02
   3.2011393e-02
   5.1509161e-02
   3.4684870e-02
   9.6804565e-03
   2.9233415e-02
   3.4804568e-02
   6.5965960e-03
   3.6354411e-02
   6.2137280e-02
   5.4135438e-02
   5.1913306e-02
   1.2176244e-01
   1.4799458e-01
   2.5170034e-01
   1.3796194e-01
   8.3264492e-02
   1.3792373e-01
   1.6877192e-01
   1.2559935e-01
   1.1994447e-02
   6.2596969e-02
   5.5910256e-02
   1.2826713e-02
   1.1116719e-01
   1.6551317e-01
   1.7011474e-01
   1.6854456e-01
   5.5856217e-02
   7.2391525e-02
   1.0123277e-01
   7.5947613e-02
   5.2360937e-02
   5.8156803e-02
   7.0859700e-02
   4.9876735e-02
   9.2819380e-03
   3.1510688e-02
   4.0214080e-02
   7.2223665e-03
   5.3981807e-02
   8.7807164e-02
   8.3524078e-02
   8.5119396e-02
   2.4022982e-02
   2.5120979e-02
   2.5124766e-02
   4.1924477e-02
   3.0616792e-02
   8.9440746e-03
   1.8935492e-02
   7.4985074e-03
   1.5940020e-02
   1.7728319e-02
   3.2396387e-02
   7.3655662e-03
   1.7782776e-02
   3.5014119e-02
   2.3397841e-02
   2.8021565e-02
   2.6881024e-02
   2.1851430e-02
   2.9565614e-02
   3.5007216e-02
   3.3304628e-02
   8.3020898e-03
   2.5420023e-02
   6.1684749e-03
   3.8197994e-02
   2.8960988e-02
   8.2211718e-02
   1.5131352e-02
   1.5762575e-02
   2.9480107e-02
   2.6288513e-02
   2.1655999e-02
   3.0766850e-02
   2.9034631e-02
   4.0661525e-02
   2.3120999e-02
   6.1059512e-02
   1.1413733e-02
   2.7820148e-02
   6.0643484e-03
   5.0991591e-02
   5.7570394e-02
   9.7565889e-02
   1.5075481e-02
   2.0267244e-02
   2.9909112e-02
   3.1798683e-02
   2.3127409e-02
   5.1914591e-02
   4.4961035e-02
   2.7424123e-02
   1.8534640e-02
   1.3322224e-01
   1.1091758e-02
   1.9678075e-02
   6.2789628e-03
   9.3104228e-02
   4.1831668e-02
   3.5670485e-02
   7.7686659e-03
   2.4912167e-02
   2.9497318e-02
   1.9726759e-02
   2.1162558e-02
   4.2219345e-02
   3.5435665e-02
   2.7516861e-02
   2.5568778e-02
   1.0108392e-01
   8.8111749e-03
   1.9646317e-02
   6.8219956e-03
   4.5546819e-02
   1.8150022e-02
   2.1750825e-02
   6.0982909e-03
   1.9482814e-02
   3.6880296e-02
   2.2268951e-02
   2.1580394e-02
   5.7424463e-02
   7.3073536e-02
   1.0765614e-01
   6.3842610e-02
   6.3562497e-02
   5.1092461e-02
   6.9906346e-02
   4.8711605e-02
   1.1273572e-02
   2.8885899e-02
   3.1420313e-02
   7.7780136e-03
   4.3714345e-02
   8.2036555e-02
   6.2212575e-02
   6.4677566e-02
   1.7398924e-01
   2.2823679e-01
   2.2676328e-01
   1.9628297e-01
   1.0219303e-01
   1.8249078e-01
   1.7565385e-01
   1.5873624e-01
   2.0380920e-02
   9.0238757e-02
   7.0128769e-02
   2.5416650e-02
   1.8417341e-01
   1.5337081e-01
   1.5703049e-01
   1.8990973e-01
   8.3489038e-02
   1.1415510e-01
   9.0044089e-02
   1.1304536e-01
   6.8950452e-02
   7.9280227e-02
   7.6247379e-02
   7.1327135e-02
   1.6605193e-02
   4.4013876e-02
   5.4775156e-02
   1.1838918e-02
   8.5302688e-02
   9.0549953e-02
   7.6338537e-02
   9.7539075e-02
   4.9060225e-02
   4.1563921e-02
   3.1013193e-02
   6.8082862e-02
   5.6863301e-02
   1.3475058e-02
   2.6367409e-02
   1.0091303e-02
   3.2709531e-02
   2.7578147e-02
   4.9590271e-02
   1.2156701e-02
   2.2143150e-02
   5.1818978e-02
   3.5069045e-02
   3.2854378e-02
   3.8123943e-02
   3.2771248e-02
   4.6059098e-02
   5.9397798e-02
   5.8879204e-02
   1.0306005e-02
   3.4327604e-02
   9.4708065e-03
   6.7867264e-02
   4.3600451e-02
   1.0587996e-01
   2.9278498e-02
   2.0742239e-02
   3.6342718e-02
   3.5537206e-02
   2.4139648e-02
   4.2613495e-02
   4.2394441e-02
   6.7699701e-02
   3.6975659e-02
   7.9143628e-02
   1.2460020e-02
   4.0774271e-02
   8.5646790e-03
   8.0567978e-02
   5.6660581e-02
   1.1014447e-01
   3.1819534e-02
   2.6813539e-02
   4.2216133e-02
   3.8079072e-02
   3.0802635e-02
   6.0846105e-02
   6.9458224e-02
   3.5298992e-02
   2.0727402e-02
   1.3359439e-01
   1.3477683e-02
   3.1460878e-02
   7.9336148e-03
   1.3973446e-01
   3.2342721e-02
   4.5210417e-02
   1.4773801e-02
   3.6004983e-02
   3.5354614e-02
   2.5321759e-02
   2.4625545e-02
   5.8727704e-02
   5.5643570e-02
   2.7026666e-02
   4.1105874e-02
   1.2055092e-01
   1.3457224e-02
   2.5111569e-02
   9.7965561e-03
   7.1860187e-02
   1.8757684e-02
   3.3285927e-02
   1.0622074e-02
   2.7938614e-02
   4.7388609e-02
   2.8148893e-02
   2.5111247e-02
   9.2202298e-02
   1.1778159e-01
   9.4912685e-02
   9.2983745e-02
   9.7519852e-02
   7.0537657e-02
   7.1139120e-02
   6.2428754e-02
   1.9428052e-02
   4.1795049e-02
   3.7274655e-02
   1.1537126e-02
   6.9607899e-02
   9.6545346e-02
   6.0181249e-02
   7.1205661e-02
