   2.3079278e-02
   2.0533046e-02
   4.8118796e-02
   4.3888949e-02
   9.5374836e-03
   3.5613194e-02
   5.1303051e-02
   4.7414791e-02
   3.6736289e-03
   2.4070740e-02
   4.2228915e-02
   6.2166359e-02
   7.6710223e-03
   1.4606977e-02
   3.0559221e-02
   4.8287768e-02
   2.2746358e-02
   1.7032517e-02
   3.3115570e-02
   2.7066316e-02
   9.0249218e-03
   2.1760788e-02
   2.6782269e-02
   2.6893482e-02
   3.3152571e-03
   1.9415947e-02
   3.2823790e-02
   4.7224533e-02
   7.8798505e-03
   1.2189564e-02
   2.2937836e-02
   3.7640166e-02
   2.1051912e-02
   1.6241761e-02
   3.3469442e-02
   2.2959625e-02
   8.8859349e-03
   1.5897056e-02
   1.1733799e-02
   2.3712138e-02
   3.4157808e-03
   1.8646467e-02
   2.7647883e-02
   3.8140241e-02
   8.1495252e-03
   1.3530598e-02
   2.1521036e-02
   3.2784183e-02
   2.1269845e-02
   1.9009078e-02
   4.1498657e-02
   3.4993108e-02
   8.7750833e-03
   2.0128874e-02
   1.1007404e-02
   4.5940105e-02
   3.2703665e-03
   2.9829737e-02
   4.7561187e-02
   6.6005163e-02
   8.3161565e-03
   2.3845440e-02
   4.7823053e-02
   5.1217653e-02
   2.1391805e-02
   2.5418883e-02
   4.0352929e-02
   2.6644474e-02
   8.7223295e-03
   2.7237056e-02
   1.0864350e-02
   3.1962194e-02
   5.6815557e-03
   6.4120851e-02
   6.7858465e-02
   5.7155706e-02
   1.7334033e-02
   5.6215763e-02
   7.2780520e-02
   4.5471013e-02
   2.3676634e-02
   2.2560515e-02
   3.3730626e-02
   1.7430646e-02
   9.0810871e-03
   2.2539092e-02
   1.0283189e-02
   1.8242719e-02
   6.2477430e-03
   4.6486020e-02
   3.6173616e-02
   3.6368825e-02
   1.5736837e-02
   3.5908841e-02
   3.3991832e-02
   2.9783672e-02
   2.3530899e-02
   1.8737962e-02
   3.5415530e-02
   1.8536476e-02
   9.0136100e-03
   1.7273547e-02
   1.1431388e-02
   1.9202989e-02
   3.5137944e-03
   2.0903353e-02
   2.7341306e-02
   4.1131053e-02
   7.5689983e-03
   1.3246910e-02
   2.3038233e-02
   3.5740126e-02
   2.1161953e-02
   1.7717516e-02
   4.7511164e-02
   2.7184384e-02
   9.1958232e-03
   2.1790024e-02
   2.6896026e-02
   3.0057011e-02
   3.7364054e-03
   2.3870640e-02
   3.7062809e-02
   5.1181678e-02
   7.2756722e-03
   1.4522159e-02
   2.6692193e-02
   4.6027232e-02
   1.5011844e-02
   2.1712083e-02
   6.3248575e-02
   4.5605980e-02
   5.3969040e-03
   4.8411634e-02
   7.7704348e-02
   5.5068646e-02
   2.6592221e-03
   2.6700925e-02
   5.4448616e-02
   6.2305812e-02
   4.6707676e-03
   1.5552702e-02
   3.2339312e-02
   4.1034035e-02
   1.3428373e-02
   1.7348347e-02
   3.8858924e-02
   2.7416687e-02
   5.0574173e-03
   3.0501369e-02
   4.0964808e-02
   3.2106355e-02
   2.1601503e-03
   1.5729826e-02
   3.2654844e-02
   4.1365765e-02
   4.0904838e-03
   1.0133731e-02
   2.1577923e-02
   2.9349409e-02
   1.3245902e-02
   1.4457444e-02
   3.8777810e-02
   2.3388304e-02
   4.9840463e-03
   1.8094882e-02
   1.8375857e-02
   2.9484177e-02
   2.1097683e-03
   1.5317314e-02
   2.5443265e-02
   3.7298981e-02
   4.2978753e-03
   1.1381779e-02
   1.8872697e-02
   3.0543327e-02
   1.3728623e-02
   1.3769966e-02
   5.2575316e-02
   4.5619544e-02
   4.8950757e-03
   1.7367305e-02
   1.5242055e-02
   6.2824734e-02
   2.2914240e-03
   3.3314262e-02
   5.5413309e-02
   7.2692782e-02
   6.6671111e-03
   2.6470548e-02
   5.8462761e-02
   5.6978583e-02
   1.3043458e-02
   2.4729101e-02
   5.2130044e-02
   2.9586665e-02
   5.4146987e-03
   3.1219712e-02
   1.5475091e-02
   4.2654306e-02
   6.9146166e-03
   9.9327862e-02
   7.9341307e-02
   6.3537814e-02
   2.5985509e-02
   8.7847948e-02
   9.3653850e-02
   5.0895024e-02
   1.4613390e-02
   2.1431755e-02
   3.7587836e-02
   1.5593643e-02
   5.9416504e-03
   2.4890177e-02
   1.4125614e-02
   1.8119637e-02
   7.7104201e-03
   6.9718689e-02
   3.5944715e-02
   3.4828622e-02
   2.3178933e-02
   5.2990951e-02
   3.4192104e-02
   2.7491493e-02
   1.5650734e-02
   1.5245435e-02
   4.0931992e-02
   1.4007294e-02
   5.8243615e-03
   1.7175850e-02
   1.6037283e-02
   1.5925735e-02
   2.9976475e-03
   2.2551531e-02
   2.8126700e-02
   3.8116619e-02
   6.1899028e-03
   1.2693423e-02
   2.1982977e-02
   2.9539775e-02
   1.4101033e-02
   1.7075498e-02
   6.3591175e-02
   2.2408120e-02
   5.0302781e-03
   2.8640067e-02
   3.9973833e-02
   2.7349968e-02
   2.8711855e-03
   2.5992192e-02
   4.9886093e-02
   4.8917599e-02
   4.2766859e-03
   1.4934117e-02
   2.9567134e-02
   3.4474373e-02
   1.1980090e-02
   2.2360535e-02
   7.0074439e-02
   7.3384479e-02
   5.1056948e-03
   4.4719633e-02
   7.9389483e-02
   6.0375072e-02
   3.2006397e-03
   3.7341733e-02
   7.6037005e-02
   8.2112812e-02
   3.5153171e-03
   1.2619435e-02
   2.5376068e-02
   4.3947596e-02
   9.6672028e-03
   1.5184048e-02
   5.7433765e-02
   4.0450756e-02
   4.1476879e-03
   2.8726133e-02
   4.5452055e-02
   3.9333705e-02
   2.0359345e-03
   2.4154607e-02
   4.3475989e-02
   4.7322687e-02
   3.2716102e-03
   9.7294180e-03
   1.6396265e-02
   2.9106438e-02
   9.6073989e-03
   1.2413965e-02
   5.2325599e-02
   2.4307560e-02
   3.7487997e-03
   1.7359052e-02
   2.3134140e-02
   3.9827213e-02
   2.1716100e-03
   1.7604334e-02
   3.1567235e-02
   4.0825922e-02
   4.1410420e-03
   9.7841658e-03
   1.8502628e-02
   3.2910556e-02
   1.0615423e-02
   1.6051464e-02
   6.8000473e-02
   4.7159232e-02
   3.5230929e-03
   2.2932231e-02
   2.1519525e-02
   8.0775581e-02
   2.4994083e-03
   4.0826567e-02
   5.4705810e-02
   8.7058067e-02
   9.6428404e-03
   3.5023745e-02
   6.6680901e-02
   7.5280204e-02
   1.0509887e-02
   3.6376704e-02
   6.8971604e-02
   2.9608784e-02
   3.8136805e-03
   4.4206671e-02
   2.5519803e-02
   5.3211637e-02
   9.5541179e-03
   1.3177395e-01
   7.5200818e-02
   8.5696109e-02
   4.4202276e-02
   1.2769869e-01
   1.0770646e-01
   6.7938656e-02
   1.0477209e-02
   3.1418961e-02
   5.6884199e-02
   1.8950632e-02
   4.6133203e-03
   3.4978803e-02
   2.5091330e-02
   2.0103430e-02
   1.0410246e-02
   9.7060755e-02
   4.0291060e-02
   4.8469827e-02
   3.6975939e-02
   7.7003866e-02
   3.6950525e-02
   2.7562825e-02
   1.2133243e-02
   1.8400731e-02
   5.1342193e-02
   1.6725056e-02
   5.9486749e-03
   1.8138602e-02
   2.4112351e-02
   1.8498475e-02
   3.2958060e-03
   3.0948045e-02
   3.5895459e-02
   4.8105057e-02
   8.0655208e-03
   1.3798873e-02
   1.6327687e-02
   2.3556668e-02
   1.1866544e-02
   1.5876299e-02
   6.2639289e-02
   3.1401660e-02
   5.3980630e-03
   2.5885874e-02
   4.0915091e-02
   3.2844361e-02
   3.5170221e-03
   3.3876192e-02
   6.2251270e-02
   6.5453418e-02
   3.3146434e-03
   1.3575416e-02
   2.2668296e-02
   3.7610672e-02
   1.6002813e-02
   2.6550578e-02
   7.9056449e-02
   1.3244812e-01
   6.9519677e-03
   5.6841273e-02
   1.0398199e-01
   9.0587348e-02
   5.2341293e-03
   5.0095983e-02
   8.1030935e-02
   8.5930094e-02
   3.4035738e-03
   6.1059725e-03
   2.2047361e-02
   6.2068991e-02
   1.1799373e-02
   1.6465023e-02
   6.9127806e-02
   6.5695174e-02
   5.1699672e-03
   4.0984794e-02
   5.9109319e-02
   5.9863880e-02
   3.2314705e-03
   3.1366188e-02
   5.9075717e-02
   5.8955282e-02
   3.6710564e-03
   5.0861333e-03
   2.0423776e-02
   4.3632381e-02
   1.0660932e-02
   1.6505046e-02
   6.3863344e-02
   2.2727013e-02
   5.2481983e-03
   3.0084724e-02
   2.9511251e-02
   5.5178598e-02
   3.5518638e-03
   2.0966182e-02
   4.6106782e-02
   5.5833321e-02
   6.8472801e-03
   5.9653837e-03
   2.3349773e-02
   4.8415009e-02
   9.0233171e-03
   1.9589722e-02
   6.2183954e-02
   4.3019474e-02
   5.4793451e-03
   3.3700734e-02
   3.2712080e-02
   7.0591941e-02
   6.6386624e-03
   5.5050734e-02
   7.5961702e-02
   1.1979317e-01
   2.0711876e-02
   4.1356735e-02
   8.0087028e-02
   1.2148262e-01
   8.7278243e-03
   4.2867109e-02
   9.2867978e-02
   3.0723037e-02
   5.2474658e-03
   7.0142552e-02
   3.6342952e-02
   5.6455191e-02
   2.8991133e-02
   1.8280040e-01
   1.0747443e-01
   1.2886843e-01
   9.5454350e-02
   1.5316401e-01
   1.1522300e-01
   1.0912951e-01
   1.2825499e-02
   4.1209012e-02
   8.7882347e-02
   2.3805559e-02
   7.9638278e-03
   4.9957719e-02
   4.0409323e-02
   2.4110638e-02
   3.0421654e-02
   1.5151930e-01
   6.1774895e-02
   6.2516831e-02
   8.0126993e-02
   9.4153263e-02
   4.5613829e-02
   3.0884661e-02
   1.8173626e-02
   2.5759313e-02
   6.1031763e-02
   2.4957424e-02
   1.1712745e-02
   3.2052375e-02
   3.4288436e-02
   2.8820151e-02
   6.8443385e-03
   5.6105200e-02
   5.4769550e-02
   5.5199418e-02
   1.6043013e-02
   1.1653449e-02
   1.6764777e-02
   3.0594863e-02
   1.8762000e-02
   2.3842651e-02
   5.8373388e-02
   5.3903643e-02
   9.5621860e-03
   4.1868038e-02
   4.9640503e-02
   5.2520297e-02
   5.9874807e-03
   4.6703067e-02
   7.1855657e-02
   6.8933159e-02
   3.9407290e-03
   6.2596225e-03
   1.9442901e-02
   4.4556562e-02
