   7.2199345e-02
   8.3810776e-02
   8.4525980e-02
   1.3007393e-02
   3.9551843e-02
   3.4268603e-02
   2.6562942e-02
   9.8015741e-03
   3.3935841e-02
   3.9755300e-02
   4.9268242e-02
   1.2021783e-02
   2.4416910e-02
   4.0281057e-02
   3.3682752e-02
   1.8406041e-02
   3.9445069e-02
   3.8633130e-02
   4.2448424e-02
   1.1129908e-02
   3.6652468e-02
   2.9107373e-02
   2.1678464e-02
   9.8116640e-03
   3.3700049e-02
   3.6451958e-02
   4.0454973e-02
   1.2259615e-02
   2.5263948e-02
   5.0458603e-02
   3.5887197e-02
   1.8250655e-02
   2.3240549e-02
   1.2924466e-02
   1.8883387e-02
   1.1838461e-02
   3.3821333e-02
   2.8018421e-02
   2.1885274e-02
   1.3602293e-02
   3.2038417e-02
   3.4172408e-02
   3.3614885e-02
   1.6130053e-02
   2.3586225e-02
   5.7498682e-02
   3.9023895e-02
   1.8451490e-02
   2.5044775e-02
   1.3810718e-02
   2.3086354e-02
   1.4287065e-02
   3.4027651e-02
   3.8527638e-02
   3.0066634e-02
   2.2181682e-02
   3.0451000e-02
   3.6192749e-02
   4.2660203e-02
   2.4240360e-02
   2.2199262e-02
   5.1083386e-02
   5.0552011e-02
   2.2637164e-02
   3.2261174e-02
   1.4706893e-02
   3.6011089e-02
   1.4529021e-02
   7.9728432e-02
   7.0258640e-02
   4.4544894e-02
   1.5245126e-02
   9.6209176e-02
   4.5516647e-02
   5.3306431e-02
   1.8059680e-02
   7.6316103e-02
   7.1025014e-02
   6.0452711e-02
   2.2512047e-02
   5.4067738e-02
   1.2306250e-02
   2.8383767e-02
   1.2712037e-02
   1.7102011e-01
   6.2939532e-02
   3.3252835e-02
   1.1449946e-02
   1.7264676e-01
   3.8083840e-02
   4.2435497e-02
   1.4306032e-02
   1.2185554e-01
   6.1987184e-02
   4.1323192e-02
   2.0229544e-02
   4.3448206e-02
   1.1783554e-02
   2.0860041e-02
   1.1018901e-02
   8.5250460e-02
   3.1006129e-02
   2.1038108e-02
   9.9115893e-03
   6.4697199e-02
   3.3686642e-02
   3.6667988e-02
   1.2359297e-02
   3.9766345e-02
   6.2465534e-02
   3.8362365e-02
   1.8010065e-02
   4.2067345e-02
   3.4819763e-02
   4.1379280e-02
   1.1630479e-02
   3.6612999e-02
   2.6452193e-02
   2.0322448e-02
   1.0102876e-02
   3.1571690e-02
   3.8840599e-02
   3.9339460e-02
   1.1916876e-02
   2.1625608e-02
   5.7321664e-02
   3.6543865e-02
   1.8007958e-02
   1.0590678e-01
   1.2031438e-01
   1.0753975e-01
   1.3691812e-02
   3.5179630e-02
   4.0170550e-02
   2.4819119e-02
   5.6800810e-03
   2.8956471e-02
   3.9211001e-02
   4.7802322e-02
   7.0991428e-03
   1.3887202e-02
   4.8364859e-02
   3.8619205e-02
   1.1607230e-02
   5.5299830e-02
   5.3469613e-02
   5.3309478e-02
   9.0691587e-03
   3.1749066e-02
   3.5257779e-02
   2.0185059e-02
   5.9819231e-03
   2.6340451e-02
   3.2939445e-02
   3.8561281e-02
   7.8252526e-03
   1.3780726e-02
   5.3906694e-02
   3.9235864e-02
   1.1559323e-02
   2.8422356e-02
   1.3758389e-02
   2.0716393e-02
   1.0323284e-02
   3.3569414e-02
   2.7932307e-02
   1.8247776e-02
   1.4797051e-02
   2.7041798e-02
   2.9454496e-02
   3.2437444e-02
   1.4110347e-02
   1.5131990e-02
   5.9187964e-02
   3.8775068e-02
   1.2022869e-02
   3.1673968e-02
   1.4155381e-02
   2.5079802e-02
   1.4699060e-02
   4.3359946e-02
   4.5927219e-02
   2.6298443e-02
   3.1098491e-02
   3.9435208e-02
   3.3312902e-02
   4.8219863e-02
   2.5487222e-02
   2.4362218e-02
   5.3768724e-02
   6.0785305e-02
   1.5726311e-02
   4.5081344e-02
   1.4966447e-02
   4.1992042e-02
   1.4244763e-02
   1.1743513e-01
   8.4959589e-02
   4.9824506e-02
   1.6575214e-02
   1.4115301e-01
   4.3277510e-02
   6.5689281e-02
   1.5599429e-02
   1.1542034e-01
   7.8522466e-02
   7.4604839e-02
   1.4854548e-02
   8.2097046e-02
   1.2056022e-02
   3.6177337e-02
   1.0413981e-02
   2.7223417e-01
   7.1538635e-02
   3.3456337e-02
   8.1850709e-03
   2.6013634e-01
   3.7284508e-02
   4.7016464e-02
   9.5900437e-03
   1.8668595e-01
   6.2967479e-02
   4.3822460e-02
   1.2366499e-02
   6.7236498e-02
   1.0987788e-02
   2.5048973e-02
   7.9599526e-03
   1.4070262e-01
   3.5406835e-02
   1.6086010e-02
   6.3857506e-03
   1.0203058e-01
   3.0493692e-02
   3.4910038e-02
   8.9467000e-03
   5.7539389e-02
   5.5435039e-02
   4.0312987e-02
   1.1468282e-02
   6.1360098e-02
   4.7364727e-02
   5.1088966e-02
   9.2040058e-03
   4.2323705e-02
   3.1521648e-02
   1.9948276e-02
   5.8046221e-03
   3.3838704e-02
   3.4250520e-02
   3.6252022e-02
   8.1276419e-03
   1.5026881e-02
   5.8917351e-02
   3.6651731e-02
   1.1357145e-02
   1.8068811e-01
   1.7421302e-01
   1.3779260e-01
   1.9437112e-02
   5.0536867e-02
   5.0755464e-02
   2.5189817e-02
   4.2360979e-03
   4.0853690e-02
   4.4562366e-02
   6.2975585e-02
   4.9910657e-03
   1.5081790e-02
   6.9273800e-02
   4.5703638e-02
   7.6645780e-03
   9.3602717e-02
   7.6499596e-02
   7.3554114e-02
   1.1032109e-02
   4.7166627e-02
   4.1914105e-02
   1.7674323e-02
   4.7812141e-03
   4.1354686e-02
   3.4334633e-02
   4.6083778e-02
   5.5540833e-03
   1.6409455e-02
   5.9154149e-02
   4.5178674e-02
   7.7611557e-03
   4.4451013e-02
   1.8147510e-02
   2.9306268e-02
   1.6472764e-02
   5.4515660e-02
   3.2177087e-02
   1.2530888e-02
   2.5319675e-02
   4.4372123e-02
   2.9808598e-02
   4.0894475e-02
   2.0916166e-02
   2.0385586e-02
   5.8998693e-02
   4.3624409e-02
   8.3766282e-03
   4.6365459e-02
   1.9905355e-02
   3.6702514e-02
   2.3625756e-02
   6.6822544e-02
   5.5103123e-02
   2.5994945e-02
   6.1417185e-02
   6.2665693e-02
   3.5744958e-02
   5.6625314e-02
   4.5990262e-02
   3.6243483e-02
   6.0382105e-02
   8.7087005e-02
   1.1666989e-02
   6.4268395e-02
   1.9168412e-02
   6.3714974e-02
   2.3865152e-02
   1.1257544e-01
   9.1459870e-02
   7.1838483e-02
   2.7734149e-02
   1.2323685e-01
   3.9430089e-02
   7.3319107e-02
   2.2663498e-02
   1.2524624e-01
   6.1984520e-02
   1.0570078e-01
   1.2685730e-02
   1.0659707e-01
   1.3486242e-02
   5.1203363e-02
   1.5177797e-02
   2.8975153e-01
   5.2834108e-02
   4.4850867e-02
   7.1791559e-03
   2.5092608e-01
   4.7560226e-02
   5.5876993e-02
   8.3592674e-03
   2.0534104e-01
   5.8386192e-02
   5.9291400e-02
   8.4114615e-03
   9.2286356e-02
   1.4839429e-02
   3.3911917e-02
   9.8799132e-03
   1.7868970e-01
   2.6574036e-02
   1.5045295e-02
   4.4253254e-03
   1.1911200e-01
   3.6473211e-02
   4.1724022e-02
   5.4035219e-03
   6.9187708e-02
   5.6167550e-02
   4.7690969e-02
   7.1803713e-03
   9.3408994e-02
   6.7817055e-02
   6.5132305e-02
   1.2249715e-02
   6.1297391e-02
   3.4371253e-02
   1.8029278e-02
   4.0671402e-03
   5.1908378e-02
   3.3415839e-02
   4.6132203e-02
   5.5985600e-03
   1.7770000e-02
   5.5688668e-02
   4.1116338e-02
   7.0341253e-03
   2.8133023e-01
   2.8201389e-01
   2.1805321e-01
   3.6480751e-02
   6.7415871e-02
   4.0886164e-02
   2.0171639e-02
   3.1948325e-03
   4.6564225e-02
   4.7452964e-02
   6.5431401e-02
   3.9157267e-03
   2.7908452e-02
   7.6183446e-02
   6.6843644e-02
   7.7449637e-03
   1.3891372e-01
   1.2903905e-01
   1.2171871e-01
   2.2883389e-02
   5.3597037e-02
   3.7421003e-02
   1.7831337e-02
   4.7792424e-03
   5.2036710e-02
   4.4122364e-02
   5.1800586e-02
   4.8903846e-03
   2.6641620e-02
   5.4324608e-02
   6.0843199e-02
   7.6701003e-03
   5.4501139e-02
   2.6012160e-02
   5.1994026e-02
   3.1522501e-02
   5.0816592e-02
   3.0780427e-02
   1.4265917e-02
   4.4827014e-02
   4.7720101e-02
   3.7214857e-02
   5.0350089e-02
   3.4539565e-02
   3.0459458e-02
   5.2392676e-02
   5.6909110e-02
   1.0160400e-02
   5.2100215e-02
   3.2670122e-02
   4.1493461e-02
   3.6316603e-02
   8.6193085e-02
   8.3113737e-02
   4.2515781e-02
   1.1149701e-01
   7.2658338e-02
   3.8325831e-02
   7.1650326e-02
   8.2195997e-02
   3.5273574e-02
   5.7270762e-02
   9.7671434e-02
   1.5013659e-02
   6.0322076e-02
   3.2790013e-02
   7.9566918e-02
   4.3792434e-02
   7.3937349e-02
   1.3392606e-01
   9.8338954e-02
   4.9288027e-02
   7.3091663e-02
   5.4932449e-02
   9.6839905e-02
   3.8889803e-02
   8.9112148e-02
   7.9048611e-02
   1.2429123e-01
   1.9841077e-02
   6.0727093e-02
   2.1544561e-02
   6.3354410e-02
   2.5203457e-02
   1.1136167e-01
   7.0454292e-02
   7.1215026e-02
   1.0216851e-02
   1.2008213e-01
   7.3490128e-02
   7.8292057e-02
   1.4274251e-02
   1.1423798e-01
   7.4251436e-02
   6.8501830e-02
   1.2608730e-02
   5.9678674e-02
   2.1898454e-02
   3.9780457e-02
   1.3989520e-02
   9.8009214e-02
   3.5664245e-02
   1.8659554e-02
   5.0227307e-03
   8.1984438e-02
   5.1859729e-02
   6.0480002e-02
   6.2768641e-03
   4.6749298e-02
   7.0130192e-02
   7.3202886e-02
   8.4880507e-03
   1.0271391e-01
   1.0478628e-01
   1.0720440e-01
   2.2954004e-02
   6.9970094e-02
   3.4664627e-02
   1.3172988e-02
   3.7440192e-03
   6.0737520e-02
   3.7712336e-02
   5.9578329e-02
   4.3231598e-03
   2.6405279e-02
   5.1809501e-02
   6.0063567e-02
   7.7619948e-03
