   5.6544812e-03
   1.0820682e-02
   1.2972115e-02
   1.2453744e-02
   5.4447968e-03
   1.3412384e-02
   1.5954113e-02
   1.8915491e-02
   4.0225880e-03
   7.2400174e-03
   1.0351632e-02
   1.5165847e-02
   5.2800253e-03
   8.7707788e-03
   8.8126929e-03
   1.3854736e-02
   5.5406094e-03
   9.0324245e-03
   1.0712064e-02
   1.0831347e-02
   4.7500031e-03
   8.1974687e-03
   9.0810601e-03
   1.1476249e-02
   3.8642564e-03
   6.4848857e-03
   8.9537259e-03
   1.2944393e-02
   5.1197815e-03
   8.3843404e-03
   8.3975466e-03
   1.3042842e-02
   5.8004824e-03
   9.3903914e-03
   1.0835881e-02
   1.0724590e-02
   4.6897382e-03
   7.1641924e-03
   6.9001005e-03
   8.8145984e-03
   4.0901755e-03
   6.5379040e-03
   8.1796953e-03
   1.2337798e-02
   5.3743552e-03
   8.1799580e-03
   8.2388753e-03
   1.2498518e-02
   7.4521266e-03
   1.5752533e-02
   1.6922353e-02
   1.3318472e-02
   5.8401031e-03
   1.0102275e-02
   9.3215322e-03
   1.0416480e-02
   5.7891062e-03
   1.1024726e-02
   1.1700147e-02
   1.6964072e-02
   6.8146014e-03
   1.3440425e-02
   1.1720059e-02
   1.6133411e-02
   1.1248095e-02
   2.7124573e-02
   2.8507402e-02
   1.8406296e-02
   8.7951049e-03
   1.5745677e-02
   1.4139559e-02
   1.4220923e-02
   9.5285717e-03
   2.0516766e-02
   1.9161021e-02
   2.5708534e-02
   1.0014226e-02
   2.4568517e-02
   1.8072495e-02
   2.2975078e-02
   7.5383331e-03
   1.5504351e-02
   1.9062405e-02
   1.4536390e-02
   5.6162355e-03
   1.0070964e-02
   9.4230715e-03
   1.1223782e-02
   5.7436521e-03
   1.1067468e-02
   1.2073798e-02
   1.6765688e-02
   6.8399771e-03
   1.3474397e-02
   1.1855439e-02
   1.5726779e-02
   5.8340658e-03
   1.0274432e-02
   1.2717863e-02
   1.1915238e-02
   4.7955159e-03
   7.7580810e-03
   7.2442056e-03
   9.8071313e-03
   4.1008284e-03
   6.7679575e-03
   8.1932619e-03
   1.2271457e-02
   5.3183422e-03
   8.0609564e-03
   8.2086464e-03
   1.1259431e-02
   5.4984838e-03
   1.0752825e-02
   1.2866101e-02
   1.2009565e-02
   4.9373577e-03
   8.9183943e-03
   9.8829269e-03
   1.2410696e-02
   3.8086942e-03
   6.3156686e-03
   8.5996110e-03
   1.2467460e-02
   5.0603338e-03
   7.5742821e-03
   7.8289146e-03
   1.1305965e-02
   6.5228557e-03
   1.5907900e-02
   2.0183047e-02
   1.6775064e-02
   6.7132046e-03
   1.9705229e-02
   2.5037549e-02
   2.9101346e-02
   4.6100770e-03
   1.0177583e-02
   1.6067792e-02
   2.2671498e-02
   6.0662879e-03
   1.2557201e-02
   1.2858875e-02
   2.0690493e-02
   6.5616397e-03
   1.2486923e-02
   1.5952451e-02
   1.4074984e-02
   5.7597230e-03
   1.1319388e-02
   1.2965027e-02
   1.6065937e-02
   4.5569334e-03
   9.1131711e-03
   1.3497298e-02
   1.8985579e-02
   6.0256552e-03
   1.2224059e-02
   1.2374370e-02
   1.9512916e-02
   6.9304821e-03
   1.2910574e-02
   1.5656743e-02
   1.3620103e-02
   5.5613313e-03
   9.1661420e-03
   8.6428057e-03
   1.0909302e-02
   4.8468788e-03
   8.8669555e-03
   1.1607063e-02
   1.7128501e-02
   6.3665770e-03
   1.1228732e-02
   1.1555804e-02
   1.7294053e-02
   8.6021554e-03
   2.4108524e-02
   2.5630569e-02
   1.7302891e-02
   6.7330068e-03
   1.4043223e-02
   1.2693016e-02
   1.3168488e-02
   6.6039753e-03
   1.5557435e-02
   1.6940426e-02
   2.4508763e-02
   7.9153925e-03
   1.8766565e-02
   1.6741225e-02
   2.3256818e-02
   1.2550291e-02
   4.3548588e-02
   4.5149699e-02
   2.6987294e-02
   9.8545579e-03
   2.3004867e-02
   2.0763768e-02
   1.9313524e-02
   1.0538687e-02
   2.9482827e-02
   2.8472774e-02
   3.8804170e-02
   1.1233504e-02
   3.5315748e-02
   2.6734456e-02
   3.4793571e-02
   8.6030178e-03
   2.3477918e-02
   2.9497169e-02
   1.9562041e-02
   6.5053063e-03
   1.3921069e-02
   1.3142957e-02
   1.4446387e-02
   6.5786284e-03
   1.5734304e-02
   1.7371207e-02
   2.4384737e-02
   7.8243511e-03
   1.8990228e-02
   1.7093560e-02
   2.1963809e-02
   6.9046649e-03
   1.4746006e-02
   1.9378977e-02
   1.5993111e-02
   5.6349384e-03
   9.7587332e-03
   9.3264654e-03
   1.2205433e-02
   4.8489477e-03
   9.3402322e-03
   1.1594529e-02
   1.7234283e-02
   6.2931301e-03
   1.1040295e-02
   1.1599502e-02
   1.5203556e-02
   6.5345587e-03
   1.6335053e-02
   2.0338006e-02
   1.6612737e-02
   5.9370911e-03
   1.2464723e-02
   1.4907844e-02
   1.7737227e-02
   4.5093819e-03
   8.7813744e-03
   1.2647117e-02
   1.8045781e-02
   5.9677563e-03
   1.0529160e-02
   1.1162278e-02
   1.5713751e-02
   6.4009703e-03
   2.0988166e-02
   2.6417697e-02
   2.1004746e-02
   7.6984107e-03
   2.8722472e-02
   3.7540562e-02
   4.2150274e-02
   4.5872713e-03
   1.2888467e-02
   2.0845583e-02
   2.7326409e-02
   5.8525363e-03
   1.5640300e-02
   1.6594833e-02
   2.7466273e-02
   6.4119655e-03
   1.5899168e-02
   2.0797180e-02
   1.6614078e-02
   6.1933505e-03
   1.5619278e-02
   1.8007083e-02
   2.1197820e-02
   4.4848183e-03
   1.1418124e-02
   1.7680990e-02
   2.2488564e-02
   5.8191968e-03
   1.5251011e-02
   1.6101331e-02
   2.5553614e-02
   6.7210984e-03
   1.6383341e-02
   2.0737076e-02
   1.5140662e-02
   5.6743445e-03
   1.1133985e-02
   1.0308198e-02
   1.2142186e-02
   4.7250842e-03
   1.0830434e-02
   1.4957718e-02
   2.0510947e-02
   6.0101361e-03
   1.3514790e-02
   1.4115511e-02
   2.1630503e-02
   8.7637026e-03
   3.4687430e-02
   3.3807822e-02
   2.2080148e-02
   7.1226824e-03
   1.9443551e-02
   1.7854661e-02
   1.6302017e-02
   7.0216572e-03
   2.1599673e-02
   2.3592571e-02
   3.2492891e-02
   8.0668302e-03
   2.5080770e-02
   2.1885986e-02
   3.0956512e-02
   1.3722701e-02
   6.4996481e-02
   5.8579121e-02
   4.2725906e-02
   1.1073263e-02
   3.3774421e-02
   3.1527903e-02
   2.7233843e-02
   1.1881625e-02
   4.3071888e-02
   4.1395083e-02
   5.4472983e-02
   1.2359977e-02
   4.9964502e-02
   3.7361715e-02
   4.8761565e-02
   8.7609580e-03
   3.2828391e-02
   3.7473746e-02
   2.6064439e-02
   6.7426339e-03
   1.9459998e-02
   1.8300973e-02
   1.8506015e-02
   6.8284753e-03
   2.2078263e-02
   2.3811104e-02
   3.2155298e-02
   8.0010416e-03
   2.5123060e-02
   2.2563502e-02
   2.8403720e-02
   6.7948774e-03
   1.8960532e-02
   2.5313737e-02
   1.7355507e-02
   5.6923968e-03
   1.1866358e-02
   1.1419968e-02
   1.3854797e-02
   4.8264274e-03
   1.1475396e-02
   1.4604742e-02
   2.0760246e-02
   6.0085254e-03
   1.3059433e-02
   1.4106692e-02
   1.8406980e-02
   6.5302202e-03
   2.1575246e-02
   2.6263244e-02
   2.0366153e-02
   6.3455859e-03
   1.7210225e-02
   2.1251488e-02
   2.4004325e-02
   4.4741496e-03
   1.0956534e-02
   1.6246689e-02
   2.1463139e-02
   5.6984862e-03
   1.2895170e-02
   1.3731346e-02
   1.9317960e-02
   5.3297505e-03
   2.7208475e-02
   3.2120161e-02
   1.8969456e-02
   8.4387138e-03
   4.4076823e-02
   5.7099435e-02
   5.8620565e-02
   3.8397312e-03
   1.5350224e-02
   2.6707074e-02
   3.2056890e-02
   4.8728916e-03
   1.7642759e-02
   2.0427790e-02
   3.2284707e-02
   5.5126413e-03
   1.9609341e-02
   2.4958536e-02
   1.4906435e-02
   6.3540540e-03
   2.2387503e-02
   2.6242457e-02
   2.7704677e-02
   3.8715533e-03
   1.3438649e-02
   2.2661120e-02
   2.5621030e-02
   5.0052325e-03
   1.7198280e-02
   1.9895516e-02
   2.9797576e-02
   5.9725437e-03
   1.9676536e-02
   2.4331752e-02
   1.4183602e-02
   5.2699428e-03
   1.3975983e-02
   1.3092665e-02
   1.3282431e-02
   4.1053728e-03
   1.2304425e-02
   1.8702837e-02
   2.3421656e-02
   5.0745886e-03
   1.5213436e-02
   1.6791334e-02
   2.4473544e-02
   8.9963032e-03
   4.6012878e-02
   4.1053064e-02
   2.5094235e-02
   7.4021472e-03
   2.7805442e-02
   2.4250077e-02
   2.0190123e-02
   7.2870203e-03
   3.1744923e-02
   3.1019524e-02
   4.1605271e-02
   7.9619978e-03
   3.6455221e-02
   2.9004460e-02
   4.0453762e-02
   1.5890071e-02
   8.7257579e-02
   7.3384047e-02
   5.3132039e-02
   1.2501822e-02
   4.9604822e-02
   4.4632204e-02
   3.6193512e-02
   1.3770828e-02
   6.7085162e-02
   5.6348611e-02
   7.4403659e-02
   1.3563480e-02
   7.8404784e-02
   5.3019781e-02
   7.1480833e-02
   8.5426113e-03
   4.2959575e-02
   4.2918619e-02
   3.0682925e-02
   6.8915156e-03
   2.7227676e-02
   2.4932032e-02
   2.4046898e-02
   7.0228754e-03
   3.2394927e-02
   3.1080376e-02
   4.1204080e-02
   7.6677604e-03
   3.5717022e-02
   2.8947322e-02
   3.8738344e-02
   5.7365983e-03
   2.3020161e-02
   2.9038554e-02
   1.6891379e-02
   5.4609459e-03
   1.4935807e-02
   1.4928125e-02
   1.6322279e-02
   4.3322812e-03
   1.3344619e-02
   1.7791536e-02
   2.2660378e-02
   5.0925394e-03
   1.4130721e-02
   1.5089671e-02
   2.0009162e-02
   5.4435469e-03
   2.7435398e-02
   3.1029938e-02
   1.8676968e-02
   6.3752723e-03
   2.5005668e-02
   3.0904755e-02
   3.1941578e-02
   3.8313728e-03
   1.2659765e-02
   2.0340974e-02
   2.3343496e-02
   4.6544289e-03
   1.4835731e-02
   1.5861558e-02
   2.2131013e-02
