   5.2644089e-02
   4.4535186e-02
   3.9969482e-02
   3.7841916e-02
   3.5780422e-02
   4.1946325e-02
   4.6514988e-02
   4.9357276e-02
   3.6419868e-02
   3.2749742e-02
   3.2732476e-02
   3.4497138e-02
   4.3437079e-02
   3.9597537e-02
   3.9880462e-02
   4.3127481e-02
   2.6193822e-02
   2.1875033e-02
   1.9474493e-02
   1.9225795e-02
   1.8209914e-02
   1.9331796e-02
   2.0186331e-02
   2.5177056e-02
   1.7577782e-02
   1.5721411e-02
   1.4986605e-02
   1.6051766e-02
   2.1291174e-02
   1.8276503e-02
   1.8462906e-02
   2.1053404e-02
   1.2145117e-02
   8.7073362e-03
   7.5570312e-03
   9.8428130e-03
   9.1785165e-03
   6.3169338e-03
   6.0058436e-03
   1.1254459e-02
   7.7022393e-03
   6.1414582e-03
   4.8233951e-03
   6.9656656e-03
   9.5207645e-03
   6.2268432e-03
   5.9075677e-03
   9.0064462e-03
   1.1640458e-02
   9.0223253e-03
   7.5481455e-03
   9.8589472e-03
   9.5867664e-03
   5.9611159e-03
   5.7102665e-03
   1.1680953e-02
   7.8465203e-03
   6.1206319e-03
   4.5992830e-03
   6.9658747e-03
   9.4372127e-03
   5.8106566e-03
   5.8247996e-03
   8.7365909e-03
   1.1429671e-02
   9.3755731e-03
   7.2834017e-03
   9.9716811e-03
   9.1924248e-03
   6.0555851e-03
   5.6791985e-03
   1.2745738e-02
   7.8286389e-03
   6.6553988e-03
   4.7942759e-03
   6.6802814e-03
   9.4230473e-03
   6.0353181e-03
   5.9987660e-03
   8.5081048e-03
   1.1573348e-02
   9.2420802e-03
   7.6736202e-03
   1.0301514e-02
   9.3396688e-03
   6.1387573e-03
   5.7119839e-03
   1.1126628e-02
   7.1083973e-03
   6.6190702e-03
   4.4850884e-03
   6.8833651e-03
   8.8253887e-03
   6.1074891e-03
   5.8494415e-03
   8.4810471e-03
   1.1706027e-02
   9.0136351e-03
   7.4693426e-03
   1.0120288e-02
   9.0342611e-03
   6.2704287e-03
   5.8330437e-03
   1.1663925e-02
   7.7506392e-03
   6.3862661e-03
   4.5920056e-03
   6.6202409e-03
   9.9320654e-03
   5.9522972e-03
   6.3660759e-03
   8.9050997e-03
   2.4133883e-02
   1.9820560e-02
   1.6778372e-02
   1.8471146e-02
   1.7254956e-02
   1.7026789e-02
   1.8474432e-02
   2.3690395e-02
   1.7031675e-02
   1.4044261e-02
   1.3069256e-02
   1.5249936e-02
   1.9329956e-02
   1.6168209e-02
   1.5789120e-02
   1.8457668e-02
   7.0943467e-02
   6.4681984e-02
   6.2470794e-02
   5.7338510e-02
   5.2952956e-02
   6.2437374e-02
   6.6926867e-02
   6.9113433e-02
   5.1553249e-02
   4.7905520e-02
   4.7171809e-02
   4.9131081e-02
   6.2932506e-02
   5.9771735e-02
   6.0151864e-02
   6.2204234e-02
   3.1833638e-02
   3.0028123e-02
   2.7712075e-02
   2.5240906e-02
   2.3809385e-02
   2.7375313e-02
   2.7657568e-02
   3.0260855e-02
   2.1978069e-02
   2.1013940e-02
   2.0567412e-02
   2.1052526e-02
   2.7505564e-02
   2.5525659e-02
   2.6343897e-02
   2.7350016e-02
   7.6908255e-03
   6.9943112e-03
   5.1556472e-03
   5.8559035e-03
   5.3532892e-03
   4.5857821e-03
   4.0433700e-03
   7.9672001e-03
   5.1392578e-03
   4.3813265e-03
   3.1262250e-03
   4.4511328e-03
   5.6353244e-03
   4.2217653e-03
   3.7899539e-03
   5.8500972e-03
   6.7300717e-03
   6.5022549e-03
   4.1998620e-03
   5.2223611e-03
   5.2608047e-03
   3.8239777e-03
   3.4906126e-03
   8.4007392e-03
   4.7652596e-03
   4.4361479e-03
   2.4993571e-03
   3.9335899e-03
   4.8665823e-03
   3.2212515e-03
   3.1500680e-03
   5.1244483e-03
   7.2391126e-03
   6.6004070e-03
   4.2165872e-03
   4.7717621e-03
   4.8626312e-03
   3.7849038e-03
   3.6908968e-03
   8.6785425e-03
   4.9368567e-03
   4.5950622e-03
   2.9247664e-03
   4.2440579e-03
   5.2644354e-03
   3.6839207e-03
   3.5416933e-03
   5.4342677e-03
   6.8379291e-03
   6.1775590e-03
   4.2179781e-03
   5.0557759e-03
   4.6308651e-03
   3.8246100e-03
   3.4474686e-03
   7.6800999e-03
   4.6997797e-03
   4.8590396e-03
   2.7246727e-03
   4.1885679e-03
   4.8008952e-03
   3.6943927e-03
   3.4673004e-03
   4.8578000e-03
   7.1488731e-03
   6.7865625e-03
   4.5397831e-03
   5.8937185e-03
   5.1712296e-03
   5.0445399e-03
   3.8039431e-03
   7.6788226e-03
   5.0122319e-03
   5.5443980e-03
   2.9438036e-03
   4.1754707e-03
   5.7046730e-03
   3.9428780e-03
   3.6871298e-03
   5.1464550e-03
   2.7171463e-02
   2.5461825e-02
   2.2653965e-02
   2.1991592e-02
   2.0152936e-02
   2.2960462e-02
   2.4688454e-02
   2.6960062e-02
   1.9757239e-02
   1.8544115e-02
   1.6741311e-02
   1.8463027e-02
   2.3306135e-02
   2.1564381e-02
   2.0961851e-02
   2.2623036e-02
   1.1694764e-01
   1.0686953e-01
   1.0824284e-01
   1.0654255e-01
   9.5296010e-02
   1.0675096e-01
   1.1096290e-01
   1.1099670e-01
   8.3137214e-02
   7.6048762e-02
   7.5487286e-02
   7.6467134e-02
   1.0181746e-01
   9.5902592e-02
   9.6488751e-02
   9.9407867e-02
   4.9000472e-02
   4.6546116e-02
   4.6920814e-02
   4.4594467e-02
   4.1266084e-02
   4.6134897e-02
   4.5901407e-02
   4.5301851e-02
   3.4164537e-02
   3.2873280e-02
   3.2416832e-02
   3.2210719e-02
   4.3142900e-02
   4.0358115e-02
   4.2032026e-02
   4.2474713e-02
   7.1113529e-03
   9.1498233e-03
   5.5414992e-03
   4.7313529e-03
   6.0792062e-03
   5.0868853e-03
   4.5013786e-03
   7.7058808e-03
   4.1694865e-03
   5.1759076e-03
   3.2578008e-03
   4.0011550e-03
   5.1934584e-03
   4.3902528e-03
   3.7389875e-03
   4.9556913e-03
   5.3802752e-03
   7.3259729e-03
   3.5646171e-03
   3.2182138e-03
   4.1022352e-03
   3.2819847e-03
   3.4694553e-03
   7.9564741e-03
   3.5812522e-03
   4.4065509e-03
   2.0350628e-03
   2.7866475e-03
   4.1597001e-03
   2.4401976e-03
   2.2815459e-03
   3.4142863e-03
   5.1127099e-03
   6.8264231e-03
   3.3540591e-03
   3.4669323e-03
   4.1465256e-03
   3.1868415e-03
   3.6975495e-03
   8.7906290e-03
   4.1925819e-03
   4.9647475e-03
   2.0251879e-03
   2.8920027e-03
   4.3676742e-03
   2.6358869e-03
   2.0556455e-03
   3.3046352e-03
   5.6628156e-03
   5.6324094e-03
   3.1504163e-03
   3.5396675e-03
   4.0416759e-03
   3.4321276e-03
   3.6726831e-03
   9.0347445e-03
   3.7500854e-03
   5.4636314e-03
   1.9498024e-03
   3.0803951e-03
   4.0188353e-03
   3.1085545e-03
   2.2866412e-03
   3.1971680e-03
   6.9429753e-03
   8.2222763e-03
   4.8811170e-03
   4.8710909e-03
   5.6529692e-03
   5.4559717e-03
   4.3506767e-03
   9.1769816e-03
   4.3283519e-03
   6.5706763e-03
   3.0134288e-03
   3.8153743e-03
   5.0508915e-03
   3.9090826e-03
   3.2692046e-03
   4.1722599e-03
   4.1403159e-02
   3.8579203e-02
   3.7436821e-02
   3.7917532e-02
   3.3336874e-02
   3.6712565e-02
   3.9802946e-02
   4.0434677e-02
   2.9988380e-02
   2.8389588e-02
   2.5970982e-02
   2.7546108e-02
   3.6000151e-02
   3.3480685e-02
   3.2394558e-02
   3.4329344e-02
   1.6345887e-01
   1.6106142e-01
   1.6203174e-01
   1.5515147e-01
   1.7214522e-01
   1.8338682e-01
   1.8941414e-01
   1.8409596e-01
   9.7029857e-02
   9.5469214e-02
   9.5873520e-02
   9.8510332e-02
   9.6755594e-02
   9.7337075e-02
   1.0053576e-01
   1.0266696e-01
   6.8107679e-02
   6.9488600e-02
   6.9496788e-02
   6.6264063e-02
   7.4653037e-02
   7.8746170e-02
   7.9342976e-02
   7.3836610e-02
   4.1006900e-02
   4.1411724e-02
   4.0862273e-02
   4.1333657e-02
   4.0670667e-02
   4.1343432e-02
   4.3962728e-02
   4.3641232e-02
   8.1036659e-03
   9.9509954e-03
   7.6014600e-03
   6.5160985e-03
   7.9305694e-03
   7.0443763e-03
   7.0022917e-03
   1.0898743e-02
   5.7913186e-03
   6.2127667e-03
   4.1983528e-03
   5.6839194e-03
   5.1456797e-03
   4.5506344e-03
   4.3761847e-03
   5.4628048e-03
   5.5056917e-03
   6.7798258e-03
   4.9098022e-03
   3.2560572e-03
   4.6336590e-03
   3.6382263e-03
   4.4949888e-03
   1.0273859e-02
   3.3016510e-03
   4.4065746e-03
   2.0983859e-03
   2.8527321e-03
   4.8020841e-03
   2.6111798e-03
   2.3634764e-03
   3.6068282e-03
   6.6342084e-03
   6.6102599e-03
   4.8209899e-03
   4.3305266e-03
   5.3319996e-03
   3.7176856e-03
   5.1884698e-03
   1.1475655e-02
   4.0848255e-03
   4.5241923e-03
   2.2777985e-03
   2.6278188e-03
   5.3026732e-03
   2.6114148e-03
   2.0158945e-03
   4.0250584e-03
   5.9080804e-03
   5.4149525e-03
   5.0966288e-03
   4.1627232e-03
   5.3236936e-03
   5.0216834e-03
   5.6439652e-03
   1.1350573e-02
   4.0473379e-03
   5.1201028e-03
   2.5234132e-03
   3.5871391e-03
   4.2671226e-03
   2.9590845e-03
   1.9967079e-03
   4.1512996e-03
   6.7966064e-03
   7.2269551e-03
   6.7055156e-03
   5.9466981e-03
   8.2387105e-03
   7.4050440e-03
   7.7431025e-03
   1.1741278e-02
   5.0959452e-03
   6.9082775e-03
   3.7839198e-03
   5.1203361e-03
   5.4412470e-03
   3.8917409e-03
   3.8181155e-03
   5.5727349e-03
   5.7889022e-02
   5.5372003e-02
   5.5432808e-02
   5.5376511e-02
   5.8960166e-02
   6.1839543e-02
   6.6171110e-02
   6.7778304e-02
   3.5836563e-02
   3.3497501e-02
   3.2807343e-02
   3.5655137e-02
   3.6318973e-02
   3.3780072e-02
   3.3360418e-02
   3.6176849e-02
