   3.8827617e-02
   4.5577101e-02
   5.1700629e-02
   3.2736119e-02
   6.6516750e-02
   7.1593069e-02
   7.2519660e-02
   6.9348492e-02
   1.4600032e-02
   3.6673356e-02
   4.0960494e-02
   2.1177324e-02
   1.9612459e-02
   5.3525455e-02
   4.3715190e-02
   2.6916154e-02
   2.1868117e-02
   2.5212076e-02
   3.3336665e-02
   1.9428194e-02
   3.6892105e-02
   4.0158644e-02
   4.0568937e-02
   3.4129955e-02
   1.1865388e-02
   2.3617450e-02
   3.0866235e-02
   1.9702924e-02
   1.4971286e-02
   3.3480786e-02
   3.3893432e-02
   2.4360878e-02
   1.2012063e-02
   1.3406998e-02
   2.4520207e-02
   1.2878926e-02
   1.4647140e-02
   1.3947316e-02
   2.1710685e-02
   1.4968926e-02
   1.1438102e-02
   1.3482383e-02
   2.6598755e-02
   1.5207847e-02
   1.3855003e-02
   1.8189115e-02
   2.5027463e-02
   2.1583049e-02
   1.4767030e-02
   1.9755151e-02
   3.0362632e-02
   1.4901037e-02
   1.9414488e-02
   1.8115403e-02
   3.3018086e-02
   1.7769093e-02
   2.1740787e-02
   2.7815120e-02
   4.9257230e-02
   2.2523094e-02
   2.2926245e-02
   2.6383849e-02
   3.6232397e-02
   2.3815515e-02
   2.1161055e-02
   3.0661052e-02
   4.0511094e-02
   2.1465737e-02
   3.0727590e-02
   2.9851692e-02
   5.6754131e-02
   2.3792028e-02
   4.2827014e-02
   5.1817954e-02
   9.4634771e-02
   4.0409975e-02
   3.9990861e-02
   4.3412574e-02
   6.2715814e-02
   3.5541065e-02
   1.5442333e-02
   2.1454740e-02
   3.2518093e-02
   1.6140617e-02
   2.1525182e-02
   2.0279424e-02
   3.5379365e-02
   1.7378392e-02
   2.3905415e-02
   3.0358233e-02
   5.2155558e-02
   2.3765866e-02
   2.4434518e-02
   2.7821617e-02
   3.6791064e-02
   2.3147646e-02
   1.2979382e-02
   1.4803585e-02
   2.4548970e-02
   1.2581286e-02
   1.5133885e-02
   1.3955123e-02
   2.2510067e-02
   1.4418148e-02
   1.1553827e-02
   1.3899830e-02
   2.6235981e-02
   1.4618102e-02
   1.5471732e-02
   1.7780108e-02
   2.4553046e-02
   1.7701076e-02
   2.0390403e-02
   2.4108578e-02
   3.3782482e-02
   1.8060723e-02
   2.9426508e-02
   3.3740625e-02
   3.8106993e-02
   3.3695254e-02
   1.2402510e-02
   2.3398848e-02
   2.9677201e-02
   1.6419107e-02
   1.7162999e-02
   2.8979121e-02
   3.1072395e-02
   1.9994160e-02
   5.4434266e-02
   6.2378444e-02
   6.1170135e-02
   5.0021760e-02
   9.6310474e-02
   9.7706355e-02
   9.3060501e-02
   9.0950683e-02
   1.2627009e-02
   3.7990607e-02
   4.6399828e-02
   2.0815123e-02
   1.9033361e-02
   6.7506284e-02
   5.0087571e-02
   3.0403871e-02
   2.6946099e-02
   3.1689133e-02
   3.4005847e-02
   2.4035729e-02
   4.7547001e-02
   5.3489156e-02
   4.9531322e-02
   4.2764064e-02
   9.4579095e-03
   2.8210122e-02
   3.6216225e-02
   1.8147467e-02
   1.3658272e-02
   3.9018683e-02
   3.5136715e-02
   2.4845161e-02
   1.0923509e-02
   1.3063269e-02
   1.9033452e-02
   8.9141242e-03
   1.5026852e-02
   1.8600320e-02
   2.3352036e-02
   1.3105557e-02
   1.0166634e-02
   1.8801235e-02
   2.7054733e-02
   1.2689708e-02
   1.3454299e-02
   2.0147329e-02
   2.3774633e-02
   1.8526416e-02
   1.3579393e-02
   1.7717140e-02
   2.9325482e-02
   1.2609576e-02
   1.8192578e-02
   1.9125717e-02
   3.6416087e-02
   1.5293189e-02
   2.3299444e-02
   2.9440133e-02
   5.3268917e-02
   2.3803443e-02
   2.3004958e-02
   2.9158408e-02
   4.1567512e-02
   2.1860059e-02
   2.2707518e-02
   3.0512283e-02
   3.5425346e-02
   2.0869814e-02
   3.2867808e-02
   2.8698958e-02
   6.3222736e-02
   2.4649426e-02
   5.2071802e-02
   5.0608296e-02
   9.9098317e-02
   5.0211549e-02
   4.0475260e-02
   4.7784042e-02
   7.7855468e-02
   3.5916273e-02
   1.4918831e-02
   2.0265300e-02
   2.8783357e-02
   1.4472367e-02
   2.2032019e-02
   1.8947762e-02
   3.8659148e-02
   1.6126486e-02
   2.8128417e-02
   3.0541623e-02
   5.6354102e-02
   2.3778299e-02
   2.5310528e-02
   2.9044021e-02
   4.1508276e-02
   2.1278167e-02
   9.9163577e-03
   1.4187183e-02
   1.9628970e-02
   9.3261385e-03
   1.4547313e-02
   1.6312072e-02
   2.3717919e-02
   1.3198371e-02
   1.1163326e-02
   1.9461054e-02
   3.1163683e-02
   1.0344590e-02
   1.4593959e-02
   1.8526707e-02
   2.3331605e-02
   1.4075996e-02
   2.3079332e-02
   2.8803959e-02
   3.5207987e-02
   2.1496214e-02
   3.7635621e-02
   4.3040320e-02
   4.5296226e-02
   3.9247546e-02
   1.0496598e-02
   2.9059086e-02
   3.3040829e-02
   1.3324282e-02
   1.5451488e-02
   3.1780921e-02
   3.1105900e-02
   1.7901728e-02
   9.2571735e-02
   1.0528255e-01
   1.0441332e-01
   9.5619738e-02
   1.4116135e-01
   1.4405948e-01
   1.2949383e-01
   1.3639382e-01
   1.3662281e-02
   3.7679084e-02
   5.2930851e-02
   2.6449362e-02
   2.6150849e-02
   1.0127747e-01
   6.7703076e-02
   3.6129616e-02
   4.2663112e-02
   5.0157603e-02
   5.1415067e-02
   4.1944657e-02
   6.4413823e-02
   7.6432668e-02
   6.1881531e-02
   6.4025588e-02
   9.9208923e-03
   3.5016414e-02
   4.2901095e-02
   2.3190461e-02
   1.7847590e-02
   5.3665411e-02
   4.4061851e-02
   2.8159179e-02
   1.2340806e-02
   1.5516907e-02
   2.0471079e-02
   9.5236301e-03
   1.8708296e-02
   2.6588483e-02
   2.6200101e-02
   1.6443083e-02
   1.3458479e-02
   2.1261241e-02
   3.1800672e-02
   1.5024567e-02
   1.3962003e-02
   2.3939874e-02
   2.6727470e-02
   2.0499289e-02
   1.9476777e-02
   1.8786242e-02
   3.2798715e-02
   1.2494799e-02
   2.4483852e-02
   2.2679478e-02
   4.5563050e-02
   2.0521959e-02
   3.1530868e-02
   2.5057990e-02
   6.1348006e-02
   3.1079337e-02
   3.1167502e-02
   3.6007140e-02
   5.1628105e-02
   2.7044877e-02
   3.7601713e-02
   3.4456540e-02
   4.1135896e-02
   2.3178866e-02
   4.4533011e-02
   3.7828322e-02
   8.4063150e-02
   3.3343431e-02
   7.4978039e-02
   5.6165542e-02
   1.3532199e-01
   6.7314170e-02
   6.2091578e-02
   5.4784674e-02
   1.1190958e-01
   4.1800164e-02
   2.0718768e-02
   2.4732275e-02
   3.0795850e-02
   1.4423925e-02
   2.7619552e-02
   2.3235500e-02
   4.8221026e-02
   2.0088263e-02
   3.9741073e-02
   3.2795697e-02
   6.8676949e-02
   2.9903667e-02
   3.5776112e-02
   3.1421687e-02
   5.6869194e-02
   2.7891241e-02
   1.2620327e-02
   1.6705723e-02
   2.0149317e-02
   9.3475394e-03
   1.8124001e-02
   2.4279112e-02
   2.5272539e-02
   1.7593304e-02
   1.3454283e-02
   2.3914941e-02
   3.3645459e-02
   1.1005411e-02
   1.7324600e-02
   2.3028227e-02
   2.4821034e-02
   1.7642584e-02
   3.5616923e-02
   4.1975453e-02
   4.5669880e-02
   3.7822619e-02
   5.2041244e-02
   5.9180450e-02
   5.7481155e-02
   5.3154163e-02
   9.1712587e-03
   2.9604731e-02
   3.9201796e-02
   1.5751768e-02
   1.6574059e-02
   3.9696135e-02
   3.2132030e-02
   1.9323921e-02
   1.8553729e-01
   1.5598458e-01
   1.4887731e-01
   1.4356872e-01
   1.1257815e-01
   1.1094300e-01
   9.6119516e-02
   1.1288519e-01
   1.9856755e-02
   5.3597692e-02
   5.3258371e-02
   1.7406004e-02
   4.2168293e-02
   1.5403078e-01
   9.4058812e-02
   5.5931516e-02
   8.2053505e-02
   7.1956486e-02
   6.8803236e-02
   6.1595574e-02
   5.0182749e-02
   5.4396208e-02
   4.4752929e-02
   5.3969741e-02
   1.2600148e-02
   3.2031905e-02
   4.4001173e-02
   1.6049867e-02
   2.4636479e-02
   8.0000713e-02
   5.5507086e-02
   4.0825304e-02
   1.8328641e-02
   1.3111445e-02
   2.1365542e-02
   1.2372675e-02
   1.7433826e-02
   3.0312061e-02
   3.4667134e-02
   2.6724406e-02
   1.4270828e-02
   1.2377582e-02
   2.7720056e-02
   1.5936732e-02
   1.5755888e-02
   2.0400682e-02
   3.3563126e-02
   3.2498531e-02
   3.3383001e-02
   2.1848695e-02
   3.2204203e-02
   1.8769318e-02
   3.3490408e-02
   3.1334776e-02
   7.3619671e-02
   3.6874905e-02
   5.0519872e-02
   2.7800541e-02
   9.2137039e-02
   5.3793270e-02
   4.6737887e-02
   4.7980055e-02
   7.9267122e-02
   5.2121732e-02
   5.6974266e-02
   4.8250046e-02
   3.6132816e-02
   4.1969202e-02
   6.9358557e-02
   4.2744808e-02
   1.4203203e-01
   6.0398109e-02
   1.3467124e-01
   7.0378736e-02
   2.1721654e-01
   1.2402952e-01
   1.1323664e-01
   5.5841949e-02
   1.8867034e-01
   8.1100866e-02
   3.3065248e-02
   3.5013147e-02
   3.4394491e-02
   2.6822316e-02
   4.4793073e-02
   3.2301445e-02
   8.3832212e-02
   3.7902623e-02
   6.8506584e-02
   4.0711023e-02
   9.3335696e-02
   5.7625052e-02
   5.2888282e-02
   2.8546184e-02
   8.8783003e-02
   4.6134613e-02
   1.8952124e-02
   1.6493957e-02
   2.0330800e-02
   1.3075414e-02
   2.2723602e-02
   3.1611390e-02
   3.2973215e-02
   2.6883958e-02
   1.3382079e-02
   2.0571897e-02
   2.6800767e-02
   1.6495559e-02
   2.1390663e-02
   2.3165291e-02
   3.2131054e-02
   2.8359871e-02
   6.6417970e-02
   5.2653331e-02
   5.7248842e-02
   6.0129255e-02
   4.4696677e-02
   4.1866608e-02
   3.9807178e-02
   4.8921622e-02
   1.2010372e-02
   2.5354087e-02
   3.2462448e-02
   1.2360808e-02
   2.0329641e-02
   5.8211379e-02
   3.9801288e-02
   2.5166964e-02
