   9.5271543e-03
   8.4531261e-03
   6.9060889e-03
   3.0254675e-02
   8.5410923e-03
   7.2664721e-03
   5.5528148e-03
   2.5565442e-02
   4.6068959e-02
   4.6253752e-02
   5.1590700e-02
   7.6296344e-02
   8.7947331e-02
   1.2068718e-01
   1.5723558e-01
   6.8035401e-02
   9.1165882e-03
   7.2826822e-03
   6.1398381e-03
   3.0056585e-02
   8.3992751e-03
   7.1912329e-03
   4.9902275e-03
   2.5291124e-02
   2.4450338e-02
   2.1358766e-02
   2.1147341e-02
   3.9710313e-02
   4.9731158e-02
   9.1876984e-02
   7.0165835e-02
   4.2865228e-02
   8.9531206e-03
   7.5664641e-03
   5.9140148e-03
   3.0605603e-02
   8.1908237e-03
   7.3210034e-03
   4.8714634e-03
   2.6276641e-02
   1.3146702e-02
   9.7707100e-03
   7.3748073e-03
   2.4696643e-02
   3.6058147e-02
   6.1588496e-02
   3.8349621e-02
   3.2051288e-02
   9.2192758e-03
   7.4356915e-03
   7.5672236e-03
   3.5182096e-02
   7.7901874e-03
   7.9342145e-03
   8.1939828e-03
   2.8225310e-02
   1.4782117e-02
   8.9477524e-03
   8.6133368e-03
   2.6385229e-02
   6.6509098e-02
   4.7875009e-02
   4.4709150e-02
   4.0443074e-02
   9.8935002e-03
   7.3398892e-03
   1.0988154e-02
   4.4130001e-02
   8.5478127e-03
   7.2913663e-03
   1.4436434e-02
   3.4148488e-02
   1.8875614e-02
   8.6830920e-03
   1.0390894e-02
   3.0513542e-02
   1.0808561e-01
   6.0329642e-02
   6.5031856e-02
   5.4453023e-02
   9.4204079e-03
   7.3447349e-03
   7.7502578e-03
   3.4782439e-02
   8.1960047e-03
   7.0408392e-03
   8.2331132e-03
   2.8918374e-02
   1.8466212e-02
   8.7586259e-03
   7.7457684e-03
   2.5866412e-02
   6.0395278e-02
   4.4699810e-02
   3.9533768e-02
   3.7318856e-02
   8.9865560e-03
   7.6896753e-03
   6.4167762e-03
   3.2183789e-02
   7.8386012e-03
   7.1302638e-03
   5.1881149e-03
   2.5744209e-02
   1.4509876e-02
   9.7641023e-03
   6.8920571e-03
   2.4852322e-02
   3.4804866e-02
   6.6151224e-02
   3.6675196e-02
   2.8272169e-02
   9.1326935e-03
   7.7690315e-03
   6.4338134e-03
   3.1843923e-02
   8.0879629e-03
   6.8562292e-03
   5.3663095e-03
   2.6382364e-02
   2.5598040e-02
   2.4277423e-02
   2.3988592e-02
   4.2980932e-02
   5.0393570e-02
   1.0637112e-01
   7.6009274e-02
   4.3121636e-02
   6.4567113e-03
   6.1495947e-03
   5.2207629e-03
   1.6730800e-02
   4.1871276e-03
   4.6992344e-03
   3.5519497e-03
   1.4488268e-02
   5.1950727e-02
   6.2637471e-02
   6.5033972e-02
   7.5283185e-02
   1.1687968e-01
   1.5610875e-01
   2.5479603e-01
   8.2203358e-02
   5.3014113e-03
   4.7307462e-03
   4.0784623e-03
   1.7298318e-02
   3.9476617e-03
   4.5679705e-03
   3.5178559e-03
   1.4959809e-02
   2.5097786e-02
   2.6773566e-02
   2.5055349e-02
   3.2785263e-02
   6.1163947e-02
   1.0684127e-01
   9.8249555e-02
   4.5895521e-02
   5.2059768e-03
   4.5981314e-03
   3.8599833e-03
   1.7134042e-02
   4.0703719e-03
   4.7849142e-03
   3.5268890e-03
   1.5637089e-02
   1.2401694e-02
   9.5086703e-03
   6.1411238e-03
   1.6303869e-02
   3.7533097e-02
   7.6241136e-02
   3.9950043e-02
   2.7915563e-02
   6.0655405e-03
   5.0213607e-03
   7.8519871e-03
   2.3524391e-02
   4.9178787e-03
   5.1746303e-03
   8.8688945e-03
   2.0478709e-02
   1.3158817e-02
   7.7945343e-03
   9.1789821e-03
   2.0532319e-02
   7.8411937e-02
   5.9073742e-02
   5.0270747e-02
   3.4245327e-02
   6.6774907e-03
   4.8050825e-03
   1.5582814e-02
   3.8081422e-02
   6.8817092e-03
   4.5956024e-03
   1.9186059e-02
   3.2218557e-02
   1.6513726e-02
   7.3346347e-03
   1.2792029e-02
   2.7708372e-02
   1.3049515e-01
   8.8149950e-02
   9.2443228e-02
   5.2483968e-02
   5.6633209e-03
   4.1935323e-03
   7.8695361e-03
   2.4320090e-02
   5.5969702e-03
   4.0582209e-03
   9.1637466e-03
   2.1091402e-02
   1.4711577e-02
   7.6534208e-03
   6.9462555e-03
   1.8961685e-02
   6.0541261e-02
   5.2467562e-02
   4.2954393e-02
   2.9838899e-02
   5.0958879e-03
   4.3533049e-03
   4.1153827e-03
   1.7011579e-02
   4.4557485e-03
   3.9640218e-03
   3.5756270e-03
   1.4511284e-02
   1.3107912e-02
   9.4941044e-03
   5.4444503e-03
   1.4605937e-02
   3.6748853e-02
   8.7918095e-02
   3.7585828e-02
   2.0712044e-02
   5.6874030e-03
   4.5592878e-03
   4.3910439e-03
   1.6145024e-02
   4.0851193e-03
   4.3414379e-03
   3.6625625e-03
   1.4397483e-02
   2.9002380e-02
   3.3243205e-02
   2.8581241e-02
   3.7880439e-02
   6.3993037e-02
   1.3950500e-01
   1.1164209e-01
   4.5378793e-02
   5.4191360e-03
   6.1019291e-03
   5.9620342e-03
   1.1424385e-02
   2.5303480e-03
   3.5301128e-03
   2.6465051e-03
   8.5870977e-03
   7.1024664e-02
   7.7166237e-02
   7.8085341e-02
   8.1244834e-02
   1.4631851e-01
   1.1586025e-01
   2.0390302e-01
   8.7741889e-02
   3.9988607e-03
   4.1786442e-03
   4.0702182e-03
   1.0449755e-02
   2.4481339e-03
   3.7471124e-03
   2.6693486e-03
   9.2430469e-03
   3.2365151e-02
   3.2477126e-02
   3.0033980e-02
   3.2685209e-02
   8.0266885e-02
   9.7161971e-02
   7.1359269e-02
   5.8164824e-02
   3.6164720e-03
   3.4294280e-03
   3.1712435e-03
   1.0471987e-02
   2.3887327e-03
   3.5950874e-03
   2.9960133e-03
   1.0657090e-02
   1.4116805e-02
   1.0623376e-02
   7.3976200e-03
   1.3471950e-02
   4.0520079e-02
   7.9819165e-02
   3.2322895e-02
   3.2396540e-02
   5.9734923e-03
   3.9110719e-03
   1.1344263e-02
   2.2630125e-02
   4.4413623e-03
   4.1031442e-03
   1.3010690e-02
   2.0472072e-02
   1.4452710e-02
   7.7163968e-03
   1.3808023e-02
   2.0400995e-02
   6.6174395e-02
   5.5329755e-02
   5.6461073e-02
   3.0423744e-02
   7.3823603e-03
   3.4158914e-03
   2.7581533e-02
   4.7634650e-02
   8.6615058e-03
   3.4792805e-03
   3.1537425e-02
   4.3939937e-02
   1.5901977e-02
   6.5559638e-03
   2.1962853e-02
   3.3306237e-02
   1.1039598e-01
   9.4739318e-02
   1.1912665e-01
   5.6966361e-02
   4.4388655e-03
   2.6319530e-03
   1.1964416e-02
   2.2602160e-02
   5.4334281e-03
   2.8187234e-03
   1.2918709e-02
   2.3558509e-02
   1.7213713e-02
   6.3705295e-03
   1.0600596e-02
   1.8387374e-02
   4.7601990e-02
   4.8563845e-02
   4.9642783e-02
   2.7466185e-02
   2.6496120e-03
   2.4540087e-03
   3.1804272e-03
   9.3031414e-03
   2.6209319e-03
   2.5167246e-03
   2.5455186e-03
   1.1113436e-02
   1.3792108e-02
   8.8998703e-03
   6.1264010e-03
   1.1144899e-02
   3.9762046e-02
   8.9550987e-02
   3.0868677e-02
   1.8974913e-02
   3.3877811e-03
   3.8316401e-03
   4.3935976e-03
   1.0407472e-02
   2.0995759e-03
   3.1509327e-03
   2.5136792e-03
   9.5091993e-03
   3.2401420e-02
   3.8902111e-02
   3.4155220e-02
   3.8999934e-02
   7.6862745e-02
   1.2551685e-01
   8.9825109e-02
   4.5511596e-02
   8.2878983e-03
   9.7942036e-03
   9.2314892e-03
   7.0566670e-03
   2.0622576e-03
   2.6850991e-03
   2.2435766e-03
   5.7975878e-03
   6.9512822e-02
   8.5635878e-02
   7.6315038e-02
   5.9289590e-02
   1.4678244e-01
   7.6377288e-02
   1.0995725e-01
   4.8725650e-02
   5.0906795e-03
   4.8111370e-03
   4.8464448e-03
   6.2588993e-03
   2.0738379e-03
   3.1314904e-03
   2.3405976e-03
   5.2918233e-03
   3.6026336e-02
   3.1786952e-02
   3.2170627e-02
   2.7214902e-02
   8.5417673e-02
   3.6969949e-02
   3.8121041e-02
   3.1874418e-02
   3.8332716e-03
   3.2567466e-03
   3.4867025e-03
   7.2605084e-03
   1.8816750e-03
   4.1914107e-03
   3.1920925e-03
   6.5816371e-03
   2.1873491e-02
   1.1683577e-02
   9.6882675e-03
   1.6613305e-02
   3.5185061e-02
   2.2189207e-02
   9.7295409e-03
   1.8576847e-02
   8.4503414e-03
   3.2083297e-03
   1.9859560e-02
   2.9194823e-02
   6.9627706e-03
   2.9374231e-03
   2.2137506e-02
   3.1517688e-02
   1.8663697e-02
   7.4917530e-03
   2.3343582e-02
   3.1594072e-02
   6.6276103e-02
   3.5374183e-02
   2.7072512e-02
   3.7606690e-02
   1.4436375e-02
   2.7031461e-03
   5.1569272e-02
   7.5825453e-02
   1.7179467e-02
   2.4109830e-03
   5.6639004e-02
   7.8714013e-02
   2.1122014e-02
   6.1841160e-03
   3.7815195e-02
   5.6796174e-02
   1.1581657e-01
   5.5977486e-02
   5.8485221e-02
   7.2615251e-02
   6.8182191e-03
   2.2728415e-03
   2.1227526e-02
   3.1356335e-02
   8.8515850e-03
   3.1022422e-03
   2.2271795e-02
   3.4800906e-02
   1.9506546e-02
   6.8928148e-03
   1.7035436e-02
   2.8364213e-02
   4.6780962e-02
   2.5281865e-02
   2.4813585e-02
   3.6046620e-02
   2.5754170e-03
   2.7106467e-03
   3.9453078e-03
   7.3930644e-03
   2.4166072e-03
   2.7252766e-03
   2.9014933e-03
   9.4579253e-03
   1.5330902e-02
   9.0360893e-03
   8.8701127e-03
   1.2284045e-02
   2.9193344e-02
   2.2252943e-02
   9.8236986e-03
   1.3969207e-02
   3.7227902e-03
   5.0526308e-03
   6.6621709e-03
   7.4093384e-03
   1.8419961e-03
   2.3268929e-03
   2.1175570e-03
   7.4417097e-03
   3.0263608e-02
   4.1175738e-02
   3.5619117e-02
   2.9028911e-02
   6.9551975e-02
   5.0091095e-02
   5.0628550e-02
   2.6463343e-02
