   1.6407125e-02
   9.0781040e-03
   1.6877158e-02
   4.7551323e-02
   1.4866505e-02
   5.3248581e-02
   4.6285901e-02
   4.3586545e-02
   2.4534777e-02
   1.5824236e-02
   9.0481071e-03
   2.5554737e-02
   5.2334707e-02
   2.1351831e-02
   8.4590837e-03
   2.9965954e-02
   1.4887196e-02
   7.7673253e-03
   1.5308436e-02
   4.6079133e-02
   1.2824950e-02
   2.7929865e-02
   2.7211586e-02
   3.5244685e-02
   1.8189825e-02
   1.0045077e-02
   9.3728639e-03
   2.6012838e-02
   7.6477453e-02
   2.5106244e-02
   8.7806731e-03
   2.9523710e-02
   1.5572681e-02
   6.4826189e-03
   1.4657524e-02
   4.8771642e-02
   1.1844608e-02
   1.3198092e-02
   1.6542615e-02
   3.3929776e-02
   2.0202564e-02
   8.7855263e-03
   9.5824040e-03
   2.7725855e-02
   6.6799998e-02
   2.2162940e-02
   9.5220394e-03
   2.9482121e-02
   2.6650619e-02
   6.9218427e-03
   1.9346787e-02
   5.4004166e-02
   1.5388045e-02
   1.8325550e-02
   2.2921346e-02
   3.9501920e-02
   1.6950652e-02
   8.4372945e-03
   1.7629491e-02
   2.7898274e-02
   5.6600299e-02
   2.5533805e-02
   1.7182330e-02
   3.0059611e-02
   2.2971574e-02
   7.5695449e-03
   3.0372849e-02
   6.8585381e-02
   1.4745083e-02
   1.8327935e-02
   3.2729790e-02
   4.5374945e-02
   1.6982470e-02
   1.0026395e-02
   2.3724517e-02
   2.5960423e-02
   7.9752296e-02
   3.8631443e-02
   2.3732580e-02
   2.9141897e-02
   2.5706688e-02
   7.4211247e-03
   2.1020714e-02
   6.7098871e-02
   1.7921267e-02
   1.3904680e-02
   2.3736874e-02
   4.4554375e-02
   1.6042788e-02
   9.1728317e-03
   1.2615128e-02
   2.5130158e-02
   8.1117176e-02
   3.0665398e-02
   1.2023453e-02
   2.9747905e-02
   2.0863144e-02
   6.7229639e-03
   1.4434693e-02
   4.7833350e-02
   1.4151511e-02
   1.1988950e-02
   1.6344452e-02
   3.2074224e-02
   1.3720875e-02
   8.0956733e-03
   9.6226176e-03
   2.6074031e-02
   5.3930689e-02
   1.8201495e-02
   8.8725258e-03
   3.0871680e-02
   1.6533423e-02
   7.6035038e-03
   1.5297066e-02
   4.7058638e-02
   1.2315672e-02
   2.7417017e-02
   2.8234433e-02
   3.5449922e-02
   1.6224505e-02
   1.0903021e-02
   8.8413749e-03
   2.6056891e-02
   5.0807923e-02
   2.0325584e-02
   7.8004487e-03
   3.0658627e-02
   9.1521414e-03
   8.5418001e-03
   1.4047303e-02
   2.6544943e-02
   1.2357647e-02
   3.3969954e-02
   4.7621880e-02
   4.1244343e-02
   2.3571301e-02
   1.5825717e-02
   7.3563075e-03
   1.4702048e-02
   3.9342999e-02
   1.9882845e-02
   6.3386993e-03
   1.8532567e-02
   8.5601714e-03
   5.5178478e-03
   1.1164657e-02
   2.7354578e-02
   8.9285197e-03
   1.9380724e-02
   2.9324630e-02
   2.6271373e-02
   1.2331915e-02
   9.2227915e-03
   7.8811292e-03
   1.6336003e-02
   2.8676637e-02
   1.4018997e-02
   6.5902495e-03
   1.7581930e-02
   1.0302420e-02
   4.4502020e-03
   1.0414138e-02
   2.8602412e-02
   7.8312010e-03
   1.3467076e-02
   1.7776892e-02
   2.2097290e-02
   7.2586657e-03
   5.5179810e-03
   7.3787174e-03
   1.7325414e-02
   2.6234128e-02
   1.3332230e-02
   7.1139066e-03
   1.5919879e-02
   2.1248750e-02
   5.4809181e-03
   1.8625205e-02
   3.5906143e-02
   1.2776513e-02
   2.1259839e-02
   2.2766346e-02
   3.1120647e-02
   8.7385979e-03
   5.5619311e-03
   2.2625074e-02
   1.6652534e-02
   2.5176374e-02
   1.9164581e-02
   2.3155337e-02
   1.6897522e-02
   1.9952770e-02
   5.6846514e-03
   3.8465686e-02
   6.0202725e-02
   1.2917941e-02
   2.1476069e-02
   3.5793282e-02
   3.8697653e-02
   1.3242110e-02
   1.0676743e-02
   3.4072973e-02
   1.6591154e-02
   3.7589777e-02
   3.5910163e-02
   3.4569532e-02
   1.9080684e-02
   2.3759160e-02
   4.9936813e-03
   2.0502834e-02
   5.7447728e-02
   1.7488776e-02
   1.2545572e-02
   2.5638087e-02
   3.7523206e-02
   1.4068411e-02
   1.0445204e-02
   1.1479700e-02
   1.4653185e-02
   4.7049657e-02
   2.5572997e-02
   1.1098639e-02
   1.7727530e-02
   1.7266639e-02
   4.9773636e-03
   1.0089728e-02
   3.2938521e-02
   1.2022492e-02
   1.0219946e-02
   1.6012618e-02
   2.2682482e-02
   1.0030415e-02
   7.0471670e-03
   7.0524765e-03
   1.4183998e-02
   2.8626245e-02
   1.0561965e-02
   7.1569504e-03
   1.6683405e-02
   8.2926787e-03
   6.5133125e-03
   1.1887867e-02
   2.8231172e-02
   9.0691736e-03
   2.0266032e-02
   2.7676964e-02
   2.8491898e-02
   1.4039953e-02
   1.0908063e-02
   6.9852034e-03
   1.4606262e-02
   2.9036256e-02
   1.4940381e-02
   6.2448210e-03
   1.8302087e-02
   7.9008956e-03
   1.1397152e-02
   1.5836388e-02
   2.1030709e-02
   1.4842161e-02
   5.5045269e-02
   7.2104909e-02
   5.7428479e-02
   3.4707140e-02
   2.3152165e-02
   4.9330429e-03
   1.0213649e-02
   4.2648911e-02
   2.0229107e-02
   4.7042076e-03
   1.1723713e-02
   6.3624368e-03
   5.8044055e-03
   1.1751442e-02
   1.7869152e-02
   8.9001898e-03
   3.2713573e-02
   4.1923575e-02
   2.8596397e-02
   1.6576262e-02
   1.2814973e-02
   5.9685768e-03
   1.1240467e-02
   2.5866948e-02
   1.3629818e-02
   4.3747444e-03
   1.0906215e-02
   9.0986369e-03
   3.9752633e-03
   9.6415086e-03
   1.9183565e-02
   6.4590583e-03
   2.3769157e-02
   2.1640318e-02
   1.9868953e-02
   7.1708448e-03
   5.4252655e-03
   7.4286899e-03
   9.0943323e-03
   1.8569564e-02
   1.5677389e-02
   6.3694981e-03
   1.0246533e-02
   2.2959469e-02
   4.7613741e-03
   2.4133582e-02
   3.0235665e-02
   1.2841242e-02
   3.7586350e-02
   3.0536540e-02
   2.6083900e-02
   9.3538426e-03
   6.9544520e-03
   3.5985466e-02
   1.1473052e-02
   2.1067960e-02
   2.2756528e-02
   3.7996624e-02
   1.2075240e-02
   2.2776982e-02
   5.3505986e-03
   6.0686029e-02
   7.2271727e-02
   1.3937552e-02
   3.6224056e-02
   5.0564811e-02
   3.7259348e-02
   1.5545235e-02
   1.4988165e-02
   5.6753777e-02
   1.3126994e-02
   3.5998445e-02
   5.3425994e-02
   5.8929369e-02
   1.3559051e-02
   2.4550609e-02
   4.4305213e-03
   3.0108862e-02
   6.4294234e-02
   1.8357288e-02
   2.0525290e-02
   3.6085844e-02
   4.1435789e-02
   1.6083645e-02
   1.4896113e-02
   1.5635692e-02
   1.1205876e-02
   4.6046127e-02
   3.7399746e-02
   1.5622867e-02
   1.1305456e-02
   1.5986081e-02
   4.1265627e-03
   8.7904977e-03
   2.2953160e-02
   1.0895528e-02
   1.7875476e-02
   2.1244235e-02
   2.0179354e-02
   1.0915083e-02
   9.1521395e-03
   4.0303515e-03
   8.3394181e-03
   2.2377396e-02
   1.2228318e-02
   3.7151913e-03
   9.8391417e-03
   6.8801506e-03
   6.9214534e-03
   1.2105389e-02
   2.0798173e-02
   8.8320086e-03
   3.2539859e-02
   4.1362509e-02
   3.5693157e-02
   1.9612920e-02
   1.6120151e-02
   4.5530903e-03
   8.8089546e-03
   2.4531603e-02
   1.5058877e-02
   4.0158466e-03
   1.0887113e-02
   1.1033529e-02
   1.8736152e-02
   1.7780902e-02
   2.2158453e-02
   2.2828916e-02
   7.7169187e-02
   9.0413727e-02
   9.2183366e-02
   4.4238027e-02
   3.5225160e-02
   4.7326605e-03
   8.4254676e-03
   6.4046875e-02
   2.8633686e-02
   3.9188368e-03
   8.6947596e-03
   8.2628811e-03
   8.1408266e-03
   1.5715592e-02
   1.4037211e-02
   1.2802645e-02
   5.4672599e-02
   5.3095806e-02
   3.8343970e-02
   2.4786793e-02
   2.0639230e-02
   6.4999145e-03
   8.4094983e-03
   3.8834285e-02
   1.8597044e-02
   4.3149455e-03
   1.1568146e-02
   1.1775807e-02
   4.9945102e-03
   9.1419481e-03
   1.4448414e-02
   8.5257683e-03
   4.5476057e-02
   2.6128553e-02
   2.2573454e-02
   1.2627918e-02
   1.0727246e-02
   8.3473176e-03
   7.8098704e-03
   1.9103672e-02
   1.9458747e-02
   9.0253763e-03
   9.7460030e-03
   2.9177450e-02
   6.4277905e-03
   3.9474621e-02
   2.6604125e-02
   1.6943203e-02
   5.2737940e-02
   4.4025771e-02
   2.4501365e-02
   1.5431166e-02
   1.2627210e-02
   6.1575890e-02
   1.1161872e-02
   1.8454550e-02
   2.8690154e-02
   6.4533226e-02
   1.1638655e-02
   3.2772616e-02
   7.6572639e-03
   1.0237487e-01
   8.5124277e-02
   1.7248590e-02
   4.9175449e-02
   7.6805159e-02
   4.9321745e-02
   2.4153454e-02
   2.5212543e-02
   9.9462040e-02
   1.6020995e-02
   4.9437467e-02
   9.0620041e-02
   1.0265720e-01
   1.3985828e-02
   3.8032472e-02
   6.1527593e-03
   4.7657594e-02
   6.7968659e-02
   2.6686061e-02
   3.1774171e-02
   5.9132289e-02
   5.2410431e-02
   2.1087056e-02
   2.5570225e-02
   2.6181040e-02
   1.1120713e-02
   6.4119183e-02
   6.3162267e-02
   2.5270648e-02
   8.0434652e-03
   2.5958691e-02
   5.7704775e-03
   1.0878269e-02
   2.0814104e-02
   1.5541999e-02
   2.6658306e-02
   3.2052137e-02
   2.2951813e-02
   1.4528891e-02
   1.7612128e-02
   3.6194921e-03
   6.9595668e-03
   2.9490000e-02
   1.3934921e-02
   4.5123370e-03
   6.6202777e-03
   9.4061904e-03
   1.0650784e-02
   1.5546452e-02
   1.7023118e-02
   1.1857372e-02
   4.9262229e-02
   6.1312117e-02
   5.9089597e-02
   2.7286697e-02
   2.6631957e-02
   4.1094869e-03
   8.2170153e-03
   3.1968098e-02
   2.1276588e-02
   3.1776726e-03
   6.8512950e-03
