   2.5309833e-02
   1.6683916e-02
   5.3724647e-02
   1.7167749e-02
   2.5548264e-02
   7.3890304e-03
   4.3879751e-02
   1.5294305e-02
   1.1474011e-02
   9.5487861e-03
   2.8407818e-02
   1.5439942e-02
   1.3231713e-02
   1.0266296e-02
   3.8461100e-02
   1.6337637e-02
   2.5009638e-02
   1.6387818e-02
   5.1207956e-02
   1.6118556e-02
   2.1409314e-02
   6.2103043e-03
   4.4101488e-02
   1.4159759e-02
   1.1262980e-02
   7.3501398e-03
   2.7787758e-02
   1.5029469e-02
   1.2695248e-02
   9.3474407e-03
   4.0011276e-02
   1.6359694e-02
   2.7522882e-02
   1.7165631e-02
   4.6146162e-02
   1.6838599e-02
   2.0532981e-02
   5.4326509e-03
   4.2163040e-02
   1.3807776e-02
   1.1791167e-02
   6.5948004e-03
   2.7349319e-02
   1.4532976e-02
   1.3223765e-02
   8.7739881e-03
   4.0950757e-02
   1.5592175e-02
   7.2778635e-02
   1.8284159e-02
   4.8121605e-02
   1.6827602e-02
   5.8874004e-02
   6.8705338e-03
   4.3590080e-02
   1.3619232e-02
   3.1731408e-02
   8.2330527e-03
   3.0675096e-02
   1.3993365e-02
   3.0299330e-02
   1.0432147e-02
   4.6962384e-02
   1.6281415e-02
   1.6440612e-01
   2.2473222e-02
   5.5318464e-02
   2.0300535e-02
   1.3699217e-01
   9.9635432e-03
   4.9467187e-02
   1.4495608e-02
   7.6348804e-02
   1.2135758e-02
   3.6898617e-02
   1.4965183e-02
   7.2752744e-02
   1.1637560e-02
   4.9758337e-02
   1.8112622e-02
   7.3912561e-02
   2.3072710e-02
   5.7111524e-02
   2.0944024e-02
   6.0208563e-02
   9.1753341e-03
   4.2304590e-02
   1.4504188e-02
   3.4880634e-02
   8.6006308e-03
   3.1896107e-02
   1.3782492e-02
   3.4623925e-02
   9.9982433e-03
   3.7675276e-02
   1.5705246e-02
   2.6897173e-02
   1.8647341e-02
   5.0922822e-02
   1.9017965e-02
   1.9673711e-02
   6.4231977e-03
   3.9878074e-02
   1.4456364e-02
   1.2397823e-02
   6.8920646e-03
   3.3186253e-02
   1.3960266e-02
   1.3680267e-02
   9.3808658e-03
   3.6594901e-02
   1.4681085e-02
   2.4924396e-02
   1.8057162e-02
   4.8446216e-02
   1.7333956e-02
   2.1009026e-02
   6.5249158e-03
   4.1044112e-02
   1.5284255e-02
   1.1668660e-02
   7.7625075e-03
   3.0446867e-02
   1.4595801e-02
   1.3420407e-02
   9.1143176e-03
   3.6733445e-02
   1.4892749e-02
   2.1654058e-02
   1.7200619e-02
   4.8542425e-02
   1.2364916e-02
   2.6505109e-02
   8.4282784e-03
   4.3685142e-02
   1.0884859e-02
   7.4932147e-03
   1.0554772e-02
   3.1276163e-02
   1.3012598e-02
   1.0809478e-02
   1.0385004e-02
   3.8271282e-02
   1.2607975e-02
   2.1077719e-02
   1.4141601e-02
   4.4692267e-02
   1.0679961e-02
   2.1165410e-02
   6.2693139e-03
   4.1607391e-02
   8.8420650e-03
   7.3174080e-03
   7.5863474e-03
   3.0239424e-02
   1.2070078e-02
   1.0639569e-02
   7.7358200e-03
   3.5352916e-02
   1.1342272e-02
   2.8449507e-02
   1.3578300e-02
   3.7465256e-02
   1.0434709e-02
   2.1169422e-02
   4.9253199e-03
   3.6935769e-02
   8.8577364e-03
   1.0080085e-02
   6.0683517e-03
   3.2302044e-02
   1.1794726e-02
   1.2002378e-02
   7.1953009e-03
   4.0303841e-02
   1.1970487e-02
   9.4823569e-02
   1.6126951e-02
   4.3686122e-02
   1.2425610e-02
   8.2916081e-02
   6.8690954e-03
   4.2504366e-02
   9.7842999e-03
   5.0403204e-02
   8.2633849e-03
   3.8068410e-02
   1.2010034e-02
   4.7756284e-02
   8.7105446e-03
   5.3581338e-02
   1.4574391e-02
   2.2112140e-01
   2.6198791e-02
   6.0213599e-02
   1.8662252e-02
   1.9470052e-01
   1.3249784e-02
   4.9544975e-02
   1.1877583e-02
   1.3111596e-01
   1.3866591e-02
   4.5347050e-02
   1.2800837e-02
   1.2006416e-01
   1.0431769e-02
   5.4718819e-02
   1.7246263e-02
   9.9212401e-02
   2.6188197e-02
   6.3275658e-02
   2.1008182e-02
   8.5003369e-02
   1.1638664e-02
   4.1028772e-02
   1.0459481e-02
   5.6333821e-02
   8.5545192e-03
   3.6297396e-02
   1.0729131e-02
   5.4684952e-02
   8.1625571e-03
   3.8499437e-02
   1.1489632e-02
   2.6429536e-02
   1.6432887e-02
   4.7526341e-02
   1.5157795e-02
   2.0518532e-02
   6.9719283e-03
   3.4669094e-02
   9.6807340e-03
   1.0348951e-02
   6.2178420e-03
   3.3670280e-02
   1.1410896e-02
   1.2097686e-02
   7.0513128e-03
   3.3164833e-02
   1.0560609e-02
   2.0679720e-02
   1.6411088e-02
   4.2353660e-02
   1.2780529e-02
   2.0354455e-02
   6.8162368e-03
   3.4907330e-02
   1.0241466e-02
   7.4352957e-03
   7.4300878e-03
   2.9517898e-02
   1.1324700e-02
   1.1091752e-02
   8.0205761e-03
   3.3597033e-02
   1.0795789e-02
   2.4415899e-02
   1.8536584e-02
   4.7438480e-02
   1.2039617e-02
   3.9542686e-02
   1.2182253e-02
   5.6449663e-02
   1.4271599e-02
   7.3821410e-03
   1.1532566e-02
   4.1115779e-02
   1.6357813e-02
   1.2557311e-02
   1.4371103e-02
   5.3251162e-02
   1.6515937e-02
   2.7423872e-02
   1.6920714e-02
   5.3058941e-02
   9.0448000e-03
   3.2196965e-02
   8.4027257e-03
   4.9059536e-02
   9.7300084e-03
   7.9105124e-03
   7.4077980e-03
   3.7317704e-02
   1.4131310e-02
   1.2303100e-02
   8.8657858e-03
   5.2422706e-02
   1.2437368e-02
   3.9270729e-02
   1.5561524e-02
   4.7040269e-02
   8.6440779e-03
   2.8823929e-02
   6.0834908e-03
   4.5337144e-02
   7.7153873e-03
   1.2047261e-02
   5.9301294e-03
   3.9881893e-02
   1.3046546e-02
   1.6271461e-02
   6.7497389e-03
   4.8682917e-02
   1.3857342e-02
   1.0562973e-01
   1.7196111e-02
   5.3383496e-02
   1.2615830e-02
   9.8539375e-02
   8.5511617e-03
   5.3491224e-02
   1.1391532e-02
   7.4128687e-02
   9.2048682e-03
   5.7302449e-02
   1.1346182e-02
   6.7882150e-02
   8.2702087e-03
   7.4791096e-02
   1.6578086e-02
   2.3798132e-01
   3.0495370e-02
   6.4917020e-02
   2.3772331e-02
   2.3351908e-01
   1.7912021e-02
   6.8337843e-02
   1.6602891e-02
   1.9179589e-01
   1.7789630e-02
   7.8100488e-02
   1.3198048e-02
   1.6457298e-01
   9.6219787e-03
   7.6948009e-02
   2.0294368e-02
   1.1322444e-01
   3.5614479e-02
   7.4207053e-02
   2.6028849e-02
   1.0166348e-01
   1.5884254e-02
   4.8098717e-02
   1.2851384e-02
   8.3536550e-02
   8.7370453e-03
   5.4716706e-02
   9.8699145e-03
   7.4067436e-02
   6.8489313e-03
   4.8658200e-02
   1.2768458e-02
   3.5629541e-02
   2.2703307e-02
   5.9986763e-02
   1.6703503e-02
   2.4554132e-02
   8.9186998e-03
   4.2479135e-02
   1.1090319e-02
   1.2803921e-02
   5.9311572e-03
   4.3990955e-02
   1.1552831e-02
   1.6895726e-02
   6.5053250e-03
   4.0324245e-02
   1.1169509e-02
   2.6395380e-02
   1.7250847e-02
   4.1471839e-02
   1.2598165e-02
   2.8397154e-02
   9.3786046e-03
   4.7661930e-02
   1.2154065e-02
   7.1907709e-03
   7.5002438e-03
   4.1732304e-02
   1.2505824e-02
   1.2756919e-02
   8.6452691e-03
   4.1452825e-02
   1.2375035e-02
   2.9472675e-02
   2.9230524e-02
   6.6663161e-02
   2.1020547e-02
   5.7417318e-02
   2.1478418e-02
   6.2217750e-02
   2.4550460e-02
   1.0402524e-02
   1.5065033e-02
   5.8570419e-02
   2.6046464e-02
   1.9095514e-02
   1.6781917e-02
   5.1356800e-02
   2.2721332e-02
   3.2818306e-02
   3.0270554e-02
   7.2918855e-02
   1.2650302e-02
   4.7417391e-02
   1.6976316e-02
   6.8922125e-02
   1.8760785e-02
   1.1241978e-02
   8.8130254e-03
   5.0234511e-02
   2.1866709e-02
   1.6909063e-02
   1.1040994e-02
   6.4427882e-02
   1.9462261e-02
   5.2618325e-02
   2.6786098e-02
   7.7377267e-02
   1.1505226e-02
   4.0479675e-02
   9.9384356e-03
   8.2710810e-02
   1.3052814e-02
   1.7180689e-02
   6.1588930e-03
   4.1870691e-02
   1.5268504e-02
   2.1549597e-02
   5.5424278e-03
   6.1094627e-02
   1.8943759e-02
   7.1534172e-02
   2.7968846e-02
   8.0756441e-02
   1.9287206e-02
   6.6533752e-02
   1.1616232e-02
   6.4356335e-02
   1.6962886e-02
   3.9237369e-02
   1.0186257e-02
   7.0783749e-02
   1.5478577e-02
   5.3065915e-02
   7.3556234e-03
   6.8337210e-02
   2.0912750e-02
   1.4555393e-01
   4.9239840e-02
   6.8099774e-02
   3.5455804e-02
   1.2953483e-01
   2.5738573e-02
   9.4658755e-02
   2.2377688e-02
   1.0826220e-01
   2.0987352e-02
   1.1620507e-01
   2.1970481e-02
   1.2503590e-01
   9.6861953e-03
   8.1493489e-02
   2.2057811e-02
   6.3720018e-02
   4.7706053e-02
   7.3848836e-02
   3.9350655e-02
   6.5459579e-02
   2.2743875e-02
   6.8124980e-02
   1.6092772e-02
   4.9760666e-02
   9.9376198e-03
   7.5072937e-02
   1.3276550e-02
   5.8940116e-02
   7.4037630e-03
   6.1683375e-02
   1.5682723e-02
   3.7632931e-02
   3.1077862e-02
   7.6425090e-02
   2.7692096e-02
   2.6869824e-02
   1.4259755e-02
   7.8226991e-02
   1.8456243e-02
   1.6194632e-02
   6.1377664e-03
   6.0878690e-02
   1.3480031e-02
   2.2113308e-02
   7.5025400e-03
   6.5226823e-02
   1.7731851e-02
   3.8160227e-02
   2.5924282e-02
   5.3121790e-02
   1.9742655e-02
   4.6749733e-02
   1.6298803e-02
   7.1048804e-02
   2.0375745e-02
   1.0812680e-02
   9.0831127e-03
   5.8597248e-02
   1.8014722e-02
   1.9162368e-02
   1.2358840e-02
   6.0499217e-02
   1.8514398e-02
