   6.9706072e-03
   1.2781247e-02
   3.2770686e-02
   4.0057238e-02
   6.1413730e-03
   3.8868424e-02
   4.8711095e-02
   5.0000533e-02
   8.7041482e-03
   2.0536190e-02
   4.3354370e-02
   4.3282822e-02
   1.3776528e-02
   2.8762270e-02
   5.7727922e-02
   6.0500856e-02
   6.6277776e-03
   1.3017464e-02
   3.2605819e-02
   4.1617066e-02
   5.9757414e-03
   2.8740641e-02
   4.0772814e-02
   4.1395862e-02
   8.6015491e-03
   2.2740643e-02
   4.6774939e-02
   4.9775325e-02
   1.5818173e-02
   2.6524678e-02
   6.0599994e-02
   6.6522375e-02
   6.8821460e-03
   1.4540263e-02
   2.7217483e-02
   3.9199904e-02
   6.1789276e-03
   2.3900958e-02
   3.3480853e-02
   3.0238314e-02
   8.1165740e-03
   2.3802383e-02
   3.9133441e-02
   3.8235117e-02
   3.0712074e-02
   2.3829034e-02
   4.8752759e-02
   5.0086714e-02
   1.2776041e-02
   4.2292405e-02
   3.7890721e-02
   3.6067702e-02
   7.0002181e-03
   4.5967158e-02
   4.0852878e-02
   2.9414237e-02
   8.6008152e-03
   5.8553543e-02
   4.4988334e-02
   3.4996197e-02
   2.3566004e-02
   4.5474917e-02
   4.7603417e-02
   4.1522611e-02
   1.2540349e-02
   6.3603900e-02
   8.2939707e-02
   6.8723418e-02
   6.5652085e-03
   6.2049054e-02
   7.5754561e-02
   5.2140787e-02
   9.0256948e-03
   8.5050561e-02
   8.7826580e-02
   4.9007401e-02
   1.3408448e-02
   5.8192939e-02
   6.9510438e-02
   4.4421803e-02
   7.4058217e-03
   2.8435428e-02
   5.9963912e-02
   8.4974580e-02
   5.7830107e-03
   3.2492746e-02
   5.7655081e-02
   7.2803289e-02
   8.8844672e-03
   3.6264934e-02
   7.5582653e-02
   7.1566820e-02
   1.3087779e-02
   2.8219957e-02
   6.4631656e-02
   6.5126710e-02
   6.9679902e-03
   1.4956013e-02
   2.9625069e-02
   4.1150395e-02
   5.7848422e-03
   2.2245893e-02
   3.4263715e-02
   4.0592186e-02
   8.6423252e-03
   2.0744517e-02
   3.7597980e-02
   4.7658596e-02
   1.3377615e-02
   1.9389305e-02
   4.4368777e-02
   6.2978387e-02
   6.6203927e-03
   1.2678307e-02
   2.7367672e-02
   3.5556424e-02
   6.0062418e-03
   2.7599525e-02
   3.8238145e-02
   3.7983961e-02
   8.4433425e-03
   1.8818837e-02
   3.4706291e-02
   3.3694845e-02
   1.3442402e-02
   2.1408463e-02
   4.4179015e-02
   4.5777883e-02
   4.0716846e-03
   1.0683686e-02
   3.3950061e-02
   4.0189832e-02
   3.8891863e-03
   4.0428370e-02
   5.1701952e-02
   4.9500775e-02
   4.8009967e-03
   2.0025712e-02
   4.8534691e-02
   4.8031509e-02
   8.7957149e-03
   3.2486290e-02
   6.4208575e-02
   6.9195285e-02
   3.8428735e-03
   1.0784732e-02
   3.1282630e-02
   3.9949805e-02
   3.8735862e-03
   3.1743985e-02
   4.3100756e-02
   3.9444286e-02
   4.9231094e-03
   2.4962744e-02
   4.8600595e-02
   5.5681959e-02
   1.0565490e-02
   2.9789159e-02
   6.5800920e-02
   7.8231663e-02
   5.9613595e-03
   1.6598321e-02
   2.6374109e-02
   3.2326113e-02
   4.1619102e-03
   3.1944096e-02
   3.4002449e-02
   3.2404620e-02
   5.0937654e-03
   2.8844023e-02
   4.3121323e-02
   4.3685433e-02
   2.3444315e-02
   3.1356581e-02
   5.6889247e-02
   6.2987007e-02
   1.7728288e-02
   6.3570254e-02
   4.2239364e-02
   3.5253879e-02
   5.3653945e-03
   6.9189005e-02
   3.7853148e-02
   3.5212480e-02
   5.2052308e-03
   7.7712640e-02
   4.9739324e-02
   3.9631341e-02
   1.7636470e-02
   5.9085440e-02
   5.4045994e-02
   4.7543805e-02
   1.7333565e-02
   9.8690532e-02
   9.9483639e-02
   9.7138524e-02
   4.8712427e-03
   8.9877628e-02
   7.1377583e-02
   7.3145539e-02
   5.3985692e-03
   1.0895564e-01
   1.0002625e-01
   5.5929542e-02
   8.8897608e-03
   6.8816021e-02
   8.3551995e-02
   4.5007117e-02
   5.5114841e-03
   3.1188529e-02
   6.7124389e-02
   1.1737283e-01
   3.7879599e-03
   3.7805606e-02
   5.6919586e-02
   1.0444819e-01
   5.0541959e-03
   3.8133048e-02
   8.3909005e-02
   8.5992418e-02
   8.1032543e-03
   3.3735394e-02
   6.8691395e-02
   6.7531236e-02
   4.4416762e-03
   1.3721185e-02
   2.8069414e-02
   4.5656756e-02
   3.3084687e-03
   2.3461351e-02
   3.4313608e-02
   5.4863032e-02
   5.0726365e-03
   1.7602295e-02
   3.8623981e-02
   5.6916256e-02
   8.2647065e-03
   2.1260286e-02
   4.3507528e-02
   6.5055043e-02
   3.7072201e-03
   1.1012621e-02
   2.6763871e-02
   3.2388497e-02
   3.3838351e-03
   2.8962333e-02
   3.8281877e-02
   3.9526027e-02
   4.9815802e-03
   1.7510256e-02
   3.7869241e-02
   3.7390199e-02
   9.0700416e-03
   2.3900541e-02
   5.0372709e-02
   4.7733232e-02
   3.4445727e-03
   1.1975701e-02
   3.6215663e-02
   4.8339207e-02
   2.9728690e-03
   5.3192209e-02
   5.9916459e-02
   5.2695822e-02
   3.1495150e-03
   2.0418864e-02
   4.8707493e-02
   6.2009018e-02
   6.0618096e-03
   3.7970509e-02
   6.5193675e-02
   8.6895615e-02
   3.7777172e-03
   1.3123965e-02
   3.3965841e-02
   4.6651073e-02
   3.4116867e-03
   3.8156565e-02
   4.9749877e-02
   4.1899238e-02
   3.2021336e-03
   2.2683531e-02
   4.2370815e-02
   6.4309172e-02
   1.1193650e-02
   3.5799604e-02
   5.9043560e-02
   9.0888001e-02
   7.2966926e-03
   1.8196302e-02
   2.9339753e-02
   3.3736378e-02
   3.6017590e-03
   4.3895666e-02
   4.2810418e-02
   4.4042271e-02
   3.1625442e-03
   3.2300130e-02
   4.3900356e-02
   6.1453424e-02
   2.8798923e-02
   4.3822136e-02
   6.3765049e-02
   9.1137417e-02
   2.6479393e-02
   8.8773385e-02
   4.5603320e-02
   4.2698536e-02
   5.2719531e-03
   8.8785022e-02
   4.1681416e-02
   5.3237762e-02
   3.5475784e-03
   1.1265854e-01
   6.3100152e-02
   5.3401247e-02
   2.0711159e-02
   8.8611640e-02
   6.3365452e-02
   7.3075548e-02
   2.6957970e-02
   1.3289629e-01
   1.0286386e-01
   1.0015991e-01
   4.5988429e-03
   1.1098676e-01
   6.5993100e-02
   9.1591507e-02
   4.2415340e-03
   1.3861015e-01
   1.1881921e-01
   6.7868777e-02
   8.1923120e-03
   1.0065176e-01
   9.7096235e-02
   5.6228995e-02
   7.0020165e-03
   3.6549237e-02
   7.2239153e-02
   1.1711334e-01
   2.7939021e-03
   4.6667796e-02
   5.3852964e-02
   1.2629089e-01
   3.2966821e-03
   3.7888061e-02
   9.0659805e-02
   1.0056394e-01
   6.8774335e-03
   4.2076342e-02
   7.4313574e-02
   6.2614985e-02
   5.1195784e-03
   1.3440015e-02
   2.8051360e-02
   4.6274941e-02
   2.3622056e-03
   3.1255689e-02
   3.9014004e-02
   6.3269682e-02
   3.1950066e-03
   1.7888341e-02
   4.7752768e-02
   7.3081426e-02
   6.6054240e-03
   2.5204288e-02
   5.2287016e-02
   6.1026368e-02
   3.7182025e-03
   1.3506622e-02
   2.7188273e-02
   3.3503938e-02
   2.3944429e-03
   4.1036077e-02
   4.8401613e-02
   5.3471934e-02
   2.9438981e-03
   1.9479832e-02
   4.0895209e-02
   5.2827429e-02
   6.3230195e-03
   2.9056076e-02
   5.7845078e-02
   5.5813491e-02
   5.0543454e-03
   6.6896137e-03
   4.0505584e-02
   5.8715489e-02
   4.4200565e-03
   5.6344420e-02
   7.3131487e-02
   6.3616477e-02
   3.5048691e-03
   2.0004015e-02
   5.3892810e-02
   8.3333731e-02
   7.0811678e-03
   3.8939327e-02
   5.9600513e-02
   9.4319880e-02
   5.8481023e-03
   7.4352184e-03
   4.0178884e-02
   5.4427121e-02
   5.9284610e-03
   4.8224438e-02
   5.2899189e-02
   5.0841782e-02
   3.6576437e-03
   2.6030745e-02
   3.6383592e-02
   7.9401150e-02
   1.7140491e-02
   4.3910313e-02
   5.9384551e-02
   1.0195395e-01
   1.5190590e-02
   1.8643795e-02
   3.6594670e-02
   3.2080472e-02
   6.7673335e-03
   7.8897379e-02
   7.5269319e-02
   5.5280503e-02
   3.6440217e-03
   4.6967875e-02
   5.6396753e-02
   9.5355399e-02
   4.5989394e-02
   5.6020197e-02
   6.9047816e-02
   1.1256200e-01
   6.0935661e-02
   1.2213717e-01
   4.3133553e-02
   4.5145735e-02
   1.3271234e-02
   1.4312133e-01
   6.7162178e-02
   7.2505087e-02
   4.5233257e-03
   1.6562311e-01
   7.3661774e-02
   8.9938231e-02
   3.3420537e-02
   1.0646007e-01
   7.2271161e-02
   9.2721149e-02
   6.3617758e-02
   1.8084344e-01
   1.0321795e-01
   9.2862062e-02
   1.2542354e-02
   1.5942855e-01
   9.9609107e-02
   9.8257393e-02
   5.8703078e-03
   1.9031291e-01
   1.4379749e-01
   7.3576778e-02
   1.2555349e-02
   1.2585446e-01
   1.3772587e-01
   7.2089747e-02
   1.4890143e-02
   4.8974663e-02
   7.5458169e-02
   1.0091750e-01
   4.7855522e-03
   6.1101157e-02
   7.4031942e-02
   1.3406931e-01
   3.5683687e-03
   4.7337595e-02
   1.0049792e-01
   1.0977819e-01
   1.0070714e-02
   3.6727227e-02
   8.8504367e-02
   6.7212388e-02
   9.8644085e-03
   9.1556264e-03
   3.4697261e-02
   3.7868783e-02
   2.6971013e-03
   4.5989227e-02
   5.8019225e-02
   7.7374786e-02
   3.3109519e-03
   1.5323821e-02
   5.8139183e-02
   6.9133371e-02
   8.1227990e-03
   2.5791416e-02
   5.8038432e-02
   6.3400447e-02
   6.5942979e-03
   7.0333164e-03
   3.2135498e-02
   3.5793360e-02
   3.2879214e-03
   5.0159544e-02
   7.6835632e-02
   7.2616808e-02
   3.1289535e-03
   1.3936345e-02
   4.5327220e-02
   6.2414933e-02
   7.4517527e-03
   3.3493377e-02
   5.9265580e-02
   5.6012604e-02
