   8.3782235e-03
   2.4761878e-02
   6.4611718e-02
   6.8686552e-02
   6.6765994e-03
   3.5501134e-02
   5.5593465e-02
   6.6098496e-02
   5.7620183e-03
   2.4258237e-02
   3.8699437e-02
   4.4186082e-02
   7.9827411e-03
   3.4183200e-02
   3.3558931e-02
   5.0256260e-02
   8.0454648e-03
   1.8794162e-02
   4.4589899e-02
   5.1974524e-02
   6.3916538e-03
   2.4165666e-02
   3.8618490e-02
   4.9548075e-02
   5.3443988e-03
   2.3005676e-02
   3.0569624e-02
   3.7076615e-02
   7.7337502e-03
   2.7570400e-02
   2.8911375e-02
   4.4762656e-02
   7.9994043e-03
   2.0957470e-02
   4.1942254e-02
   5.8222260e-02
   6.3828370e-03
   1.9821009e-02
   3.1335473e-02
   4.5572288e-02
   5.3990469e-03
   2.4202006e-02
   3.0886415e-02
   4.2469434e-02
   8.8573061e-03
   2.7657203e-02
   2.9258439e-02
   4.8505705e-02
   7.7605476e-03
   3.3824462e-02
   6.8203948e-02
   6.6390768e-02
   6.2477333e-03
   3.2978807e-02
   5.2849442e-02
   5.7271533e-02
   5.3695864e-03
   4.2532150e-02
   6.1943244e-02
   6.1283614e-02
   9.6258447e-03
   4.3101922e-02
   6.4095356e-02
   7.2495691e-02
   8.2350476e-03
   8.0069624e-02
   7.5491980e-02
   4.1846570e-02
   6.8296860e-03
   7.1703717e-02
   6.4744413e-02
   4.2483274e-02
   6.9548129e-03
   9.7387567e-02
   8.5902281e-02
   5.3746834e-02
   1.9956443e-02
   8.0344647e-02
   9.4872370e-02
   6.4988084e-02
   1.2739135e-02
   5.6264795e-02
   4.6885185e-02
   3.5923839e-02
   6.7399917e-03
   5.0022323e-02
   3.8712781e-02
   3.3022974e-02
   6.9386945e-03
   6.6178709e-02
   5.1712446e-02
   3.7338156e-02
   1.8116632e-02
   5.4863311e-02
   4.8666965e-02
   4.0861908e-02
   1.3839735e-02
   2.4310077e-02
   4.5299366e-02
   4.5034382e-02
   6.5027992e-03
   2.2630572e-02
   3.3883356e-02
   3.5406724e-02
   5.7199313e-03
   2.6454933e-02
   3.6058053e-02
   3.5071790e-02
   8.2605602e-03
   3.3767566e-02
   3.2218900e-02
   3.9667353e-02
   9.3069701e-03
   2.6111754e-02
   6.5967940e-02
   7.3391587e-02
   6.9766245e-03
   2.7323494e-02
   4.5884036e-02
   5.2754104e-02
   5.8738049e-03
   2.5845813e-02
   3.9105363e-02
   4.3525368e-02
   8.0300001e-03
   3.7340485e-02
   3.2519136e-02
   4.6020236e-02
   5.3521767e-03
   3.0093737e-02
   7.6060779e-02
   8.7121204e-02
   4.2603356e-03
   4.7727056e-02
   7.1181946e-02
   8.2437143e-02
   3.5742121e-03
   2.5261773e-02
   4.6908565e-02
   4.8562422e-02
   5.2516153e-03
   3.4976903e-02
   3.9867472e-02
   4.8645888e-02
   5.3815488e-03
   2.0471221e-02
   4.7992416e-02
   6.0819574e-02
   4.0727486e-03
   2.9251741e-02
   4.6463400e-02
   6.1914742e-02
   3.3398001e-03
   2.3797534e-02
   2.9318415e-02
   3.7801765e-02
   5.1261075e-03
   2.3264112e-02
   2.8334605e-02
   4.3040115e-02
   5.5510770e-03
   1.9714544e-02
   4.2925604e-02
   7.1733549e-02
   3.8735159e-03
   1.8975355e-02
   3.7251074e-02
   5.4598555e-02
   3.3460036e-03
   2.4385750e-02
   3.1523976e-02
   4.5166649e-02
   5.3276815e-03
   2.3639427e-02
   2.7177524e-02
   4.4763684e-02
   5.8255610e-03
   3.9781056e-02
   8.1934266e-02
   8.6828500e-02
   3.4244736e-03
   3.7370477e-02
   7.2438113e-02
   6.3448362e-02
   3.5378262e-03
   5.3263087e-02
   6.3331164e-02
   7.1794532e-02
   8.6351316e-03
   4.8860345e-02
   6.7206785e-02
   7.8839459e-02
   5.6585660e-03
   1.0241528e-01
   9.4275996e-02
   4.7925960e-02
   4.4625956e-03
   1.0103374e-01
   8.8341124e-02
   4.7601692e-02
   6.6779107e-03
   1.5059419e-01
   8.4527723e-02
   6.3251093e-02
   2.9702183e-02
   1.1792487e-01
   1.0058644e-01
   7.4165612e-02
   9.5499074e-03
   7.6993763e-02
   5.3019024e-02
   4.0582206e-02
   4.0647956e-03
   7.2192095e-02
   4.6892248e-02
   3.9212354e-02
   6.3901683e-03
   1.0056280e-01
   4.6125270e-02
   3.9907333e-02
   2.6594475e-02
   7.5598590e-02
   4.2790905e-02
   4.1785914e-02
   1.0558045e-02
   3.0647768e-02
   5.2365411e-02
   4.9791850e-02
   3.9428030e-03
   3.0573463e-02
   4.3123748e-02
   4.5023005e-02
   3.4221227e-03
   2.9100332e-02
   4.0678721e-02
   3.6310658e-02
   7.3860725e-03
   3.1550739e-02
   2.9524660e-02
   3.7942048e-02
   6.2556681e-03
   3.1370845e-02
   7.5380109e-02
   8.4631383e-02
   4.3934430e-03
   3.4983005e-02
   5.9679151e-02
   6.4089499e-02
   3.4936436e-03
   2.3927333e-02
   4.7263481e-02
   4.8194449e-02
   5.2668359e-03
   3.7010159e-02
   3.6959458e-02
   4.4644382e-02
   4.2656134e-03
   3.9536100e-02
   7.4688628e-02
   9.2813738e-02
   3.7551299e-03
   4.8099458e-02
   7.6178238e-02
   1.0268205e-01
   3.0069819e-03
   2.9097799e-02
   5.2070022e-02
   6.5525830e-02
   4.7782916e-03
   3.7258644e-02
   4.9733087e-02
   6.6008247e-02
   4.6779988e-03
   2.6898127e-02
   5.5153929e-02
   7.8123160e-02
   3.3934549e-03
   3.3035789e-02
   5.2483425e-02
   8.9201748e-02
   2.7923884e-03
   2.5293488e-02
   3.4675624e-02
   5.1156409e-02
   4.5318305e-03
   2.7166501e-02
   3.1361677e-02
   5.0193835e-02
   5.0305356e-03
   2.5172954e-02
   4.5654349e-02
   7.8055672e-02
   3.1065028e-03
   2.4954801e-02
   4.9748085e-02
   8.1511319e-02
   2.3689473e-03
   2.5723463e-02
   3.6749914e-02
   6.0095254e-02
   4.9508293e-03
   2.4269005e-02
   2.8980885e-02
   4.6596970e-02
   5.1991148e-03
   5.1240612e-02
   7.3710799e-02
   9.1482215e-02
   2.9608356e-03
   5.0547943e-02
   8.3705887e-02
   8.6480878e-02
   2.5319192e-03
   5.9647355e-02
   7.1383193e-02
   1.0357943e-01
   1.1610174e-02
   5.3895492e-02
   8.3295286e-02
   8.0999486e-02
   5.1950789e-03
   1.3074148e-01
   9.6167676e-02
   5.3684119e-02
   4.1690418e-03
   1.2309886e-01
   1.0177870e-01
   6.3619547e-02
   7.5964411e-03
   1.6200523e-01
   1.0094903e-01
   8.4197551e-02
   4.9454462e-02
   1.4249225e-01
   1.2618650e-01
   7.5621329e-02
   8.9472719e-03
   9.9419005e-02
   6.2185407e-02
   4.6132736e-02
   3.1579549e-03
   9.4301477e-02
   5.6056995e-02
   5.5511162e-02
   6.8412637e-03
   1.1948215e-01
   5.3176232e-02
   5.4771449e-02
   4.3339860e-02
   9.5986351e-02
   4.7429044e-02
   4.4441767e-02
   9.9664498e-03
   4.1971382e-02
   5.5082265e-02
   5.6877602e-02
   3.0685107e-03
   4.2538431e-02
   5.2448019e-02
   6.2194616e-02
   2.8266357e-03
   3.6447965e-02
   4.5850094e-02
   4.6574101e-02
   9.7076325e-03
   3.6105048e-02
   3.0010542e-02
   4.3352112e-02
   5.9614345e-03
   4.4223819e-02
   7.4917428e-02
   8.5367300e-02
   3.7303944e-03
   4.0446803e-02
   6.0704358e-02
   7.4581183e-02
   2.8256408e-03
   2.6562782e-02
   5.3511430e-02
   6.1960023e-02
   4.5598107e-03
   4.2984784e-02
   4.6211019e-02
   5.5590954e-02
   5.1731970e-03
   3.8663961e-02
   8.2887918e-02
   8.8821612e-02
   4.7780871e-03
   4.9423989e-02
   6.2676363e-02
   1.0299405e-01
   3.0002168e-03
   3.2731175e-02
   5.8639582e-02
   8.4871851e-02
   7.1779364e-03
   4.4103231e-02
   4.9631909e-02
   8.4909715e-02
   8.1085786e-03
   3.1456470e-02
   7.4207343e-02
   5.9604645e-02
   4.4470765e-03
   4.0051319e-02
   5.2767344e-02
   8.1623547e-02
   2.5457714e-03
   3.4575116e-02
   3.6891382e-02
   6.5983661e-02
   7.3489277e-03
   2.4345076e-02
   3.9187875e-02
   6.0933113e-02
   8.4504737e-03
   3.2393198e-02
   4.5106158e-02
   8.4952399e-02
   4.1748723e-03
   3.3598043e-02
   5.7756260e-02
   9.1084674e-02
   2.5549475e-03
   2.8511664e-02
   3.9307244e-02
   6.8606630e-02
   7.2641890e-03
   1.7185640e-02
   3.8835179e-02
   5.7632025e-02
   7.9255244e-03
   5.2702524e-02
   6.4020954e-02
   9.1390274e-02
   3.8649428e-03
   6.5053344e-02
   1.0688746e-01
   1.3719678e-01
   5.3029535e-03
   8.7732382e-02
   7.7441797e-02
   1.3789763e-01
   1.8401014e-02
   6.1287716e-02
   9.7790144e-02
   1.1960363e-01
   7.8211287e-03
   1.5868276e-01
   8.9085013e-02
   5.4702550e-02
   7.6640877e-03
   1.7275825e-01
   1.3025355e-01
   9.7888738e-02
   2.4066465e-02
   2.6372293e-01
   1.2985198e-01
   9.9857740e-02
   8.5987218e-02
   2.0019044e-01
   1.5557329e-01
   8.4324226e-02
   1.3771974e-02
   1.2346751e-01
   5.3828519e-02
   5.0231598e-02
   5.3430814e-03
   1.4624210e-01
   7.9644129e-02
   8.2857937e-02
   2.1179544e-02
   1.8252197e-01
   6.2180717e-02
   7.4295476e-02
   7.5427994e-02
   1.3576497e-01
   5.9635494e-02
   4.8600752e-02
   1.4540263e-02
   5.4448191e-02
   6.0146846e-02
   7.0162185e-02
   4.1658212e-03
   6.0519401e-02
   5.9781324e-02
   6.6657476e-02
   4.5350506e-03
   4.5866329e-02
   5.1200960e-02
   7.0059657e-02
   1.4755780e-02
   4.4885863e-02
   4.1857727e-02
   5.5499021e-02
   9.5317988e-03
   5.9145045e-02
   7.6937728e-02
   1.0358831e-01
   4.6369745e-03
   3.9798338e-02
   4.6044480e-02
   6.9981962e-02
   3.3941607e-03
   2.6398191e-02
   5.5534966e-02
   5.9325613e-02
   7.5388593e-03
   4.6536088e-02
   5.1417824e-02
   7.5864747e-02
