   3.3935815e-02
   4.0622137e-02
   4.2782471e-02
   1.0089698e-02
   5.9285004e-02
   1.0409331e-01
   6.8426967e-02
   8.3789797e-03
   8.4763564e-02
   1.2805369e-01
   7.6368250e-02
   7.9558548e-03
   1.0638385e-01
   1.1570873e-01
   1.5253353e-01
   2.1854265e-02
   5.9861068e-02
   4.6971362e-02
   3.4144551e-02
   9.7644720e-03
   8.1402898e-02
   1.0196111e-01
   3.1999312e-02
   8.3868001e-03
   4.8341841e-02
   6.2449049e-02
   3.5363577e-02
   7.0808688e-03
   4.9091596e-02
   5.1728275e-02
   7.1841851e-02
   1.5365798e-02
   1.0123179e-01
   1.0432553e-01
   2.9354136e-02
   9.9113658e-03
   4.9952686e-02
   1.0049808e-01
   1.4979587e-02
   8.1147226e-03
   4.1636426e-02
   3.5263356e-02
   1.4617459e-02
   7.1219746e-03
   2.0092936e-02
   1.4549620e-02
   2.8586512e-02
   1.4085781e-02
   6.1851114e-02
   1.4912167e-01
   3.6403775e-02
   1.5134980e-02
   4.5130171e-02
   8.1605472e-02
   2.6924701e-02
   1.3496161e-02
   4.5659259e-02
   4.0493261e-02
   2.4453122e-02
   1.3282605e-02
   1.9535078e-02
   1.3989251e-02
   2.9276043e-02
   1.6974168e-02
   4.0550377e-02
   7.5730272e-02
   5.7998683e-02
   2.4926284e-02
   5.7922643e-02
   7.1706749e-02
   5.2332409e-02
   2.2995267e-02
   5.9063878e-02
   4.9743205e-02
   4.1903730e-02
   2.2885485e-02
   2.0549905e-02
   2.2032674e-02
   2.5691327e-02
   1.8658213e-02
   3.2166492e-02
   4.4658251e-02
   4.2796839e-02
   1.5582044e-02
   4.2026784e-02
   5.7296526e-02
   2.8682530e-02
   1.2766899e-02
   4.7705069e-02
   4.2839255e-02
   2.2624530e-02
   1.2270318e-02
   2.6501568e-02
   3.2635447e-02
   2.1468092e-02
   1.0947010e-02
   2.9517161e-02
   3.9182644e-02
   2.9657908e-02
   1.1334744e-02
   3.4016453e-02
   4.5030668e-02
   1.8377233e-02
   8.4115453e-03
   5.0037134e-02
   4.4122171e-02
   1.4530013e-02
   7.2653810e-03
   4.3918252e-02
   2.4776459e-02
   2.3300944e-02
   8.5534211e-03
   3.0491943e-02
   4.0284406e-02
   3.4258619e-02
   9.9758711e-03
   3.5495073e-02
   6.2793650e-02
   3.5836753e-02
   8.5240910e-03
   9.1441400e-02
   9.1842800e-02
   3.5370413e-02
   6.6732336e-03
   6.7091510e-02
   5.3012252e-02
   7.1369752e-02
   1.2056663e-02
   4.2057373e-02
   3.9447732e-02
   4.2817879e-02
   6.7052231e-03
   9.2918858e-02
   1.5676476e-01
   1.1285219e-01
   5.2244905e-03
   1.2405757e-01
   1.8738541e-01
   1.2646380e-01
   7.7520292e-03
   1.4244117e-01
   1.6421661e-01
   1.7653440e-01
   2.8435851e-02
   9.3353257e-02
   5.2265622e-02
   3.3855699e-02
   6.0265167e-03
   1.3268112e-01
   1.5567891e-01
   4.6218298e-02
   5.4801716e-03
   5.3290889e-02
   8.1143022e-02
   5.4424211e-02
   5.8605238e-03
   6.4732082e-02
   7.1907975e-02
   8.3806567e-02
   2.0227553e-02
   1.6208686e-01
   1.1197022e-01
   3.0211391e-02
   6.1079557e-03
   7.5916573e-02
   1.3819921e-01
   1.5021691e-02
   5.5136071e-03
   4.2711396e-02
   3.9882563e-02
   1.7884659e-02
   5.3266138e-03
   2.3307079e-02
   2.0377697e-02
   4.0413167e-02
   1.9194765e-02
   9.7407661e-02
   1.3290127e-01
   3.8517550e-02
   1.5188170e-02
   5.4989941e-02
   8.7139934e-02
   3.1648826e-02
   1.4848571e-02
   4.7647610e-02
   4.2268135e-02
   3.1919021e-02
   1.4993456e-02
   2.2438856e-02
   1.9668529e-02
   4.4057153e-02
   2.2872591e-02
   5.0997499e-02
   7.6678716e-02
   6.4592406e-02
   3.2010861e-02
   7.1769737e-02
   7.6925606e-02
   6.5486886e-02
   3.0392485e-02
   6.9386013e-02
   4.7973622e-02
   5.2765235e-02
   3.1264022e-02
   2.4480576e-02
   3.0397275e-02
   3.3135731e-02
   2.6864484e-02
   3.6934555e-02
   4.9664289e-02
   4.8815250e-02
   1.6020717e-02
   4.9147148e-02
   6.8739824e-02
   3.2174330e-02
   1.3770618e-02
   5.4861426e-02
   4.9002245e-02
   2.6821308e-02
   1.4351606e-02
   3.2898057e-02
   4.4947840e-02
   2.5716338e-02
   1.2842069e-02
   3.2458048e-02
   3.9237544e-02
   3.4282468e-02
   8.4740873e-03
   3.7316006e-02
   5.6802597e-02
   1.8871998e-02
   5.6430227e-03
   6.9276825e-02
   5.5256117e-02
   1.6786084e-02
   5.5557918e-03
   5.3970579e-02
   3.4245636e-02
   2.8592465e-02
   1.0675672e-02
   3.2934126e-02
   3.6341634e-02
   3.8749542e-02
   7.0304181e-03
   3.9494112e-02
   8.7140001e-02
   5.5685528e-02
   5.6352732e-03
   1.4446887e-01
   1.2945016e-01
   5.6893859e-02
   5.2420353e-03
   8.8489138e-02
   7.5238481e-02
   8.4716976e-02
   1.5086908e-02
   7.2407551e-02
   3.7986055e-02
   4.1826840e-02
   5.8686067e-03
   1.5782808e-01
   8.5738227e-02
   3.4541588e-02
   3.9655459e-03
   1.8666704e-01
   1.4687394e-01
   7.2107047e-02
   8.3835339e-03
   1.7559767e-01
   2.0364779e-01
   2.1367191e-01
   4.2436827e-02
   1.6317335e-01
   3.7410062e-02
   3.2719158e-02
   5.1735998e-03
   2.3972242e-01
   1.3138020e-01
   2.3031967e-02
   4.0152939e-03
   8.9089982e-02
   6.6700101e-02
   3.3194855e-02
   5.7598255e-03
   8.7126605e-02
   8.5505866e-02
   1.0139772e-01
   2.9610472e-02
   2.7506447e-01
   5.1983844e-02
   3.3759952e-02
   4.8711146e-03
   1.4161220e-01
   1.0516195e-01
   1.7865319e-02
   4.5543192e-03
   6.1112240e-02
   3.7394885e-02
   2.0245777e-02
   5.9286463e-03
   3.1393979e-02
   2.5277058e-02
   6.0595982e-02
   3.3830822e-02
   1.4540224e-01
   7.1910821e-02
   5.0144568e-02
   2.1470927e-02
   7.2610088e-02
   6.5219015e-02
   3.9929491e-02
   2.0515407e-02
   6.2323190e-02
   3.9905556e-02
   4.0106062e-02
   2.2333419e-02
   3.1676974e-02
   2.8403625e-02
   6.8224840e-02
   3.9396260e-02
   7.1189545e-02
   7.6024331e-02
   9.7435154e-02
   5.3215224e-02
   7.2260357e-02
   8.9547239e-02
   8.2670316e-02
   4.8038956e-02
   7.7331640e-02
   5.9222508e-02
   6.6169433e-02
   4.8635378e-02
   3.8634215e-02
   4.5619447e-02
   4.2251844e-02
   3.9624918e-02
   5.7674527e-02
   4.3588188e-02
   6.0639266e-02
   2.3526274e-02
   6.5096028e-02
   6.5900438e-02
   4.1356292e-02
   1.9376077e-02
   7.4850313e-02
   5.5809792e-02
   3.2639761e-02
   2.0493325e-02
   4.8571814e-02
   7.4776217e-02
   3.4054197e-02
   2.0056829e-02
   5.8606051e-02
   3.7254658e-02
   4.4116147e-02
   7.3451796e-03
   5.9522547e-02
   6.7935422e-02
   1.6889531e-02
   5.5005499e-03
   9.7630292e-02
   5.3504456e-02
   1.4564615e-02
   4.8647155e-03
   8.3847880e-02
   5.1517386e-02
   3.9536204e-02
   1.6373383e-02
   5.3468741e-02
   3.8691361e-02
   4.8498750e-02
   5.5148830e-03
   7.5366333e-02
   5.9191424e-02
   2.5723699e-02
   4.9459133e-03
   2.0968565e-01
   1.0749558e-01
   3.2359459e-02
   5.1488425e-03
   1.1800697e-01
   9.6067257e-02
   1.0339481e-01
   2.2964863e-02
   1.0186155e-01
   3.7941188e-02
   5.2112695e-02
   8.7242825e-03
   1.7210418e-01
   3.9556492e-02
   3.9725672e-02
   4.2830682e-03
   1.8897633e-01
   1.0034885e-01
   5.9235364e-02
   1.0887256e-02
   2.1386304e-01
   1.6258980e-01
   1.6766149e-01
   4.8683349e-02
   1.4160667e-01
   2.7042627e-02
   3.7712559e-02
   7.0452485e-03
   2.3621127e-01
   6.0442783e-02
   2.7811967e-02
   4.3930565e-03
   1.1118660e-01
   5.0995879e-02
   3.6279839e-02
   6.6295071e-03
   1.0197328e-01
   7.7512413e-02
   8.9898698e-02
   2.6838226e-02
   1.7654903e-01
   4.2766936e-02
   3.7133180e-02
   6.4538806e-03
   1.1674895e-01
   4.4665541e-02
   2.5415935e-02
   4.9727345e-03
   8.8814110e-02
   3.1514373e-02
   2.7591309e-02
   6.6843820e-03
   4.1205566e-02
   3.1163966e-02
   8.3644643e-02
   5.3109158e-02
   7.9651378e-02
   7.5319573e-02
   7.7854581e-02
   3.1285048e-02
   7.1209259e-02
   3.6614299e-02
   5.1155187e-02
   3.0214151e-02
   7.8438021e-02
   3.7630413e-02
   5.2909005e-02
   3.2412913e-02
   5.0616723e-02
   2.8055217e-02
   9.0145737e-02
   6.7482188e-02
   9.4213851e-02
   7.6572709e-02
   1.3551803e-01
   7.7888153e-02
   1.1072346e-01
   7.1316823e-02
   1.0027610e-01
   7.3755808e-02
   1.2407538e-01
   6.3038111e-02
   8.8386007e-02
   7.2802655e-02
   6.0562871e-02
   6.4747065e-02
   5.2164715e-02
   5.2760374e-02
   7.0605502e-02
   2.9597800e-02
   8.8579081e-02
   3.2467339e-02
   7.4534707e-02
   4.7430050e-02
   5.0992362e-02
   2.9891288e-02
   8.8099316e-02
   5.0887797e-02
   4.2750899e-02
   2.8863404e-02
   5.9005272e-02
   1.0888616e-01
   2.9028043e-02
   2.8177828e-02
   8.2166418e-02
   2.5958404e-02
   6.8114445e-02
   1.0047633e-02
   8.9505695e-02
   5.0513040e-02
   2.5460189e-02
   6.0355416e-03
   1.1139864e-01
   5.1428355e-02
   1.6219964e-02
   5.9053171e-03
   8.7128766e-02
   6.4943574e-02
   4.3978680e-02
   2.7585827e-02
   7.3171094e-02
   3.5562202e-02
   5.9230939e-02
   7.9770274e-03
   1.0502578e-01
   3.1992666e-02
   3.1991579e-02
   5.2350457e-03
   2.1111120e-01
   7.7231474e-02
   2.6827615e-02
   5.8402307e-03
   1.3170333e-01
   7.5396828e-02
   8.8251434e-02
   2.9368954e-02
