   3.6468320e-02
   5.3397205e-02
   4.3984257e-02
   1.0631487e-02
   3.6047045e-02
   4.1485887e-02
   4.6013214e-02
   8.0225561e-03
   3.7389901e-02
   3.0393448e-02
   2.5202733e-02
   7.5461753e-03
   4.0662561e-02
   2.7338944e-02
   2.3576010e-02
   1.0623921e-02
   3.4098830e-02
   5.0103843e-02
   3.7259653e-02
   1.1122280e-02
   3.3835120e-02
   4.1400146e-02
   3.5132896e-02
   7.8388266e-03
   3.7000936e-02
   2.8533440e-02
   2.3964714e-02
   7.4321087e-03
   4.3049365e-02
   2.4518372e-02
   2.2539448e-02
   1.0849633e-02
   3.4857083e-02
   4.9899206e-02
   3.6006879e-02
   1.1124424e-02
   3.0993786e-02
   4.6714418e-02
   2.9760094e-02
   8.3483867e-03
   3.4639843e-02
   2.9448211e-02
   2.6710344e-02
   7.4204220e-03
   4.3843582e-02
   2.3951123e-02
   2.5256392e-02
   1.0325636e-02
   3.6902919e-02
   5.3699072e-02
   4.4101849e-02
   1.1272930e-02
   3.2467555e-02
   5.0106883e-02
   3.9187055e-02
   8.7666465e-03
   3.2372754e-02
   2.9554253e-02
   4.3550696e-02
   8.6977296e-03
   4.1627873e-02
   2.7270896e-02
   4.6630684e-02
   1.2061527e-02
   4.8206951e-02
   9.9566720e-02
   5.3475775e-02
   1.9627696e-02
   6.8460181e-02
   8.6317278e-02
   5.3759549e-02
   1.3250738e-02
   9.5803082e-02
   5.7279956e-02
   5.5039577e-02
   1.0458817e-02
   1.2453029e-01
   4.0300205e-02
   6.2426846e-02
   1.3746603e-02
   1.0289216e-01
   1.3873190e-01
   4.5070160e-02
   1.9754892e-02
   1.4133872e-01
   1.0098475e-01
   4.2563424e-02
   1.3164541e-02
   1.6201565e-01
   6.0145691e-02
   3.5310552e-02
   9.0761641e-03
   1.7046794e-01
   3.6365863e-02
   3.3504460e-02
   1.1961203e-02
   8.5014075e-02
   6.4097062e-02
   3.5997700e-02
   1.0261974e-02
   7.5244427e-02
   4.4474825e-02
   2.7770389e-02
   8.4298290e-03
   6.2532611e-02
   2.9017098e-02
   2.6249576e-02
   7.6370947e-03
   5.6702882e-02
   2.5339177e-02
   2.4995076e-02
   1.1367040e-02
   3.8189627e-02
   4.8567161e-02
   3.7912551e-02
   9.7089401e-03
   3.3826862e-02
   3.6515165e-02
   3.2607179e-02
   8.0379434e-03
   3.3681411e-02
   2.9553840e-02
   2.4703877e-02
   7.6294756e-03
   3.9238103e-02
   2.5751727e-02
   2.2757692e-02
   1.0525554e-02
   3.8111307e-02
   4.5767047e-02
   4.0198147e-02
   5.4268679e-03
   3.6570754e-02
   3.9080862e-02
   5.0565440e-02
   4.6062842e-03
   3.2526247e-02
   2.8707100e-02
   2.4016384e-02
   5.3445459e-03
   2.3690753e-02
   2.7643528e-02
   2.2260802e-02
   7.1669943e-03
   3.6352601e-02
   4.5108795e-02
   3.7164498e-02
   5.3304252e-03
   3.3164609e-02
   3.8016956e-02
   3.8938425e-02
   4.5257779e-03
   2.8684756e-02
   2.5226822e-02
   2.0886980e-02
   4.8995283e-03
   2.4453469e-02
   2.2371372e-02
   2.0402040e-02
   6.3132080e-03
   3.8818471e-02
   4.4532612e-02
   3.7031975e-02
   5.5101165e-03
   3.2844398e-02
   4.8958413e-02
   3.4318220e-02
   4.8726536e-03
   2.9597094e-02
   2.1764873e-02
   2.4487978e-02
   4.3703569e-03
   2.7049981e-02
   2.0143772e-02
   1.9925607e-02
   6.5890132e-03
   4.6262715e-02
   4.8188746e-02
   5.0707653e-02
   8.5266205e-03
   3.9021995e-02
   5.8254611e-02
   5.4106269e-02
   6.4520496e-03
   4.0340066e-02
   2.4535088e-02
   5.7842419e-02
   6.9116559e-03
   4.3398973e-02
   2.4397001e-02
   5.8609001e-02
   1.0558496e-02
   7.2640017e-02
   8.4351607e-02
   6.4548627e-02
   2.5842341e-02
   1.0655191e-01
   6.9415703e-02
   7.2457872e-02
   1.5053702e-02
   1.4074486e-01
   4.5334492e-02
   6.8061121e-02
   8.6858533e-03
   1.6667868e-01
   3.8024653e-02
   8.0142863e-02
   1.2869322e-02
   1.6725272e-01
   1.2332825e-01
   4.8499633e-02
   2.5513537e-02
   2.3462753e-01
   7.5081460e-02
   5.3651404e-02
   1.4249084e-02
   2.4770358e-01
   4.4642143e-02
   3.5210375e-02
   6.1969906e-03
   2.3730968e-01
   3.6011301e-02
   2.8623825e-02
   8.5999509e-03
   1.3408214e-01
   6.3331731e-02
   3.3939838e-02
   8.2884375e-03
   1.2279578e-01
   4.3652549e-02
   3.2089222e-02
   6.0033966e-03
   9.8070495e-02
   2.2897195e-02
   2.4772849e-02
   5.4758368e-03
   7.7677973e-02
   2.2794263e-02
   2.0329345e-02
   7.5888331e-03
   5.0257951e-02
   4.3869086e-02
   3.4950960e-02
   5.4692780e-03
   4.0735863e-02
   3.8364880e-02
   3.7980501e-02
   4.6083890e-03
   3.6992583e-02
   2.5529921e-02
   2.2862749e-02
   5.1299492e-03
   2.7668895e-02
   2.5102478e-02
   2.0199688e-02
   6.8621365e-03
   5.6874715e-02
   4.4861555e-02
   3.8437936e-02
   4.5558382e-03
   5.1683489e-02
   4.8355218e-02
   6.2592544e-02
   4.9974401e-03
   4.3423884e-02
   2.7217643e-02
   2.1785783e-02
   4.2821923e-03
   2.5258051e-02
   2.9694322e-02
   1.8215530e-02
   5.7070451e-03
   5.4404683e-02
   4.2361360e-02
   4.2271473e-02
   4.3541938e-03
   4.6492703e-02
   4.7849514e-02
   5.3436529e-02
   4.0488597e-03
   4.2563088e-02
   2.4351839e-02
   1.8130461e-02
   3.8162263e-03
   2.9103991e-02
   2.2195127e-02
   1.6768446e-02
   5.0642514e-03
   6.5689720e-02
   4.3933764e-02
   4.9879692e-02
   5.4283165e-03
   5.1804084e-02
   5.3032462e-02
   5.1915586e-02
   3.8563879e-03
   4.3379568e-02
   2.1457894e-02
   2.9272042e-02
   3.8027256e-03
   3.4936085e-02
   1.8913329e-02
   2.2641122e-02
   5.0538713e-03
   6.3924715e-02
   4.4291925e-02
   7.7091686e-02
   1.0917818e-02
   5.5316333e-02
   5.7156444e-02
   8.4567167e-02
   7.0325229e-03
   5.7042196e-02
   2.6087062e-02
   8.1379265e-02
   7.8268256e-03
   5.3366479e-02
   2.1440355e-02
   8.2276650e-02
   9.6970610e-03
   9.3339622e-02
   7.4446946e-02
   9.1810882e-02
   4.4288125e-02
   9.5677353e-02
   7.4803144e-02
   9.7224347e-02
   2.1783585e-02
   1.0770898e-01
   6.2435105e-02
   9.2322595e-02
   1.0358446e-02
   1.2260691e-01
   4.5054439e-02
   1.0768216e-01
   1.3495102e-02
   2.4552627e-01
   7.6432206e-02
   5.5201899e-02
   4.2890154e-02
   2.5890821e-01
   7.1274720e-02
   8.0631681e-02
   2.0858405e-02
   2.1469364e-01
   5.9651960e-02
   4.5183539e-02
   5.9795883e-03
   1.8998919e-01
   4.3639340e-02
   3.3860207e-02
   7.3584779e-03
   2.1791516e-01
   4.2772420e-02
   3.7287749e-02
   9.7323228e-03
   1.6172791e-01
   4.0703569e-02
   4.4438694e-02
   5.8540781e-03
   1.0945079e-01
   2.0740861e-02
   2.3952933e-02
   4.4521405e-03
   8.0844603e-02
   2.4334440e-02
   1.9654114e-02
   6.1304644e-03
   8.5769616e-02
   3.8063508e-02
   3.2820567e-02
   4.4041332e-03
   6.1498325e-02
   4.3042276e-02
   4.9271733e-02
   4.2871549e-03
   5.4111023e-02
   2.6563531e-02
   2.2144619e-02
   3.9395476e-03
   3.5219837e-02
   2.7604815e-02
   1.4712477e-02
   5.7488070e-03
   6.7935966e-02
   4.6376351e-02
   4.7769032e-02
   6.5590073e-03
   6.2860109e-02
   5.4183133e-02
   8.4087916e-02
   9.2447978e-03
   6.0937855e-02
   1.9896887e-02
   2.4691829e-02
   4.1677291e-03
   2.9583102e-02
   3.0065626e-02
   1.7993527e-02
   6.9370223e-03
   6.9236413e-02
   4.6948921e-02
   6.9617070e-02
   5.4916698e-03
   6.4113155e-02
   6.7930505e-02
   8.7641440e-02
   6.5345210e-03
   4.9807280e-02
   1.7720629e-02
   2.3407053e-02
   3.0009265e-03
   2.7081270e-02
   2.2929056e-02
   1.8672863e-02
   5.9727109e-03
   9.8782532e-02
   3.6524188e-02
   8.1771061e-02
   7.0262672e-03
   5.4923870e-02
   5.3590164e-02
   7.5328715e-02
   5.6826132e-03
   4.1397601e-02
   1.7782567e-02
   3.7928581e-02
   5.2563916e-03
   3.9122496e-02
   1.9989138e-02
   2.0919016e-02
   5.1407455e-03
   7.7817515e-02
   4.5006409e-02
   1.2155169e-01
   1.7545754e-02
   6.0504772e-02
   5.8284156e-02
   1.3396144e-01
   1.1748007e-02
   6.8560407e-02
   3.2159511e-02
   8.0160454e-02
   1.3927997e-02
   4.8318982e-02
   2.7159192e-02
   7.4150927e-02
   1.3502633e-02
   7.2674312e-02
   9.5282130e-02
   1.1543749e-01
   7.7120587e-02
   4.7249895e-02
   9.0881236e-02
   1.4622416e-01
   4.0043272e-02
   4.8045948e-02
   9.9051587e-02
   1.1966324e-01
   2.1742474e-02
   5.6429334e-02
   7.2659723e-02
   1.0336211e-01
   2.3705466e-02
   1.6087438e-01
   8.7894030e-02
   7.3548242e-02
   7.0077345e-02
   1.0959645e-01
   8.9839391e-02
   1.1874044e-01
   3.6856633e-02
   6.1593864e-02
   9.2381231e-02
   7.6904140e-02
   1.0910034e-02
   6.3645273e-02
   6.4993531e-02
   3.5673309e-02
   1.1972704e-02
   1.7786582e-01
   3.8667388e-02
   4.8494756e-02
   1.4680023e-02
   1.0795305e-01
   5.6051496e-02
   6.3933656e-02
   8.7387618e-03
   5.6877714e-02
   1.9799585e-02
   3.4449995e-02
   5.1612393e-03
   4.2397082e-02
   2.2612175e-02
   2.2443768e-02
   7.0049944e-03
   9.2059374e-02
   4.7033254e-02
   3.9067015e-02
   5.4196501e-03
   5.8646906e-02
   4.8057787e-02
   7.3157579e-02
   7.0902910e-03
   6.4346105e-02
   1.5717659e-02
   2.1584274e-02
   3.9412719e-03
   3.8438987e-02
   2.8579969e-02
   1.7610064e-02
   7.3941853e-03
