   3.1656057e-02
   9.3733288e-02
   7.9773217e-02
   1.6213080e-02
   6.3836969e-02
   1.4321886e-01
   9.5469661e-02
   1.2853859e-02
   8.4795110e-02
   8.9818165e-02
   3.6312029e-02
   1.1844066e-02
   3.6681935e-02
   4.2978328e-02
   4.7820274e-02
   1.6820805e-02
   6.3136414e-02
   5.6653824e-02
   3.9085269e-02
   1.0319397e-02
   9.6632704e-02
   1.2543441e-01
   4.8785850e-02
   1.1991550e-02
   4.5136467e-02
   5.7342384e-02
   3.1979218e-02
   1.2712237e-02
   3.3600312e-02
   3.9644938e-02
   4.4000842e-02
   1.8519798e-02
   1.3137235e-01
   7.0122682e-02
   1.5712028e-02
   7.8414045e-03
   6.1977386e-02
   1.0667092e-01
   2.0544406e-02
   1.2590073e-02
   3.5150673e-02
   4.7341712e-02
   3.1475589e-02
   1.2064887e-02
   3.2326650e-02
   4.3291744e-02
   5.2568533e-02
   3.0006036e-02
   8.3710775e-02
   9.8968737e-02
   2.4423616e-02
   8.8371951e-03
   4.1927326e-02
   7.7005409e-02
   2.4989560e-02
   1.4960330e-02
   3.8447991e-02
   6.2075362e-02
   4.1332971e-02
   1.4019324e-02
   3.2781508e-02
   4.3187592e-02
   6.4963676e-02
   3.2115214e-02
   4.0626988e-02
   5.2960929e-02
   5.5740114e-02
   1.2100723e-02
   4.8088234e-02
   6.2500253e-02
   4.8992969e-02
   1.8949704e-02
   4.6883490e-02
   8.0944061e-02
   5.5294480e-02
   1.6611993e-02
   3.7135832e-02
   5.7752583e-02
   4.7665216e-02
   2.2037463e-02
   3.1287268e-02
   2.9892331e-02
   3.8432479e-02
   1.0768087e-02
   4.0995289e-02
   4.9283307e-02
   2.6756108e-02
   1.5057312e-02
   4.0506717e-02
   8.0523163e-02
   3.4911145e-02
   1.3222846e-02
   5.8496818e-02
   9.2843667e-02
   3.6649138e-02
   1.8251685e-02
   2.9980708e-02
   2.5318110e-02
   1.5760573e-02
   1.0769688e-02
   3.8250193e-02
   4.3549608e-02
   1.6135203e-02
   1.4288142e-02
   4.7194138e-02
   9.9296406e-02
   2.3598796e-02
   1.1715354e-02
   1.0796095e-01
   8.6771123e-02
   3.3615630e-02
   1.6165642e-02
   2.9281963e-02
   4.7256771e-02
   3.6223907e-02
   1.1283757e-02
   3.8569350e-02
   7.4453190e-02
   4.3706335e-02
   1.5254973e-02
   8.8670358e-02
   1.0089472e-01
   2.6908509e-02
   1.1158771e-02
   7.1253642e-02
   4.7617625e-02
   3.8057555e-02
   1.6246801e-02
   3.3142738e-02
   1.3147618e-01
   1.1284731e-01
   2.3184899e-02
   9.7659044e-02
   2.0703442e-01
   1.4368270e-01
   9.9723879e-03
   1.2921226e-01
   1.0179392e-01
   4.6814386e-02
   8.7886937e-03
   4.5953695e-02
   4.9853973e-02
   4.7098707e-02
   1.1783764e-02
   9.6596159e-02
   7.4478835e-02
   5.2638046e-02
   1.2295218e-02
   1.6251096e-01
   1.7047453e-01
   7.0588358e-02
   8.9708949e-03
   5.3501867e-02
   6.5066062e-02
   4.5531910e-02
   9.5445383e-03
   3.6187522e-02
   4.7920171e-02
   4.8575025e-02
   1.4853811e-02
   2.1843420e-01
   8.3105221e-02
   1.6771168e-02
   6.5209982e-03
   9.6857481e-02
   1.2999278e-01
   1.7554462e-02
   8.6075645e-03
   3.7548922e-02
   5.6391716e-02
   4.3846991e-02
   8.8068489e-03
   3.2017220e-02
   5.5095792e-02
   5.7313431e-02
   2.5647255e-02
   1.2879239e-01
   1.1497794e-01
   3.1209119e-02
   7.2583379e-03
   5.1321063e-02
   8.0123834e-02
   2.8680410e-02
   1.0587031e-02
   4.4182967e-02
   7.8753024e-02
   5.7245307e-02
   1.0680721e-02
   3.5911903e-02
   5.3682532e-02
   6.8903118e-02
   3.0545127e-02
   4.5217983e-02
   6.8304643e-02
   7.5713880e-02
   1.0006617e-02
   5.4655120e-02
   6.2009729e-02
   6.6280715e-02
   1.4710622e-02
   5.4452851e-02
   7.9973653e-02
   8.1112094e-02
   1.3306626e-02
   4.6395291e-02
   6.3355513e-02
   5.4692537e-02
   2.1483919e-02
   3.2425221e-02
   3.3722021e-02
   5.0381128e-02
   9.5064128e-03
   4.3064520e-02
   5.8937900e-02
   3.1781610e-02
   1.1363623e-02
   4.9152017e-02
   8.7454975e-02
   4.5408551e-02
   8.9197829e-03
   9.4354488e-02
   1.0981727e-01
   3.7991460e-02
   1.3618197e-02
   3.1695183e-02
   2.7963243e-02
   1.9969156e-02
   1.0598489e-02
   3.8137797e-02
   5.2618962e-02
   1.4333954e-02
   1.1580632e-02
   6.7320608e-02
   1.2868582e-01
   2.6361831e-02
   7.7613997e-03
   1.7436798e-01
   1.1441751e-01
   2.9101823e-02
   1.0571063e-02
   3.2505613e-02
   5.9341419e-02
   4.9691580e-02
   1.2976330e-02
   4.0752422e-02
   9.7775951e-02
   5.8276240e-02
   1.2813300e-02
   1.3366902e-01
   1.3481909e-01
   3.2986451e-02
   7.4360920e-03
   1.1158227e-01
   5.9667677e-02
   3.4001954e-02
   1.0314863e-02
   5.1604282e-02
   1.2025931e-01
   9.8850109e-02
   3.1031964e-02
   1.4977948e-01
   7.2171606e-02
   2.9457340e-02
   8.0544790e-03
   1.9306752e-01
   9.2809282e-02
   6.0932301e-02
   7.4970899e-03
   7.7973120e-02
   6.6770487e-02
   6.9689333e-02
   1.1253064e-02
   1.4559714e-01
   6.7144223e-02
   5.4628912e-02
   1.5562879e-02
   2.4470931e-01
   1.0580765e-01
   1.8307691e-02
   6.6116601e-03
   8.3783969e-02
   5.5400956e-02
   6.4677633e-02
   9.1564227e-03
   6.2099546e-02
   7.4030854e-02
   7.6819368e-02
   1.3772198e-02
   3.0020219e-01
   5.0587773e-02
   2.0665662e-02
   6.6381097e-03
   1.4735121e-01
   9.6578777e-02
   1.1605431e-02
   7.0033194e-03
   5.8620956e-02
   5.8485806e-02
   6.7040905e-02
   6.7798281e-03
   5.4818854e-02
   8.3164543e-02
   8.5283637e-02
   2.9944632e-02
   1.6284643e-01
   7.5000480e-02
   3.7288662e-02
   7.4745989e-03
   7.4281551e-02
   5.5626735e-02
   3.7754979e-02
   8.9265015e-03
   6.7091696e-02
   7.6016121e-02
   8.1198774e-02
   8.0210781e-03
   5.8590863e-02
   6.3386939e-02
   9.4457030e-02
   3.4410205e-02
   6.3043311e-02
   5.8178965e-02
   9.6158028e-02
   1.2735866e-02
   7.1097396e-02
   6.4145036e-02
   9.1016583e-02
   1.4941159e-02
   7.3760256e-02
   9.1042869e-02
   1.1897092e-01
   1.3117379e-02
   6.3266739e-02
   6.7025378e-02
   7.4266508e-02
   2.4896141e-02
   5.4007117e-02
   3.2500580e-02
   6.1541621e-02
   1.0054922e-02
   6.5059751e-02
   4.9213171e-02
   4.2532846e-02
   1.0084065e-02
   7.2715849e-02
   7.7326328e-02
   6.5912828e-02
   8.0376193e-03
   1.2978376e-01
   7.6000012e-02
   4.9433894e-02
   1.2358148e-02
   5.5565242e-02
   3.3412792e-02
   2.5677841e-02
   1.1072312e-02
   6.4936697e-02
   5.4557387e-02
   1.5148799e-02
   9.2751924e-03
   1.1321492e-01
   1.0224626e-01
   3.5295047e-02
   6.1333668e-03
   2.8765342e-01
   7.1428053e-02
   3.4064133e-02
   1.0041063e-02
   5.2819602e-02
   6.2690243e-02
   5.1579438e-02
   1.6148139e-02
   7.5177953e-02
   5.3068284e-02
   2.0616166e-02
   1.1385552e-02
   2.0953843e-01
   1.2487505e-01
   4.5491893e-02
   5.9916829e-03
   1.9192290e-01
   5.7905730e-02
   4.4711839e-02
   8.9187296e-03
   7.9716556e-02
   1.0810885e-01
   9.5626049e-02
   4.3639850e-02
   1.6274695e-01
   3.2161579e-02
   2.1141067e-02
   6.8243812e-03
   2.1320124e-01
   6.0300313e-02
   7.7518724e-02
   7.3670903e-03
   9.8982751e-02
   6.8266943e-02
   9.9363089e-02
   1.0748307e-02
   1.2729788e-01
   5.3689066e-02
   5.1036466e-02
   2.4035335e-02
   2.2319514e-01
   4.8494663e-02
   1.4766151e-02
   6.2450971e-03
   9.9645905e-02
   4.5424677e-02
   9.5255911e-02
   8.7209195e-03
   8.8274404e-02
   9.0584427e-02
   1.1574808e-01
   1.5419944e-02
   1.7050779e-01
   4.7036637e-02
   2.7213033e-02
   8.2796235e-03
   1.2255622e-01
   3.8998466e-02
   1.5319125e-02
   5.3353691e-03
   8.9747578e-02
   4.5293808e-02
   8.8085845e-02
   6.5806890e-03
   7.6904505e-02
   1.0843398e-01
   1.1445379e-01
   4.9436461e-02
   7.7378429e-02
   8.0273911e-02
   4.8876133e-02
   1.0308801e-02
   6.7359380e-02
   3.6662985e-02
   5.1942147e-02
   1.0054508e-02
   6.7496963e-02
   4.9293939e-02
   9.9914663e-02
   9.6538588e-03
   6.4582005e-02
   6.1731391e-02
   1.2662470e-01
   6.2841959e-02
   7.3914021e-02
   5.7374727e-02
   1.2401617e-01
   1.9917428e-02
   8.7202311e-02
   5.1953461e-02
   1.2033114e-01
   2.0561866e-02
   8.6478643e-02
   6.4650148e-02
   1.3901779e-01
   1.8107723e-02
   7.9474412e-02
   7.2651833e-02
   9.5682561e-02
   4.0638454e-02
   5.5839323e-02
   2.6794488e-02
   7.5670391e-02
   1.4036444e-02
   6.2547453e-02
   2.4695167e-02
   5.4125823e-02
   1.3292396e-02
   6.9241166e-02
   5.2999407e-02
   9.3452238e-02
   9.9712452e-03
   7.5724699e-02
   8.7591730e-02
   6.6915922e-02
   1.8548898e-02
   7.3751181e-02
   3.4538403e-02
   3.4806255e-02
   1.5001034e-02
   8.1075862e-02
   3.1430125e-02
   1.4505151e-02
   7.3805698e-03
   1.0600040e-01
   5.4137267e-02
   4.0884640e-02
   4.6192762e-03
   1.7028879e-01
   7.9922497e-02
   4.9107112e-02
   1.3533659e-02
   7.1628548e-02
   6.8556674e-02
   5.0168440e-02
   2.2778139e-02
   8.6508177e-02
   2.3391487e-02
   1.7882293e-02
   8.7634884e-03
   2.0588133e-01
   6.5143026e-02
   5.2779589e-02
   4.4665080e-03
   1.5447091e-01
   5.7028197e-02
   7.7118590e-02
   1.0743789e-02
