   1.6235888e-02
   2.9815890e-02
   3.4769710e-02
   4.6531867e-02
   1.0464852e-02
   7.3895790e-03
   9.9814516e-03
   3.2289814e-02
   1.1466332e-02
   3.8671216e-03
   1.1023674e-02
   3.1464640e-02
   2.9003346e-02
   1.3153492e-02
   2.2535233e-02
   4.2923853e-02
   1.5467265e-02
   2.5771376e-02
   2.6261859e-02
   4.2483240e-02
   9.7862901e-03
   5.1740534e-03
   8.6027505e-03
   3.1165333e-02
   1.1078438e-02
   3.6487272e-03
   1.0551634e-02
   3.0509537e-02
   2.8367668e-02
   1.2827612e-02
   2.1726631e-02
   4.4247631e-02
   1.6329931e-02
   2.4641113e-02
   2.4871852e-02
   4.2616945e-02
   9.6807694e-03
   4.1362182e-03
   8.1875129e-03
   3.1777546e-02
   1.1189155e-02
   3.5240497e-03
   1.0580402e-02
   3.1715829e-02
   3.0412627e-02
   1.2763184e-02
   2.2185745e-02
   5.2277111e-02
   1.9997286e-02
   3.0674869e-02
   2.7780930e-02
   4.7178559e-02
   1.0690636e-02
   4.2569172e-03
   9.0452526e-03
   3.4742519e-02
   1.2028252e-02
   3.7339474e-03
   1.2025540e-02
   3.5417601e-02
   3.2360829e-02
   1.3589515e-02
   2.4804482e-02
   6.9110259e-02
   2.1168383e-02
   3.4588687e-02
   3.4958508e-02
   5.2454088e-02
   1.1772807e-02
   4.1743992e-03
   1.2368282e-02
   3.7377380e-02
   1.2856069e-02
   3.8555947e-03
   1.6345588e-02
   3.8022380e-02
   3.3662219e-02
   1.4528004e-02
   2.9051814e-02
   7.4803874e-02
   1.7445108e-02
   2.6337385e-02
   3.0360732e-02
   4.9547639e-02
   1.0605915e-02
   3.9104708e-03
   1.1269683e-02
   3.4472831e-02
   1.2045391e-02
   3.7176537e-03
   1.4050707e-02
   3.5780769e-02
   3.1110942e-02
   1.3582940e-02
   2.6027227e-02
   6.1441008e-02
   1.5312988e-02
   2.4535589e-02
   2.5268359e-02
   4.3179590e-02
   9.7000459e-03
   3.9547221e-03
   8.6425105e-03
   3.1289481e-02
   1.0916749e-02
   3.5645633e-03
   1.0635487e-02
   3.2008469e-02
   2.8215611e-02
   1.2426055e-02
   2.2051351e-02
   4.8046026e-02
   1.5142896e-02
   2.5712725e-02
   2.7085150e-02
   4.2949259e-02
   9.8841134e-03
   5.4489197e-03
   9.0108132e-03
   3.1057023e-02
   1.0920980e-02
   3.5673387e-03
   1.0538194e-02
   3.0682847e-02
   2.7934214e-02
   1.2371683e-02
   2.1561122e-02
   4.2407610e-02
   1.5031934e-02
   3.9050907e-02
   4.7215987e-02
   5.0793506e-02
   9.7759925e-03
   8.7929210e-03
   1.0531045e-02
   3.0130157e-02
   1.0444296e-02
   3.6085122e-03
   1.1319917e-02
   2.9630383e-02
   2.7247896e-02
   1.2386604e-02
   2.1563496e-02
   4.7250822e-02
   1.4648753e-02
   3.1592339e-02
   3.0534439e-02
   4.3096844e-02
   9.3155662e-03
   5.6798644e-03
   9.2146387e-03
   2.9658666e-02
   1.0416147e-02
   3.5596688e-03
   1.1201012e-02
   2.9735660e-02
   2.7377047e-02
   1.2364218e-02
   2.1146003e-02
   5.1206786e-02
   1.5676750e-02
   2.8313268e-02
   2.6938429e-02
   4.1920166e-02
   9.3016941e-03
   4.4011511e-03
   8.6696679e-03
   3.0866528e-02
   1.0581906e-02
   3.6066559e-03
   1.1573249e-02
   3.1537525e-02
   3.1058846e-02
   1.2384201e-02
   2.1732850e-02
   6.3455395e-02
   2.0591954e-02
   3.7460376e-02
   3.0359851e-02
   4.4235118e-02
   1.0030393e-02
   4.5760702e-03
   9.4256634e-03
   3.2414109e-02
   1.0960636e-02
   3.8159422e-03
   1.2706931e-02
   3.3951581e-02
   3.0566074e-02
   1.2901787e-02
   2.3976933e-02
   7.9929553e-02
   2.0709854e-02
   4.3017883e-02
   4.1693650e-02
   4.9027663e-02
   1.0792369e-02
   4.4519226e-03
   1.3486249e-02
   3.3669084e-02
   1.1376040e-02
   3.9843246e-03
   1.7522953e-02
   3.5505436e-02
   2.8978027e-02
   1.3434425e-02
   2.8297395e-02
   8.1284910e-02
   1.5711389e-02
   2.9271968e-02
   3.4837529e-02
   4.8880830e-02
   9.8633319e-03
   4.0674051e-03
   1.2296917e-02
   3.2456364e-02
   1.1013693e-02
   3.7798134e-03
   1.5169611e-02
   3.5924923e-02
   2.7744295e-02
   1.2857264e-02
   2.5873832e-02
   7.1444638e-02
   1.4309804e-02
   2.8505320e-02
   2.7123064e-02
   4.2783681e-02
   9.2875483e-03
   4.1554449e-03
   9.0707941e-03
   3.0096252e-02
   1.0360975e-02
   3.6265752e-03
   1.1339160e-02
   3.2490157e-02
   2.6408935e-02
   1.2029076e-02
   2.2048371e-02
   5.6475576e-02
   1.4236495e-02
   3.1858694e-02
   3.2504838e-02
   4.4641729e-02
   9.5026763e-03
   6.1148535e-03
   9.4980979e-03
   2.9434046e-02
   1.0252615e-02
   3.4836973e-03
   1.0975792e-02
   2.9699681e-02
   2.6389971e-02
   1.1833414e-02
   2.1159630e-02
   4.6977311e-02
   1.1304619e-02
   5.4884460e-02
   6.4288422e-02
   5.0480697e-02
   7.7552344e-03
   9.9526364e-03
   1.1137680e-02
   2.5482422e-02
   8.2019875e-03
   3.4766404e-03
   1.1246774e-02
   2.4903979e-02
   2.0850943e-02
   1.0310126e-02
   1.9261794e-02
   4.5583654e-02
   1.0984932e-02
   3.8418479e-02
   3.4001626e-02
   3.7073370e-02
   7.4105947e-03
   6.0501131e-03
   9.5053874e-03
   2.5270617e-02
   8.3781155e-03
   3.4982204e-03
   1.1324503e-02
   2.4928238e-02
   2.1826979e-02
   1.0637959e-02
   1.8625211e-02
   4.8703015e-02
   1.2381330e-02
   2.9799780e-02
   2.5924295e-02
   3.4127701e-02
   7.7338102e-03
   4.3862807e-03
   8.6248592e-03
   2.6681442e-02
   8.7811984e-03
   3.6435355e-03
   1.1766271e-02
   2.5824616e-02
   2.8578496e-02
   1.0736621e-02
   1.9137189e-02
   5.4728653e-02
   1.8988675e-02
   4.3582875e-02
   3.0638382e-02
   3.5381507e-02
   8.3450805e-03
   4.7086705e-03
   9.2503978e-03
   2.7495503e-02
   8.9070173e-03
   3.7435174e-03
   1.2817011e-02
   2.7615646e-02
   2.5662385e-02
   1.0767025e-02
   2.1341678e-02
   6.1613999e-02
   1.8720966e-02
   5.0338190e-02
   4.6271108e-02
   3.9431073e-02
   8.8343909e-03
   4.3971902e-03
   1.4366534e-02
   2.8290130e-02
   9.0368986e-03
   3.8049680e-03
   1.8599905e-02
   2.9164806e-02
   2.1916030e-02
   1.0794525e-02
   2.6667170e-02
   6.1334271e-02
   1.1793965e-02
   3.0154988e-02
   3.6449630e-02
   4.0261209e-02
   7.8977598e-03
   3.9288076e-03
   1.3096931e-02
   2.7264053e-02
   8.7136831e-03
   3.6459088e-03
   1.5645670e-02
   3.3481322e-02
   2.1236518e-02
   1.0520234e-02
   2.3910180e-02
   6.4538658e-02
   1.0845814e-02
   3.1492669e-02
   2.6572006e-02
   3.4962267e-02
   7.6344367e-03
   4.0514772e-03
   9.0511721e-03
   2.5804115e-02
   8.2431640e-03
   3.5953373e-03
   1.1411676e-02
   3.0125707e-02
   2.0495836e-02
   1.0385905e-02
   1.9118270e-02
   5.6445532e-02
   1.0580292e-02
   4.0424272e-02
   3.8639821e-02
   3.9518297e-02
   7.6465360e-03
   6.4734560e-03
   9.7637381e-03
   2.4800425e-02
   8.0356197e-03
   3.4005896e-03
   1.1112451e-02
   2.5395295e-02
   1.9992378e-02
   9.8544564e-03
   1.8903160e-02
   4.4774693e-02
   8.0388961e-03
   8.4177531e-02
   9.2967845e-02
   5.2060701e-02
   5.7495018e-03
   1.1711193e-02
   1.1813262e-02
   1.8563498e-02
   5.9548039e-03
   3.0216142e-03
   1.0656126e-02
   1.8384414e-02
   1.4795658e-02
   8.0470024e-03
   1.6043847e-02
   3.4405421e-02
   7.3548392e-03
   5.5493053e-02
   4.1249022e-02
   3.0152146e-02
   5.3450214e-03
   6.3421726e-03
   9.4552012e-03
   1.8032111e-02
   6.1698430e-03
   2.8998398e-03
   1.0438793e-02
   1.7663315e-02
   1.6993837e-02
   8.4028346e-03
   1.5131022e-02
   3.4457315e-02
   9.0578981e-03
   3.7765346e-02
   2.3864299e-02
   2.4577359e-02
   5.4637045e-03
   3.8016292e-03
   7.6986058e-03
   1.8823331e-02
   6.6353981e-03
   2.8639138e-03
   1.0151448e-02
   1.7770894e-02
   2.8372999e-02
   7.8645125e-03
   1.4662295e-02
   3.5844423e-02
   1.7639015e-02
   5.3932730e-02
   3.0368431e-02
   2.4848025e-02
   6.1710067e-03
   3.9671455e-03
   8.6233690e-03
   1.9775791e-02
   6.3049202e-03
   2.9119200e-03
   1.1734240e-02
   1.9582223e-02
   2.2524491e-02
   7.3612672e-03
   1.6740821e-02
   3.9756272e-02
   1.7442388e-02
   6.3931748e-02
   4.9757086e-02
   2.8359070e-02
   6.9672298e-03
   3.7194004e-03
   1.6704513e-02
   2.1232788e-02
   6.1512110e-03
   3.0597267e-03
   2.1492152e-02
   2.2196636e-02
   1.5032842e-02
   7.3124822e-03
   2.5067067e-02
   4.2887781e-02
   8.3536468e-03
   3.4502767e-02
   3.6486331e-02
   2.9152326e-02
   5.7163276e-03
   3.2324083e-03
   1.4504140e-02
   1.9884733e-02
   5.7739844e-03
   2.8683415e-03
   1.7392738e-02
   3.3498265e-02
   1.4461416e-02
   7.0860861e-03
   2.1283088e-02
   5.8185060e-02
   7.1336478e-03
   4.1960143e-02
   2.4776187e-02
   2.5322733e-02
   5.4949485e-03
   3.4520340e-03
   8.7324791e-03
   1.8940117e-02
   5.7348367e-03
   2.8860858e-03
   1.1346165e-02
   2.8231543e-02
   1.4012528e-02
   7.2024651e-03
   1.4683505e-02
   4.9437333e-02
   6.9254874e-03
   6.0218085e-02
   4.8832193e-02
   3.3996787e-02
   5.5918451e-03
   6.8447394e-03
   9.8789409e-03
   1.8164583e-02
   5.6229299e-03
   2.8163763e-03
   1.0868421e-02
   1.9193767e-02
   1.3727516e-02
   7.1476712e-03
   1.5123288e-02
   3.4506802e-02
