   4.2467065e-02
   2.0516835e-02
   3.0408729e-02
   1.0306688e-02
   3.7428554e-02
   3.9593983e-02
   4.5053534e-02
   7.6645319e-03
   3.4479998e-02
   3.6004741e-02
   2.3555586e-02
   5.4815961e-03
   3.3150207e-02
   3.9520156e-02
   3.0517479e-02
   5.7134451e-03
   4.0391218e-02
   2.9215304e-02
   3.0499067e-02
   1.0179753e-02
   3.3368029e-02
   3.8521584e-02
   4.1030888e-02
   8.0029340e-03
   3.1319436e-02
   3.3850212e-02
   2.1758180e-02
   5.0693196e-03
   3.5027482e-02
   3.7859727e-02
   2.4906619e-02
   5.5790558e-03
   5.1686604e-02
   3.2587692e-02
   3.1983737e-02
   1.0768974e-02
   5.6794319e-02
   4.0232882e-02
   3.9392490e-02
   8.8354545e-03
   6.6222206e-02
   4.1801237e-02
   2.3279946e-02
   5.2817990e-03
   7.7093430e-02
   5.3570881e-02
   2.3498578e-02
   6.5403488e-03
   1.5598260e-01
   3.9830927e-02
   3.6866516e-02
   1.0706843e-02
   1.5734738e-01
   8.0557629e-02
   4.8153643e-02
   9.4988551e-03
   1.3408159e-01
   1.0003838e-01
   2.7386703e-02
   6.8388279e-03
   1.0526089e-01
   1.1936422e-01
   2.8377416e-02
   8.4221931e-03
   1.1940353e-01
   4.4280864e-02
   4.5668073e-02
   1.7236343e-02
   9.9810332e-02
   8.2987629e-02
   5.7727002e-02
   1.4548167e-02
   6.8884857e-02
   9.1725014e-02
   4.9998734e-02
   8.1593422e-03
   5.0876014e-02
   9.6061669e-02
   4.3766025e-02
   9.3766898e-03
   4.0207122e-02
   3.0545533e-02
   3.7974156e-02
   1.6620228e-02
   3.3454888e-02
   4.4875413e-02
   4.5916989e-02
   1.3846056e-02
   3.1580292e-02
   4.2906154e-02
   4.0635034e-02
   6.6298898e-03
   3.7198886e-02
   5.3690922e-02
   3.6478437e-02
   7.2036409e-03
   4.3313000e-02
   3.2181777e-02
   3.0165017e-02
   9.8351799e-03
   3.5568167e-02
   4.1019287e-02
   3.8112409e-02
   7.9623703e-03
   3.0474380e-02
   4.0916435e-02
   2.4190707e-02
   5.3797024e-03
   3.3470273e-02
   4.7973860e-02
   2.2753585e-02
   6.3049276e-03
   4.2999178e-02
   2.6105573e-02
   3.0228004e-02
   1.0480442e-02
   3.7702873e-02
   4.0634383e-02
   4.3301214e-02
   7.6756300e-03
   3.3660609e-02
   3.7388247e-02
   2.0997124e-02
   5.4025976e-03
   3.3290949e-02
   3.9143760e-02
   2.5358114e-02
   6.1372104e-03
   2.8991619e-02
   2.4984803e-02
   3.6017630e-02
   6.7040334e-03
   3.0407794e-02
   3.4498736e-02
   4.2191297e-02
   4.5384122e-03
   3.5744969e-02
   3.2170914e-02
   1.7882513e-02
   3.3825778e-03
   3.8510673e-02
   4.4200569e-02
   3.7588082e-02
   3.4755985e-03
   3.3542078e-02
   2.5510233e-02
   3.3806488e-02
   6.8723275e-03
   3.3809673e-02
   3.1966452e-02
   3.7151001e-02
   4.9988218e-03
   4.0207583e-02
   3.3300303e-02
   1.7501784e-02
   3.2367862e-03
   4.7876921e-02
   4.2525627e-02
   2.7460311e-02
   3.5055121e-03
   7.0799217e-02
   2.7012136e-02
   3.0925715e-02
   6.9936109e-03
   8.8328540e-02
   3.6771353e-02
   3.3702102e-02
   5.9018321e-03
   1.1117790e-01
   3.9148636e-02
   1.8827874e-02
   3.4099165e-03
   1.2271570e-01
   5.6681830e-02
   2.3304638e-02
   4.2437124e-03
   2.1412507e-01
   3.4936581e-02
   3.7325297e-02
   8.4541943e-03
   2.3445299e-01
   5.9584312e-02
   5.1420633e-02
   7.4804774e-03
   2.2314626e-01
   6.9574103e-02
   2.4815977e-02
   5.5991667e-03
   1.7399377e-01
   1.0791717e-01
   3.2902285e-02
   6.8701436e-03
   1.6222951e-01
   3.6070600e-02
   5.4960340e-02
   2.4460917e-02
   1.4300148e-01
   6.6063210e-02
   6.5596104e-02
   1.9569706e-02
   1.1036700e-01
   6.6819675e-02
   5.7181347e-02
   7.6718377e-03
   7.9650253e-02
   8.7286681e-02
   6.2948637e-02
   8.9709461e-03
   4.3645013e-02
   2.7766174e-02
   4.3303411e-02
   2.4035903e-02
   4.1203033e-02
   3.9166816e-02
   4.9074382e-02
   1.8787336e-02
   4.2081621e-02
   3.8982991e-02
   5.4322090e-02
   6.0951379e-03
   4.6008762e-02
   5.8864143e-02
   5.1097799e-02
   5.5373767e-03
   2.7377790e-02
   2.6513798e-02
   2.9896533e-02
   7.7049397e-03
   2.8898114e-02
   3.4355368e-02
   3.3203170e-02
   6.5322383e-03
   3.4464881e-02
   3.5604417e-02
   2.5780896e-02
   3.7830595e-03
   4.2350780e-02
   5.6204263e-02
   2.5684219e-02
   4.3422021e-03
   2.7230950e-02
   2.4929054e-02
   3.2258555e-02
   5.7914327e-03
   2.8960260e-02
   3.6462858e-02
   4.1601300e-02
   4.6418151e-03
   3.3194672e-02
   3.3451851e-02
   1.7115254e-02
   3.3548367e-03
   3.7919901e-02
   4.3215510e-02
   2.9559387e-02
   3.8285453e-03
   3.6295187e-02
   3.2640994e-02
   4.7737584e-02
   6.7047924e-03
   4.2347312e-02
   3.1471848e-02
   4.8985321e-02
   3.6124324e-03
   5.2760877e-02
   3.2424793e-02
   2.0704862e-02
   2.9105970e-03
   6.4242467e-02
   5.8206432e-02
   5.0619118e-02
   2.9571822e-03
   4.1588750e-02
   2.5672995e-02
   3.8303006e-02
   5.5046142e-03
   5.0130378e-02
   3.0529207e-02
   3.9655719e-02
   4.2378837e-03
   6.1001357e-02
   3.0211732e-02
   1.7164778e-02
   2.6649165e-03
   8.5044019e-02
   4.9977224e-02
   3.8371168e-02
   2.7566238e-03
   7.2712265e-02
   2.4397140e-02
   3.7952479e-02
   4.8509766e-03
   9.8035969e-02
   3.0978883e-02
   3.2152120e-02
   5.3734193e-03
   1.4080422e-01
   3.2949910e-02
   1.8054564e-02
   3.5162100e-03
   1.9068646e-01
   4.3559596e-02
   3.1118933e-02
   3.8751173e-03
   1.6875485e-01
   4.1970804e-02
   5.0791048e-02
   9.6542155e-03
   2.0125464e-01
   6.8307236e-02
   4.7478613e-02
   8.2604801e-03
   2.4040881e-01
   5.9664600e-02
   2.9841352e-02
   6.9392500e-03
   2.4795456e-01
   6.4993992e-02
   5.6658179e-02
   7.5379643e-03
   1.1716054e-01
   4.2917740e-02
   7.4344702e-02
   4.1556869e-02
   1.0648245e-01
   8.1335507e-02
   7.9363458e-02
   3.0599490e-02
   1.0466667e-01
   6.8587773e-02
   7.4013874e-02
   1.0446475e-02
   9.8933354e-02
   7.2420232e-02
   1.0054336e-01
   1.1187468e-02
   5.4262511e-02
   2.6601834e-02
   5.7017721e-02
   3.9343890e-02
   5.8017191e-02
   4.0986728e-02
   6.0997542e-02
   2.9272264e-02
   6.6358127e-02
   3.9487265e-02
   7.6337576e-02
   8.4120547e-03
   7.8764126e-02
   5.9853110e-02
   6.9731086e-02
   5.5974959e-03
   3.9024379e-02
   2.0990275e-02
   4.5662649e-02
   9.2828954e-03
   4.0279627e-02
   3.5147797e-02
   3.9684761e-02
   6.4264606e-03
   5.8539748e-02
   3.4022223e-02
   3.4057625e-02
   3.5962749e-03
   6.8642557e-02
   6.3598126e-02
   4.0890228e-02
   3.2378142e-03
   3.5135172e-02
   2.5426086e-02
   4.5426954e-02
   4.5985999e-03
   4.3010440e-02
   3.5534956e-02
   5.2468777e-02
   3.6444983e-03
   5.1720604e-02
   3.6177021e-02
   1.9599846e-02
   2.6141494e-03
   5.8489926e-02
   5.0405420e-02
   4.5548070e-02
   3.3674415e-03
   3.4518611e-02
   4.0532503e-02
   6.8278067e-02
   1.2044711e-02
   5.6007959e-02
   3.3251360e-02
   5.7565115e-02
   4.6064183e-03
   6.4293303e-02
   3.2901231e-02
   3.1713415e-02
   3.5511879e-03
   8.4935546e-02
   7.3086195e-02
   8.3987162e-02
   3.2999110e-03
   4.3476321e-02
   3.1953041e-02
   5.7681985e-02
   8.0291955e-03
   5.2793406e-02
   3.1381562e-02
   3.7748348e-02
   4.8201568e-03
   5.9119593e-02
   2.1417085e-02
   2.3290455e-02
   3.4451541e-03
   8.7898001e-02
   5.7837073e-02
   5.2805189e-02
   3.2253258e-03
   6.0139321e-02
   3.2796547e-02
   5.7871025e-02
   6.7500132e-03
   5.1000845e-02
   2.8024407e-02
   3.7153609e-02
   6.8431497e-03
   1.0619281e-01
   2.7032763e-02
   2.6340619e-02
   4.9729636e-03
   1.4048979e-01
   4.8623912e-02
   4.3763924e-02
   3.7667297e-03
   7.9844706e-02
   5.6263186e-02
   6.4309835e-02
   1.7212337e-02
   5.9876584e-02
   9.4360337e-02
   8.0331266e-02
   1.2175575e-02
   1.0856063e-01
   8.4163651e-02
   4.5502260e-02
   9.6134031e-03
   1.3945058e-01
   7.4537583e-02
   8.4138200e-02
   1.0373010e-02
   6.1884042e-02
   5.9370436e-02
   1.0475162e-01
   7.9068616e-02
   5.1183280e-02
   1.3189408e-01
   1.2704861e-01
   5.1166479e-02
   5.3292483e-02
   9.7413406e-02
   9.6486740e-02
   2.1051686e-02
   7.5874150e-02
   6.3533589e-02
   1.2706047e-01
   1.7465230e-02
   6.6838674e-02
   3.4282047e-02
   8.5875399e-02
   7.0650660e-02
   5.9892241e-02
   6.3385941e-02
   9.6193314e-02
   4.6985980e-02
   7.0816755e-02
   4.3698434e-02
   9.7043060e-02
   1.6799007e-02
   8.4486924e-02
   6.0734928e-02
   9.3838096e-02
   8.9963749e-03
   5.3588066e-02
   2.7651278e-02
   5.8886331e-02
   1.5280411e-02
   3.4177504e-02
   3.9797924e-02
   5.4845549e-02
   8.3467364e-03
   5.6949455e-02
   2.9967876e-02
   5.2571647e-02
   4.3053199e-03
   7.5592078e-02
   7.4259199e-02
   6.3124962e-02
   4.4818264e-03
   2.8916989e-02
   3.0843252e-02
   7.0511013e-02
   6.9933622e-03
   4.3043338e-02
   3.8006615e-02
   7.0065863e-02
   4.8791049e-03
   6.4976931e-02
   3.2580499e-02
   3.3261400e-02
   2.7841688e-03
   7.6106772e-02
   6.0222823e-02
   8.0980264e-02
   4.6528783e-03
