   1.8448656e-02
   4.0651232e-02
   4.0223282e-02
   1.9390317e-02
   1.6613757e-02
   3.0882495e-02
   2.4649793e-02
   1.7552577e-02
   2.5013799e-02
   2.1550674e-02
   4.2746425e-02
   1.9007806e-02
   2.7898261e-02
   3.3083495e-02
   7.4008889e-02
   2.3175219e-02
   1.7664474e-02
   4.1764177e-02
   3.4954835e-02
   1.9357713e-02
   1.8698445e-02
   3.9525803e-02
   2.9442504e-02
   1.7287977e-02
   1.9450190e-02
   3.6514618e-02
   4.0308010e-02
   1.8402731e-02
   2.8272504e-02
   3.3903953e-02
   6.9112688e-02
   2.3876142e-02
   1.8038815e-02
   4.1894734e-02
   3.1287488e-02
   1.9601760e-02
   1.8975014e-02
   4.4433411e-02
   3.2204878e-02
   1.7977849e-02
   1.8022571e-02
   4.2819250e-02
   3.8073219e-02
   1.8948739e-02
   2.8013121e-02
   3.4475747e-02
   7.0122421e-02
   2.4190763e-02
   3.9810807e-02
   5.3420663e-02
   3.5598878e-02
   2.3242433e-02
   3.5675928e-02
   4.1905046e-02
   3.3668485e-02
   2.2038877e-02
   4.6626538e-02
   3.7430272e-02
   3.7269205e-02
   2.3086416e-02
   7.1540974e-02
   4.2166110e-02
   7.0364594e-02
   2.8527828e-02
   9.0067536e-02
   8.9400001e-02
   4.9661160e-02
   3.1599756e-02
   7.6486982e-02
   5.7877161e-02
   4.2017594e-02
   3.0026643e-02
   1.0857546e-01
   5.6898817e-02
   4.1147269e-02
   3.1309299e-02
   1.6702747e-01
   3.9660163e-02
   7.0780687e-02
   3.5384063e-02
   4.3329958e-02
   6.1049588e-02
   4.0969580e-02
   2.3952672e-02
   3.5690997e-02
   4.8590314e-02
   3.3393845e-02
   2.1508075e-02
   5.0513525e-02
   3.6111027e-02
   3.6753848e-02
   2.2795366e-02
   7.7702239e-02
   3.4808580e-02
   6.0608737e-02
   2.7300268e-02
   1.8964557e-02
   4.4115968e-02
   3.5118841e-02
   1.9872818e-02
   1.4759192e-02
   5.5793203e-02
   2.9237350e-02
   1.7796066e-02
   1.8941276e-02
   4.1121941e-02
   3.6765546e-02
   1.8980974e-02
   2.8377960e-02
   3.5720997e-02
   5.9535440e-02
   2.2774460e-02
   1.8261176e-02
   3.9089590e-02
   3.6949970e-02
   1.9988546e-02
   1.5811492e-02
   4.5990665e-02
   2.6540803e-02
   1.7299980e-02
   1.9708900e-02
   3.4933034e-02
   4.1460264e-02
   1.9186340e-02
   2.7433444e-02
   3.2183558e-02
   7.0139714e-02
   2.2458760e-02
   1.7512685e-02
   4.6523232e-02
   3.9146677e-02
   1.1832695e-02
   1.7346481e-02
   3.9105777e-02
   3.0445850e-02
   1.0530567e-02
   2.5602814e-02
   2.1772293e-02
   3.7191309e-02
   1.2587478e-02
   2.2685466e-02
   3.3609930e-02
   7.0270471e-02
   1.5544677e-02
   1.6719647e-02
   4.9492862e-02
   3.0250402e-02
   1.0760448e-02
   2.0128375e-02
   4.9206596e-02
   3.4998491e-02
   1.0521269e-02
   1.7438458e-02
   3.6729582e-02
   3.2345202e-02
   1.1416418e-02
   2.4299154e-02
   3.3825912e-02
   5.9184685e-02
   1.6630501e-02
   1.7328523e-02
   5.1655289e-02
   3.0036148e-02
   1.1864329e-02
   2.0920964e-02
   5.4640349e-02
   3.9662391e-02
   1.1281130e-02
   1.7423397e-02
   4.1887004e-02
   3.3289146e-02
   1.1718236e-02
   2.6100194e-02
   3.4379814e-02
   6.6135965e-02
   1.8785262e-02
   5.2835193e-02
   6.2149335e-02
   3.9934561e-02
   1.9675832e-02
   5.2811749e-02
   4.9071249e-02
   4.6004560e-02
   2.0465028e-02
   6.5727599e-02
   3.8718294e-02
   3.5603799e-02
   2.0193707e-02
   8.8792101e-02
   4.0531863e-02
   7.2114013e-02
   2.6250027e-02
   1.2573893e-01
   1.0002672e-01
   6.2482409e-02
   3.3674836e-02
   1.1709251e-01
   6.1213244e-02
   5.5291660e-02
   3.4504160e-02
   1.5735665e-01
   5.3319380e-02
   4.3136340e-02
   3.4624156e-02
   2.0759130e-01
   4.1092642e-02
   6.9048136e-02
   3.5658635e-02
   5.6990102e-02
   6.1662070e-02
   4.8088979e-02
   1.8814875e-02
   5.3685483e-02
   5.4942753e-02
   4.3174047e-02
   1.7908033e-02
   7.1581230e-02
   3.7577201e-02
   3.4179967e-02
   1.9379379e-02
   9.8339692e-02
   3.3819105e-02
   5.1011138e-02
   2.1675374e-02
   1.7565724e-02
   5.0344389e-02
   3.5033535e-02
   1.2436541e-02
   1.6623806e-02
   6.8666592e-02
   3.6140710e-02
   1.0567143e-02
   1.6228152e-02
   4.0312327e-02
   3.2443415e-02
   1.1236454e-02
   3.0170940e-02
   3.0298332e-02
   5.0333254e-02
   1.6001565e-02
   1.7401749e-02
   5.1936124e-02
   3.1369895e-02
   1.2353753e-02
   1.6534172e-02
   5.9615754e-02
   3.3527140e-02
   1.1432129e-02
   1.8986465e-02
   3.4689091e-02
   3.5875924e-02
   1.2026351e-02
   2.3132091e-02
   3.0116422e-02
   6.5347128e-02
   1.4617907e-02
   2.3525095e-02
   6.5261990e-02
   5.6867391e-02
   1.0295197e-02
   1.9756489e-02
   5.8182310e-02
   4.3225724e-02
   8.4549449e-03
   3.7995022e-02
   2.7928798e-02
   5.1875342e-02
   1.0139801e-02
   2.5949899e-02
   3.3003956e-02
   8.0441795e-02
   1.5500353e-02
   2.1557184e-02
   6.1917763e-02
   4.1606534e-02
   8.5515305e-03
   2.2273339e-02
   4.6613615e-02
   4.7189821e-02
   7.9793902e-03
   2.2746541e-02
   2.3171611e-02
   4.5882408e-02
   9.4570490e-03
   2.8820595e-02
   3.3953033e-02
   7.0040077e-02
   1.6066058e-02
   2.4478646e-02
   6.6033386e-02
   3.8554724e-02
   8.2752192e-03
   2.7564796e-02
   4.9378358e-02
   4.6810813e-02
   7.8560850e-03
   1.7665563e-02
   2.4200050e-02
   4.1062538e-02
   9.3386425e-03
   3.5449345e-02
   3.1949703e-02
   6.9154151e-02
   1.4713685e-02
   7.0445210e-02
   6.3682683e-02
   5.4493681e-02
   2.2433823e-02
   7.3224433e-02
   4.9630653e-02
   5.0618097e-02
   2.4007706e-02
   8.1839576e-02
   3.5913818e-02
   4.5247536e-02
   2.2328019e-02
   9.7859196e-02
   4.2274468e-02
   8.5689887e-02
   2.9178225e-02
   1.6694790e-01
   8.0740169e-02
   9.3104802e-02
   4.5521226e-02
   1.6460337e-01
   5.0339725e-02
   6.8684936e-02
   4.9688205e-02
   2.0363246e-01
   3.9283592e-02
   6.0466714e-02
   4.5420382e-02
   2.2327808e-01
   5.0124284e-02
   7.7438235e-02
   4.9478803e-02
   7.8602083e-02
   6.3340887e-02
   6.3965477e-02
   2.1278478e-02
   7.7506065e-02
   5.4456782e-02
   5.0755490e-02
   2.1249430e-02
   9.1212973e-02
   3.3995293e-02
   4.2825326e-02
   1.9364955e-02
   1.0753907e-01
   3.9100766e-02
   4.8749957e-02
   2.2374727e-02
   2.9142221e-02
   5.6167603e-02
   4.4014204e-02
   8.8426955e-03
   2.5007887e-02
   6.3449465e-02
   4.0279325e-02
   9.6465526e-03
   1.9094162e-02
   2.5548726e-02
   3.4892011e-02
   8.1608919e-03
   4.1342270e-02
   3.2988865e-02
   4.2980816e-02
   1.3487755e-02
   2.4453986e-02
   6.0232606e-02
   4.2018849e-02
   9.8400116e-03
   1.9217860e-02
   5.7403054e-02
   4.0268164e-02
   9.6403072e-03
   2.8179795e-02
   2.2996655e-02
   3.9617795e-02
   9.0525113e-03
   3.0006548e-02
   3.1631209e-02
   6.5936595e-02
   1.2831167e-02
   4.1409276e-02
   1.0991519e-01
   7.3582418e-02
   1.4537368e-02
   3.0566212e-02
   7.7082872e-02
   5.5351008e-02
   1.2224368e-02
   5.2951977e-02
   3.5614084e-02
   6.1745759e-02
   1.2335558e-02
   3.2123979e-02
   2.6150245e-02
   8.8169336e-02
   1.6911132e-02
   3.4065418e-02
   8.3422244e-02
   6.7423284e-02
   1.0619493e-02
   2.7605692e-02
   5.2027430e-02
   5.6838673e-02
   1.1458534e-02
   3.8295113e-02
   2.4729993e-02
   6.6547111e-02
   1.0056253e-02
   3.1731047e-02
   2.3097036e-02
   6.6781923e-02
   1.3826906e-02
   3.5596784e-02
   7.6913886e-02
   6.5865174e-02
   7.3415502e-03
   3.0306708e-02
   5.3246260e-02
   4.5660853e-02
   1.0202905e-02
   2.7206145e-02
   2.2019580e-02
   7.4650675e-02
   1.2192432e-02
   3.7145831e-02
   3.0976420e-02
   7.3285900e-02
   1.7389663e-02
   6.4346239e-02
   6.2854387e-02
   8.3092339e-02
   2.8256079e-02
   5.6358382e-02
   6.2352408e-02
   7.3062837e-02
   2.8129946e-02
   5.5123057e-02
   3.6053382e-02
   6.5126806e-02
   2.5700217e-02
   7.4274689e-02
   3.6376648e-02
   8.1860468e-02
   3.8501531e-02
   1.5360714e-01
   8.4221020e-02
   1.4658345e-01
   6.2001280e-02
   1.2838961e-01
   5.1351737e-02
   1.1066621e-01
   6.3827842e-02
   1.0285266e-01
   2.9972877e-02
   7.9280354e-02
   5.5037796e-02
   1.2375903e-01
   5.1969841e-02
   9.0381011e-02
   6.1533157e-02
   6.8627328e-02
   6.8643197e-02
   9.6299917e-02
   2.6093932e-02
   6.2130336e-02
   5.8354523e-02
   6.1531149e-02
   2.4798876e-02
   5.8884215e-02
   4.2658921e-02
   6.2452521e-02
   2.1229556e-02
   6.0283381e-02
   3.7131198e-02
   6.0957845e-02
   2.2323217e-02
   3.9670385e-02
   8.2205303e-02
   8.4655263e-02
   9.2011439e-03
   3.2086879e-02
   6.4180046e-02
   4.4427052e-02
   1.0694682e-02
   2.7788633e-02
   2.7298141e-02
   6.4285144e-02
   1.1768376e-02
   3.8805526e-02
   2.8713271e-02
   5.2308887e-02
   1.1819241e-02
   3.8375866e-02
   8.7610066e-02
   7.5864539e-02
   1.2398948e-02
   2.8018437e-02
   6.4795114e-02
   5.3257383e-02
   1.2560145e-02
   4.1902423e-02
   2.6647590e-02
   6.1134975e-02
   1.0449773e-02
   3.8532030e-02
   3.3274632e-02
   7.2107174e-02
   1.1688503e-02
