   9.8626455e-03
   8.8610221e-03
   6.8317829e-03
   2.8306782e-02
   1.1218067e-02
   9.8421127e-03
   6.7765857e-03
   2.6679445e-02
   1.0100241e-02
   9.6347360e-03
   6.8891197e-03
   2.5223775e-02
   1.5018285e-02
   2.4677848e-02
   4.5038756e-02
   4.1236095e-02
   9.8430654e-03
   8.6483303e-03
   6.3027586e-03
   2.7381208e-02
   1.0534358e-02
   9.4003761e-03
   6.1029261e-03
   2.6087975e-02
   9.7961454e-03
   9.7401114e-03
   6.3792239e-03
   2.4476511e-02
   1.0575037e-02
   1.5733883e-02
   2.7575595e-02
   3.2120112e-02
   9.8975403e-03
   8.0730431e-03
   5.9567248e-03
   2.7874842e-02
   9.6419845e-03
   9.5600300e-03
   5.8379304e-03
   2.5673656e-02
   9.5875608e-03
   9.0170493e-03
   6.4404015e-03
   2.4099592e-02
   8.0987550e-03
   8.7475590e-03
   1.7498748e-02
   2.7668305e-02
   9.6741151e-03
   8.1438990e-03
   7.5478619e-03
   3.1154627e-02
   9.7377962e-03
   9.5313210e-03
   1.0053010e-02
   2.6568864e-02
   1.0150259e-02
   9.1329459e-03
   1.1241292e-02
   2.4412531e-02
   1.6056942e-02
   1.1834516e-02
   2.6436079e-02
   2.9101627e-02
   1.0302952e-02
   7.9268310e-03
   1.1252770e-02
   4.1199919e-02
   1.0690658e-02
   9.4170989e-03
   2.0272370e-02
   2.8799832e-02
   1.1226251e-02
   9.8618036e-03
   2.2047818e-02
   2.6415106e-02
   3.2967597e-02
   1.7603077e-02
   3.3562303e-02
   3.2067671e-02
   9.5199561e-03
   8.3072856e-03
   8.1216283e-03
   3.2734800e-02
   9.8986542e-03
   9.3889534e-03
   1.2056625e-02
   2.6374126e-02
   1.0479034e-02
   9.6473284e-03
   1.3316130e-02
   2.6578309e-02
   1.7321385e-02
   1.1672684e-02
   2.2113826e-02
   2.7815856e-02
   9.6789217e-03
   8.0707362e-03
   6.1383112e-03
   2.6860548e-02
   9.8166363e-03
   9.9367937e-03
   6.6557168e-03
   2.5900852e-02
   9.7336676e-03
   1.0116682e-02
   6.8298760e-03
   2.5435437e-02
   9.0691037e-03
   8.7526767e-03
   1.5834076e-02
   2.7230250e-02
   9.6933860e-03
   8.5204402e-03
   6.3092131e-03
   2.7516073e-02
   1.0743110e-02
   1.0132780e-02
   6.6098180e-03
   2.5382001e-02
   9.6541103e-03
   9.6708275e-03
   7.0581753e-03
   2.5868168e-02
   1.0357472e-02
   1.4451383e-02
   2.3940483e-02
   3.2098457e-02
   6.1381469e-03
   5.7895812e-03
   4.7277361e-03
   1.5499014e-02
   7.2943987e-03
   6.5016425e-03
   5.1648244e-03
   1.4294694e-02
   5.5303001e-03
   7.3488364e-03
   5.4593654e-03
   1.4995503e-02
   1.7650163e-02
   3.3533584e-02
   5.1672146e-02
   4.4239108e-02
   5.7379119e-03
   5.5434066e-03
   4.1409065e-03
   1.5618871e-02
   6.1046304e-03
   6.9399518e-03
   4.6552964e-03
   1.4793264e-02
   5.5941609e-03
   6.8222024e-03
   4.7690668e-03
   1.4377290e-02
   1.0567131e-02
   2.2220997e-02
   3.4665998e-02
   3.0497780e-02
   5.6280755e-03
   5.1354696e-03
   4.0472480e-03
   1.5539334e-02
   5.5044913e-03
   6.5067913e-03
   4.7588651e-03
   1.4890679e-02
   4.9810000e-03
   6.1164764e-03
   4.5957440e-03
   1.4392594e-02
   6.7086862e-03
   1.2141841e-02
   2.3115437e-02
   1.9417262e-02
   6.4733345e-03
   5.0728847e-03
   7.1898415e-03
   2.2739016e-02
   6.2286272e-03
   6.1095064e-03
   1.1128000e-02
   1.7811639e-02
   6.5250359e-03
   6.2808571e-03
   1.3038139e-02
   1.5159841e-02
   1.6070634e-02
   1.7399585e-02
   3.6830522e-02
   2.3165382e-02
   8.1349565e-03
   5.1581450e-03
   1.5069271e-02
   3.9620448e-02
   8.6914748e-03
   6.7707556e-03
   2.6647609e-02
   2.6005758e-02
   8.4077381e-03
   6.9516152e-03
   3.2982621e-02
   1.9753249e-02
   3.5893314e-02
   2.4928709e-02
   4.9041249e-02
   2.7997879e-02
   6.1452338e-03
   5.2906061e-03
   9.2241671e-03
   2.4953928e-02
   6.8676043e-03
   7.4061705e-03
   1.4114726e-02
   1.8809270e-02
   6.9585568e-03
   6.8653012e-03
   1.7387306e-02
   1.7105516e-02
   1.9169100e-02
   1.6070919e-02
   3.1515054e-02
   2.2182144e-02
   5.4444391e-03
   5.5983285e-03
   4.5363633e-03
   1.4551902e-02
   5.8091767e-03
   7.8952219e-03
   5.2877427e-03
   1.4600649e-02
   5.9559830e-03
   7.3456303e-03
   5.8223107e-03
   1.4804543e-02
   8.6478470e-03
   1.1113296e-02
   1.8728970e-02
   1.9587180e-02
   5.6532528e-03
   5.3334795e-03
   4.4238395e-03
   1.4562051e-02
   6.7902249e-03
   6.8547726e-03
   5.1107933e-03
   1.4245434e-02
   5.1278532e-03
   7.1170218e-03
   5.7991245e-03
   1.4964606e-02
   1.0484189e-02
   1.8462235e-02
   2.9099958e-02
   2.7460709e-02
   4.6077967e-03
   4.8444094e-03
   4.7865086e-03
   9.3270922e-03
   5.8352421e-03
   5.8962838e-03
   4.2550364e-03
   9.6084448e-03
   4.1020308e-03
   6.5520261e-03
   4.7436650e-03
   9.1612469e-03
   2.6129173e-02
   6.2679440e-02
   8.6547121e-02
   6.4522937e-02
   4.3568253e-03
   3.7840656e-03
   3.7231697e-03
   9.0409266e-03
   4.3816743e-03
   5.8132447e-03
   4.2691566e-03
   9.8967031e-03
   3.6238616e-03
   6.7641367e-03
   4.9248911e-03
   1.0762979e-02
   1.4127927e-02
   3.7752017e-02
   6.0808301e-02
   3.9984189e-02
   4.0037418e-03
   3.2466678e-03
   3.6687211e-03
   1.0499331e-02
   3.6088086e-03
   5.0129755e-03
   4.1803541e-03
   1.0193915e-02
   3.4191564e-03
   6.6421637e-03
   4.6022991e-03
   9.6263345e-03
   8.3359573e-03
   2.2685973e-02
   3.5960376e-02
   2.2127815e-02
   6.2595597e-03
   3.6557582e-03
   1.0321724e-02
   2.1738095e-02
   5.6942580e-03
   5.1446781e-03
   1.4969201e-02
   1.6111771e-02
   5.9169712e-03
   6.7053637e-03
   1.7804455e-02
   1.4559760e-02
   2.6260281e-02
   3.1549118e-02
   5.9037883e-02
   2.5689065e-02
   1.0083345e-02
   4.0914756e-03
   2.7201647e-02
   4.9424239e-02
   9.5125102e-03
   6.1954618e-03
   3.9335962e-02
   3.6791496e-02
   9.3924375e-03
   7.0740026e-03
   4.7324687e-02
   2.8017826e-02
   6.3138157e-02
   3.8835667e-02
   8.1223175e-02
   3.0767696e-02
   5.4055192e-03
   4.0536327e-03
   1.3995688e-02
   2.4507431e-02
   5.4800813e-03
   5.7121585e-03
   1.9513754e-02
   2.1224845e-02
   6.0524950e-03
   6.7678872e-03
   2.3776611e-02
   1.5615099e-02
   3.3262879e-02
   2.6805216e-02
   5.0409082e-02
   2.4114765e-02
   3.6953641e-03
   3.8571318e-03
   4.2180535e-03
   9.2913788e-03
   4.0648561e-03
   6.6101113e-03
   4.8882463e-03
   1.0664007e-02
   3.7781016e-03
   6.0816170e-03
   6.1164903e-03
   8.6766435e-03
   1.0469598e-02
   1.7403457e-02
   3.0820720e-02
   2.0793216e-02
   4.2302432e-03
   3.7604836e-03
   4.0847105e-03
   9.7072227e-03
   5.3051347e-03
   6.0951565e-03
   4.2109974e-03
   8.7007461e-03
   3.2178219e-03
   5.9952098e-03
   4.8381626e-03
   9.3652299e-03
   1.3897522e-02
   3.3923354e-02
   4.8676960e-02
   3.5590194e-02
   4.9394402e-03
   5.1974081e-03
   5.5783242e-03
   8.0392137e-03
   5.1526674e-03
   7.0353951e-03
   4.0221168e-03
   6.4659058e-03
   6.3208505e-03
   6.8422700e-03
   4.8115198e-03
   8.1582824e-03
   4.2841382e-02
   8.4708340e-02
   1.3102484e-01
   9.8453894e-02
   3.7377663e-03
   3.2793952e-03
   3.9687930e-03
   5.9531960e-03
   3.7356203e-03
   6.4643174e-03
   4.4979276e-03
   8.3604399e-03
   3.5534445e-03
   7.5208847e-03
   6.2808329e-03
   1.0125000e-02
   2.2757793e-02
   5.6772385e-02
   9.6632466e-02
   6.5572932e-02
   3.0754493e-03
   2.7113524e-03
   3.7934533e-03
   8.4494473e-03
   3.4808794e-03
   5.5265292e-03
   3.4394690e-03
   7.2834403e-03
   3.0423081e-03
   6.6232942e-03
   6.3385479e-03
   9.1681341e-03
   1.1458587e-02
   3.8643003e-02
   5.8098845e-02
   3.6567923e-02
   8.9916904e-03
   2.9398100e-03
   1.8699149e-02
   3.1749256e-02
   8.7698335e-03
   4.3212241e-03
   2.1819141e-02
   2.4236256e-02
   9.3212388e-03
   8.4064798e-03
   2.7745889e-02
   2.1977996e-02
   3.7605926e-02
   5.1802337e-02
   7.8249939e-02
   4.0382303e-02
   1.7852940e-02
   3.6025785e-03
   5.3272393e-02
   8.2412697e-02
   1.7700387e-02
   6.1820108e-03
   6.3586473e-02
   6.9719553e-02
   1.7953802e-02
   8.3641391e-03
   7.0794299e-02
   5.2673083e-02
   8.5985780e-02
   5.7596780e-02
   1.1017324e-01
   4.6917725e-02
   6.9856904e-03
   4.3777698e-03
   2.4615008e-02
   3.7337579e-02
   7.9374453e-03
   5.7148933e-03
   2.9727424e-02
   3.1622510e-02
   9.9939657e-03
   8.7847887e-03
   3.7036769e-02
   2.7921937e-02
   4.4380281e-02
   4.1387122e-02
   7.7340722e-02
   3.6673892e-02
   2.6268358e-03
   3.5686668e-03
   4.1512172e-03
   6.6609685e-03
   3.3748981e-03
   6.8402663e-03
   5.3899703e-03
   8.6219953e-03
   3.5872264e-03
   6.4129583e-03
   8.0354344e-03
   8.6482167e-03
   1.3664309e-02
   2.5054827e-02
   5.3128622e-02
   2.8918680e-02
   4.7935261e-03
   3.7975709e-03
   4.2167264e-03
   5.3521465e-03
   3.7948550e-03
   6.3844873e-03
   4.0735984e-03
   6.8294285e-03
   3.9748661e-03
   7.0388732e-03
   6.0590454e-03
   9.6427118e-03
   2.0799415e-02
   5.5898692e-02
   7.8844987e-02
   6.6444628e-02
