   4.8240662e-02
   5.3348999e-02
   5.4616164e-02
   2.3814054e-02
   5.7650801e-02
   1.1474641e-01
   7.5667143e-02
   1.9766502e-02
   4.5541458e-02
   8.8776827e-02
   5.9635397e-02
   2.5560819e-02
   4.2772006e-02
   1.1611066e-01
   1.0814586e-01
   3.6727872e-02
   3.7309159e-02
   3.0130602e-02
   3.2946154e-02
   1.6996969e-02
   4.3714549e-02
   5.9681296e-02
   4.0888019e-02
   1.7974267e-02
   4.2847779e-02
   4.4934820e-02
   3.5069767e-02
   2.6124818e-02
   4.2558074e-02
   6.3348226e-02
   5.7786833e-02
   3.5159200e-02
   3.9794385e-02
   1.5986336e-02
   2.2578230e-02
   1.5050888e-02
   5.4749541e-02
   2.3576254e-02
   2.0788755e-02
   2.0319944e-02
   7.3049672e-02
   1.9703563e-02
   1.9970706e-02
   2.7461223e-02
   9.3104348e-02
   4.2964861e-02
   2.7416518e-02
   3.7418835e-02
   1.0912429e-01
   3.5430420e-02
   2.9085217e-02
   1.7366625e-02
   1.4539357e-01
   4.5050308e-02
   2.5473487e-02
   3.1786937e-02
   1.6672969e-01
   4.3615971e-02
   3.3237297e-02
   4.0538270e-02
   1.5011978e-01
   1.1245839e-01
   4.0838510e-02
   5.4669902e-02
   8.4959276e-02
   5.0379749e-02
   4.8624814e-02
   1.8615007e-02
   8.9394748e-02
   5.4834619e-02
   4.2133979e-02
   2.4091819e-02
   9.3027718e-02
   5.4074224e-02
   6.3658431e-02
   3.5211187e-02
   6.7660071e-02
   9.8267756e-02
   6.6240087e-02
   6.0214240e-02
   3.2465283e-02
   2.4137046e-02
   3.8862064e-02
   1.8822113e-02
   3.4101021e-02
   2.7406741e-02
   3.3111483e-02
   1.9741837e-02
   4.4459451e-02
   2.5115564e-02
   4.2822611e-02
   2.9429769e-02
   4.2107869e-02
   4.4179682e-02
   4.4666886e-02
   4.7021769e-02
   3.4919862e-02
   1.7237131e-02
   2.2379480e-02
   1.5007460e-02
   3.8927197e-02
   2.2349060e-02
   2.0062048e-02
   1.7207727e-02
   4.5607340e-02
   1.9305728e-02
   2.0473618e-02
   2.6140925e-02
   4.1706312e-02
   3.6179092e-02
   2.8883200e-02
   4.1772377e-02
   3.7205879e-02
   2.6827367e-02
   3.0790519e-02
   1.6955033e-02
   4.9780391e-02
   5.0293673e-02
   3.8533699e-02
   1.7366895e-02
   4.6284635e-02
   4.0285293e-02
   3.0458806e-02
   2.5398856e-02
   4.3010570e-02
   6.0413800e-02
   5.3957976e-02
   3.8577575e-02
   4.1505393e-02
   7.5351886e-02
   7.9227343e-02
   3.3135220e-02
   4.8174322e-02
   1.3359433e-01
   9.3138181e-02
   2.0159023e-02
   3.0363543e-02
   9.9076971e-02
   6.8632148e-02
   1.5800927e-02
   3.1380560e-02
   1.7650917e-01
   1.6332842e-01
   2.2434052e-02
   2.9299634e-02
   4.1830461e-02
   4.3326102e-02
   1.8893788e-02
   3.8402960e-02
   7.0574507e-02
   5.0042439e-02
   1.5317451e-02
   3.0529121e-02
   4.8942424e-02
   3.8001005e-02
   1.4816464e-02
   3.5066947e-02
   9.4752237e-02
   8.3077662e-02
   1.9729922e-02
   4.9254667e-02
   1.9844871e-02
   2.4173982e-02
   1.3827000e-02
   7.7613294e-02
   3.2315657e-02
   2.1974212e-02
   1.7732561e-02
   1.0409410e-01
   2.4390996e-02
   2.2157939e-02
   1.7950427e-02
   1.4111921e-01
   5.0880466e-02
   2.7642345e-02
   2.1182492e-02
   1.7721353e-01
   5.6669008e-02
   3.4360118e-02
   1.9406617e-02
   2.3661339e-01
   6.7116395e-02
   2.8434934e-02
   3.5727356e-02
   2.6983550e-01
   6.4511128e-02
   3.9747529e-02
   3.2375075e-02
   2.4091138e-01
   1.2219831e-01
   4.8199199e-02
   3.1287692e-02
   1.3891500e-01
   8.4016114e-02
   7.1746953e-02
   2.1803647e-02
   1.3647617e-01
   8.7286144e-02
   6.5925941e-02
   2.3040170e-02
   1.3840871e-01
   7.8008905e-02
   8.6716339e-02
   2.4801152e-02
   9.2858858e-02
   1.1598928e-01
   8.6254351e-02
   3.5713986e-02
   3.3593360e-02
   3.0271504e-02
   5.5223539e-02
   2.1071542e-02
   3.2269970e-02
   3.5259083e-02
   5.0781500e-02
   1.6262647e-02
   4.2614628e-02
   3.0056531e-02
   5.6359909e-02
   1.7709916e-02
   3.8605127e-02
   5.2641671e-02
   5.3100288e-02
   3.1667177e-02
   2.1857820e-02
   1.6839532e-02
   2.3837555e-02
   1.4571037e-02
   2.4444152e-02
   2.6655745e-02
   2.3591809e-02
   1.2069404e-02
   2.9924853e-02
   1.9795585e-02
   2.2597440e-02
   1.5355367e-02
   3.2317709e-02
   3.6121372e-02
   3.1661149e-02
   2.6686745e-02
   2.6747592e-02
   3.4292299e-02
   4.0429823e-02
   1.8255776e-02
   3.2624301e-02
   5.6701023e-02
   4.5059633e-02
   1.3074662e-02
   2.8534759e-02
   4.2885058e-02
   3.2224361e-02
   1.4565535e-02
   3.1527251e-02
   7.5929113e-02
   6.6259712e-02
   2.3834642e-02
   6.3857496e-02
   1.1533727e-01
   1.2484431e-01
   6.0101066e-02
   6.5984719e-02
   2.1127471e-01
   1.7056505e-01
   3.3943690e-02
   4.0655561e-02
   1.4250478e-01
   9.2613347e-02
   1.1880105e-02
   3.7531141e-02
   2.7772182e-01
   2.7128142e-01
   1.3215040e-02
   4.3945167e-02
   6.1442971e-02
   6.2097728e-02
   3.2451533e-02
   5.8431067e-02
   1.0084595e-01
   9.0272970e-02
   2.5949921e-02
   4.1477323e-02
   6.7557797e-02
   5.0353404e-02
   9.0780379e-03
   5.0242752e-02
   1.3902061e-01
   1.3010094e-01
   1.2340159e-02
   6.1269678e-02
   3.0382367e-02
   3.0107632e-02
   1.9929046e-02
   9.9245310e-02
   4.3714166e-02
   3.0288633e-02
   2.4717668e-02
   1.2788737e-01
   2.8481012e-02
   2.5460934e-02
   1.9602237e-02
   1.9352323e-01
   3.6259063e-02
   2.8669093e-02
   1.4279141e-02
   2.1676442e-01
   9.1688156e-02
   4.8402410e-02
   2.9480638e-02
   2.5914627e-01
   8.9474179e-02
   3.4951616e-02
   6.0150050e-02
   2.8586751e-01
   7.3049426e-02
   4.9760483e-02
   4.5851298e-02
   2.9499671e-01
   7.7144176e-02
   6.1375692e-02
   2.7889941e-02
   1.8503198e-01
   1.4125428e-01
   1.1278205e-01
   3.0733623e-02
   1.4618175e-01
   1.2278379e-01
   9.3257084e-02
   3.5117421e-02
   1.3882594e-01
   9.1319315e-02
   1.0619178e-01
   2.8406562e-02
   1.0672220e-01
   9.6208826e-02
   1.1321564e-01
   3.0009989e-02
   4.9343556e-02
   4.5780767e-02
   8.8163927e-02
   2.8219579e-02
   4.9394354e-02
   4.0248360e-02
   7.3172368e-02
   2.1275841e-02
   6.2868565e-02
   3.7317917e-02
   6.7224301e-02
   1.3862866e-02
   5.3294588e-02
   4.6836447e-02
   6.5921113e-02
   2.3365647e-02
   2.9372886e-02
   2.1970158e-02
   3.6202844e-02
   2.0773262e-02
   3.4245301e-02
   2.6561931e-02
   3.6454104e-02
   1.5062806e-02
   3.9924975e-02
   2.3469836e-02
   2.7353916e-02
   1.0599821e-02
   4.6817932e-02
   3.2887425e-02
   3.1418484e-02
   1.9763030e-02
   3.6711697e-02
   4.8045151e-02
   5.7669621e-02
   3.0494988e-02
   4.3953087e-02
   7.9352215e-02
   7.7415228e-02
   1.9736852e-02
   3.3118878e-02
   5.8640227e-02
   4.1379314e-02
   9.4208419e-03
   4.0121384e-02
   1.1529829e-01
   1.0214692e-01
   1.4171625e-02
   8.4756047e-02
   1.7954005e-01
   2.4031392e-01
   1.2541242e-01
   8.7091550e-02
   2.7156958e-01
   2.4170570e-01
   6.2100887e-02
   5.4981656e-02
   2.0295365e-01
   1.4331499e-01
   1.3635204e-02
   4.8176780e-02
   8.9176789e-02
   8.1934333e-02
   9.4217826e-03
   6.3877858e-02
   9.0338491e-02
   1.1395551e-01
   6.3790135e-02
   7.2139435e-02
   1.2051291e-01
   1.3745512e-01
   4.9325630e-02
   4.9950860e-02
   9.3149707e-02
   7.9171076e-02
   9.2779892e-03
   5.9377983e-02
   4.6795208e-02
   4.4625718e-02
   9.7332243e-03
   5.0908729e-02
   4.2456139e-02
   4.3026596e-02
   3.4039345e-02
   7.0000052e-02
   4.5967277e-02
   3.8326867e-02
   4.0439468e-02
   8.3615415e-02
   3.3781201e-02
   2.7003510e-02
   3.1904869e-02
   1.2839232e-01
   2.7497450e-02
   2.7434533e-02
   1.2849720e-02
   1.3924627e-01
   1.0743575e-01
   6.0042631e-02
   4.5451388e-02
   1.2699118e-01
   1.0249095e-01
   3.9543808e-02
   1.0854744e-01
   1.2306169e-01
   8.0772825e-02
   5.5785015e-02
   8.0254301e-02
   1.5658224e-01
   9.7112469e-02
   8.0716603e-02
   2.5564589e-02
   1.5472165e-01
   1.7712891e-01
   1.2542816e-01
   4.5995630e-02
   8.5091829e-02
   1.4810717e-01
   1.0916959e-01
   6.0000103e-02
   7.7226207e-02
   9.7479984e-02
   1.1039970e-01
   4.3124333e-02
   6.7389652e-02
   1.0622167e-01
   1.3283432e-01
   3.5004403e-02
   5.1227700e-02
   5.7827346e-02
   9.1075636e-02
   3.8127873e-02
   6.0682386e-02
   3.7107587e-02
   8.1290267e-02
   3.2205619e-02
   5.3014912e-02
   3.6791038e-02
   6.0798518e-02
   1.4100771e-02
   6.8082161e-02
   5.1477376e-02
   7.3071398e-02
   2.1000642e-02
   3.6406323e-02
   2.7195008e-02
   4.3999292e-02
   3.7442278e-02
   4.8169233e-02
   2.1010321e-02
   4.1924071e-02
   2.0607071e-02
   4.0069841e-02
   2.3307743e-02
   2.7057279e-02
   8.9639444e-03
   5.4011181e-02
   2.8597046e-02
   2.4063427e-02
   1.4673161e-02
   5.4807674e-02
   7.3894173e-02
   1.0443012e-01
   6.1740495e-02
   5.8149133e-02
   9.8179825e-02
   1.1722061e-01
   3.2726623e-02
   5.3433202e-02
   9.0767398e-02
   6.3991316e-02
   9.4736861e-03
   5.2543584e-02
   5.8977369e-02
   3.8510315e-02
   9.2095686e-03
