   2.6971327e-02
   9.0500498e-03
   3.4800440e-02
   8.8589545e-03
   4.0832717e-02
   1.7175717e-02
   3.4330614e-02
   1.2026226e-02
   1.1829797e-01
   1.0109692e-01
   1.0754715e-01
   6.4071074e-02
   4.5775224e-02
   4.2555060e-02
   4.8490670e-02
   4.7920294e-02
   3.7424747e-02
   7.0943069e-03
   2.2308940e-02
   8.6266110e-03
   4.3433812e-02
   1.2409771e-02
   1.8706664e-02
   1.1386872e-02
   5.1218238e-02
   4.4031307e-02
   4.8915256e-02
   3.3223253e-02
   2.1982651e-02
   1.9485544e-02
   2.4561757e-02
   2.2936188e-02
   4.4629924e-02
   6.0849665e-03
   1.6799385e-02
   8.3085485e-03
   2.7907906e-02
   1.0374907e-02
   1.1525794e-02
   1.1354478e-02
   2.0774851e-02
   1.4615700e-02
   1.3563440e-02
   1.4590756e-02
   1.0990604e-02
   7.8296661e-03
   1.0270701e-02
   1.0837442e-02
   2.9494254e-02
   9.1980044e-03
   2.9007483e-02
   1.0358478e-02
   2.6870245e-02
   2.2310788e-02
   1.7531341e-02
   1.4408840e-02
   2.0222917e-02
   1.5342368e-02
   1.3126274e-02
   1.4683870e-02
   1.1215120e-02
   7.5098006e-03
   1.1766740e-02
   1.1345428e-02
   2.9626815e-02
   1.6253857e-02
   5.5039838e-02
   1.5267808e-02
   3.2316610e-02
   4.4786114e-02
   3.5794254e-02
   2.0782601e-02
   2.2080338e-02
   1.9361692e-02
   1.3578699e-02
   1.6994473e-02
   1.1528492e-02
   7.9621784e-03
   1.6670141e-02
   1.0366892e-02
   2.2964228e-02
   9.5179267e-03
   3.0068362e-02
   1.1029964e-02
   2.7118975e-02
   2.2055054e-02
   2.5060363e-02
   1.4558129e-02
   2.1049563e-02
   1.5765708e-02
   1.2144226e-02
   1.3984829e-02
   1.1192243e-02
   8.1947139e-03
   1.1889303e-02
   9.7184796e-03
   2.1365104e-02
   6.2674782e-03
   1.7078193e-02
   9.0011442e-03
   2.2183988e-02
   1.0823675e-02
   1.2833363e-02
   1.1806712e-02
   2.1321010e-02
   1.6841497e-02
   1.2595980e-02
   1.3868634e-02
   1.0798692e-02
   7.5518005e-03
   9.4436863e-03
   9.7991098e-03
   2.3730515e-02
   6.5360693e-03
   2.2529889e-02
   8.7957876e-03
   2.5533188e-02
   1.2106061e-02
   1.9112425e-02
   1.2080938e-02
   5.6074385e-02
   4.7054503e-02
   4.4429764e-02
   3.1192821e-02
   2.1083720e-02
   1.8278234e-02
   2.1366417e-02
   2.0856872e-02
   3.2873448e-02
   1.3017370e-02
   3.4136951e-02
   6.3356827e-03
   5.4655317e-02
   1.8428501e-02
   4.6723813e-02
   7.5419340e-03
   1.3463376e-01
   1.2334788e-01
   1.3262224e-01
   6.6290274e-02
   6.9955431e-02
   6.9211833e-02
   7.6112621e-02
   7.5569130e-02
   5.3566150e-02
   9.2460755e-03
   2.3459557e-02
   5.8432687e-03
   5.8817916e-02
   1.3517006e-02
   2.3833839e-02
   6.8390705e-03
   5.7724271e-02
   5.1430464e-02
   6.3459493e-02
   3.1870231e-02
   2.9148763e-02
   2.8946994e-02
   3.4997582e-02
   3.2998204e-02
   6.4247198e-02
   6.7067514e-03
   1.8166406e-02
   5.4411842e-03
   3.7479255e-02
   1.1119388e-02
   1.2874859e-02
   7.1528386e-03
   2.1297798e-02
   1.6334290e-02
   1.6016167e-02
   1.1243722e-02
   6.6543706e-03
   6.5327389e-03
   1.0280894e-02
   6.6972016e-03
   4.0845506e-02
   1.1621285e-02
   3.2061089e-02
   8.3940979e-03
   3.5668124e-02
   2.6150461e-02
   2.2555819e-02
   1.2559393e-02
   2.0098096e-02
   1.7829863e-02
   1.2827408e-02
   1.1854152e-02
   6.4843656e-03
   5.6893588e-03
   1.0014521e-02
   5.9367828e-03
   3.5961989e-02
   2.2834659e-02
   6.6004030e-02
   1.5277942e-02
   4.1785922e-02
   5.1593069e-02
   4.5782138e-02
   2.1977985e-02
   2.4465356e-02
   2.1995485e-02
   1.2211001e-02
   1.5802981e-02
   7.8372285e-03
   6.0600867e-03
   1.4846406e-02
   6.0631912e-03
   2.6910538e-02
   1.1766604e-02
   3.4220200e-02
   9.2234621e-03
   3.2307051e-02
   2.5093030e-02
   3.2891806e-02
   1.2788414e-02
   2.0938518e-02
   1.8267691e-02
   1.0733391e-02
   1.1533253e-02
   6.7551392e-03
   5.6628939e-03
   1.1269567e-02
   6.5651629e-03
   2.3309443e-02
   6.3771890e-03
   1.8374875e-02
   6.5425024e-03
   2.6677154e-02
   1.1254524e-02
   1.4040511e-02
   7.8420797e-03
   2.3001773e-02
   1.9429589e-02
   1.2160180e-02
   1.1930062e-02
   6.8926844e-03
   5.7210936e-03
   9.9524027e-03
   6.8120677e-03
   2.7341155e-02
   8.6751105e-03
   2.2775082e-02
   6.2571461e-03
   3.1908419e-02
   1.2702771e-02
   2.4123024e-02
   7.7427514e-03
   6.5687083e-02
   5.7758465e-02
   5.4693043e-02
   2.9265346e-02
   2.6597030e-02
   2.6112016e-02
   3.0661741e-02
   2.7185431e-02
   5.3868931e-02
   1.2265347e-02
   2.2859525e-02
   5.4661743e-03
   9.1789789e-02
   2.4229810e-02
   6.5777883e-02
   6.5238988e-03
   2.1814810e-01
   1.5685967e-01
   1.7813560e-01
   1.0882916e-01
   1.1588416e-01
   1.2048897e-01
   1.2571132e-01
   1.3285410e-01
   9.3448751e-02
   1.0732336e-02
   2.0475425e-02
   4.2783306e-03
   9.1639340e-02
   1.8774007e-02
   3.8323544e-02
   5.1942538e-03
   9.3659252e-02
   6.5606438e-02
   8.4758349e-02
   4.7213085e-02
   4.7796670e-02
   4.9340997e-02
   5.5844497e-02
   5.5767719e-02
   9.3443498e-02
   8.1353169e-03
   1.8078841e-02
   3.9213076e-03
   5.7085253e-02
   1.5321088e-02
   2.0197842e-02
   5.6455280e-03
   2.5972623e-02
   1.8644921e-02
   2.0836433e-02
   1.0696934e-02
   6.1886515e-03
   7.8175468e-03
   1.3500050e-02
   6.0189841e-03
   6.2448151e-02
   1.6959770e-02
   3.4753680e-02
   9.4390865e-03
   5.1478114e-02
   3.5505522e-02
   2.9433461e-02
   1.2361843e-02
   2.5800772e-02
   1.9135796e-02
   1.5512865e-02
   1.1834038e-02
   4.7860416e-03
   5.4801591e-03
   1.1348256e-02
   4.4989856e-03
   5.9550818e-02
   3.5804667e-02
   7.4302562e-02
   2.1852516e-02
   6.4852789e-02
   6.6110738e-02
   5.8331788e-02
   2.5489340e-02
   3.3230469e-02
   2.6427438e-02
   1.5519129e-02
   1.6259406e-02
   6.9845151e-03
   4.9472167e-03
   1.7063325e-02
   5.4557696e-03
   4.6421416e-02
   1.7447889e-02
   3.8705491e-02
   1.1337695e-02
   5.3275343e-02
   3.1664524e-02
   4.5402255e-02
   1.3293684e-02
   2.7702188e-02
   2.1916471e-02
   1.2230903e-02
   1.1878122e-02
   5.7617449e-03
   4.7719791e-03
   1.2302332e-02
   5.5046980e-03
   4.3058492e-02
   8.7995585e-03
   2.1196641e-02
   5.0576893e-03
   4.3407023e-02
   1.4502926e-02
   2.0794576e-02
   6.2724873e-03
   2.6715174e-02
   2.4235396e-02
   1.5624939e-02
   1.1288467e-02
   6.6757021e-03
   5.8367355e-03
   1.3464354e-02
   6.0329828e-03
   4.7792278e-02
   1.0649743e-02
   1.9007256e-02
   5.1736510e-03
   4.8858497e-02
   1.7939875e-02
   3.4986462e-02
   6.8604597e-03
   9.7735256e-02
   7.2195038e-02
   7.3643379e-02
   4.1582547e-02
   4.1796874e-02
   4.4481900e-02
   4.7631625e-02
   4.6579413e-02
   8.3758332e-02
   1.8274486e-02
   2.5471075e-02
   5.7533705e-03
   1.2803172e-01
   3.4204848e-02
   1.0297882e-01
   7.6935538e-03
   2.2084977e-01
   1.6377839e-01
   1.6015439e-01
   1.1595906e-01
   1.7657600e-01
   1.8202488e-01
   1.8499158e-01
   1.9106196e-01
   1.3774814e-01
   1.9933466e-02
   2.8090775e-02
   5.1433165e-03
   9.4373338e-02
   3.1244151e-02
   7.0477866e-02
   6.6378112e-03
   1.0508493e-01
   6.8527520e-02
   8.4392287e-02
   5.3523138e-02
   7.0505090e-02
   7.4210726e-02
   7.6885372e-02
   7.8387298e-02
   1.1252162e-01
   1.4956380e-02
   2.1926219e-02
   4.4947607e-03
   5.8624085e-02
   2.3507161e-02
   3.1697612e-02
   6.1554904e-03
   2.8158719e-02
   2.1631977e-02
   2.6379984e-02
   1.3437869e-02
   6.7095985e-03
   9.1329627e-03
   1.2956800e-02
   8.6077312e-03
   7.1367592e-02
   2.8764203e-02
   3.8438223e-02
   1.0246256e-02
   5.5698700e-02
   5.3766269e-02
   3.4027614e-02
   1.4376730e-02
   3.1152137e-02
   2.6228273e-02
   1.9127203e-02
   1.2832579e-02
   5.2635656e-03
   7.1625677e-03
   1.1986001e-02
   5.6586033e-03
   7.7998511e-02
   6.3082822e-02
   7.3793344e-02
   2.2482609e-02
   6.2397812e-02
   1.0240825e-01
   8.1217319e-02
   2.9401690e-02
   3.1922501e-02
   4.0515795e-02
   2.3145584e-02
   1.7846407e-02
   8.5472753e-03
   8.3543099e-03
   1.8018812e-02
   5.8577373e-03
   6.3413806e-02
   3.0207835e-02
   3.7898224e-02
   1.0360140e-02
   5.9835661e-02
   4.7986194e-02
   5.7350215e-02
   1.6192894e-02
   3.2381520e-02
   3.0220482e-02
   1.9608859e-02
   1.4919637e-02
   5.9969844e-03
   7.7685816e-03
   1.3400744e-02
   6.1035450e-03
   6.6283636e-02
   1.5712960e-02
   2.0787755e-02
   5.8574891e-03
   5.3219721e-02
   1.9271873e-02
   3.6840502e-02
   7.1606366e-03
   3.1544156e-02
   3.1500805e-02
   2.3225453e-02
   1.4256632e-02
   6.7799371e-03
   7.3680785e-03
   1.1909772e-02
   7.5468840e-03
   6.3322149e-02
   1.9695126e-02
   1.8546518e-02
   7.5132428e-03
   7.1441129e-02
   2.3601681e-02
   6.3259937e-02
   8.0618449e-03
   1.0511328e-01
   7.4524865e-02
   7.5920224e-02
   4.4790383e-02
   6.5505423e-02
   6.7114361e-02
   6.8258971e-02
   6.9531515e-02
