   3.7178885e-02
   4.0934332e-02
   5.0266661e-02
   1.3661412e-02
   6.3662693e-02
   8.0225423e-02
   6.3516453e-02
   1.0885216e-02
   8.5194752e-02
   1.5081179e-01
   9.7408287e-02
   1.0738016e-02
   4.1260630e-02
   9.4848886e-02
   8.2326561e-02
   1.8194420e-02
   6.1665025e-02
   4.4783976e-02
   4.4571627e-02
   1.2524919e-02
   8.6444028e-02
   9.9797010e-02
   3.6038805e-02
   1.0416460e-02
   4.7314871e-02
   8.0410980e-02
   4.3588497e-02
   1.1361303e-02
   3.4302223e-02
   4.3420825e-02
   3.9160386e-02
   1.2266411e-02
   1.0416462e-01
   9.3750499e-02
   4.0934425e-02
   1.2525973e-02
   5.4122545e-02
   1.1547040e-01
   2.3539409e-02
   1.0913797e-02
   4.0374018e-02
   4.6605118e-02
   1.5240960e-02
   1.0632276e-02
   3.2099016e-02
   1.7037271e-02
   1.8252291e-02
   9.2815273e-03
   6.5509692e-02
   1.2376510e-01
   4.7429834e-02
   1.3624373e-02
   3.9507523e-02
   9.2858680e-02
   3.5463892e-02
   1.2807839e-02
   4.5731038e-02
   5.4709300e-02
   2.7819462e-02
   1.2280161e-02
   3.4085464e-02
   1.8487437e-02
   3.5785072e-02
   9.5286723e-03
   4.2374577e-02
   6.0491830e-02
   6.7118607e-02
   1.7548170e-02
   4.8436787e-02
   8.2008630e-02
   6.1881140e-02
   1.5767571e-02
   5.6453973e-02
   6.9669828e-02
   5.3282879e-02
   1.4666420e-02
   4.2564642e-02
   2.9916292e-02
   4.6129141e-02
   1.2361686e-02
   3.5912719e-02
   4.1860543e-02
   5.7664521e-02
   2.3747185e-02
   3.8367305e-02
   6.4613797e-02
   4.1816533e-02
   1.3095064e-02
   4.4611681e-02
   6.8410113e-02
   2.6389647e-02
   1.1929072e-02
   6.1347701e-02
   4.4311974e-02
   2.2722406e-02
   8.5963104e-03
   3.4775868e-02
   3.8972206e-02
   4.0623739e-02
   2.5810063e-02
   3.3475436e-02
   4.9980823e-02
   2.9561901e-02
   1.2244477e-02
   5.1723532e-02
   8.8097550e-02
   1.8928388e-02
   1.0052320e-02
   1.1318190e-01
   4.3936502e-02
   1.4355891e-02
   7.4856272e-03
   3.4314189e-02
   3.6886193e-02
   4.2807400e-02
   1.5889648e-02
   3.7035968e-02
   5.8689952e-02
   3.9686266e-02
   1.1949169e-02
   9.5436879e-02
   1.2181374e-01
   4.6948235e-02
   9.3621043e-03
   7.6388344e-02
   4.9021374e-02
   3.7004057e-02
   1.0496016e-02
   4.4139206e-02
   4.8014805e-02
   5.5049058e-02
   9.6758753e-03
   9.7580194e-02
   1.0372832e-01
   7.7610366e-02
   7.4522160e-03
   1.2744395e-01
   2.0623986e-01
   1.4319475e-01
   8.3340351e-03
   4.5368303e-02
   1.2432892e-01
   9.9546798e-02
   2.7463868e-02
   9.2690662e-02
   5.7132110e-02
   4.3535788e-02
   9.2092240e-03
   1.3959819e-01
   1.3696007e-01
   4.1985556e-02
   7.1028019e-03
   5.0059501e-02
   1.0174483e-01
   6.0060989e-02
   8.8645713e-03
   3.6364727e-02
   5.7795011e-02
   5.0342694e-02
   1.6493492e-02
   1.7126170e-01
   1.1257301e-01
   3.5671785e-02
   9.0701915e-03
   7.9975851e-02
   1.4335045e-01
   2.7106375e-02
   7.2646420e-03
   4.2001262e-02
   5.4754399e-02
   1.4485615e-02
   8.1694461e-03
   3.2996349e-02
   2.0996479e-02
   2.4465607e-02
   1.0394839e-02
   1.0426956e-01
   1.2532629e-01
   4.5985248e-02
   9.6309902e-03
   4.7774523e-02
   9.5159814e-02
   4.0998854e-02
   1.0108395e-02
   4.8272125e-02
   6.4555980e-02
   3.5702154e-02
   9.7441971e-03
   3.7361518e-02
   2.3466147e-02
   5.5016994e-02
   9.5457714e-03
   5.1666312e-02
   6.3278742e-02
   7.4175812e-02
   1.3283232e-02
   5.3907242e-02
   8.6507834e-02
   7.3284596e-02
   1.2926243e-02
   6.1882444e-02
   7.5004123e-02
   7.3983796e-02
   1.2960348e-02
   4.7527567e-02
   4.2866394e-02
   6.8624228e-02
   1.2047960e-02
   4.1187882e-02
   5.1166877e-02
   6.1049279e-02
   1.9769749e-02
   4.1859925e-02
   6.9808602e-02
   4.7529101e-02
   9.5548918e-03
   5.0554752e-02
   7.6625459e-02
   3.0944256e-02
   9.3147019e-03
   9.0021513e-02
   6.3718744e-02
   2.9512465e-02
   7.2947098e-03
   3.8173769e-02
   4.8343435e-02
   3.9515190e-02
   2.8620649e-02
   3.3115625e-02
   5.7912152e-02
   3.3427753e-02
   1.0275672e-02
   7.4277990e-02
   1.1000595e-01
   1.6611198e-02
   7.1818242e-03
   1.8802190e-01
   6.0321059e-02
   1.8049061e-02
   6.1480002e-03
   3.6438502e-02
   4.3753911e-02
   4.5462530e-02
   1.4394817e-02
   4.0136930e-02
   6.9213882e-02
   4.7738850e-02
   8.9274934e-03
   1.5131816e-01
   1.6142528e-01
   6.5630339e-02
   6.9967173e-03
   1.1820817e-01
   6.5109827e-02
   4.4762097e-02
   1.2206736e-02
   6.9002546e-02
   6.0577251e-02
   6.5265499e-02
   1.0748110e-02
   1.7137390e-01
   8.3031833e-02
   6.7706123e-02
   5.7268669e-03
   1.8848403e-01
   1.1608148e-01
   4.6050400e-02
   8.2747489e-03
   6.9597960e-02
   2.1278776e-01
   1.6421066e-01
   5.6865666e-02
   1.5531796e-01
   5.5191498e-02
   5.4015420e-02
   7.2697066e-03
   2.4180435e-01
   1.1238234e-01
   4.4103306e-02
   5.1266039e-03
   8.0253698e-02
   6.5829866e-02
   2.4314810e-02
   8.2137808e-03
   6.1447207e-02
   9.6032597e-02
   8.5110903e-02
   2.9639391e-02
   2.7551469e-01
   6.6875190e-02
   4.0945966e-02
   6.7920862e-03
   1.3954037e-01
   9.2373081e-02
   3.1315852e-02
   6.2659304e-03
   6.2643014e-02
   5.4315902e-02
   1.3914061e-02
   6.2838690e-03
   5.8520090e-02
   2.6416499e-02
   3.1524047e-02
   1.2364551e-02
   1.3802715e-01
   7.9097077e-02
   6.1890703e-02
   7.4522225e-03
   7.0971973e-02
   6.6083334e-02
   4.4446889e-02
   8.4544532e-03
   6.4075984e-02
   5.6227457e-02
   4.8197459e-02
   1.2139783e-02
   6.4219639e-02
   3.1177400e-02
   7.0807993e-02
   1.1491760e-02
   7.1544103e-02
   6.6340230e-02
   1.0269634e-01
   1.5322434e-02
   6.2582299e-02
   1.0102648e-01
   9.2614152e-02
   1.3981002e-02
   6.4810164e-02
   7.5757585e-02
   1.0695724e-01
   2.0491805e-02
   7.5264819e-02
   5.8793876e-02
   9.5776379e-02
   1.7900528e-02
   6.7423038e-02
   5.2029159e-02
   8.5510187e-02
   2.8629672e-02
   5.9263978e-02
   7.0844464e-02
   6.1316174e-02
   9.1609079e-03
   6.7005746e-02
   5.6285374e-02
   4.3047402e-02
   1.0731034e-02
   1.3292576e-01
   7.4221201e-02
   3.9567176e-02
   9.1146296e-03
   6.0748398e-02
   5.4535400e-02
   5.1482793e-02
   5.2323855e-02
   5.3312443e-02
   6.1838329e-02
   4.1819692e-02
   1.0734070e-02
   1.1117858e-01
   8.5977681e-02
   1.0461763e-02
   6.8955095e-03
   2.6785520e-01
   6.3689381e-02
   2.5796292e-02
   6.3714813e-03
   5.7065506e-02
   6.1493278e-02
   6.0703997e-02
   2.2575948e-02
   7.0716925e-02
   5.3751811e-02
   5.2012391e-02
   8.6163823e-03
   2.2357389e-01
   1.2178257e-01
   2.3625266e-02
   6.3135587e-03
   1.7960270e-01
   9.6336365e-02
   7.2762236e-02
   2.2286920e-02
   9.1998570e-02
   7.6434575e-02
   9.5818646e-02
   2.1064825e-02
   2.0418203e-01
   4.6059057e-02
   6.5392546e-02
   6.6848421e-03
   2.0846310e-01
   6.4661838e-02
   3.4038328e-02
   7.5102402e-03
   9.7221009e-02
   1.6903566e-01
   1.3043897e-01
   4.2068575e-02
   1.4410393e-01
   5.6184642e-02
   7.9646565e-02
   1.3034549e-02
   2.3776540e-01
   5.7878513e-02
   5.3697575e-02
   5.3781341e-03
   8.9866728e-02
   3.4127332e-02
   2.0991851e-02
   7.7758934e-03
   9.0744294e-02
   8.8734053e-02
   6.9319330e-02
   2.2899488e-02
   1.6094178e-01
   6.9357984e-02
   6.2736489e-02
   1.0373644e-02
   1.1163983e-01
   4.4627890e-02
   4.5612354e-02
   6.6267420e-03
   7.8379087e-02
   2.5579570e-02
   1.4404906e-02
   7.5222063e-03
   7.0830941e-02
   2.6846809e-02
   3.4442786e-02
   1.6511330e-02
   7.5805634e-02
   8.0673262e-02
   1.1606675e-01
   1.4184061e-02
   5.9232902e-02
   4.9031369e-02
   5.4994438e-02
   1.4871116e-02
   5.9244487e-02
   2.9839722e-02
   5.3264961e-02
   2.4670901e-02
   6.7966871e-02
   3.0489400e-02
   7.9296239e-02
   1.9876754e-02
   9.0151049e-02
   6.9050051e-02
   1.4967705e-01
   3.2155827e-02
   9.5302545e-02
   7.8195691e-02
   9.7033001e-02
   2.8409090e-02
   9.2602663e-02
   5.8355305e-02
   1.1665764e-01
   4.5262892e-02
   1.0562594e-01
   6.6809326e-02
   9.9162467e-02
   3.9697856e-02
   6.6275164e-02
   4.6104591e-02
   1.0448399e-01
   4.9993642e-02
   5.8549996e-02
   5.0955668e-02
   7.9841025e-02
   1.8140666e-02
   6.6023447e-02
   4.2248521e-02
   5.3497918e-02
   1.8775556e-02
   8.5702293e-02
   7.8466132e-02
   4.0241145e-02
   1.8747227e-02
   8.0838166e-02
   6.0238805e-02
   7.2148502e-02
   8.9794978e-02
   7.7497929e-02
   4.8848245e-02
   6.7397788e-02
   1.5216854e-02
   1.0629711e-01
   4.3015465e-02
   1.3043894e-02
   5.6858379e-03
   1.6864754e-01
   5.7731081e-02
   2.4325052e-02
   8.9444695e-03
   7.1827911e-02
   7.2648622e-02
   1.0416029e-01
   3.9881829e-02
   9.2338465e-02
   3.3925805e-02
   7.0841335e-02
   1.2114142e-02
   2.1550107e-01
   6.4529605e-02
   1.8850766e-02
   4.4336966e-03
   1.6043450e-01
   6.9931976e-02
   5.7535082e-02
   1.8678401e-02
