   3.3829499e-02
   2.1183643e-02
   3.3304147e-02
   2.0256842e-02
   3.6339749e-02
   3.1137889e-02
   3.0144587e-02
   1.4736986e-02
   2.5566807e-02
   5.9223264e-02
   6.8548121e-02
   1.6055794e-02
   1.1510327e-02
   3.7439704e-02
   6.1205897e-02
   2.1098187e-02
   3.0024361e-02
   1.4204316e-02
   2.5248213e-02
   1.9827932e-02
   3.5482824e-02
   2.3531217e-02
   2.3184512e-02
   1.4563081e-02
   2.2717504e-02
   4.3855052e-02
   5.5323549e-02
   1.4742336e-02
   1.1739289e-02
   6.1606135e-02
   6.9869615e-02
   2.0402370e-02
   3.0599153e-02
   1.0271097e-02
   2.0445168e-02
   2.1097187e-02
   3.1430557e-02
   2.1689175e-02
   2.3071596e-02
   1.5565416e-02
   2.0762252e-02
   3.6786355e-02
   4.4964269e-02
   1.5233339e-02
   1.2918762e-02
   7.7508248e-02
   7.1416654e-02
   1.9345399e-02
   3.6335532e-02
   1.7963650e-02
   3.0789079e-02
   2.4405265e-02
   3.3320319e-02
   4.1291714e-02
   3.7387576e-02
   1.6878560e-02
   2.2239285e-02
   3.9805297e-02
   5.4510612e-02
   2.0476054e-02
   1.3740659e-02
   5.2512199e-02
   6.8115339e-02
   2.9162448e-02
   4.0596277e-02
   2.3780216e-02
   6.4036444e-02
   3.7386075e-02
   5.6332424e-02
   8.5156083e-02
   5.9520904e-02
   1.8303445e-02
   5.0690327e-02
   4.8553567e-02
   6.4903714e-02
   1.9957092e-02
   2.4731258e-02
   7.4482791e-02
   7.0471443e-02
   2.9021030e-02
   5.5736244e-02
   1.3926241e-02
   4.2290960e-02
   3.4180269e-02
   1.2222201e-01
   5.7813987e-02
   4.3096300e-02
   1.7360551e-02
   1.0025851e-01
   3.9938539e-02
   5.2634727e-02
   1.6485183e-02
   3.7750278e-02
   6.6065185e-02
   6.3086055e-02
   2.1027792e-02
   5.7904039e-02
   1.0744374e-02
   2.1752829e-02
   2.1814721e-02
   7.1963832e-02
   2.3232995e-02
   2.0817356e-02
   1.5423999e-02
   4.6571255e-02
   3.3179458e-02
   4.3349210e-02
   1.4225640e-02
   1.8900044e-02
   8.1069864e-02
   6.7891285e-02
   2.0293009e-02
   3.4031499e-02
   1.4912602e-02
   2.4792526e-02
   2.1246707e-02
   3.5522174e-02
   2.2101935e-02
   2.2478409e-02
   1.4511102e-02
   2.4354277e-02
   4.4882845e-02
   5.1479641e-02
   1.4736419e-02
   1.2082466e-02
   7.6974094e-02
   6.5202087e-02
   2.0801207e-02
   3.9832514e-02
   2.3337558e-02
   3.2674409e-02
   1.2265712e-02
   3.5214685e-02
   3.4804173e-02
   2.4270495e-02
   9.9958330e-03
   2.5767757e-02
   5.6349095e-02
   7.3658392e-02
   1.0357598e-02
   1.0055802e-02
   3.8030453e-02
   5.2602079e-02
   1.3126257e-02
   3.6428869e-02
   1.5334280e-02
   2.3380535e-02
   1.1290949e-02
   3.4312844e-02
   2.9892916e-02
   2.2506265e-02
   9.0515697e-03
   2.1321576e-02
   4.3635160e-02
   6.0072899e-02
   9.6765934e-03
   9.7866394e-03
   6.2304255e-02
   5.4983560e-02
   1.2686250e-02
   3.9949372e-02
   1.0593267e-02
   1.9456882e-02
   1.2080482e-02
   3.1332511e-02
   2.1360451e-02
   1.6530758e-02
   1.0553139e-02
   2.1661568e-02
   3.4877561e-02
   4.6451565e-02
   1.0829260e-02
   1.1907902e-02
   7.4412555e-02
   5.4159805e-02
   1.5163991e-02
   4.8361450e-02
   2.3304103e-02
   3.0580916e-02
   1.5590692e-02
   4.5178585e-02
   2.9455503e-02
   2.7227852e-02
   1.2446205e-02
   2.9729230e-02
   4.3719046e-02
   6.1139990e-02
   1.8443398e-02
   1.5593273e-02
   5.1084645e-02
   5.4495603e-02
   3.2354757e-02
   5.6851335e-02
   3.1697635e-02
   7.3801041e-02
   3.0061254e-02
   9.2196636e-02
   5.2126136e-02
   6.1762676e-02
   1.1806594e-02
   7.8900054e-02
   5.3250838e-02
   7.6490819e-02
   1.6375672e-02
   3.5079215e-02
   7.1642570e-02
   5.8614623e-02
   3.0816657e-02
   8.2133703e-02
   1.4280777e-02
   4.9359400e-02
   2.7315689e-02
   2.0628233e-01
   3.2418333e-02
   4.5761049e-02
   1.1735365e-02
   1.6712064e-01
   4.2851493e-02
   5.8070172e-02
   1.0769125e-02
   5.8411688e-02
   6.1879616e-02
   5.2785542e-02
   1.4755004e-02
   8.6433105e-02
   1.0338095e-02
   2.0568613e-02
   1.3329560e-02
   1.2072147e-01
   2.1322228e-02
   1.7835081e-02
   1.0473372e-02
   7.8098811e-02
   3.6489226e-02
   3.9172884e-02
   9.3005886e-03
   2.3871593e-02
   7.6195329e-02
   5.6479301e-02
   1.1999713e-02
   4.4740941e-02
   1.6729599e-02
   2.2813369e-02
   1.1671136e-02
   4.0628288e-02
   2.6790371e-02
   1.8835768e-02
   9.7798575e-03
   2.8695956e-02
   4.5069445e-02
   5.0136033e-02
   9.0748342e-03
   9.5859431e-03
   7.3658444e-02
   5.7254739e-02
   1.1814004e-02
   6.3478723e-02
   1.8170666e-02
   2.5381029e-02
   7.4179983e-03
   5.7582855e-02
   4.5063656e-02
   2.8200280e-02
   6.8589505e-03
   3.6434658e-02
   6.2534906e-02
   8.4728174e-02
   7.6749176e-03
   9.7136311e-03
   3.6456097e-02
   5.4482702e-02
   1.4067427e-02
   5.6699589e-02
   1.7275482e-02
   1.9091353e-02
   7.6337997e-03
   5.5722039e-02
   3.6496062e-02
   2.2403304e-02
   6.9230334e-03
   3.1595930e-02
   4.7919616e-02
   6.6969603e-02
   7.4557448e-03
   1.1323092e-02
   3.6118302e-02
   5.4472025e-02
   1.0969956e-02
   7.1806461e-02
   1.5035548e-02
   2.1340985e-02
   8.1250547e-03
   5.6952018e-02
   2.6221573e-02
   1.7259646e-02
   7.5291679e-03
   3.8312517e-02
   3.6267940e-02
   4.9294092e-02
   8.7792194e-03
   1.7291287e-02
   4.2895243e-02
   5.4172955e-02
   1.5553729e-02
   8.2079574e-02
   3.4180678e-02
   3.4114823e-02
   1.1140797e-02
   8.3320580e-02
   3.9012030e-02
   3.2886565e-02
   8.7010507e-03
   5.1943880e-02
   5.1164396e-02
   7.4786998e-02
   2.3096347e-02
   2.5903437e-02
   4.1015349e-02
   5.7338931e-02
   4.6023063e-02
   9.6808486e-02
   4.5091260e-02
   9.4770789e-02
   2.5887784e-02
   1.2460224e-01
   7.1292683e-02
   9.1045968e-02
   9.6614566e-03
   1.0410532e-01
   5.2580435e-02
   9.6186407e-02
   1.9109078e-02
   4.9352352e-02
   4.5990653e-02
   7.0121899e-02
   4.3491274e-02
   1.1834773e-01
   1.6820678e-02
   6.3638188e-02
   2.1423789e-02
   2.8077447e-01
   4.0152453e-02
   5.9934929e-02
   8.5285604e-03
   2.2787689e-01
   4.2630035e-02
   7.5239897e-02
   7.8059481e-03
   7.6729484e-02
   4.6912059e-02
   5.7347685e-02
   1.6361110e-02
   1.4633130e-01
   9.4525218e-03
   2.3003248e-02
   8.6963372e-03
   1.7534465e-01
   2.2742940e-02
   1.6961625e-02
   7.3187635e-03
   1.1245382e-01
   4.3624762e-02
   4.2596988e-02
   6.6988515e-03
   3.3552419e-02
   3.9015219e-02
   5.0393518e-02
   1.0614817e-02
   7.9671286e-02
   1.3168213e-02
   2.3545509e-02
   7.0120716e-03
   6.6210300e-02
   2.7902110e-02
   1.7995736e-02
   6.1879470e-03
   4.5498945e-02
   4.6524294e-02
   5.8368143e-02
   6.3415891e-03
   1.2150143e-02
   3.1911645e-02
   4.7461446e-02
   1.0387575e-02
   5.9806321e-02
   2.7628647e-02
   3.2213073e-02
   6.1560157e-03
   5.8815181e-02
   3.4930527e-02
   2.3730390e-02
   4.6287975e-03
   5.9685413e-02
   6.6412151e-02
   1.0395420e-01
   8.4345480e-03
   1.7613633e-02
   5.7388749e-02
   7.8490011e-02
   1.3853883e-02
   6.3890263e-02
   2.3785239e-02
   2.6449913e-02
   7.8670932e-03
   7.2725967e-02
   3.8446303e-02
   1.6723458e-02
   5.4282341e-03
   4.9727842e-02
   5.6196366e-02
   7.7141032e-02
   6.8881498e-03
   1.8225808e-02
   3.7336878e-02
   7.0806086e-02
   1.6412569e-02
   9.5075421e-02
   2.4283649e-02
   2.5487091e-02
   9.1780331e-03
   7.1394928e-02
   3.7985574e-02
   2.0045098e-02
   6.5433988e-03
   5.0558165e-02
   4.8825659e-02
   5.1259283e-02
   8.5849948e-03
   2.3172924e-02
   2.9661618e-02
   6.7133397e-02
   2.2400355e-02
   9.5901534e-02
   5.8183964e-02
   4.3139670e-02
   1.3906043e-02
   9.5036790e-02
   5.8392841e-02
   4.7884203e-02
   9.7545683e-03
   6.0459875e-02
   5.1649671e-02
   9.3100943e-02
   3.1704742e-02
   3.3050373e-02
   5.6716193e-02
   8.2931317e-02
   6.0429979e-02
   9.8329797e-02
   7.6124534e-02
   1.2832253e-01
   2.8333956e-02
   1.0078812e-01
   9.4520673e-02
   1.1417486e-01
   1.5870988e-02
   5.9782702e-02
   4.9991012e-02
   1.0773346e-01
   2.9359655e-02
   6.4352557e-02
   3.1696230e-02
   8.5758097e-02
   5.5023268e-02
   9.5780008e-02
   2.6575256e-02
   8.4761731e-02
   2.2710286e-02
   1.4848939e-01
   5.8232792e-02
   7.7858992e-02
   1.0147484e-02
   1.3332863e-01
   6.8851300e-02
   8.3891176e-02
   9.8413136e-03
   8.7138765e-02
   6.2738419e-02
   7.5620331e-02
   2.4697332e-02
   1.4254756e-01
   1.5386691e-02
   2.3295088e-02
   9.3728183e-03
   1.1004889e-01
   3.1462602e-02
   2.2146206e-02
   7.0349281e-03
   8.9048102e-02
   6.5335795e-02
   6.1397083e-02
   7.3627695e-03
   4.3780785e-02
   4.7536299e-02
   6.4429738e-02
   1.6545063e-02
   8.5842401e-02
   2.4790755e-02
   2.0500612e-02
   7.7491393e-03
   7.1456634e-02
   2.3016440e-02
   1.6638152e-02
   5.3301142e-03
   5.7540819e-02
   5.3728536e-02
   7.4990995e-02
   7.0780641e-03
   1.9163258e-02
   3.1108055e-02
   6.5774202e-02
   1.4256828e-02
