   3.5021309e-02
   4.9856547e-02
   6.3512914e-02
   2.2016712e-02
   3.1649321e-02
   3.4948178e-02
   4.7991809e-02
   2.6436964e-02
   3.9524250e-02
   2.1294087e-02
   2.9909058e-02
   2.1587539e-02
   3.5500098e-02
   3.1500574e-02
   1.9420175e-02
   3.0598208e-02
   3.3964708e-02
   4.2662323e-02
   4.9838919e-02
   2.0120153e-02
   3.0590007e-02
   3.6048930e-02
   3.7291683e-02
   2.2986794e-02
   3.9724790e-02
   1.9410038e-02
   2.9488100e-02
   2.2294624e-02
   3.7446663e-02
   2.5804583e-02
   1.8750207e-02
   2.9617444e-02
   3.3457108e-02
   3.8132705e-02
   3.8939524e-02
   2.6056774e-02
   2.7833439e-02
   3.7253384e-02
   3.2930356e-02
   2.0781126e-02
   3.6315992e-02
   1.9455044e-02
   2.9637711e-02
   2.4803102e-02
   4.0610109e-02
   2.4790578e-02
   1.9863209e-02
   3.0825933e-02
   3.5575517e-02
   4.3782786e-02
   5.1345773e-02
   3.1919990e-02
   2.9971834e-02
   4.1879743e-02
   4.6542268e-02
   2.5635134e-02
   3.4919459e-02
   1.8823074e-02
   4.5901965e-02
   3.4965679e-02
   3.4673166e-02
   2.6116965e-02
   3.1157427e-02
   5.7276141e-02
   4.6836700e-02
   7.2847888e-02
   5.7818487e-02
   2.5457863e-02
   6.5839417e-02
   6.9653653e-02
   5.8579698e-02
   2.6190080e-02
   1.0540212e-01
   3.4117643e-02
   5.2203864e-02
   3.4181055e-02
   1.1613290e-01
   2.9790223e-02
   3.8929794e-02
   5.2793581e-02
   1.0666052e-01
   1.0291716e-01
   4.4472601e-02
   2.3291476e-02
   1.4356405e-01
   8.0938794e-02
   4.2863641e-02
   3.0595200e-02
   1.7346746e-01
   3.8488224e-02
   3.4901928e-02
   2.8562231e-02
   1.6724131e-01
   2.8490610e-02
   2.2860186e-02
   3.2406081e-02
   8.6325347e-02
   5.5962488e-02
   4.1423455e-02
   2.0870183e-02
   7.5541921e-02
   3.6454085e-02
   3.3832736e-02
   2.1308271e-02
   6.4466767e-02
   2.2087296e-02
   2.8327825e-02
   2.2141144e-02
   5.0523054e-02
   2.6998075e-02
   1.8607838e-02
   3.0607440e-02
   3.7191417e-02
   4.4304058e-02
   4.9129691e-02
   1.9191325e-02
   3.0714413e-02
   3.1136602e-02
   3.7494622e-02
   2.0357953e-02
   3.3957537e-02
   2.2594756e-02
   2.8436644e-02
   2.1564197e-02
   3.0747624e-02
   2.9993115e-02
   1.8166240e-02
   3.1181745e-02
   3.7720717e-02
   5.4246478e-02
   6.8876028e-02
   1.8344074e-02
   2.8386652e-02
   2.7830750e-02
   5.0851893e-02
   2.6392573e-02
   3.3914071e-02
   2.1265438e-02
   2.8447920e-02
   1.6152849e-02
   1.9824218e-02
   3.3897582e-02
   1.9662686e-02
   2.0685440e-02
   3.6017437e-02
   4.3799665e-02
   5.1918719e-02
   1.7130701e-02
   2.6145397e-02
   2.8085871e-02
   3.7484005e-02
   2.1878514e-02
   3.0238060e-02
   1.7713714e-02
   2.4693996e-02
   1.6107954e-02
   1.8774809e-02
   2.4887174e-02
   1.6131716e-02
   2.0227235e-02
   3.6801871e-02
   4.1956391e-02
   3.6982734e-02
   2.6535803e-02
   2.9074427e-02
   4.3771517e-02
   3.7168827e-02
   1.9544965e-02
   2.8578538e-02
   1.7168332e-02
   3.2458615e-02
   2.2674417e-02
   2.0812290e-02
   1.9217281e-02
   1.6746461e-02
   2.3529751e-02
   4.3649215e-02
   4.6363458e-02
   5.1544748e-02
   3.5407007e-02
   3.4603778e-02
   5.3945724e-02
   5.5934429e-02
   2.6479280e-02
   4.1154806e-02
   1.7829197e-02
   6.2823512e-02
   4.2610310e-02
   3.2217368e-02
   2.0339286e-02
   3.8254090e-02
   6.3368477e-02
   7.5512737e-02
   7.3706813e-02
   6.2583685e-02
   2.5811337e-02
   1.0805082e-01
   6.9754727e-02
   6.6215277e-02
   2.8710252e-02
   1.4808346e-01
   3.3424161e-02
   6.4797893e-02
   4.0891398e-02
   1.4292936e-01
   2.6791604e-02
   5.0056092e-02
   5.8749154e-02
   1.8729033e-01
   1.1665934e-01
   4.7058087e-02
   1.9012375e-02
   2.5094423e-01
   8.0881529e-02
   4.6554960e-02
   3.6940016e-02
   2.5812104e-01
   3.7356280e-02
   3.5818998e-02
   2.9260693e-02
   2.2244766e-01
   2.3868054e-02
   2.0610707e-02
   2.4137057e-02
   1.4599349e-01
   6.2423978e-02
   3.8121108e-02
   1.6599156e-02
   1.2585828e-01
   3.6658965e-02
   3.1650878e-02
   2.0238979e-02
   1.0023586e-01
   1.9232551e-02
   2.7633369e-02
   1.9400017e-02
   7.0138618e-02
   2.1366449e-02
   1.5596664e-02
   2.1617899e-02
   5.1225260e-02
   4.9110144e-02
   5.1483110e-02
   1.4615923e-02
   3.5054233e-02
   2.8109077e-02
   3.7570238e-02
   1.7036527e-02
   3.5375759e-02
   1.9641019e-02
   2.6467729e-02
   1.6280498e-02
   2.1483695e-02
   2.7546695e-02
   1.6344786e-02
   1.8794943e-02
   5.7792563e-02
   5.8131568e-02
   6.7918286e-02
   2.0899104e-02
   4.0730126e-02
   3.5548717e-02
   6.1970092e-02
   3.6122292e-02
   4.4544388e-02
   2.3520432e-02
   2.1571610e-02
   1.3383776e-02
   2.0553529e-02
   3.5100069e-02
   1.8078353e-02
   2.0025689e-02
   5.7185192e-02
   4.8412260e-02
   5.7992604e-02
   2.2138270e-02
   3.5638768e-02
   3.8720410e-02
   4.9502164e-02
   2.7818922e-02
   4.0333260e-02
   1.9600159e-02
   2.3732696e-02
   1.3897714e-02
   1.9198755e-02
   2.4368692e-02
   1.3956690e-02
   1.8765800e-02
   6.5541200e-02
   4.4589713e-02
   4.8630882e-02
   3.2871027e-02
   4.3663397e-02
   5.1478490e-02
   5.8681093e-02
   2.4581600e-02
   4.3333128e-02
   1.6743902e-02
   3.7805542e-02
   2.1961346e-02
   2.7108304e-02
   1.6903162e-02
   1.3786867e-02
   2.5505636e-02
   7.0439421e-02
   4.8429478e-02
   6.5109536e-02
   3.9725911e-02
   5.1188119e-02
   5.8563177e-02
   8.3851404e-02
   2.8459499e-02
   6.4629391e-02
   1.9990273e-02
   8.2563959e-02
   6.4109333e-02
   4.6127312e-02
   1.8344602e-02
   4.3310832e-02
   8.9613065e-02
   9.6715264e-02
   6.6041015e-02
   8.0946460e-02
   3.5601866e-02
   1.0532679e-01
   6.5272436e-02
   9.2989638e-02
   4.4143066e-02
   1.2717085e-01
   4.4460230e-02
   7.8970268e-02
   6.2681302e-02
   1.4143127e-01
   2.6650207e-02
   6.3010164e-02
   8.3872594e-02
   2.6471269e-01
   7.8496747e-02
   5.2560259e-02
   2.3854643e-02
   2.9284969e-01
   6.5718316e-02
   6.2628388e-02
   6.3633651e-02
   2.4284668e-01
   4.4088505e-02
   3.4813914e-02
   4.1362628e-02
   2.2567894e-01
   2.5943711e-02
   2.1884533e-02
   2.5133995e-02
   2.2940163e-01
   5.0614696e-02
   4.2855050e-02
   1.9205475e-02
   1.7668675e-01
   3.3867240e-02
   3.9679516e-02
   3.0973867e-02
   1.1779670e-01
   2.1011831e-02
   2.5080867e-02
   2.2152690e-02
   7.9728253e-02
   2.1739369e-02
   1.2335276e-02
   1.9405907e-02
   8.8167243e-02
   4.5060318e-02
   5.5017140e-02
   1.5224664e-02
   5.3355381e-02
   3.3022892e-02
   4.9154218e-02
   2.1263205e-02
   5.6399066e-02
   2.2407928e-02
   2.2442926e-02
   1.2679448e-02
   2.6009100e-02
   2.9605268e-02
   1.3838658e-02
   1.6070146e-02
   7.9942666e-02
   6.5585300e-02
   7.9805739e-02
   2.8637981e-02
   5.2183162e-02
   4.3701313e-02
   9.8657325e-02
   5.7339370e-02
   6.2389527e-02
   1.8153228e-02
   2.3833562e-02
   1.4145646e-02
   2.7555741e-02
   2.6697684e-02
   1.8978763e-02
   2.2725992e-02
   7.0004664e-02
   5.9920646e-02
   6.8525568e-02
   3.0066445e-02
   5.3399790e-02
   5.6223545e-02
   8.0805495e-02
   3.7877701e-02
   5.3401653e-02
   1.8700495e-02
   2.9664107e-02
   1.3441131e-02
   2.2387540e-02
   2.3729103e-02
   1.6520971e-02
   2.1959256e-02
   9.5146514e-02
   4.3933660e-02
   7.1567804e-02
   3.3563301e-02
   4.9054280e-02
   5.7648867e-02
   9.5214576e-02
   3.6423080e-02
   4.5007531e-02
   1.9347800e-02
   5.4326110e-02
   2.0339739e-02
   3.4455922e-02
   1.7637519e-02
   1.5501833e-02
   2.9089618e-02
   8.5784093e-02
   5.5627193e-02
   9.4278209e-02
   5.1117040e-02
   5.5640534e-02
   6.2675722e-02
   1.4486092e-01
   5.0411604e-02
   6.0454611e-02
   2.7332462e-02
   1.2054751e-01
   7.7834800e-02
   4.9354002e-02
   2.3321558e-02
   7.1453989e-02
   1.1736560e-01
   7.2348930e-02
   9.0850793e-02
   1.1986070e-01
   4.6540149e-02
   4.6149001e-02
   9.9603981e-02
   1.3514964e-01
   6.9611013e-02
   6.7732051e-02
   7.1518771e-02
   1.0470271e-01
   8.9921653e-02
   8.8684581e-02
   4.4557389e-02
   9.4092824e-02
   1.1483610e-01
   1.4259265e-01
   9.5082849e-02
   6.5065078e-02
   3.0912546e-02
   1.1107028e-01
   1.0480308e-01
   7.9378635e-02
   8.7354124e-02
   9.4309106e-02
   7.3483132e-02
   4.8357066e-02
   6.9796540e-02
   1.0364086e-01
   4.4648573e-02
   2.6411088e-02
   3.2439042e-02
   1.6815947e-01
   5.1593613e-02
   3.8948763e-02
   2.6176132e-02
   1.0609174e-01
   4.7661353e-02
   5.4587949e-02
   4.7122579e-02
   6.0675640e-02
   2.0587666e-02
   3.3656303e-02
   3.1013580e-02
   4.5537818e-02
   2.5188647e-02
   1.1003055e-02
   2.6235698e-02
   8.8444516e-02
   5.0326068e-02
   5.5788409e-02
   2.0352062e-02
   5.2022520e-02
   3.6456529e-02
   6.9557376e-02
   3.1806901e-02
   5.6449261e-02
   1.5423368e-02
   2.6887620e-02
   1.5880803e-02
   3.1381074e-02
   2.7094306e-02
   1.3964001e-02
   1.6908087e-02
