   2.5845325e-02
   1.5393660e-02
   1.6661067e-02
   3.8980573e-02
   2.1702712e-02
   1.9354261e-02
   1.2391075e-02
   3.6897358e-02
   2.0124270e-02
   4.3615092e-02
   8.9099323e-03
   2.3767160e-02
   1.6365835e-02
   1.3740431e-02
   8.6841118e-03
   2.4234178e-02
   2.4486640e-02
   1.4195436e-02
   1.5574407e-02
   3.7011642e-02
   2.0325186e-02
   1.9324144e-02
   1.2001311e-02
   3.5416879e-02
   1.8999359e-02
   4.3920089e-02
   8.6004520e-03
   2.3681907e-02
   1.5076627e-02
   1.2271477e-02
   9.0779569e-03
   2.5242504e-02
   2.4465403e-02
   1.4012451e-02
   1.5762692e-02
   3.7271988e-02
   1.7711213e-02
   1.4255527e-02
   1.2225652e-02
   3.6265746e-02
   1.8119954e-02
   2.6423920e-02
   8.5095111e-03
   2.6074018e-02
   1.5465955e-02
   9.3251048e-03
   1.0141628e-02
   2.9519623e-02
   2.7174648e-02
   1.5259523e-02
   1.8251404e-02
   4.1317903e-02
   1.8628150e-02
   1.3031525e-02
   1.3710433e-02
   4.0225793e-02
   2.0586746e-02
   2.2228003e-02
   9.7863181e-03
   3.1622197e-02
   1.7307082e-02
   1.1835607e-02
   1.3874255e-02
   3.8730081e-02
   2.9710686e-02
   1.6293278e-02
   2.0793080e-02
   4.5183539e-02
   1.9326523e-02
   1.3006274e-02
   1.7729945e-02
   4.3556519e-02
   1.9246342e-02
   2.1675715e-02
   1.3446130e-02
   3.4551207e-02
   1.8027375e-02
   1.1597270e-02
   1.8125402e-02
   4.2767756e-02
   2.6990527e-02
   1.5291577e-02
   1.8182781e-02
   4.1534226e-02
   1.8068440e-02
   1.2389151e-02
   1.5514529e-02
   4.0665295e-02
   1.7649312e-02
   1.9611809e-02
   1.1335220e-02
   3.0683819e-02
   1.6535103e-02
   8.8486094e-03
   1.3418301e-02
   3.4070816e-02
   2.4436163e-02
   1.4047933e-02
   1.5855433e-02
   3.7323333e-02
   1.7970720e-02
   1.3916937e-02
   1.2210269e-02
   3.6395278e-02
   1.7114049e-02
   2.6613189e-02
   8.4802285e-03
   2.4909010e-02
   1.4938319e-02
   8.9734355e-03
   8.8787274e-03
   2.5937067e-02
   2.4329061e-02
   1.4257918e-02
   1.5681811e-02
   3.6913753e-02
   2.0562526e-02
   1.8565873e-02
   1.1936860e-02
   3.5584629e-02
   1.9076977e-02
   4.1764289e-02
   8.6389901e-03
   2.3340160e-02
   1.5333572e-02
   1.1764487e-02
   8.3288914e-03
   2.3706654e-02
   2.4127498e-02
   1.5907263e-02
   1.7614875e-02
   3.7562665e-02
   2.4832619e-02
   2.6033422e-02
   1.2063636e-02
   3.5238892e-02
   2.4080815e-02
   7.1442872e-02
   9.0433387e-03
   2.6714653e-02
   1.5845083e-02
   1.4617428e-02
   9.7247427e-03
   2.8485199e-02
   2.3411307e-02
   1.4580215e-02
   1.6256867e-02
   3.5683770e-02
   2.5389206e-02
   3.1070221e-02
   1.2073927e-02
   3.4803331e-02
   2.3419626e-02
   7.7926174e-02
   9.0420479e-03
   2.7832150e-02
   1.4718429e-02
   1.2729612e-02
   1.0536443e-02
   3.0901361e-02
   2.3134114e-02
   1.4339428e-02
   1.6340466e-02
   3.6337435e-02
   1.9215723e-02
   1.9240722e-02
   1.2629692e-02
   3.5832431e-02
   1.9913090e-02
   3.3711765e-02
   9.2578446e-03
   3.1835504e-02
   1.5498743e-02
   1.0690121e-02
   1.2134176e-02
   3.8512867e-02
   2.4686836e-02
   1.5269361e-02
   1.8696252e-02
   3.8754653e-02
   1.9245995e-02
   1.5388352e-02
   1.4045480e-02
   3.8335249e-02
   2.3729755e-02
   3.0511057e-02
   1.0482361e-02
   3.7577190e-02
   1.7023252e-02
   1.8069921e-02
   1.7773381e-02
   5.0071649e-02
   2.5913021e-02
   1.5858939e-02
   2.1027673e-02
   4.0414765e-02
   1.8686866e-02
   1.5292997e-02
   1.8740786e-02
   4.0553547e-02
   1.8874159e-02
   2.9759621e-02
   1.4782931e-02
   3.9896514e-02
   1.6000533e-02
   1.6673790e-02
   2.4308300e-02
   5.3015146e-02
   2.4370428e-02
   1.5210128e-02
   1.8515440e-02
   3.8672946e-02
   1.8591158e-02
   1.4741042e-02
   1.6387537e-02
   3.9459243e-02
   1.7553754e-02
   2.3635760e-02
   1.2394253e-02
   3.7090234e-02
   1.5117018e-02
   9.9111358e-03
   1.6327662e-02
   4.2238627e-02
   2.3163345e-02
   1.4557648e-02
   1.6564796e-02
   3.6219988e-02
   1.9983798e-02
   1.8355072e-02
   1.2703377e-02
   3.6272030e-02
   1.8829051e-02
   3.9143886e-02
   9.1944151e-03
   2.9635563e-02
   1.4338941e-02
   9.6192034e-03
   1.0203953e-02
   3.1604379e-02
   2.3120554e-02
   1.4723750e-02
   1.6348867e-02
   3.6075231e-02
   2.5769224e-02
   2.8143572e-02
   1.2149877e-02
   3.4704298e-02
   2.3988882e-02
   7.6321095e-02
   9.0698209e-03
   2.6503818e-02
   1.4906858e-02
   1.2273161e-02
   9.4374586e-03
   2.8171698e-02
   1.8231506e-02
   1.5165314e-02
   1.8367555e-02
   3.2643508e-02
   2.4517061e-02
   2.9975751e-02
   1.1162298e-02
   2.9989393e-02
   2.0182356e-02
   4.2744230e-02
   9.2166848e-03
   2.8214833e-02
   1.2519004e-02
   1.6423028e-02
   1.0464861e-02
   3.1697925e-02
   1.7978041e-02
   1.3288805e-02
   1.5687410e-02
   3.0273300e-02
   2.3743872e-02
   3.2460470e-02
   1.1107940e-02
   2.9921440e-02
   1.6859064e-02
   3.3984032e-02
   9.2452671e-03
   2.8692760e-02
   1.1909342e-02
   1.2921933e-02
   1.1399220e-02
   3.4087457e-02
   1.8107256e-02
   1.2660514e-02
   1.5010664e-02
   3.1150172e-02
   1.5711846e-02
   1.5311255e-02
   1.1665010e-02
   3.1432327e-02
   1.9193685e-02
   2.0663859e-02
   9.1971876e-03
   3.2224730e-02
   1.3594022e-02
   1.1221662e-02
   1.3565263e-02
   4.0464263e-02
   1.8631749e-02
   1.3020148e-02
   1.7941026e-02
   3.3078320e-02
   2.0837151e-02
   1.9740952e-02
   1.3300777e-02
   3.3075549e-02
   2.8636286e-02
   4.7909480e-02
   1.0439346e-02
   3.5391010e-02
   1.5250633e-02
   2.1195496e-02
   2.1728236e-02
   4.8909921e-02
   1.9431418e-02
   1.3476771e-02
   2.1000179e-02
   3.3399109e-02
   1.7607454e-02
   2.0134019e-02
   1.9460272e-02
   3.5338271e-02
   1.8307881e-02
   4.6766214e-02
   1.6511627e-02
   3.7529387e-02
   1.2425918e-02
   1.9419342e-02
   3.1050820e-02
   5.0822679e-02
   1.8648447e-02
   1.3205647e-02
   1.7316809e-02
   3.2691352e-02
   1.5188316e-02
   1.2718240e-02
   1.6549807e-02
   3.6749016e-02
   1.3725466e-02
   1.7977344e-02
   1.3662075e-02
   3.9210059e-02
   1.1869893e-02
   1.0117246e-02
   1.9642090e-02
   4.2455703e-02
   1.8016703e-02
   1.3127286e-02
   1.5646981e-02
   3.0832212e-02
   1.8340267e-02
   1.6770970e-02
   1.1832853e-02
   3.3171270e-02
   1.4680644e-02
   2.1089625e-02
   9.5377397e-03
   3.1481154e-02
   1.1602103e-02
   9.3189897e-03
   1.1344338e-02
   3.4080952e-02
   1.7769791e-02
   1.3285960e-02
   1.5919423e-02
   3.0486248e-02
   2.9968318e-02
   3.8232297e-02
   1.1350925e-02
   3.0359400e-02
   2.0530526e-02
   5.0182395e-02
   9.2449030e-03
   2.7671238e-02
   1.1752689e-02
   1.0992354e-02
   1.0101235e-02
   3.1325944e-02
   1.2922460e-02
   1.3828532e-02
   1.8695157e-02
   2.7209101e-02
   1.5176995e-02
   1.5108662e-02
   9.4536841e-03
   2.2651665e-02
   1.5331080e-02
   2.6429683e-02
   8.9117792e-03
   2.5072668e-02
   9.6155023e-03
   2.3223907e-02
   1.1442463e-02
   3.0500099e-02
   1.2253085e-02
   1.1066415e-02
   1.4296402e-02
   2.3770919e-02
   1.2250295e-02
   1.1636721e-02
   9.0653393e-03
   2.2322465e-02
   1.2799494e-02
   1.7221613e-02
   8.6140605e-03
   2.5084691e-02
   8.7260269e-03
   1.6087009e-02
   1.2474271e-02
   3.1702742e-02
   1.2033274e-02
   9.7101694e-03
   1.2065327e-02
   2.3763748e-02
   1.1585259e-02
   9.4931182e-03
   9.0639042e-03
   2.3684584e-02
   1.8375397e-02
   1.2561947e-02
   8.0933822e-03
   2.7111694e-02
   1.0466397e-02
   1.1065261e-02
   1.4674456e-02
   3.6015496e-02
   1.1984342e-02
   9.7576668e-03
   1.6831165e-02
   2.4939992e-02
   1.7178426e-02
   1.5585611e-02
   1.1079196e-02
   2.4040360e-02
   2.8778952e-02
   2.2622813e-02
   1.0060864e-02
   2.8673247e-02
   1.2116348e-02
   1.6333826e-02
   2.3105849e-02
   4.2452425e-02
   1.2818635e-02
   9.6065169e-03
   2.1497734e-02
   2.4408406e-02
   1.3855236e-02
   1.6145084e-02
   2.1015966e-02
   2.7004577e-02
   1.6027672e-02
   2.4721863e-02
   1.9258333e-02
   3.2505561e-02
   9.3428455e-03
   1.4306949e-02
   3.6797505e-02
   4.4774260e-02
   1.2538319e-02
   9.5119569e-03
   1.5697863e-02
   2.2914084e-02
   1.0208092e-02
   8.8374168e-03
   1.6693702e-02
   3.2575570e-02
   1.0358150e-02
   1.2996114e-02
   1.5287164e-02
   4.1412510e-02
   8.7185297e-03
   8.9522256e-03
   2.3977704e-02
   3.8258139e-02
   1.1891160e-02
   9.7756209e-03
   1.2535520e-02
   2.1956995e-02
   9.7533837e-03
   8.0745248e-03
   9.4454652e-03
   2.7178653e-02
   1.0285407e-02
   1.2329900e-02
   9.5194699e-03
   3.1274978e-02
   8.5069770e-03
   9.1195516e-03
   1.2367716e-02
   3.1126246e-02
   1.1956482e-02
   1.0944916e-02
   1.4064677e-02
   2.3174271e-02
   1.1428220e-02
   1.0328156e-02
   9.1416165e-03
   2.3368215e-02
   1.1846956e-02
   1.5615440e-02
   8.9387596e-03
   2.5436340e-02
   8.9569576e-03
   1.2944609e-02
   1.0893570e-02
   2.9821360e-02
