   9.0030864e-02
   9.7387567e-02
   1.0528719e-01
   2.7086729e-02
   4.7521319e-02
   7.8381173e-02
   8.8666871e-02
   2.3665316e-02
   7.1178719e-02
   9.6092723e-02
   1.0299286e-01
   3.1991404e-02
   3.8045913e-02
   8.0538467e-02
   8.8759281e-02
   2.6557054e-02
   7.0848033e-02
   8.5587233e-02
   9.1474816e-02
   2.7623855e-02
   3.8973354e-02
   6.7431733e-02
   8.3467312e-02
   2.4482438e-02
   3.3773467e-02
   5.7719294e-02
   7.0304297e-02
   2.5790084e-02
   3.1085879e-02
   7.3099889e-02
   7.7407703e-02
   2.7262000e-02
   5.9883360e-02
   7.9943806e-02
   8.5527137e-02
   2.7440161e-02
   3.0047106e-02
   5.6948986e-02
   7.0919201e-02
   2.4937082e-02
   9.3774162e-03
   3.2659676e-02
   4.9924407e-02
   2.5009461e-02
   2.8475510e-02
   6.1667964e-02
   7.1703888e-02
   2.8661191e-02
   6.7159452e-02
   8.9958608e-02
   8.7292522e-02
   4.2937350e-02
   3.2470487e-02
   6.1452210e-02
   7.6463319e-02
   3.8418349e-02
   9.1539184e-03
   3.2196097e-02
   5.0162710e-02
   3.5296954e-02
   3.3918586e-02
   6.6801526e-02
   8.5554063e-02
   4.2916905e-02
   9.7759239e-02
   1.3392626e-01
   1.2670587e-01
   7.6909818e-02
   4.2880464e-02
   9.4937913e-02
   1.0919125e-01
   7.0160449e-02
   1.1949546e-02
   4.4354104e-02
   6.9285125e-02
   5.9771422e-02
   5.3606283e-02
   1.0736940e-01
   1.3095869e-01
   7.5527221e-02
   6.5382607e-02
   8.8138737e-02
   8.6191900e-02
   4.8430577e-02
   3.2297861e-02
   6.0268696e-02
   7.4746296e-02
   4.2207807e-02
   9.6014068e-03
   3.2222610e-02
   5.4556388e-02
   3.9283730e-02
   3.3692501e-02
   6.8936273e-02
   8.5813053e-02
   4.7771730e-02
   6.2185604e-02
   7.6115072e-02
   7.9113796e-02
   2.8355131e-02
   3.1793192e-02
   5.5109233e-02
   6.8741530e-02
   2.3663601e-02
   9.1192629e-03
   3.1258877e-02
   5.1412679e-02
   2.4619272e-02
   2.8602874e-02
   6.1057720e-02
   7.3704526e-02
   2.8631207e-02
   6.8803392e-02
   8.5604243e-02
   9.3213402e-02
   2.7884448e-02
   3.9087296e-02
   6.5500088e-02
   8.0829218e-02
   2.3568362e-02
   2.9372580e-02
   5.2963961e-02
   7.0149049e-02
   2.6170677e-02
   3.3465374e-02
   6.6733472e-02
   7.9216674e-02
   2.5763674e-02
   6.4069554e-02
   8.1873335e-02
   8.5207827e-02
   1.7442629e-02
   2.9720949e-02
   5.9202615e-02
   6.4397864e-02
   1.4561946e-02
   9.1475293e-02
   9.5235683e-02
   9.8285042e-02
   2.6207810e-02
   2.6876446e-02
   5.3697228e-02
   6.9917656e-02
   1.6783882e-02
   4.6809148e-02
   6.6872723e-02
   6.7074060e-02
   1.6203523e-02
   2.4695000e-02
   5.1821612e-02
   5.8960132e-02
   1.5049228e-02
   4.2407136e-02
   5.3209309e-02
   6.2847286e-02
   1.9209541e-02
   2.4317663e-02
   4.9673080e-02
   5.7942785e-02
   1.7014021e-02
   4.2039901e-02
   6.0023982e-02
   6.1188076e-02
   1.6918026e-02
   2.1112988e-02
   4.3920491e-02
   5.4470919e-02
   1.7161218e-02
   8.8791605e-03
   2.5839239e-02
   4.4548698e-02
   1.9834608e-02
   2.1793690e-02
   4.2366080e-02
   5.6326840e-02
   1.9238370e-02
   6.1897431e-02
   8.0954663e-02
   8.5662320e-02
   3.5941422e-02
   3.4674615e-02
   5.9126243e-02
   6.7792222e-02
   3.3569399e-02
   1.0086257e-02
   3.0482244e-02
   5.4818470e-02
   3.6624786e-02
   3.3422936e-02
   5.7963300e-02
   7.3357560e-02
   3.6742415e-02
   1.0728526e-01
   1.5574782e-01
   1.6398272e-01
   8.8762134e-02
   6.2828995e-02
   1.1224467e-01
   1.3915484e-01
   8.4578618e-02
   1.5547506e-02
   5.4284528e-02
   9.3181431e-02
   7.2037950e-02
   6.5299697e-02
   1.1679368e-01
   1.4700596e-01
   8.7510809e-02
   5.3839888e-02
   7.9318412e-02
   9.2475086e-02
   4.8078474e-02
   3.0304469e-02
   5.8864217e-02
   7.5347185e-02
   4.5023855e-02
   9.7730337e-03
   3.1980004e-02
   5.5968445e-02
   4.2916406e-02
   3.0848198e-02
   6.0779374e-02
   7.8073010e-02
   4.9599022e-02
   3.9238695e-02
   5.6446381e-02
   5.9370913e-02
   1.9340333e-02
   1.9994378e-02
   4.4464689e-02
   5.0254140e-02
   1.6223319e-02
   8.1428271e-03
   2.5153119e-02
   4.2209808e-02
   1.9696176e-02
   2.1266801e-02
   4.2874482e-02
   5.5341341e-02
   1.8079167e-02
   4.7302265e-02
   6.5704204e-02
   6.6437863e-02
   1.7365186e-02
   2.5229784e-02
   5.0682686e-02
   5.9619706e-02
   1.5015656e-02
   3.4438908e-02
   4.6637438e-02
   6.2012952e-02
   2.0065498e-02
   2.5264528e-02
   4.4809017e-02
   6.2211271e-02
   1.6614525e-02
   3.3975549e-02
   4.5454577e-02
   3.7238181e-02
   1.3935932e-02
   1.4718520e-02
   2.9377317e-02
   3.5923600e-02
   1.2880338e-02
   7.3371738e-02
   6.6583969e-02
   9.0164110e-02
   2.9090917e-02
   1.6337849e-02
   2.5775153e-02
   3.3287060e-02
   1.1414906e-02
   3.5941660e-02
   4.5665860e-02
   3.6484346e-02
   1.3566629e-02
   1.4686613e-02
   2.7959684e-02
   3.4130085e-02
   1.2643077e-02
   3.3726070e-02
   3.9436322e-02
   5.3848736e-02
   1.9875782e-02
   1.5525870e-02
   2.8835531e-02
   3.3068541e-02
   1.1810517e-02
   3.1203175e-02
   4.1686483e-02
   4.5250598e-02
   1.4143627e-02
   1.6805232e-02
   3.3869732e-02
   3.6107205e-02
   1.5674038e-02
   1.1369453e-02
   2.0327128e-02
   3.6314473e-02
   2.0996934e-02
   1.4533270e-02
   2.9141337e-02
   3.8057033e-02
   1.2412060e-02
   3.5734072e-02
   5.0897866e-02
   7.6599121e-02
   4.5533929e-02
   4.0527176e-02
   5.1014189e-02
   6.4270884e-02
   4.1271169e-02
   1.5714724e-02
   2.6634233e-02
   5.5524446e-02
   4.7375385e-02
   3.1455319e-02
   3.9401062e-02
   5.2764017e-02
   3.9197151e-02
   5.9574503e-02
   7.3738769e-02
   1.1916837e-01
   1.2825185e-01
   6.9359891e-02
   8.4847793e-02
   1.3264357e-01
   1.2240406e-01
   2.2554802e-02
   4.5328911e-02
   1.0485143e-01
   1.1585693e-01
   5.8699336e-02
   6.8222322e-02
   9.7573280e-02
   1.1650087e-01
   3.7991591e-02
   5.0030600e-02
   7.6696746e-02
   5.8727447e-02
   3.2163545e-02
   4.5404173e-02
   7.0006274e-02
   5.7862733e-02
   1.4669223e-02
   2.7957112e-02
   5.8957379e-02
   5.7936724e-02
   2.7545795e-02
   3.9125774e-02
   5.9943154e-02
   5.8798645e-02
   2.8819758e-02
   4.7697473e-02
   4.6100304e-02
   1.3419145e-02
   1.4878559e-02
   3.2094728e-02
   3.8266476e-02
   1.2732110e-02
   1.0850861e-02
   2.0889925e-02
   3.6373686e-02
   1.8341338e-02
   1.6698793e-02
   2.6617181e-02
   3.2999802e-02
   1.5921582e-02
   3.1502210e-02
   4.1337073e-02
   3.6168180e-02
   1.2305707e-02
   1.4042832e-02
   3.0960821e-02
   3.7532818e-02
   1.2436089e-02
   3.0687014e-02
   3.2688390e-02
   4.5687750e-02
   1.8664455e-02
   1.8885355e-02
   2.6351426e-02
   3.4780648e-02
   1.1975313e-02
   2.8446810e-02
   3.2607250e-02
   2.6316356e-02
   1.4429057e-02
   1.1497060e-02
   2.2775771e-02
   2.3877328e-02
   1.5760321e-02
   1.0294745e-01
   8.6530708e-02
   7.4929893e-02
   2.7217178e-02
   1.6062632e-02
   1.6596017e-02
   2.1423800e-02
   9.6139126e-03
   2.9931433e-02
   2.7874451e-02
   2.2739721e-02
   1.3193069e-02
   1.4485748e-02
   1.8833784e-02
   2.8326722e-02
   1.0615177e-02
   4.8955344e-02
   4.5085229e-02
   4.8429821e-02
   2.3737863e-02
   1.2957998e-02
   2.0348847e-02
   3.1464569e-02
   1.0872577e-02
   2.2662662e-02
   2.8571071e-02
   3.0573282e-02
   1.0224457e-02
   1.6701173e-02
   2.1701273e-02
   2.5248803e-02
   1.0698060e-02
   1.7795270e-02
   1.9219665e-02
   3.4405500e-02
   2.1753402e-02
   1.0406954e-02
   1.8893199e-02
   3.0985355e-02
   9.2545887e-03
   3.3731624e-02
   2.9128902e-02
   3.9902695e-02
   5.2019596e-02
   3.5487220e-02
   2.5629917e-02
   3.1568814e-02
   5.0483916e-02
   2.7888909e-02
   2.2350881e-02
   2.8851697e-02
   6.4017922e-02
   2.2779705e-02
   2.8846093e-02
   3.5589006e-02
   4.7842834e-02
   6.2273584e-02
   4.8910543e-02
   7.6157369e-02
   1.5597104e-01
   5.8817495e-02
   4.2601362e-02
   5.6996275e-02
   1.5737034e-01
   2.8636919e-02
   3.0668052e-02
   4.1723810e-02
   1.7282577e-01
   4.5319546e-02
   4.5777485e-02
   6.5784290e-02
   1.4469728e-01
   3.3952642e-02
   3.5954211e-02
   4.3489590e-02
   7.1053103e-02
   3.2294679e-02
   2.7371662e-02
   3.5840746e-02
   7.2008379e-02
   2.1651201e-02
   2.0423271e-02
   2.7517935e-02
   7.9927512e-02
   2.3636336e-02
   3.0096505e-02
   4.1163363e-02
   7.0424840e-02
   2.1977564e-02
   2.9379908e-02
   2.8738486e-02
   9.9739274e-03
   1.8675296e-02
   2.2354588e-02
   2.5782567e-02
   8.8220201e-03
   1.9514389e-02
   2.0117657e-02
   2.9091187e-02
   1.9048212e-02
   1.1007627e-02
   1.9803839e-02
   1.7060721e-02
   1.3739952e-02
   2.1439401e-02
   2.9583648e-02
   2.5864426e-02
   1.1465083e-02
   1.1179096e-02
   2.7244063e-02
   2.1873843e-02
   1.1587723e-02
   4.2109154e-02
   3.4311917e-02
   3.3608779e-02
   2.0669155e-02
   1.3001029e-02
   1.6410882e-02
   1.7800314e-02
   1.1960302e-02
