   6.6390269e-02
   6.2626965e-02
   6.1437842e-02
   3.9908383e-02
   5.3014144e-02
   5.0690848e-02
   5.0560702e-02
   3.5690863e-02
   5.7062708e-02
   5.6878928e-02
   5.8510445e-02
   3.9498087e-02
   7.1895838e-02
   7.5091340e-02
   6.7363806e-02
   4.6041597e-02
   2.7477151e-02
   2.6499579e-02
   2.5541738e-02
   2.1268211e-02
   2.3318047e-02
   2.1618491e-02
   1.9945288e-02
   1.9055774e-02
   2.3819832e-02
   2.2619057e-02
   2.3991099e-02
   2.0123862e-02
   3.2136966e-02
   3.1444278e-02
   3.0418968e-02
   2.5085369e-02
   1.0190938e-02
   9.5130606e-03
   8.5451184e-03
   1.3439460e-02
   8.6124726e-03
   7.0543466e-03
   4.9841823e-03
   1.2258982e-02
   7.7417023e-03
   5.3473236e-03
   5.6243078e-03
   1.0737703e-02
   1.1611398e-02
   7.3894183e-03
   7.4063167e-03
   1.2747900e-02
   1.0216787e-02
   9.0266820e-03
   8.4854178e-03
   1.6299630e-02
   8.0147283e-03
   7.1373526e-03
   4.4618170e-03
   1.6112095e-02
   7.7959388e-03
   4.8856409e-03
   5.1577464e-03
   1.4762642e-02
   1.0586170e-02
   7.3305178e-03
   7.1282624e-03
   1.5903169e-02
   9.9337194e-03
   9.4862022e-03
   9.5274020e-03
   2.5671922e-02
   7.4870293e-03
   7.5136186e-03
   4.7428105e-03
   2.5447244e-02
   8.0662025e-03
   5.2334163e-03
   5.5863238e-03
   2.4782641e-02
   1.1651802e-02
   7.4662669e-03
   7.8717908e-03
   2.2667317e-02
   9.4217574e-03
   9.1697918e-03
   9.3162805e-03
   1.7435294e-02
   7.9592187e-03
   7.1196412e-03
   4.8063099e-03
   1.4957531e-02
   7.7875741e-03
   4.9576121e-03
   5.2206800e-03
   1.3575664e-02
   1.1029127e-02
   7.2003230e-03
   7.4015530e-03
   1.3631328e-02
   1.0076173e-02
   9.6244840e-03
   9.0241348e-03
   1.4497404e-02
   8.3255535e-03
   6.7966296e-03
   4.8464495e-03
   1.1695236e-02
   7.9383086e-03
   5.1024510e-03
   5.2537522e-03
   9.6495943e-03
   1.1316481e-02
   7.2662281e-03
   7.4933753e-03
   1.1166777e-02
   2.9281648e-02
   2.8816327e-02
   2.8897790e-02
   2.5313413e-02
   2.2562141e-02
   2.1602705e-02
   2.0978598e-02
   2.1309085e-02
   2.3657471e-02
   2.2443077e-02
   2.2628164e-02
   2.1084165e-02
   2.9641416e-02
   2.8948171e-02
   2.6398562e-02
   2.2674059e-02
   1.0133597e-01
   9.9322908e-02
   9.2719495e-02
   5.3965714e-02
   6.7468055e-02
   6.7174196e-02
   6.6288143e-02
   4.5996621e-02
   8.4095426e-02
   8.6417049e-02
   8.5874058e-02
   5.2482650e-02
   1.0983586e-01
   1.1589124e-01
   1.0392209e-01
   6.7014948e-02
   3.7828915e-02
   3.9541274e-02
   3.5807122e-02
   2.6815342e-02
   2.6791168e-02
   2.7300552e-02
   2.5342878e-02
   2.4655217e-02
   3.2944288e-02
   3.3329327e-02
   3.4534227e-02
   2.7906327e-02
   4.5710061e-02
   4.6895619e-02
   4.5248006e-02
   3.7472833e-02
   6.4457576e-03
   1.0112136e-02
   8.7575996e-03
   1.5188242e-02
   6.0965326e-03
   6.7034387e-03
   4.4663893e-03
   1.4700827e-02
   5.4357243e-03
   4.4877781e-03
   4.6779285e-03
   1.4049619e-02
   8.0022365e-03
   5.3284778e-03
   6.1801295e-03
   1.6407957e-02
   5.7811448e-03
   8.8084098e-03
   7.7358470e-03
   1.9469202e-02
   5.3022718e-03
   6.6737523e-03
   3.5284488e-03
   2.0951781e-02
   5.4445527e-03
   4.1342736e-03
   4.1395240e-03
   2.0642817e-02
   7.2659594e-03
   4.6288189e-03
   5.2220100e-03
   2.0615404e-02
   6.5569854e-03
   8.2322871e-03
   8.7644560e-03
   3.3753693e-02
   5.9446665e-03
   7.2405082e-03
   3.5083436e-03
   3.4976386e-02
   5.7817786e-03
   4.3171849e-03
   4.4342326e-03
   3.3850119e-02
   7.1881199e-03
   5.3340555e-03
   6.1360206e-03
   2.8472055e-02
   5.8907485e-03
   7.5391508e-03
   8.2658464e-03
   2.2558868e-02
   5.4873656e-03
   7.0650205e-03
   3.8314462e-03
   1.9745233e-02
   5.0780196e-03
   3.6164094e-03
   4.3650954e-03
   1.7784771e-02
   6.7980965e-03
   5.3901365e-03
   5.8555896e-03
   1.5211830e-02
   6.7532053e-03
   1.0314554e-02
   9.0062330e-03
   1.7230636e-02
   5.7338327e-03
   6.3486947e-03
   4.3201474e-03
   1.3750382e-02
   5.7363366e-03
   4.1252677e-03
   4.5324005e-03
   1.2478833e-02
   7.4939164e-03
   5.8482452e-03
   6.8267370e-03
   1.1907258e-02
   4.1779231e-02
   4.4778179e-02
   4.2672481e-02
   3.4549400e-02
   2.7041715e-02
   2.6575604e-02
   2.7043626e-02
   2.7502181e-02
   3.2786485e-02
   3.3256520e-02
   3.2234505e-02
   2.8289337e-02
   4.0481243e-02
   4.2522516e-02
   3.6983445e-02
   3.1693194e-02
   1.3596390e-01
   1.4132243e-01
   1.3141842e-01
   7.4029803e-02
   1.1022770e-01
   1.1028723e-01
   1.1170355e-01
   7.1827866e-02
   1.2952097e-01
   1.2442936e-01
   1.2243854e-01
   7.5411148e-02
   1.8418495e-01
   1.8489625e-01
   1.7670977e-01
   1.0835559e-01
   5.0781362e-02
   5.5338949e-02
   5.0437503e-02
   4.1326616e-02
   4.3148294e-02
   4.2907573e-02
   4.1715547e-02
   4.1339181e-02
   4.9760476e-02
   4.7276616e-02
   4.9023654e-02
   4.3286916e-02
   7.4594006e-02
   7.3985949e-02
   7.5656593e-02
   5.7294857e-02
   6.1332462e-03
   1.3224009e-02
   1.1974319e-02
   3.0253416e-02
   6.9664908e-03
   8.1623998e-03
   4.4081449e-03
   3.0854594e-02
   5.6362082e-03
   5.0782855e-03
   4.7817812e-03
   3.0255551e-02
   6.4743701e-03
   5.8136256e-03
   7.3986300e-03
   3.2338709e-02
   4.4553946e-03
   1.0895210e-02
   1.0142687e-02
   3.7685562e-02
   5.4566306e-03
   7.9967231e-03
   3.0589569e-03
   4.3533929e-02
   4.7893170e-03
   4.2680432e-03
   3.4723098e-03
   4.2814363e-02
   5.4411907e-03
   4.0247599e-03
   5.0426633e-03
   4.2302400e-02
   5.9375516e-03
   9.0705119e-03
   1.0002018e-02
   5.5145372e-02
   6.0253199e-03
   8.2450528e-03
   2.6596126e-03
   5.8067806e-02
   5.8794981e-03
   4.3412172e-03
   3.7480115e-03
   5.6399975e-02
   6.5876259e-03
   4.3000625e-03
   5.1720235e-03
   5.1135898e-02
   4.8564770e-03
   7.7507184e-03
   1.0054579e-02
   3.8735554e-02
   5.0902762e-03
   7.0387237e-03
   3.0346392e-03
   3.4106810e-02
   4.7223167e-03
   3.9644828e-03
   3.9535169e-03
   3.1025315e-02
   5.7192706e-03
   4.3108151e-03
   5.0398177e-03
   2.8901167e-02
   6.2230197e-03
   1.2222450e-02
   1.2699868e-02
   2.7488407e-02
   5.7411562e-03
   7.5561381e-03
   4.4364422e-03
   2.5434099e-02
   5.9830574e-03
   4.7692647e-03
   5.0062295e-03
   2.3861354e-02
   7.0886994e-03
   5.9395442e-03
   7.5992956e-03
   2.1069828e-02
   5.6266174e-02
   6.3477553e-02
   5.9602737e-02
   5.4018687e-02
   4.3296110e-02
   4.3401510e-02
   4.5043390e-02
   4.5647103e-02
   5.0220046e-02
   4.7597688e-02
   4.5789577e-02
   4.4836842e-02
   6.7031883e-02
   6.7532033e-02
   6.0909864e-02
   5.2547466e-02
   2.7693760e-01
   2.5478590e-01
   2.6405653e-01
   1.3237292e-01
   2.6391292e-01
   2.5919032e-01
   2.6319131e-01
   1.4179935e-01
   2.4862103e-01
   2.3795512e-01
   2.3273756e-01
   1.3477373e-01
   2.4596898e-01
   2.4348493e-01
   2.2897018e-01
   1.4763463e-01
   1.0469226e-01
   8.9964345e-02
   9.6622214e-02
   6.7817226e-02
   1.0210633e-01
   9.9178471e-02
   9.7524770e-02
   6.7785949e-02
   9.5597431e-02
   8.9433655e-02
   9.3841009e-02
   6.8265446e-02
   9.9831328e-02
   9.7823709e-02
   9.8604068e-02
   6.9970094e-02
   8.1998520e-03
   1.0083673e-02
   1.4838325e-02
   6.0364254e-02
   8.7203523e-03
   8.6913668e-03
   5.9887799e-03
   5.9805941e-02
   6.3888957e-03
   5.9549585e-03
   6.6680559e-03
   5.2711718e-02
   8.1940461e-03
   7.5536822e-03
   8.1312209e-03
   5.7229601e-02
   5.2585560e-03
   9.2365360e-03
   1.3489526e-02
   5.9423544e-02
   6.7692185e-03
   7.3777721e-03
   2.6212463e-03
   6.4695701e-02
   5.5758054e-03
   4.8205946e-03
   2.9918782e-03
   6.2210102e-02
   6.6310111e-03
   4.1329088e-03
   5.2513438e-03
   6.0403284e-02
   8.9552812e-03
   7.3304707e-03
   1.2727949e-02
   1.1594922e-01
   8.9124003e-03
   8.3482862e-03
   2.8428056e-03
   1.2681583e-01
   9.1003496e-03
   5.1742718e-03
   3.0942454e-03
   1.2430852e-01
   1.0130798e-02
   5.4170014e-03
   6.3032820e-03
   1.1151038e-01
   5.5140280e-03
   8.8633746e-03
   1.3565200e-02
   5.2417830e-02
   5.9353029e-03
   7.8775026e-03
   3.8376371e-03
   5.3055264e-02
   5.7123252e-03
   5.3642853e-03
   3.8934478e-03
   5.1162526e-02
   8.1311688e-03
   4.8491871e-03
   5.3898003e-03
   4.8666261e-02
   8.6365202e-03
   1.0926644e-02
   1.7552454e-02
   5.0520718e-02
   6.8159136e-03
   1.0844065e-02
   6.5270024e-03
   4.5257818e-02
   6.6141342e-03
   6.0932338e-03
   6.3415067e-03
   3.7947252e-02
   7.4496460e-03
   7.0595536e-03
   7.0908116e-03
   4.0624008e-02
   1.1446958e-01
   1.0314554e-01
   1.1238144e-01
   1.0337023e-01
   1.0296706e-01
   9.8513223e-02
   1.0609911e-01
   1.0036033e-01
   9.8522887e-02
   9.0642355e-02
   8.5834198e-02
   9.0253547e-02
   9.1683231e-02
   8.9057833e-02
   7.7580154e-02
   9.0483949e-02
