   4.2271864e-02
   7.4767135e-02
   5.9769846e-02
   1.2713255e-02
   7.5614780e-02
   1.3157329e-01
   9.6684977e-02
   1.0033708e-02
   7.4293919e-02
   1.2461061e-01
   6.4306736e-02
   1.0170178e-02
   3.7262935e-02
   5.4597843e-02
   3.8699325e-02
   1.2639039e-02
   4.8737757e-02
   3.5793059e-02
   3.0377137e-02
   7.3047406e-03
   9.5063776e-02
   1.1388703e-01
   4.8657838e-02
   7.3663369e-03
   4.1377954e-02
   7.5331971e-02
   3.7005946e-02
   1.0913031e-02
   3.3068314e-02
   4.8660535e-02
   3.5075735e-02
   1.2952187e-02
   5.8753606e-02
   1.3863303e-02
   1.2921588e-02
   5.1320042e-03
   5.8331273e-02
   7.3611453e-02
   1.7359890e-02
   7.0276354e-03
   3.6064312e-02
   5.3321972e-02
   2.1548830e-02
   1.0378620e-02
   3.1198313e-02
   4.9589202e-02
   3.4999788e-02
   1.4665082e-02
   3.3387091e-02
   1.7281784e-02
   1.4849764e-02
   5.7485043e-03
   4.8745021e-02
   5.5143394e-02
   2.1765465e-02
   8.5674589e-03
   4.0917989e-02
   6.4035743e-02
   2.9341144e-02
   1.2637604e-02
   3.5366230e-02
   5.3665817e-02
   4.5949988e-02
   1.5300568e-02
   2.7382283e-02
   1.5607678e-02
   2.4991786e-02
   8.2345465e-03
   5.8485679e-02
   5.9972044e-02
   4.3031838e-02
   1.1485470e-02
   5.4104164e-02
   7.9844654e-02
   5.0779138e-02
   1.7235627e-02
   4.3255601e-02
   7.6363996e-02
   5.2980434e-02
   1.8626828e-02
   2.3433279e-02
   1.0875614e-02
   2.5263587e-02
   6.6292603e-03
   4.7011364e-02
   4.7073502e-02
   2.9769624e-02
   8.7171001e-03
   4.3892134e-02
   8.2355410e-02
   2.5885655e-02
   1.2286766e-02
   6.0696855e-02
   1.3848685e-01
   3.6536381e-02
   1.4633206e-02
   2.1869661e-02
   1.1395094e-02
   1.8083490e-02
   6.6667348e-03
   4.1272242e-02
   4.2786904e-02
   1.7914524e-02
   7.4046296e-03
   4.7123734e-02
   1.0097626e-01
   1.7557209e-02
   9.9665709e-03
   9.9866107e-02
   1.0902578e-01
   3.1452935e-02
   1.2893577e-02
   2.7986670e-02
   3.2956876e-02
   3.0210609e-02
   7.7876807e-03
   4.5855310e-02
   6.9041610e-02
   4.3361545e-02
   8.6427480e-03
   8.2848027e-02
   1.1129160e-01
   3.2246545e-02
   9.5044766e-03
   6.4833164e-02
   5.8956072e-02
   3.4047514e-02
   1.2454537e-02
   5.2366633e-02
   9.2153840e-02
   8.8619865e-02
   1.7047508e-02
   1.1083178e-01
   1.6444145e-01
   1.1025237e-01
   9.9809179e-03
   1.1774077e-01
   1.3856591e-01
   6.7137748e-02
   7.5981952e-03
   4.7486726e-02
   5.7591960e-02
   3.9076407e-02
   7.7815023e-03
   7.4910089e-02
   4.4061400e-02
   4.3672454e-02
   8.3695557e-03
   1.5524587e-01
   1.4303577e-01
   5.6522083e-02
   6.2248809e-03
   5.0958227e-02
   7.8096732e-02
   3.6801755e-02
   7.5438553e-03
   3.6689777e-02
   5.1691238e-02
   3.7148520e-02
   8.8402638e-03
   8.9861922e-02
   2.0477667e-02
   2.0724004e-02
   4.7486061e-03
   8.8144138e-02
   9.6225150e-02
   1.7666610e-02
   4.7869156e-03
   3.8425572e-02
   5.4444071e-02
   1.9397428e-02
   6.9425013e-03
   3.5179593e-02
   5.9618123e-02
   3.9815277e-02
   1.0179832e-02
   4.6501379e-02
   2.8499329e-02
   2.3844052e-02
   5.2164872e-03
   6.1105367e-02
   6.5268926e-02
   2.6464934e-02
   6.3663232e-03
   4.7305431e-02
   7.0463702e-02
   3.4643043e-02
   8.3304103e-03
   4.1513454e-02
   6.1280530e-02
   4.9180560e-02
   1.1065670e-02
   3.4969170e-02
   2.5021974e-02
   4.3879822e-02
   8.1821950e-03
   7.4202143e-02
   5.7325698e-02
   5.8294997e-02
   1.0674933e-02
   6.5829985e-02
   7.4996375e-02
   6.5664060e-02
   1.2511335e-02
   5.7217781e-02
   7.0886232e-02
   5.9656486e-02
   1.4542602e-02
   2.5804650e-02
   1.5709864e-02
   4.6342753e-02
   6.6202702e-03
   5.4326158e-02
   4.8868537e-02
   4.0638518e-02
   7.3024249e-03
   5.8406360e-02
   7.9275362e-02
   3.0340048e-02
   8.8185044e-03
   9.4050385e-02
   1.2049151e-01
   4.0453583e-02
   9.4255107e-03
   2.6694108e-02
   1.4941834e-02
   3.2585390e-02
   6.2948107e-03
   4.4179413e-02
   4.2595014e-02
   1.9988734e-02
   5.6973677e-03
   7.1161911e-02
   1.2043920e-01
   1.5890229e-02
   7.1253409e-03
   1.6371956e-01
   1.1417895e-01
   2.8320529e-02
   7.8907413e-03
   3.5375036e-02
   3.9095189e-02
   4.6499830e-02
   9.0826610e-03
   4.8424955e-02
   7.5102054e-02
   4.8919320e-02
   6.9774347e-03
   1.3198136e-01
   1.3523938e-01
   3.3052076e-02
   6.4030900e-03
   1.0349388e-01
   6.3522644e-02
   3.4273777e-02
   8.0532208e-03
   7.7845797e-02
   9.5113143e-02
   9.6615501e-02
   1.9209137e-02
   1.6465652e-01
   1.1351672e-01
   6.7276649e-02
   8.5989060e-03
   1.8534239e-01
   8.8453919e-02
   1.9599663e-02
   5.3381757e-03
   8.3558165e-02
   6.1674606e-02
   5.1305618e-02
   6.5575368e-03
   1.1844126e-01
   4.4979151e-02
   5.1197723e-02
   9.3925484e-03
   2.1626991e-01
   1.2098001e-01
   4.0379990e-02
   4.9896538e-03
   8.4957823e-02
   5.1189587e-02
   1.9167218e-02
   6.3630049e-03
   5.6412276e-02
   6.7197978e-02
   5.6391545e-02
   7.3032919e-03
   1.4023845e-01
   2.7923908e-02
   2.9432850e-02
   6.0585053e-03
   1.2334727e-01
   9.4638251e-02
   1.7385427e-02
   3.9415383e-03
   6.2316652e-02
   5.5044703e-02
   2.0821773e-02
   5.8254413e-03
   5.9491590e-02
   6.2424976e-02
   5.4530583e-02
   9.3836132e-03
   7.1290605e-02
   3.8594488e-02
   4.2487122e-02
   6.4756512e-03
   9.0951376e-02
   6.5444663e-02
   3.2646235e-02
   5.9596235e-03
   7.3124297e-02
   6.4182304e-02
   4.4476345e-02
   7.2029186e-03
   6.4452149e-02
   6.1072223e-02
   6.3065693e-02
   1.0844399e-02
   5.5898018e-02
   3.3728961e-02
   7.0646197e-02
   1.1679985e-02
   8.5810304e-02
   6.3897081e-02
   6.9454990e-02
   1.1873045e-02
   7.6130889e-02
   8.7591797e-02
   7.7347673e-02
   1.3134851e-02
   7.2439730e-02
   7.4478388e-02
   8.3133645e-02
   1.3637356e-02
   4.1304268e-02
   2.1229133e-02
   6.9925070e-02
   9.3660764e-03
   7.4751519e-02
   4.3986324e-02
   5.0855797e-02
   7.6786615e-03
   7.9464309e-02
   5.5428397e-02
   3.6329869e-02
   7.4925707e-03
   1.2601718e-01
   7.9683438e-02
   5.1554181e-02
   7.4543771e-03
   4.0834274e-02
   2.1939652e-02
   4.9566850e-02
   8.3040558e-03
   6.7499354e-02
   4.7332220e-02
   2.5292600e-02
   4.8963572e-03
   1.1502861e-01
   7.9598442e-02
   1.4962912e-02
   5.5457377e-03
   2.6654795e-01
   7.2444752e-02
   3.2404497e-02
   6.1089844e-03
   4.9299169e-02
   4.4249877e-02
   5.6416549e-02
   1.0526790e-02
   7.7379450e-02
   5.7934951e-02
   3.3044185e-02
   6.1251628e-03
   2.1718277e-01
   1.0994681e-01
   1.6245738e-02
   4.4020833e-03
   1.7571965e-01
   5.6740772e-02
   4.1657712e-02
   6.8771243e-03
   1.0260721e-01
   1.1342743e-01
   1.0144268e-01
   3.5200723e-02
   1.4815739e-01
   7.7346310e-02
   4.8975971e-02
   8.5566733e-03
   1.7999095e-01
   4.4202380e-02
   2.6057530e-02
   4.6246257e-03
   8.9261822e-02
   7.4756138e-02
   5.9132501e-02
   7.3947087e-03
   1.2954071e-01
   5.7205010e-02
   6.1268043e-02
   1.6583795e-02
   1.9223450e-01
   6.6693068e-02
   3.1596042e-02
   6.1775069e-03
   9.0247221e-02
   3.1312734e-02
   2.5274239e-02
   5.3871023e-03
   7.1083955e-02
   8.4586158e-02
   9.1574356e-02
   8.2600005e-03
   1.4651708e-01
   3.6270171e-02
   4.1245755e-02
   1.2088058e-02
   1.0204747e-01
   7.6357305e-02
   2.1473087e-02
   4.8167943e-03
   8.7511040e-02
   3.5087783e-02
   2.6355576e-02
   6.3931583e-03
   8.1388079e-02
   6.6811763e-02
   8.1377350e-02
   7.8903390e-03
   9.1886781e-02
   4.2764705e-02
   6.6191129e-02
   1.1818375e-02
   8.6723112e-02
   6.3346021e-02
   4.6879038e-02
   1.0376960e-02
   7.1102537e-02
   3.9361056e-02
   5.5801742e-02
   1.0924946e-02
   6.3321628e-02
   4.8823565e-02
   8.5444927e-02
   1.2978110e-02
   9.0020105e-02
   4.2261478e-02
   9.5517747e-02
   1.9905416e-02
   1.1345640e-01
   5.3533409e-02
   1.0773135e-01
   2.2480275e-02
   9.9703841e-02
   6.2275637e-02
   1.0879945e-01
   2.1982128e-02
   8.0088027e-02
   7.5480379e-02
   1.2870140e-01
   1.9062517e-02
   6.7858994e-02
   2.8197022e-02
   8.7612584e-02
   1.3938198e-02
   7.2992019e-02
   3.1285580e-02
   6.3469768e-02
   1.3674488e-02
   6.6367790e-02
   3.3844147e-02
   5.0451245e-02
   1.0455687e-02
   7.9824686e-02
   7.2637141e-02
   6.5662831e-02
   8.4472373e-03
   6.0359191e-02
   2.6417671e-02
   6.1860599e-02
   1.3514586e-02
   8.6218901e-02
   3.9178483e-02
   2.8099423e-02
   5.7887333e-03
   1.0621681e-01
   3.6986727e-02
   1.8980952e-02
   4.9666702e-03
   1.5976010e-01
   6.6604912e-02
   4.8797283e-02
   5.4025147e-03
   8.2214460e-02
   5.4921601e-02
   6.2452316e-02
   1.8600238e-02
   8.9976162e-02
   4.7052044e-02
   2.6801217e-02
   7.8277113e-03
   2.0559773e-01
   5.7550136e-02
   1.7422356e-02
   4.2103920e-03
   1.3623461e-01
   5.4672968e-02
   5.8764286e-02
   6.9135418e-03
