   4.4383169e-03
   5.6700120e-03
   8.0638854e-03
   3.9147004e-02
   4.4062813e-03
   5.3919749e-03
   5.9247524e-03
   3.2351088e-02
   6.3780150e-03
   6.9118533e-03
   5.6428993e-03
   3.4062397e-02
   1.2830918e-02
   1.1968316e-02
   1.1129648e-02
   4.3736391e-02
   4.1406448e-03
   5.3962250e-03
   7.7704946e-03
   3.7992321e-02
   4.1620568e-03
   5.1591001e-03
   5.5330945e-03
   3.1434227e-02
   6.0230037e-03
   6.4633819e-03
   5.3873253e-03
   3.3121720e-02
   1.2221044e-02
   1.1220296e-02
   1.0444722e-02
   4.2671274e-02
   4.0993467e-03
   5.3847772e-03
   8.4495544e-03
   3.8585447e-02
   4.1211871e-03
   5.5520292e-03
   5.8465269e-03
   3.2127447e-02
   5.9542484e-03
   6.5371138e-03
   5.5335164e-03
   3.3971783e-02
   1.2072496e-02
   1.1307498e-02
   1.0569960e-02
   4.3961465e-02
   5.1675094e-03
   5.8977935e-03
   1.1892921e-02
   4.3200836e-02
   5.0879512e-03
   6.4340876e-03
   8.6450642e-03
   3.5697412e-02
   6.9801854e-03
   7.7717565e-03
   7.2570471e-03
   3.8986649e-02
   1.3530245e-02
   1.2990636e-02
   1.2001211e-02
   5.0674256e-02
   7.2443290e-03
   6.2021534e-03
   1.5658662e-02
   4.7401667e-02
   7.1772640e-03
   6.8699094e-03
   1.2019319e-02
   3.9393246e-02
   8.9863306e-03
   9.0638101e-03
   9.2440741e-03
   4.4230063e-02
   1.5820237e-02
   1.4863661e-02
   1.3249340e-02
   5.7518169e-02
   5.2201473e-03
   5.9077144e-03
   1.1273289e-02
   4.3109763e-02
   5.2124187e-03
   6.5255966e-03
   8.0600027e-03
   3.5650712e-02
   7.1812542e-03
   8.7043950e-03
   7.0428848e-03
   3.8379818e-02
   1.4146105e-02
   1.4038587e-02
   1.2056536e-02
   4.9830791e-02
   4.1443114e-03
   5.4471437e-03
   8.6460374e-03
   3.8732719e-02
   4.2114221e-03
   5.7900948e-03
   6.4697303e-03
   3.2048400e-02
   6.1658896e-03
   7.6057655e-03
   5.7962877e-03
   3.3801060e-02
   1.2682864e-02
   1.2351231e-02
   1.0749890e-02
   4.3761704e-02
   4.1547171e-03
   5.3830058e-03
   8.0289431e-03
   3.7763100e-02
   4.1750707e-03
   5.3223530e-03
   6.0349097e-03
   3.1391725e-02
   6.1365217e-03
   7.0419516e-03
   5.5169244e-03
   3.3035338e-02
   1.2428033e-02
   1.1811887e-02
   1.0689363e-02
   4.2617425e-02
   4.1447696e-03
   5.3813192e-03
   8.3116395e-03
   3.5477433e-02
   4.1346741e-03
   5.5977213e-03
   6.4109522e-03
   2.9496400e-02
   6.0756961e-03
   7.0747174e-03
   5.6664334e-03
   3.1142404e-02
   1.2295317e-02
   1.2075185e-02
   1.1809739e-02
   4.0055696e-02
   3.9956304e-03
   5.2158888e-03
   8.0161681e-03
   3.4953080e-02
   3.9974325e-03
   5.4246476e-03
   5.8723413e-03
   2.9107280e-02
   5.8369027e-03
   6.6028251e-03
   5.5197384e-03
   3.0871648e-02
   1.1673601e-02
   1.1224748e-02
   1.0873705e-02
   3.9546933e-02
   4.0830341e-03
   5.4641408e-03
   9.0798158e-03
   3.5610933e-02
   4.0856586e-03
   6.3419724e-03
   6.4525441e-03
   3.0086756e-02
   5.8028605e-03
   6.8420586e-03
   5.9184805e-03
   3.1740345e-02
   1.1477417e-02
   1.1379834e-02
   1.1035062e-02
   4.0622499e-02
   5.1997793e-03
   6.0952944e-03
   1.4106856e-02
   3.8569126e-02
   5.0373757e-03
   7.5444919e-03
   1.0339762e-02
   3.3011686e-02
   6.7759147e-03
   8.5972231e-03
   7.9900054e-03
   3.6202870e-02
   1.2476251e-02
   1.3551472e-02
   1.2394714e-02
   4.6363939e-02
   7.3641865e-03
   6.4409594e-03
   1.9303946e-02
   4.1199584e-02
   7.2248420e-03
   8.2267718e-03
   1.4631541e-02
   3.5307791e-02
   8.9410720e-03
   1.0693929e-02
   1.0577761e-02
   4.1271765e-02
   1.4802205e-02
   1.6372345e-02
   1.3775704e-02
   5.1961884e-02
   5.2243909e-03
   6.0854382e-03
   1.3300221e-02
   3.8672648e-02
   5.2713552e-03
   8.0133025e-03
   9.6675046e-03
   3.2876819e-02
   7.2395685e-03
   1.0474453e-02
   8.0593908e-03
   3.5698954e-02
   1.3856018e-02
   1.5701881e-02
   1.2613985e-02
   4.5240328e-02
   4.1698208e-03
   5.6031137e-03
   9.7540999e-03
   3.5903782e-02
   4.2906655e-03
   7.1941218e-03
   7.9015857e-03
   3.0211534e-02
   6.3520265e-03
   9.0682898e-03
   6.5154722e-03
   3.1893261e-02
   1.2877469e-02
   1.3925341e-02
   1.1432571e-02
   4.0896330e-02
   4.0644337e-03
   5.2896794e-03
   8.7317359e-03
   3.5004679e-02
   4.0913201e-03
   6.0029258e-03
   7.1119079e-03
   2.9431427e-02
   6.1279964e-03
   7.8003774e-03
   5.8294949e-03
   3.0946942e-02
   1.2295281e-02
   1.2670486e-02
   1.1471791e-02
   3.9715633e-02
   3.6562283e-03
   4.8848852e-03
   7.9084486e-03
   2.6834382e-02
   3.5862401e-03
   5.7559903e-03
   6.4799949e-03
   2.3277545e-02
   5.2288608e-03
   6.9251377e-03
   5.4224143e-03
   2.4741584e-02
   9.8837223e-03
   1.0963089e-02
   1.1054728e-02
   3.0165372e-02
   3.5849698e-03
   4.7828732e-03
   7.5239702e-03
   2.7441528e-02
   3.5526576e-03
   5.4491833e-03
   5.9284479e-03
   2.3214374e-02
   4.9268110e-03
   6.3254195e-03
   5.3318655e-03
   2.4559239e-02
   9.3116183e-03
   9.9972747e-03
   9.7443201e-03
   2.9993063e-02
   3.7606494e-03
   5.0668293e-03
   8.8706268e-03
   2.8551903e-02
   3.7113440e-03
   6.5843882e-03
   6.6238632e-03
   2.4781907e-02
   5.0417441e-03
   6.5856287e-03
   5.7155830e-03
   2.5402326e-02
   9.1367662e-03
   1.0151925e-02
   9.6591869e-03
   3.0944562e-02
   4.8059542e-03
   5.5482741e-03
   1.4979264e-02
   3.0206583e-02
   4.6383711e-03
   7.9320427e-03
   1.1313552e-02
   2.7233668e-02
   5.8864108e-03
   8.3799502e-03
   7.8487210e-03
   3.0382678e-02
   9.9557936e-03
   1.2463427e-02
   1.1043590e-02
   3.7019502e-02
   6.9145532e-03
   5.7403534e-03
   2.1731231e-02
   3.2137506e-02
   6.8930523e-03
   8.7856734e-03
   1.6066732e-02
   2.9026985e-02
   8.2355971e-03
   1.0546382e-02
   1.0659461e-02
   3.6532272e-02
   1.2315787e-02
   1.5544706e-02
   1.2121573e-02
   4.3084167e-02
   4.8755612e-03
   5.6078956e-03
   1.4065850e-02
   3.0716212e-02
   4.8782388e-03
   8.8400086e-03
   9.9286707e-03
   2.7012069e-02
   6.4583421e-03
   1.0339750e-02
   7.8810193e-03
   3.0238207e-02
   1.1344289e-02
   1.4907747e-02
   1.0953103e-02
   3.5847403e-02
   3.8380085e-03
   5.2798451e-03
   9.7525902e-03
   2.8265767e-02
   3.9528841e-03
   8.3150426e-03
   8.1463549e-03
   2.5275089e-02
   5.5923830e-03
   9.1489395e-03
   6.3002803e-03
   2.6376145e-02
   1.0545197e-02
   1.3153796e-02
   1.0184012e-02
   3.2173175e-02
   3.6956226e-03
   4.9202815e-03
   8.6392555e-03
   2.6976405e-02
   3.6538569e-03
   6.5190238e-03
   7.4889376e-03
   2.4020869e-02
   5.4296050e-03
   7.7669825e-03
   5.6738048e-03
   2.4911579e-02
   1.0049519e-02
   1.1649434e-02
   1.0675966e-02
   3.0960968e-02
   3.0248093e-03
   3.9025694e-03
   6.6241212e-03
   1.8106490e-02
   2.6385146e-03
   5.0845752e-03
   6.1540240e-03
   1.6382035e-02
   3.9681811e-03
   5.8377036e-03
   4.3486734e-03
   1.7751591e-02
   7.1548908e-03
   9.0118852e-03
   9.1327764e-03
   2.0761045e-02
   2.8707816e-03
   3.7431170e-03
   6.1480175e-03
   1.8875130e-02
   2.5716799e-03
   4.7922470e-03
   5.4212725e-03
   1.6016914e-02
   3.6661853e-03
   5.1184371e-03
   4.2779138e-03
   1.6800785e-02
   6.5960968e-03
   8.3822217e-03
   7.5159161e-03
   1.9904124e-02
   2.8753045e-03
   3.8290762e-03
   7.6520266e-03
   1.8745735e-02
   2.6743179e-03
   5.5910065e-03
   6.0385754e-03
   1.7058030e-02
   3.6392636e-03
   5.3541590e-03
   4.5843185e-03
   1.7316993e-02
   6.5485928e-03
   8.4245214e-03
   7.0544034e-03
   2.0175720e-02
   4.1543031e-03
   4.3238825e-03
   1.6466836e-02
   1.9537903e-02
   3.9098216e-03
   7.2063501e-03
   1.2523188e-02
   1.8687258e-02
   4.6443013e-03
   7.3301326e-03
   7.2896932e-03
   2.3385467e-02
   7.8015486e-03
   1.0163693e-02
   8.5229427e-03
   2.7429596e-02
   6.4730891e-03
   4.6537588e-03
   2.5594473e-02
   2.1716617e-02
   6.3710166e-03
   8.5661253e-03
   1.9409461e-02
   2.0451764e-02
   7.3152795e-03
   9.6195797e-03
   1.0489425e-02
   3.0777644e-02
   1.0471489e-02
   1.3268768e-02
   9.4689475e-03
   3.5506118e-02
   4.1567963e-03
   4.3769851e-03
   1.4366682e-02
   2.0419560e-02
   3.9954581e-03
   8.7059699e-03
   9.8969443e-03
   1.8078413e-02
   5.0274590e-03
   8.7826615e-03
   6.7086359e-03
   2.1733116e-02
   8.5335057e-03
   1.2380389e-02
   7.9008602e-03
   2.5028819e-02
   2.9780336e-03
   4.2469245e-03
   8.6657833e-03
   1.9146347e-02
   2.9441982e-03
   7.8899832e-03
   6.8462221e-03
   1.7100092e-02
   3.9945417e-03
   7.7964882e-03
   4.9373838e-03
   1.8406818e-02
   7.4522267e-03
   1.0228153e-02
   7.3491600e-03
   2.1711726e-02
   2.9284917e-03
   3.9693061e-03
   7.5303758e-03
   1.8233808e-02
   2.7932990e-03
   6.1374735e-03
   6.5460377e-03
   1.6575402e-02
   3.8353002e-03
   6.6532483e-03
   4.4744085e-03
   1.7355414e-02
   7.0390939e-03
   9.3729235e-03
   8.3723450e-03
   2.0526277e-02
