   3.3627447e-02
   9.2283487e-02
   8.4913023e-02
   1.9266201e-02
   7.1005434e-02
   1.5056349e-01
   1.0616174e-01
   1.2386177e-02
   8.1436932e-02
   8.4820576e-02
   3.7413400e-02
   1.3761941e-02
   4.1064538e-02
   3.9835241e-02
   4.2747650e-02
   1.6051678e-02
   6.3437246e-02
   5.6587022e-02
   4.0913500e-02
   1.1935080e-02
   9.4823353e-02
   1.3483836e-01
   5.4683134e-02
   1.1852017e-02
   4.6640124e-02
   5.6619618e-02
   3.4091398e-02
   1.4443087e-02
   3.4661151e-02
   3.8900293e-02
   3.9292015e-02
   1.6563974e-02
   1.2278531e-01
   7.6724753e-02
   1.5459162e-02
   8.0666048e-03
   5.8343187e-02
   1.1405401e-01
   2.1893129e-02
   1.2026383e-02
   3.9272986e-02
   4.8953954e-02
   3.4002487e-02
   1.3654343e-02
   3.3361103e-02
   4.1564468e-02
   4.1402124e-02
   1.6981741e-02
   7.5906128e-02
   1.0689930e-01
   1.9501612e-02
   8.5904486e-03
   4.4867795e-02
   8.6317427e-02
   2.4103962e-02
   1.2724514e-02
   4.4151027e-02
   6.4695142e-02
   4.1091211e-02
   1.4292985e-02
   3.6169458e-02
   4.2893007e-02
   6.6368788e-02
   1.8664531e-02
   4.3308549e-02
   5.6431673e-02
   4.1468751e-02
   1.0428785e-02
   5.2417371e-02
   7.0626691e-02
   4.4936340e-02
   1.5620603e-02
   5.2863352e-02
   7.8868173e-02
   5.0201591e-02
   1.6632814e-02
   4.4048466e-02
   6.0098622e-02
   6.9955260e-02
   2.0069852e-02
   3.3540402e-02
   3.0433973e-02
   3.2463815e-02
   1.0383067e-02
   4.2957198e-02
   5.8344916e-02
   2.6646804e-02
   1.3471709e-02
   4.4177137e-02
   8.1684597e-02
   3.3716582e-02
   1.4156332e-02
   6.5321207e-02
   1.0158949e-01
   4.0493686e-02
   1.7142314e-02
   3.0466547e-02
   2.7292252e-02
   1.5757931e-02
   1.1535118e-02
   4.0645435e-02
   5.0345641e-02
   1.8620007e-02
   1.3504312e-02
   5.2292868e-02
   1.0612457e-01
   2.5948821e-02
   1.2933319e-02
   1.1147904e-01
   8.7769724e-02
   3.4957483e-02
   1.6677132e-02
   3.1894218e-02
   4.9061570e-02
   3.7669025e-02
   1.2963477e-02
   4.2600345e-02
   7.9107128e-02
   4.7582179e-02
   1.4860776e-02
   9.2820704e-02
   1.0397149e-01
   2.9371351e-02
   1.2529033e-02
   7.2330840e-02
   4.5580067e-02
   3.5894543e-02
   1.6730729e-02
   3.7174389e-02
   1.0552926e-01
   1.0011622e-01
   2.9132884e-02
   1.1041087e-01
   1.5974346e-01
   1.0998794e-01
   8.9753065e-03
   1.2037366e-01
   9.3942456e-02
   3.9349142e-02
   8.9071244e-03
   4.8762333e-02
   4.2241026e-02
   4.3148097e-02
   9.5540099e-03
   9.6776530e-02
   6.8544991e-02
   4.8362687e-02
   1.5333482e-02
   1.6074614e-01
   1.5287612e-01
   5.4621965e-02
   7.6491563e-03
   5.4230791e-02
   5.8625516e-02
   4.3133710e-02
   1.0329577e-02
   3.8605761e-02
   4.7480740e-02
   4.2212207e-02
   1.0457806e-02
   2.0371279e-01
   9.3475483e-02
   1.7035076e-02
   6.5452149e-03
   9.0058737e-02
   1.3361984e-01
   1.5748756e-02
   7.6031717e-03
   3.9194833e-02
   5.1688951e-02
   4.2981766e-02
   9.0557057e-03
   3.6470413e-02
   5.2163545e-02
   4.3605126e-02
   1.0274598e-02
   1.1568901e-01
   1.2659171e-01
   2.3505524e-02
   6.9870823e-03
   5.3980820e-02
   8.4812671e-02
   2.5158128e-02
   8.7565808e-03
   4.9802933e-02
   7.0012622e-02
   5.2736595e-02
   1.0116694e-02
   3.8635872e-02
   5.1072501e-02
   7.4259736e-02
   1.1549783e-02
   5.1671039e-02
   7.0415683e-02
   5.6068808e-02
   9.2281569e-03
   6.2291406e-02
   6.1123949e-02
   5.6620419e-02
   1.2848556e-02
   6.3396990e-02
   7.3964506e-02
   6.4874582e-02
   1.2465599e-02
   5.1132873e-02
   6.2220734e-02
   7.4356221e-02
   1.3976930e-02
   3.6130793e-02
   3.5828527e-02
   4.2687513e-02
   1.0387463e-02
   4.9470402e-02
   5.8914132e-02
   2.9344672e-02
   1.0236214e-02
   5.7248585e-02
   8.5060626e-02
   3.8454164e-02
   9.9926693e-03
   1.0243571e-01
   1.1326601e-01
   3.8364917e-02
   1.1394969e-02
   3.3366080e-02
   3.0179834e-02
   1.9269818e-02
   1.1882731e-02
   4.2590275e-02
   5.1579744e-02
   1.4726804e-02
   1.0880014e-02
   7.4507795e-02
   1.3346492e-01
   2.7196316e-02
   9.1248546e-03
   1.7678736e-01
   1.0750286e-01
   2.8962910e-02
   1.0803954e-02
   3.3249121e-02
   5.4079786e-02
   4.5604948e-02
   1.6118882e-02
   4.9219862e-02
   8.0484584e-02
   4.6929233e-02
   1.3623929e-02
   1.3672130e-01
   1.3430423e-01
   3.1914506e-02
   8.6464314e-03
   1.0838203e-01
   5.3401642e-02
   3.4474667e-02
   1.0050371e-02
   5.6294989e-02
   1.4510453e-01
   1.3721941e-01
   4.9923141e-02
   1.6598497e-01
   6.8071023e-02
   2.2941671e-02
   6.0967347e-03
   1.8525502e-01
   9.1054551e-02
   5.5221785e-02
   7.7076643e-03
   7.9614706e-02
   5.1701024e-02
   5.8677889e-02
   7.4013527e-03
   1.4727463e-01
   7.9717956e-02
   6.7033008e-02
   2.5070652e-02
   2.3681177e-01
   1.0664418e-01
   1.5798109e-02
   5.1857415e-03
   8.1925415e-02
   5.8991205e-02
   6.3261203e-02
   9.8359529e-03
   6.0688071e-02
   6.5552257e-02
   5.8405239e-02
   9.2819100e-03
   2.8774026e-01
   5.1353551e-02
   1.8839322e-02
   7.4756439e-03
   1.3694260e-01
   9.5998205e-02
   1.2134538e-02
   6.2617501e-03
   6.4482510e-02
   5.9731968e-02
   6.7039706e-02
   8.0007501e-03
   6.1519507e-02
   6.6999830e-02
   6.5559186e-02
   1.0112192e-02
   1.5558308e-01
   8.0218934e-02
   2.6502425e-02
   7.2771166e-03
   8.4261477e-02
   5.9809480e-02
   3.1060353e-02
   7.9319160e-03
   7.9384767e-02
   6.2261079e-02
   7.2199911e-02
   8.8946419e-03
   6.4043097e-02
   5.8132030e-02
   1.2090402e-01
   1.1416448e-02
   7.3219635e-02
   6.7279145e-02
   6.6480212e-02
   1.2010410e-02
   7.6330781e-02
   6.3668825e-02
   6.9706023e-02
   1.3573118e-02
   7.6849632e-02
   7.8463934e-02
   8.4055021e-02
   1.4139703e-02
   7.1460076e-02
   6.2265515e-02
   1.0968769e-01
   1.4785603e-02
   5.3433444e-02
   3.8524464e-02
   5.1255316e-02
   1.2184907e-02
   7.0710659e-02
   4.5173742e-02
   3.5774287e-02
   9.9070659e-03
   8.2729593e-02
   7.3282309e-02
   5.2134313e-02
   8.7827602e-03
   1.3708748e-01
   7.1693979e-02
   4.9639370e-02
   9.6136881e-03
   5.1310420e-02
   3.5016511e-02
   2.1865228e-02
   1.3015371e-02
   6.7580588e-02
   5.0407466e-02
   1.4005785e-02
   7.5138705e-03
   1.2431615e-01
   9.9767022e-02
   3.1315681e-02
   6.9310330e-03
   2.8749767e-01
   6.5411046e-02
   3.3040244e-02
   6.9603254e-03
   5.1120225e-02
   7.2721355e-02
   6.2786177e-02
   2.1975487e-02
   8.2961708e-02
   4.4309087e-02
   1.8064477e-02
   9.1430238e-03
   2.1941537e-01
   1.2219391e-01
   4.1680221e-02
   6.2125283e-03
   1.8676950e-01
   5.0400291e-02
   4.2729221e-02
   6.3523352e-03
   7.4843898e-02
   6.5889895e-02
   6.0386557e-02
   1.6684271e-02
   1.4962904e-01
   3.2975465e-02
   2.2785131e-02
   4.8572705e-03
   1.8244867e-01
   5.1623709e-02
   6.2745854e-02
   6.3850903e-03
   8.8647671e-02
   5.2141979e-02
   8.6975902e-02
   7.2973110e-03
   1.2145649e-01
   3.9346639e-02
   4.2182475e-02
   1.1009997e-02
   2.0955107e-01
   5.1005568e-02
   1.7572178e-02
   4.0574488e-03
   8.3095253e-02
   3.9900888e-02
   7.9892270e-02
   7.3504066e-03
   6.5355666e-02
   8.5792176e-02
   8.5120223e-02
   9.4057294e-03
   1.6459483e-01
   4.4447470e-02
   2.2431629e-02
   6.5109069e-03
   1.2212943e-01
   4.1280046e-02
   1.6471069e-02
   3.4342317e-03
   9.4695523e-02
   4.6512749e-02
   7.1398914e-02
   8.2479604e-03
   7.6624461e-02
   8.8508353e-02
   8.4071018e-02
   1.3620867e-02
   9.3858570e-02
   9.2242025e-02
   3.5966516e-02
   8.6417282e-03
   7.2728522e-02
   3.8548451e-02
   4.7228921e-02
   9.7574713e-03
   7.4243501e-02
   4.1250274e-02
   9.5224530e-02
   1.2073084e-02
   5.9250545e-02
   6.7532197e-02
   1.2147481e-01
   1.8957594e-02
   9.9825300e-02
   6.6734873e-02
   8.7910257e-02
   1.9686099e-02
   1.0163575e-01
   5.1032446e-02
   1.0908989e-01
   2.1884292e-02
   9.5397584e-02
   6.0874749e-02
   1.1243174e-01
   1.8463925e-02
   7.6456718e-02
   6.5861970e-02
   1.0871799e-01
   2.7435379e-02
   6.6042215e-02
   2.8546892e-02
   5.0035454e-02
   1.9999346e-02
   6.8710059e-02
   2.5667651e-02
   5.3336728e-02
   1.9645629e-02
   6.8473130e-02
   5.2328672e-02
   6.7775980e-02
   9.3686059e-03
   7.2135635e-02
   8.1115738e-02
   6.0014807e-02
   1.5328000e-02
   6.7684501e-02
   3.0048529e-02
   2.0087730e-02
   1.7691387e-02
   8.7727100e-02
   3.0806227e-02
   1.5556774e-02
   6.0864100e-03
   1.1834676e-01
   5.4051042e-02
   3.8913365e-02
   5.6730541e-03
   1.5351741e-01
   8.2085438e-02
   4.7820780e-02
   8.8797743e-03
   7.6089658e-02
   5.1167976e-02
   3.6716871e-02
   1.2997294e-02
   8.8161550e-02
   2.5442952e-02
   1.7634340e-02
   4.8509440e-03
   1.9409618e-01
   6.2072538e-02
   5.0057765e-02
   5.5526034e-03
   1.4056055e-01
   5.6534342e-02
   5.6083515e-02
   6.5013911e-03
