   2.8349126e-02
   2.5753096e-02
   2.3531418e-02
   1.6553853e-02
   3.1177215e-02
   2.6314678e-02
   2.2643918e-02
   1.1372282e-02
   2.6479227e-02
   2.6792802e-02
   4.2630672e-02
   1.1586840e-02
   3.0160351e-02
   1.6618796e-02
   3.6252454e-02
   1.4669555e-02
   2.7247142e-02
   2.3615720e-02
   2.0666312e-02
   1.4075659e-02
   2.9308071e-02
   2.2129359e-02
   2.0155955e-02
   1.0510305e-02
   2.7607383e-02
   2.5981564e-02
   3.8626906e-02
   1.1941236e-02
   2.9809717e-02
   1.3735482e-02
   3.4380402e-02
   1.4714238e-02
   2.9294698e-02
   2.1945819e-02
   2.1161659e-02
   1.4156362e-02
   2.9395409e-02
   2.1965660e-02
   2.1337662e-02
   1.0291086e-02
   2.7750963e-02
   2.6426738e-02
   3.7934031e-02
   1.1488949e-02
   2.9834265e-02
   1.3125851e-02
   3.3179369e-02
   1.5172192e-02
   8.6411789e-02
   2.7842961e-02
   2.7627580e-02
   1.7838795e-02
   7.8354456e-02
   3.0147579e-02
   3.5691239e-02
   1.0986581e-02
   7.8964695e-02
   3.1060115e-02
   5.3937078e-02
   1.3349648e-02
   7.6989189e-02
   1.6842991e-02
   4.1212063e-02
   1.5126145e-02
   2.0106964e-01
   3.9158784e-02
   4.7440503e-02
   2.5422523e-02
   1.8537126e-01
   4.4667717e-02
   6.9668047e-02
   1.5306484e-02
   1.9084819e-01
   4.1616052e-02
   8.7063029e-02
   1.8603597e-02
   1.8716329e-01
   3.0533301e-02
   5.5861294e-02
   1.8167779e-02
   8.8963561e-02
   2.8457679e-02
   3.2985672e-02
   2.5713002e-02
   8.5453555e-02
   3.0017367e-02
   3.5141997e-02
   1.1612020e-02
   8.7262280e-02
   3.2619420e-02
   5.1117953e-02
   1.2837641e-02
   8.6317897e-02
   2.7680315e-02
   4.1787174e-02
   1.5045315e-02
   2.9493382e-02
   2.4376083e-02
   2.1911221e-02
   2.6938768e-02
   2.9421609e-02
   2.2872735e-02
   2.0978248e-02
   1.0909864e-02
   2.7730871e-02
   2.5856994e-02
   3.7071589e-02
   1.1585145e-02
   3.2025207e-02
   1.5594856e-02
   3.3869885e-02
   1.3637250e-02
   2.7064323e-02
   2.5440270e-02
   2.1272579e-02
   1.8092940e-02
   2.9811598e-02
   2.2953158e-02
   2.1893091e-02
   1.1786718e-02
   2.6374912e-02
   2.4902225e-02
   4.0817879e-02
   1.1684378e-02
   2.8847396e-02
   1.3594029e-02
   3.4452800e-02
   1.3913285e-02
   2.3322897e-02
   2.9287275e-02
   2.4181079e-02
   1.4173348e-02
   2.6894853e-02
   2.7686208e-02
   2.0079048e-02
   7.9303561e-03
   2.1534275e-02
   2.5882062e-02
   3.8688991e-02
   7.7872667e-03
   2.3615854e-02
   2.1168249e-02
   3.5037689e-02
   1.0538767e-02
   2.2754308e-02
   2.5977209e-02
   1.7906735e-02
   1.1454969e-02
   2.8596472e-02
   2.3302095e-02
   1.7058052e-02
   6.8823900e-03
   2.3107881e-02
   2.6272297e-02
   3.7225895e-02
   8.2675377e-03
   2.1941774e-02
   1.6515641e-02
   3.5391185e-02
   1.1046411e-02
   2.9682443e-02
   2.0874662e-02
   1.6957492e-02
   1.2226048e-02
   3.1455625e-02
   2.1416144e-02
   1.7418645e-02
   6.6318410e-03
   2.7385607e-02
   2.6028531e-02
   3.4021050e-02
   8.6498065e-03
   2.7232755e-02
   1.3617053e-02
   3.5366412e-02
   1.0587597e-02
   1.0906493e-01
   2.7306935e-02
   3.0338446e-02
   1.7373784e-02
   1.0728373e-01
   2.7215252e-02
   4.1658431e-02
   8.8465577e-03
   1.0604448e-01
   3.3504598e-02
   5.3125750e-02
   1.1939403e-02
   1.0614636e-01
   2.1279858e-02
   4.7385324e-02
   1.1808279e-02
   2.5453320e-01
   4.2592090e-02
   6.2152088e-02
   2.7636223e-02
   2.5103539e-01
   4.3049667e-02
   9.2702076e-02
   1.5949471e-02
   2.5843108e-01
   4.5787714e-02
   9.5222712e-02
   2.2232560e-02
   2.6658636e-01
   4.1244566e-02
   7.3006339e-02
   1.8011369e-02
   1.1742900e-01
   2.9397843e-02
   3.5596762e-02
   2.8968330e-02
   1.1822323e-01
   2.8522545e-02
   3.9978642e-02
   9.7533790e-03
   1.1965264e-01
   3.2791931e-02
   4.8341382e-02
   1.1083910e-02
   1.1840951e-01
   3.6344774e-02
   5.4946020e-02
   1.2862734e-02
   3.1340636e-02
   2.2713223e-02
   2.1066247e-02
   3.1896085e-02
   3.3923876e-02
   2.1091562e-02
   1.5680173e-02
   7.7619078e-03
   2.7387299e-02
   2.5208067e-02
   2.7541688e-02
   7.7481102e-03
   2.9519260e-02
   1.7671542e-02
   3.2213669e-02
   1.0339084e-02
   2.5668552e-02
   2.6998272e-02
   1.9934244e-02
   1.7338978e-02
   2.9534267e-02
   2.3419056e-02
   1.8090779e-02
   8.2358466e-03
   2.4276143e-02
   2.6249507e-02
   3.3817489e-02
   7.5989836e-03
   2.4001898e-02
   1.5674185e-02
   3.2060347e-02
   9.2409886e-03
   2.9647579e-02
   3.2223452e-02
   2.7895130e-02
   1.8504070e-02
   3.0784570e-02
   3.1617936e-02
   1.9072343e-02
   7.6584849e-03
   2.1309840e-02
   3.4293551e-02
   4.7181159e-02
   7.7361432e-03
   2.2547141e-02
   2.8132785e-02
   4.7379442e-02
   1.0460597e-02
   2.6914937e-02
   2.8014116e-02
   2.3499507e-02
   1.5108307e-02
   4.2302337e-02
   2.7209299e-02
   1.3607596e-02
   5.9827496e-03
   2.6790766e-02
   3.1677600e-02
   3.9317183e-02
   7.1595786e-03
   2.4066512e-02
   2.4199527e-02
   3.9804075e-02
   1.1777951e-02
   4.1480031e-02
   2.1568021e-02
   1.8989934e-02
   1.4293435e-02
   3.8195014e-02
   2.0338215e-02
   1.6791068e-02
   5.9037739e-03
   3.5245303e-02
   2.9577395e-02
   3.5621300e-02
   6.8234247e-03
   3.0240415e-02
   1.6671773e-02
   4.0613659e-02
   9.7408276e-03
   8.6307220e-02
   2.9377541e-02
   3.7260126e-02
   2.3678146e-02
   9.8130509e-02
   2.8891690e-02
   5.5583730e-02
   8.0954554e-03
   9.6155636e-02
   3.7827745e-02
   6.4829774e-02
   1.1478363e-02
   9.1244332e-02
   2.8376205e-02
   6.2734716e-02
   1.3649077e-02
   1.9688192e-01
   5.5386290e-02
   8.9928873e-02
   3.6334604e-02
   2.0829311e-01
   5.3283390e-02
   1.2630855e-01
   1.5362234e-02
   2.2350430e-01
   5.4413248e-02
   1.1990369e-01
   2.2203855e-02
   2.1901800e-01
   5.6772385e-02
   1.0595769e-01
   2.1421233e-02
   1.0140493e-01
   3.4018286e-02
   4.7294255e-02
   4.2709190e-02
   1.0681870e-01
   3.0625490e-02
   5.0293349e-02
   9.7503364e-03
   1.0857669e-01
   3.7648071e-02
   5.9982657e-02
   1.0393891e-02
   1.0152651e-01
   5.0541844e-02
   8.6734414e-02
   1.4961774e-02
   4.1222502e-02
   2.0096118e-02
   2.6229106e-02
   5.5298381e-02
   4.7676682e-02
   2.1277774e-02
   1.7557571e-02
   8.1467601e-03
   2.8867861e-02
   2.8405802e-02
   2.9316390e-02
   6.6716624e-03
   3.2716058e-02
   2.4661221e-02
   4.7748081e-02
   1.0423348e-02
   3.0420061e-02
   2.8231671e-02
   2.2975750e-02
   2.7549187e-02
   3.5437528e-02
   2.5651732e-02
   1.9254794e-02
   8.1920642e-03
   3.5169460e-02
   3.1515792e-02
   3.5609879e-02
   7.5940671e-03
   2.5561219e-02
   2.1151222e-02
   5.0040595e-02
   9.5225228e-03
   3.3355419e-02
   1.9944396e-02
   4.2531468e-02
   3.0059887e-02
   4.1746490e-02
   2.6902072e-02
   1.9985713e-02
   6.7501678e-03
   2.0442611e-02
   3.8925074e-02
   6.0243554e-02
   1.0136916e-02
   1.9007821e-02
   3.2004308e-02
   5.5867709e-02
   1.3676884e-02
   2.4746375e-02
   2.6206845e-02
   3.2985426e-02
   1.7308556e-02
   6.5317698e-02
   2.6580693e-02
   1.0376660e-02
   4.2927926e-03
   1.8551422e-02
   3.3748195e-02
   4.6365593e-02
   7.7207279e-03
   2.3633312e-02
   2.9632470e-02
   5.1968243e-02
   1.1692092e-02
   5.0195463e-02
   2.2737838e-02
   2.8248819e-02
   1.6669637e-02
   3.5532441e-02
   2.0337150e-02
   9.4358670e-03
   4.1115722e-03
   2.7380619e-02
   2.9077873e-02
   5.2279886e-02
   7.5847339e-03
   2.9042996e-02
   2.4946891e-02
   4.1279692e-02
   1.2942143e-02
   4.7476392e-02
   3.9592955e-02
   3.9341081e-02
   3.0868022e-02
   5.7195079e-02
   4.1209966e-02
   5.5440661e-02
   1.3817434e-02
   4.9926639e-02
   4.6749178e-02
   5.1771633e-02
   1.7355984e-02
   5.2184246e-02
   4.2052496e-02
   6.2759094e-02
   2.0457240e-02
   9.6290931e-02
   8.5323058e-02
   9.9299282e-02
   6.1719164e-02
   9.7991273e-02
   8.6394288e-02
   1.2913612e-01
   2.9044425e-02
   8.5512191e-02
   8.6175688e-02
   9.8139778e-02
   3.7358917e-02
   8.6691231e-02
   9.0080522e-02
   1.0856004e-01
   3.8652565e-02
   6.0474943e-02
   4.4513289e-02
   5.0650712e-02
   6.9630012e-02
   6.0705148e-02
   4.6485797e-02
   5.4944955e-02
   1.5924923e-02
   4.0916845e-02
   5.0017364e-02
   7.1127228e-02
   1.6113367e-02
   4.9969185e-02
   7.6811723e-02
   9.4455339e-02
   2.3435865e-02
   3.9493017e-02
   1.8183809e-02
   2.9825877e-02
   7.9065815e-02
   4.1546550e-02
   2.2857351e-02
   2.0431416e-02
   1.1527016e-02
   2.3122216e-02
   2.8451579e-02
   4.0389977e-02
   6.9132550e-03
   3.0434756e-02
   4.1326664e-02
   6.6049635e-02
   1.2574470e-02
   3.6775175e-02
   2.4274467e-02
   3.1378649e-02
   3.6624029e-02
   3.3701431e-02
   2.8241001e-02
   1.9511268e-02
   9.2340326e-03
   3.8260005e-02
   3.6558826e-02
   4.5321867e-02
   8.4757395e-03
   2.8706295e-02
   3.3667874e-02
   6.4039946e-02
   1.3068977e-02
