   1.9753711e-02
   2.0525547e-02
   4.6460457e-02
   2.6365995e-02
   1.8505566e-02
   1.8670406e-02
   7.7631451e-02
   2.6155774e-02
   1.9032972e-02
   1.1620671e-02
   4.6566896e-02
   3.3189803e-02
   9.4686998e-03
   1.1892322e-02
   3.5231221e-02
   2.7841421e-02
   1.8863540e-02
   1.9281711e-02
   4.1553631e-02
   2.4573915e-02
   1.7604124e-02
   1.9410612e-02
   7.6088779e-02
   2.4883566e-02
   1.2795109e-02
   8.8503733e-03
   4.8825573e-02
   3.1743336e-02
   8.8539487e-03
   9.3051186e-03
   3.6053177e-02
   2.8245237e-02
   1.9772680e-02
   2.0440996e-02
   3.6123067e-02
   2.1733271e-02
   1.7617436e-02
   2.1412248e-02
   6.9949642e-02
   2.1886682e-02
   9.7557157e-03
   8.2733538e-03
   5.0493088e-02
   3.0101862e-02
   8.8444706e-03
   8.7128403e-03
   4.2557899e-02
   2.9572824e-02
   4.9380641e-02
   2.3925299e-02
   3.6293380e-02
   2.3957577e-02
   4.6615385e-02
   2.1103747e-02
   6.6290446e-02
   2.3259038e-02
   2.0053597e-02
   1.0410978e-02
   5.1578794e-02
   3.2618649e-02
   9.6106548e-03
   1.0836577e-02
   3.9083753e-02
   3.7368178e-02
   1.0643432e-01
   2.6709585e-02
   3.8649578e-02
   3.0696640e-02
   1.1050946e-01
   2.2342557e-02
   6.5481842e-02
   3.0824147e-02
   4.1489430e-02
   1.4569215e-02
   4.8917845e-02
   3.5808813e-02
   1.1428325e-02
   1.4982627e-02
   3.2564219e-02
   4.1443463e-02
   4.7991466e-02
   2.7276494e-02
   3.8786814e-02
   3.8191579e-02
   5.1526655e-02
   2.1085814e-02
   7.1630627e-02
   2.5029641e-02
   2.1703456e-02
   1.0306331e-02
   4.5497328e-02
   2.9561196e-02
   1.0444679e-02
   1.1212519e-02
   3.1367373e-02
   3.1562779e-02
   1.9554699e-02
   2.0319665e-02
   4.0093716e-02
   3.6309134e-02
   1.9368721e-02
   1.9761767e-02
   7.4030757e-02
   2.1321507e-02
   1.0315836e-02
   8.1521263e-03
   4.3769278e-02
   2.9647309e-02
   9.3487725e-03
   9.0169823e-03
   3.6643144e-02
   2.8063791e-02
   1.8599797e-02
   1.9242112e-02
   4.1614525e-02
   2.6632914e-02
   1.8360367e-02
   1.7691514e-02
   7.5614028e-02
   2.3660857e-02
   1.3250533e-02
   9.5439237e-03
   4.2641729e-02
   3.0443024e-02
   9.7619034e-03
   9.6494732e-03
   3.7005089e-02
   2.6492108e-02
   1.6472960e-02
   2.1249594e-02
   4.3970801e-02
   2.3364866e-02
   1.5096129e-02
   1.8412087e-02
   6.3161507e-02
   2.4256220e-02
   2.1382300e-02
   1.4450380e-02
   3.6644798e-02
   3.1792477e-02
   7.0959209e-03
   1.5639886e-02
   3.4720782e-02
   2.5935076e-02
   1.5756642e-02
   1.6887160e-02
   4.1944254e-02
   2.0287324e-02
   1.4952372e-02
   1.6411034e-02
   6.3385807e-02
   2.0258335e-02
   1.2763715e-02
   9.1830408e-03
   4.3011408e-02
   3.0300599e-02
   5.9724962e-03
   8.8697197e-03
   3.2636471e-02
   2.8784670e-02
   2.1592636e-02
   1.8387733e-02
   3.9797034e-02
   1.8528273e-02
   1.8455792e-02
   1.8999182e-02
   5.9285436e-02
   1.6523842e-02
   9.0585807e-03
   7.5754509e-03
   4.0713929e-02
   2.6089383e-02
   6.6567264e-03
   7.0355684e-03
   4.1283164e-02
   3.1464718e-02
   7.4972995e-02
   2.0947186e-02
   4.1022234e-02
   2.2252988e-02
   7.0878565e-02
   1.9254453e-02
   5.5035427e-02
   2.0257339e-02
   2.8842336e-02
   1.1120263e-02
   4.1543923e-02
   3.2214407e-02
   7.4256156e-03
   1.0064769e-02
   3.9032530e-02
   4.2805124e-02
   1.5808891e-01
   3.1813521e-02
   4.3402348e-02
   3.4223646e-02
   1.6500294e-01
   2.2260042e-02
   6.1366819e-02
   3.5206761e-02
   6.0410056e-02
   2.0716162e-02
   4.4955641e-02
   3.4681030e-02
   9.5764315e-03
   1.5718658e-02
   3.7556298e-02
   4.8633657e-02
   6.9092609e-02
   3.2123461e-02
   3.7519291e-02
   5.0262697e-02
   7.7632554e-02
   2.1027284e-02
   6.3698292e-02
   2.5804395e-02
   3.0584479e-02
   1.1575977e-02
   3.7068870e-02
   3.0924825e-02
   7.4703931e-03
   1.0835024e-02
   3.5750393e-02
   3.2440808e-02
   1.8293919e-02
   2.0837262e-02
   4.2103801e-02
   5.0320830e-02
   1.9725563e-02
   1.7180599e-02
   6.1892331e-02
   2.1041157e-02
   1.0396754e-02
   7.1847122e-03
   3.3361815e-02
   2.4499347e-02
   5.9943092e-03
   8.0155786e-03
   3.9388116e-02
   2.7787793e-02
   1.4843370e-02
   1.9998353e-02
   4.2849328e-02
   2.6395686e-02
   1.5860412e-02
   1.5700551e-02
   6.0815431e-02
   2.2335062e-02
   1.3679269e-02
   9.8183826e-03
   3.1256177e-02
   2.6233567e-02
   6.1736852e-03
   1.0378052e-02
   3.7180983e-02
   2.4599891e-02
   2.1344172e-02
   2.3662880e-02
   4.7833558e-02
   2.6526550e-02
   2.0188618e-02
   2.0793628e-02
   6.5846883e-02
   2.8295426e-02
   4.1075923e-02
   1.7515257e-02
   3.3962797e-02
   4.1028637e-02
   4.9614972e-03
   1.9418450e-02
   3.3155497e-02
   3.3240329e-02
   1.9438768e-02
   1.4444302e-02
   4.2555708e-02
   2.5692914e-02
   2.1138001e-02
   1.8439397e-02
   5.8365535e-02
   2.1796424e-02
   2.1373320e-02
   1.0253988e-02
   3.6035396e-02
   3.4236740e-02
   4.8079831e-03
   1.0091847e-02
   3.2756772e-02
   3.7684992e-02
   3.0539347e-02
   1.4607970e-02
   3.3746820e-02
   2.2108130e-02
   2.1503227e-02
   2.0120725e-02
   5.3554542e-02
   1.8299816e-02
   1.2721116e-02
   7.1857562e-03
   3.9215278e-02
   2.9104207e-02
   4.8813447e-03
   6.8575549e-03
   3.7977852e-02
   4.5870166e-02
   6.8709537e-02
   2.2367306e-02
   4.3377817e-02
   2.9226812e-02
   6.9874823e-02
   1.8185092e-02
   5.2035939e-02
   2.6421340e-02
   2.9548047e-02
   1.3207964e-02
   4.5822654e-02
   4.1088842e-02
   6.5648169e-03
   1.1267660e-02
   3.7296321e-02
   6.1322626e-02
   1.3755719e-01
   3.7270471e-02
   5.2722968e-02
   4.6865921e-02
   1.4735182e-01
   2.5850039e-02
   4.8704676e-02
   4.8977435e-02
   5.5031117e-02
   2.7784096e-02
   4.9100798e-02
   4.4331852e-02
   1.0707244e-02
   1.5932929e-02
   5.6201082e-02
   6.1469331e-02
   7.1023665e-02
   4.0789071e-02
   4.5083471e-02
   8.5972428e-02
   7.9794191e-02
   2.3814401e-02
   5.5418573e-02
   3.4605790e-02
   3.1288359e-02
   1.2285700e-02
   3.9267357e-02
   3.3873040e-02
   7.1058366e-03
   1.2016402e-02
   5.4400839e-02
   3.9983395e-02
   2.8321076e-02
   2.1578165e-02
   3.9924785e-02
   8.2974933e-02
   2.9565590e-02
   1.7105317e-02
   5.8727156e-02
   2.4584847e-02
   1.4132695e-02
   7.1109263e-03
   3.0200716e-02
   2.9228359e-02
   4.7750613e-03
   8.7162498e-03
   5.2325077e-02
   3.1817362e-02
   2.1129051e-02
   2.1448685e-02
   4.0662721e-02
   3.5072640e-02
   1.5894899e-02
   1.6947974e-02
   5.8849931e-02
   2.4756689e-02
   2.3621030e-02
   1.0930208e-02
   2.6792260e-02
   3.2787558e-02
   4.8401989e-03
   1.1590322e-02
   4.2808220e-02
   2.9959612e-02
   2.5509138e-02
   3.2798044e-02
   6.0799256e-02
   3.6609650e-02
   3.0339951e-02
   2.0523805e-02
   5.8929238e-02
   3.6128227e-02
   7.6255478e-02
   2.1194180e-02
   4.0902279e-02
   5.8076039e-02
   3.9139460e-03
   2.2159001e-02
   2.9610265e-02
   5.0846651e-02
   2.8612424e-02
   2.0634793e-02
   6.1995048e-02
   3.6334146e-02
   2.9537668e-02
   2.2947362e-02
   5.7455622e-02
   3.0179463e-02
   4.2219698e-02
   1.1301492e-02
   4.8467100e-02
   5.0203346e-02
   4.4841026e-03
   1.3311517e-02
   2.9141061e-02
   4.9359702e-02
   3.8969889e-02
   1.7757744e-02
   5.2295420e-02
   3.6346022e-02
   1.9780483e-02
   2.1059074e-02
   6.1711885e-02
   3.5325151e-02
   2.0294866e-02
   6.6555119e-03
   5.5386186e-02
   3.7343983e-02
   3.9470992e-03
   7.9591693e-03
   4.1776236e-02
   6.2312711e-02
   7.3671408e-02
   2.4865676e-02
   6.3733056e-02
   4.7607224e-02
   5.9873391e-02
   1.9055665e-02
   5.8358688e-02
   3.6506463e-02
   3.8331248e-02
   1.2997372e-02
   5.3694673e-02
   4.6840336e-02
   9.8595936e-03
   1.2028062e-02
   6.0024045e-02
   9.1783196e-02
   1.7803673e-01
   4.2305604e-02
   5.4963849e-02
   6.8037629e-02
   1.5898202e-01
   3.4831487e-02
   6.1149586e-02
   6.3694008e-02
   6.3165016e-02
   2.7033094e-02
   7.4738219e-02
   6.9026999e-02
   1.7127827e-02
   1.8209897e-02
   8.9578129e-02
   8.6300835e-02
   7.7665180e-02
   4.6815839e-02
   4.3768004e-02
   1.3331643e-01
   7.6021530e-02
   2.9184818e-02
   5.3950697e-02
   4.7505368e-02
   3.8951430e-02
   1.1907920e-02
   5.6209859e-02
   5.1038153e-02
   9.3981056e-03
   1.3925112e-02
   6.1365470e-02
   5.7023257e-02
   3.3125531e-02
   2.9820668e-02
   4.5874711e-02
   1.4016710e-01
   2.3209793e-02
   2.3142383e-02
   5.2604660e-02
   3.8374327e-02
   2.4064340e-02
   6.7185718e-03
   3.5988472e-02
   4.8061695e-02
   5.4693054e-03
   1.3169284e-02
   4.5960009e-02
   5.3546276e-02
   2.2965129e-02
   2.4905799e-02
   4.4614267e-02
   5.4075126e-02
   1.3173448e-02
   1.9513829e-02
   5.4178867e-02
   2.8991934e-02
   4.5661740e-02
   1.3484577e-02
   3.4451034e-02
   4.6383247e-02
   4.1623954e-03
   1.5458748e-02
   4.1144922e-02
   4.3613803e-02
