   2.9893177e-02
   2.2867836e-02
   5.7737514e-02
   1.9221643e-02
   7.4464962e-02
   3.5692431e-02
   2.4276907e-02
   9.7766416e-03
   7.1785815e-02
   9.9479131e-02
   6.3015163e-02
   1.2180137e-02
   4.0983543e-02
   1.3814153e-01
   1.0298314e-01
   1.2521628e-02
   5.5994555e-02
   2.2727802e-02
   4.9575970e-02
   1.7921723e-02
   8.6758636e-02
   4.3364543e-02
   1.4442657e-02
   9.8667555e-03
   4.1269675e-02
   4.6416800e-02
   3.3329085e-02
   1.1088055e-02
   3.4252577e-02
   5.6759238e-02
   4.9805116e-02
   1.0992983e-02
   8.9347064e-02
   3.8155358e-02
   4.6310719e-02
   1.7089857e-02
   5.0282154e-02
   3.7728760e-02
   1.0119841e-02
   1.0088813e-02
   3.8134083e-02
   2.0857563e-02
   1.7673248e-02
   1.0012420e-02
   3.1705342e-02
   1.2264739e-02
   1.7438497e-02
   1.1201911e-02
   5.0468668e-02
   3.2649390e-02
   5.1724732e-02
   1.7419843e-02
   4.2808052e-02
   3.4746051e-02
   2.1420777e-02
   1.0766965e-02
   4.2153288e-02
   2.5283674e-02
   2.3812484e-02
   1.0999252e-02
   3.4076318e-02
   1.2271301e-02
   2.0761333e-02
   1.1256378e-02
   3.5547104e-02
   2.5177255e-02
   6.1066017e-02
   1.8868221e-02
   5.0372623e-02
   4.8444327e-02
   4.5313999e-02
   1.3242621e-02
   5.2540462e-02
   3.5089895e-02
   3.6811195e-02
   1.3221249e-02
   4.1715547e-02
   1.3620089e-02
   2.8610332e-02
   1.2652552e-02
   3.0141592e-02
   1.8207902e-02
   5.6597531e-02
   1.6917456e-02
   4.0200941e-02
   3.1283144e-02
   2.3877315e-02
   1.0699992e-02
   4.5369893e-02
   2.6319077e-02
   2.1018604e-02
   1.1115479e-02
   5.5646706e-02
   1.2285616e-02
   1.8387789e-02
   1.0909931e-02
   2.7010536e-02
   1.6145218e-02
   5.2803911e-02
   1.6513081e-02
   3.5121538e-02
   2.2187360e-02
   1.1757539e-02
   9.8951310e-03
   4.7489632e-02
   2.3063900e-02
   1.4987060e-02
   1.0028378e-02
   9.2446692e-02
   1.1893554e-02
   1.8423466e-02
   1.0074429e-02
   2.7383188e-02
   1.9083971e-02
   5.5860501e-02
   1.7705927e-02
   4.0850025e-02
   2.4229338e-02
   1.5308931e-02
   1.0436336e-02
   8.0744237e-02
   5.5357508e-02
   3.0812334e-02
   1.0159728e-02
   6.6714302e-02
   5.3917985e-02
   4.5240887e-02
   1.0075526e-02
   3.7626561e-02
   2.7601592e-02
   5.5797677e-02
   1.7486248e-02
   1.1448288e-01
   5.2495699e-02
   2.7580868e-02
   6.2109544e-03
   1.0733284e-01
   1.2357651e-01
   7.1814470e-02
   1.1493587e-02
   4.9103990e-02
   1.7451988e-01
   1.2469790e-01
   1.2547236e-02
   9.1745391e-02
   3.1212172e-02
   4.7349826e-02
   1.5103496e-02
   1.4019109e-01
   6.8434678e-02
   1.6107522e-02
   5.5304142e-03
   4.6430588e-02
   5.8610037e-02
   3.8577676e-02
   8.2421480e-03
   3.9708793e-02
   7.1105063e-02
   5.8954138e-02
   7.8694802e-03
   1.6106974e-01
   5.5999331e-02
   4.0603019e-02
   1.3252600e-02
   7.5140946e-02
   5.6843624e-02
   1.0829999e-02
   5.9128692e-03
   3.7467949e-02
   2.6705014e-02
   2.2318574e-02
   6.4170449e-03
   3.4581173e-02
   1.0766736e-02
   2.2461094e-02
   7.5935498e-03
   8.3167098e-02
   4.1780621e-02
   5.0675064e-02
   1.3856017e-02
   5.5535436e-02
   4.5262322e-02
   2.5745451e-02
   7.5085848e-03
   4.9321778e-02
   2.9421914e-02
   3.1647414e-02
   7.2630881e-03
   3.7781298e-02
   1.0093661e-02
   2.7962212e-02
   7.7327178e-03
   4.1153561e-02
   3.1175435e-02
   6.7917161e-02
   1.6015744e-02
   6.6871673e-02
   5.8704440e-02
   5.3914960e-02
   1.1530166e-02
   7.0902482e-02
   4.1599568e-02
   5.0293770e-02
   1.0207609e-02
   5.1523075e-02
   1.2853669e-02
   4.7610436e-02
   1.0576976e-02
   3.3035211e-02
   2.2237804e-02
   6.0578447e-02
   1.2418842e-02
   4.9010344e-02
   3.7814699e-02
   2.8991802e-02
   7.4349474e-03
   6.0105935e-02
   2.9818224e-02
   2.7324434e-02
   7.1957088e-03
   8.0107786e-02
   1.1139746e-02
   2.6308166e-02
   7.3450073e-03
   2.8946372e-02
   2.2165217e-02
   5.0773624e-02
   1.3136189e-02
   3.9776742e-02
   3.0152829e-02
   1.2483199e-02
   6.4437455e-03
   6.7720108e-02
   2.8286966e-02
   1.8658122e-02
   6.0311761e-03
   1.4615110e-01
   1.1879276e-02
   2.7103590e-02
   5.8292020e-03
   3.0692466e-02
   2.3267815e-02
   5.2342620e-02
   1.4148377e-02
   4.9542423e-02
   3.5898305e-02
   1.6539592e-02
   6.3164546e-03
   1.2552841e-01
   7.1617022e-02
   3.7155706e-02
   7.0487927e-03
   1.0069924e-01
   6.9507495e-02
   5.8966395e-02
   7.4001183e-03
   6.6133589e-02
   3.6964517e-02
   5.4749325e-02
   2.1157986e-02
   1.7457443e-01
   6.2276050e-02
   4.0998369e-02
   5.3797704e-03
   1.7323488e-01
   1.9164093e-01
   1.3059008e-01
   1.6803194e-02
   8.3827645e-02
   3.3982903e-01
   2.6651260e-01
   2.4185630e-02
   1.7262197e-01
   3.4166723e-02
   4.8393689e-02
   1.7456494e-02
   2.3541112e-01
   8.1349567e-02
   2.6615985e-02
   4.6839211e-03
   8.1003815e-02
   8.7002061e-02
   6.0234707e-02
   8.9614568e-03
   6.8593167e-02
   1.3669935e-01
   1.1389029e-01
   1.1602480e-02
   2.8469983e-01
   5.0669283e-02
   4.3141466e-02
   1.3070269e-02
   1.2960485e-01
   6.2036004e-02
   1.7690763e-02
   5.1151286e-03
   5.9995372e-02
   3.0191146e-02
   2.6502412e-02
   4.3968735e-03
   5.7537027e-02
   1.3955760e-02
   2.5861857e-02
   5.3000315e-03
   1.3108703e-01
   4.0898692e-02
   4.7966901e-02
   1.4731458e-02
   7.9063326e-02
   4.8895359e-02
   2.8062133e-02
   8.0605922e-03
   8.0989681e-02
   3.8679168e-02
   3.9545439e-02
   5.7094190e-03
   6.4245835e-02
   1.2421854e-02
   3.4033895e-02
   7.0300330e-03
   5.7702675e-02
   4.1212589e-02
   7.4805200e-02
   1.8255793e-02
   7.6325007e-02
   8.2849756e-02
   5.4644126e-02
   1.4037531e-02
   8.8585623e-02
   5.1492609e-02
   6.7298152e-02
   1.0837752e-02
   7.6958507e-02
   1.6000699e-02
   7.3407210e-02
   1.1580556e-02
   5.3336412e-02
   3.0822955e-02
   6.9276705e-02
   1.2553816e-02
   7.3018759e-02
   5.2562833e-02
   3.2984160e-02
   7.4716657e-03
   8.9398369e-02
   3.4700166e-02
   3.5760589e-02
   6.2219724e-03
   1.1969755e-01
   1.3844065e-02
   3.4464795e-02
   7.0246356e-03
   4.8731469e-02
   3.2659173e-02
   5.6982752e-02
   1.2188528e-02
   6.0857315e-02
   4.0192902e-02
   1.8245848e-02
   4.3126545e-03
   1.1256621e-01
   3.2659780e-02
   2.8719263e-02
   4.2302152e-03
   2.2886790e-01
   1.6925760e-02
   4.2743646e-02
   4.5337956e-03
   4.8710451e-02
   2.8342273e-02
   5.6829527e-02
   1.4140914e-02
   8.6676531e-02
   4.7462299e-02
   2.6125234e-02
   5.2988646e-03
   2.0344952e-01
   1.0591228e-01
   6.2974080e-02
   8.3004050e-03
   1.7313039e-01
   1.3474983e-01
   1.2148946e-01
   1.1045541e-02
   8.6937360e-02
   3.9773915e-02
   8.4418237e-02
   4.0186919e-02
   1.8857354e-01
   4.4886570e-02
   7.1394898e-02
   6.8964991e-03
   1.8679710e-01
   1.8747905e-01
   1.6365279e-01
   1.8957192e-02
   9.8860607e-02
   2.1426257e-01
   1.6854101e-01
   1.6803566e-02
   1.5349469e-01
   3.7229054e-02
   5.6562021e-02
   2.9900860e-02
   2.3414521e-01
   5.5415899e-02
   4.4911314e-02
   5.6314156e-03
   9.1460101e-02
   8.2749143e-02
   7.2062060e-02
   9.9046472e-03
   8.5558459e-02
   9.0294152e-02
   7.3772401e-02
   1.0168998e-02
   2.0579749e-01
   6.0292792e-02
   4.1990008e-02
   1.7119186e-02
   1.1484985e-01
   4.6500042e-02
   3.0104268e-02
   5.8394531e-03
   8.3952062e-02
   2.6047908e-02
   3.2215703e-02
   5.2654608e-03
   7.4261971e-02
   1.9743234e-02
   1.9331330e-02
   6.6789514e-03
   1.0714507e-01
   5.9507433e-02
   4.6277143e-02
   1.8728197e-02
   7.4945368e-02
   5.3652816e-02
   3.6942147e-02
   1.1035955e-02
   9.0580732e-02
   4.3712702e-02
   5.0808284e-02
   9.1080880e-03
   8.2849868e-02
   2.1426583e-02
   4.2485889e-02
   1.0211985e-02
   8.6669467e-02
   6.2610731e-02
   6.1495639e-02
   3.2789305e-02
   1.0935346e-01
   1.2806647e-01
   8.1159927e-02
   2.5115030e-02
   1.1811744e-01
   7.7318028e-02
   8.6562738e-02
   1.8432783e-02
   1.1663770e-01
   3.0490272e-02
   9.7887494e-02
   1.7712763e-02
   6.4829506e-02
   3.5691414e-02
   8.1958428e-02
   2.4313334e-02
   7.9796553e-02
   5.6552734e-02
   4.6893783e-02
   1.1205623e-02
   8.6651824e-02
   5.0697923e-02
   4.7452744e-02
   9.0797292e-03
   1.0492265e-01
   2.2258352e-02
   4.1267689e-02
   8.4068542e-03
   7.6715119e-02
   3.0626796e-02
   6.8232514e-02
   1.7588826e-02
   8.8595495e-02
   2.9055551e-02
   3.3298574e-02
   4.7469004e-03
   1.1040547e-01
   3.5702121e-02
   3.3750784e-02
   4.6811621e-03
   1.6671601e-01
   2.1911932e-02
   2.2244811e-02
   5.7079936e-03
   7.2626352e-02
   3.7642729e-02
   7.1055800e-02
   2.0715795e-02
   1.0089377e-01
   2.9923102e-02
   4.7637749e-02
   6.2028249e-03
   1.8782458e-01
   9.3477637e-02
   8.1635110e-02
   8.9910757e-03
   1.4613055e-01
   9.5297270e-02
   7.5319111e-02
   1.0349299e-02
