   3.3930313e-02
   2.3360308e-02
   4.3301709e-02
   9.0470510e-03
   2.9779363e-02
   2.8344505e-02
   4.7139790e-02
   7.6128799e-03
   2.3187235e-02
   2.4123592e-02
   2.5966495e-02
   8.4583601e-03
   3.0376768e-02
   2.7792864e-02
   2.6380809e-02
   1.2289252e-02
   3.3149838e-02
   2.0970577e-02
   4.1973650e-02
   8.6096749e-03
   2.8635480e-02
   2.8617669e-02
   4.4776976e-02
   7.9143811e-03
   2.2227120e-02
   1.9600939e-02
   2.4725411e-02
   8.5730264e-03
   3.0848021e-02
   2.3465384e-02
   2.1366425e-02
   1.3253463e-02
   3.4168892e-02
   2.6170885e-02
   4.2346209e-02
   9.0676900e-03
   2.9826367e-02
   2.8863322e-02
   4.1202698e-02
   8.2664946e-03
   2.2948550e-02
   1.8889373e-02
   2.5895666e-02
   8.7182578e-03
   3.2392617e-02
   2.4599796e-02
   1.9790744e-02
   1.7872415e-02
   7.8200713e-02
   4.0294901e-02
   4.4583973e-02
   1.2808231e-02
   8.1456177e-02
   3.8785517e-02
   5.7724673e-02
   1.2991728e-02
   7.7110097e-02
   2.8115641e-02
   3.9710578e-02
   1.3715796e-02
   8.6943015e-02
   3.3063807e-02
   3.0169783e-02
   2.0123612e-02
   1.6709505e-01
   4.9545586e-02
   5.2077089e-02
   2.1341732e-02
   1.8210737e-01
   5.3304568e-02
   8.9365654e-02
   2.1956731e-02
   1.8949701e-01
   4.5164268e-02
   6.7324154e-02
   2.3126358e-02
   1.9966564e-01
   5.0880585e-02
   4.8679259e-02
   2.6446922e-02
   7.7954017e-02
   2.8522762e-02
   4.3806940e-02
   1.2782576e-02
   8.0924392e-02
   3.8280383e-02
   5.5051077e-02
   1.1715626e-02
   8.0998614e-02
   2.9691061e-02
   3.7012957e-02
   1.1864502e-02
   9.0801649e-02
   3.5176635e-02
   2.6815770e-02
   1.5024212e-02
   3.2786462e-02
   2.0106386e-02
   3.8191602e-02
   1.0121557e-02
   2.8836569e-02
   2.8564772e-02
   4.3026779e-02
   7.9798019e-03
   2.3372192e-02
   2.1614954e-02
   2.4511253e-02
   8.1317136e-03
   3.2829888e-02
   2.6587797e-02
   1.6885167e-02
   1.0922587e-02
   3.2605972e-02
   2.0510418e-02
   4.0419135e-02
   9.0202484e-03
   2.7728427e-02
   2.8144095e-02
   4.4263236e-02
   7.9671256e-03
   2.2876637e-02
   2.4017163e-02
   2.3928426e-02
   7.7554542e-03
   3.1737972e-02
   2.6941583e-02
   2.0504676e-02
   1.1466939e-02
   3.3316407e-02
   2.3188271e-02
   3.7375513e-02
   5.4659951e-03
   2.9264450e-02
   2.8854501e-02
   4.1439548e-02
   4.8540058e-03
   1.6412467e-02
   2.9389245e-02
   2.3520323e-02
   5.4179104e-03
   2.8603114e-02
   2.8151993e-02
   2.6922612e-02
   1.0290515e-02
   3.2027487e-02
   2.0623045e-02
   3.6775164e-02
   5.2081477e-03
   2.6988385e-02
   3.0245515e-02
   3.9107393e-02
   5.0999648e-03
   1.7198455e-02
   2.3412645e-02
   2.1312555e-02
   5.2297846e-03
   3.1237185e-02
   2.3288375e-02
   1.9891355e-02
   1.2063963e-02
   3.8134217e-02
   2.9909840e-02
   3.6932196e-02
   5.6843152e-03
   3.4545589e-02
   3.0755704e-02
   3.6563970e-02
   6.1079836e-03
   2.1711485e-02
   2.0249514e-02
   2.1688890e-02
   5.1789084e-03
   3.4241859e-02
   2.0375801e-02
   1.9333530e-02
   1.7449828e-02
   1.0386950e-01
   4.9520914e-02
   5.0096549e-02
   1.4702136e-02
   1.0940730e-01
   3.5771403e-02
   6.3305140e-02
   1.5551524e-02
   1.0367061e-01
   2.8729614e-02
   4.0635381e-02
   1.5865711e-02
   1.0708857e-01
   2.7147712e-02
   3.5364818e-02
   2.1978904e-02
   2.2267996e-01
   5.8913592e-02
   6.0224190e-02
   3.1398609e-02
   2.4270202e-01
   5.3853694e-02
   1.0246719e-01
   3.0816313e-02
   2.5794545e-01
   4.9470983e-02
   7.9672009e-02
   3.2994300e-02
   2.4609545e-01
   4.6819005e-02
   5.8435980e-02
   3.2708604e-02
   1.0514154e-01
   3.0108999e-02
   4.4179909e-02
   1.4079825e-02
   1.0821762e-01
   3.7267804e-02
   5.6966916e-02
   1.3107550e-02
   1.0822557e-01
   2.9793007e-02
   3.7774548e-02
   1.3399315e-02
   1.1330824e-01
   3.3143826e-02
   2.9551525e-02
   1.6568689e-02
   3.5627168e-02
   1.9008862e-02
   3.7993964e-02
   6.5978724e-03
   3.2354604e-02
   2.8397929e-02
   4.0102120e-02
   6.0766893e-03
   2.1223528e-02
   2.1838814e-02
   1.9818140e-02
   5.1892251e-03
   3.4533650e-02
   2.4934785e-02
   1.5533818e-02
   8.3914464e-03
   3.2889899e-02
   1.8066674e-02
   3.6665998e-02
   5.4917755e-03
   2.6339127e-02
   2.5435474e-02
   3.8948372e-02
   5.4568974e-03
   1.7862143e-02
   2.6780656e-02
   2.1846876e-02
   5.2143889e-03
   2.9792449e-02
   2.4056531e-02
   1.7027499e-02
   7.9115247e-03
   4.5167521e-02
   2.6690662e-02
   5.0888125e-02
   4.0014973e-03
   3.7219752e-02
   3.0391179e-02
   4.1334298e-02
   4.6690325e-03
   1.6134493e-02
   3.2115888e-02
   2.3289163e-02
   3.9615021e-03
   3.4025051e-02
   2.8041596e-02
   3.1779435e-02
   1.4445368e-02
   4.1420620e-02
   2.3833146e-02
   4.4527043e-02
   3.6485065e-03
   3.2715902e-02
   3.4671713e-02
   4.3829147e-02
   4.5175208e-03
   1.8372737e-02
   2.4483547e-02
   2.0714901e-02
   4.1177096e-03
   4.1105226e-02
   2.6082074e-02
   2.6244190e-02
   1.8823503e-02
   5.6934025e-02
   4.3428142e-02
   4.8581466e-02
   4.3854485e-03
   4.2817604e-02
   3.2814819e-02
   4.5229856e-02
   5.6631858e-03
   2.3894323e-02
   1.7875900e-02
   2.0547399e-02
   4.2172242e-03
   4.4211235e-02
   2.1342589e-02
   2.2238901e-02
   2.8283196e-02
   8.6429678e-02
   7.2912864e-02
   6.4395577e-02
   2.1998988e-02
   8.8909470e-02
   4.3221742e-02
   7.0312083e-02
   2.3077870e-02
   8.2722552e-02
   3.4480825e-02
   3.4962017e-02
   2.5267346e-02
   8.3659917e-02
   3.1032136e-02
   3.9680816e-02
   3.7569992e-02
   1.6747198e-01
   8.9637801e-02
   6.4085692e-02
   5.2648947e-02
   1.8084337e-01
   6.9993056e-02
   1.0317761e-01
   5.2359756e-02
   1.9164734e-01
   7.0898049e-02
   7.7176273e-02
   5.6454055e-02
   1.7294377e-01
   6.2453512e-02
   8.1312679e-02
   5.7175960e-02
   9.0583846e-02
   4.1211247e-02
   4.8394393e-02
   2.1166125e-02
   9.1776803e-02
   4.0930755e-02
   5.8901444e-02
   1.9439626e-02
   8.1021696e-02
   3.6358356e-02
   3.7836641e-02
   2.0476652e-02
   9.0907782e-02
   3.6674779e-02
   3.7285976e-02
   2.7888253e-02
   4.9849164e-02
   2.0991620e-02
   3.8258620e-02
   5.2783219e-03
   4.3095861e-02
   2.6859732e-02
   4.3943267e-02
   4.9821469e-03
   2.1851543e-02
   1.9912457e-02
   2.1357082e-02
   4.0057343e-03
   4.0264640e-02
   2.5266532e-02
   1.6075904e-02
   1.2443370e-02
   4.8279922e-02
   2.1612627e-02
   4.5028627e-02
   4.3049357e-03
   3.0303223e-02
   2.6426179e-02
   4.1936360e-02
   4.1635777e-03
   1.8303791e-02
   2.7347494e-02
   2.2617951e-02
   3.5245502e-03
   3.7406880e-02
   2.6674906e-02
   1.9624509e-02
   1.0350971e-02
   4.4456352e-02
   3.8326517e-02
   5.7776559e-02
   4.8923763e-03
   4.5238473e-02
   3.9912667e-02
   4.9180247e-02
   5.6426455e-03
   1.8359257e-02
   1.8553317e-02
   2.1024154e-02
   3.5007978e-03
   2.8096702e-02
   3.5287417e-02
   5.4861177e-02
   2.8680827e-02
   4.3248609e-02
   2.8024400e-02
   5.5337708e-02
   3.8212910e-03
   3.7266444e-02
   4.9011890e-02
   6.1848998e-02
   5.2458821e-03
   1.5217025e-02
   1.9404298e-02
   2.0760465e-02
   3.4432458e-03
   4.4241246e-02
   2.9780639e-02
   3.6615938e-02
   3.1220896e-02
   6.7984790e-02
   4.7803368e-02
   6.2716126e-02
   5.4716920e-03
   2.7391955e-02
   4.3164331e-02
   4.8521951e-02
   6.8065110e-03
   1.4719642e-02
   1.5531569e-02
   1.9795043e-02
   4.8967577e-03
   4.6927847e-02
   2.1644188e-02
   2.5464647e-02
   4.4831235e-02
   5.1835436e-02
   9.4032295e-02
   7.0044577e-02
   4.0168006e-02
   4.6082094e-02
   6.5006524e-02
   6.1073188e-02
   3.9438866e-02
   3.9249789e-02
   4.4768151e-02
   2.8924687e-02
   4.5617353e-02
   5.1010802e-02
   4.3190721e-02
   4.3485999e-02
   6.7712806e-02
   8.8200673e-02
   1.3497452e-01
   8.2280487e-02
   9.8474614e-02
   8.3416350e-02
   9.5140934e-02
   7.0180029e-02
   9.7615272e-02
   7.5151235e-02
   1.0136963e-01
   6.5553755e-02
   1.0619894e-01
   6.0628034e-02
   9.0061449e-02
   9.8282039e-02
   9.2671841e-02
   6.1368503e-02
   5.8250491e-02
   5.9973057e-02
   3.8045865e-02
   4.9858730e-02
   5.7587985e-02
   6.4195849e-02
   3.5001718e-02
   3.6892142e-02
   4.7638621e-02
   4.0912915e-02
   3.7670340e-02
   4.1515306e-02
   4.4642687e-02
   4.7188073e-02
   4.2125665e-02
   4.9901918e-02
   3.1686582e-02
   3.2597661e-02
   5.7529649e-03
   3.0984320e-02
   3.8531385e-02
   5.2052103e-02
   6.5828953e-03
   2.2216197e-02
   1.4894659e-02
   2.0711480e-02
   4.2715301e-03
   4.5597795e-02
   2.0689109e-02
   1.7460190e-02
   1.8718526e-02
   5.4364473e-02
   3.0843299e-02
   4.6375450e-02
   4.4171079e-03
   2.3536948e-02
   3.4150101e-02
   5.8878154e-02
   6.7081857e-03
   1.7543636e-02
   1.8041063e-02
   2.1980811e-02
   3.6881452e-03
   4.5245152e-02
   3.3276752e-02
   2.7551377e-02
   1.7065885e-02
