   3.4051843e-02
   5.0435316e-02
   3.7994772e-02
   6.6884914e-03
   3.3868827e-02
   3.8071163e-02
   3.1569283e-02
   7.1637901e-03
   3.4087498e-02
   3.6065005e-02
   2.1123739e-02
   8.3105741e-03
   4.4149410e-02
   3.8974468e-02
   4.3516077e-02
   9.9824751e-03
   3.2189421e-02
   5.0924435e-02
   3.2357905e-02
   6.8856566e-03
   3.2057002e-02
   3.6637902e-02
   2.4948647e-02
   6.9594090e-03
   3.3320367e-02
   3.3792213e-02
   1.9940883e-02
   8.3233863e-03
   4.5896441e-02
   3.5509631e-02
   3.8877927e-02
   1.0213351e-02
   3.2345872e-02
   5.3114034e-02
   3.1512786e-02
   7.5317193e-03
   3.0073313e-02
   4.3776747e-02
   2.3689883e-02
   7.2092265e-03
   3.0420640e-02
   3.3638749e-02
   1.9823475e-02
   8.3738305e-03
   4.4499207e-02
   3.6889810e-02
   3.5832234e-02
   1.0213496e-02
   3.7821483e-02
   5.9020609e-02
   4.0511295e-02
   8.4553286e-03
   3.2273311e-02
   4.8095509e-02
   3.5704728e-02
   7.8631844e-03
   2.9820843e-02
   3.5499282e-02
   3.7513323e-02
   9.6625462e-03
   4.0972006e-02
   4.1484214e-02
   4.8272125e-02
   1.0979096e-02
   4.7977123e-02
   1.0081878e-01
   5.6827355e-02
   1.0706115e-02
   6.2779576e-02
   8.9496613e-02
   4.6493199e-02
   1.0036022e-02
   9.1160744e-02
   7.6766357e-02
   4.9887575e-02
   1.1041389e-02
   1.2594101e-01
   6.3886091e-02
   6.6155195e-02
   1.2251661e-02
   9.7376660e-02
   1.3059279e-01
   4.2310026e-02
   9.1026118e-03
   1.2889066e-01
   1.0393488e-01
   3.3758506e-02
   9.4399508e-03
   1.5504047e-01
   7.8663304e-02
   2.4732593e-02
   1.0231362e-02
   1.6874436e-01
   6.2357444e-02
   4.3158963e-02
   1.1385521e-02
   8.5982516e-02
   6.2881611e-02
   2.8868116e-02
   7.3864744e-03
   7.1190439e-02
   4.5424469e-02
   2.3077145e-02
   7.0612859e-03
   5.9145596e-02
   3.4473214e-02
   1.8930150e-02
   8.6721191e-03
   5.6922633e-02
   4.0325373e-02
   3.8878106e-02
   1.0369926e-02
   3.9157767e-02
   4.7251306e-02
   3.0825799e-02
   6.9171865e-03
   3.3353526e-02
   3.4836281e-02
   2.4786940e-02
   6.9199060e-03
   3.1871282e-02
   3.4266129e-02
   1.8892387e-02
   7.8993132e-03
   4.1701324e-02
   3.8849805e-02
   4.2698517e-02
   1.0203497e-02
   3.6693748e-02
   4.4416353e-02
   3.4687907e-02
   4.3976954e-03
   3.8020905e-02
   3.9428614e-02
   3.4164544e-02
   4.1332641e-03
   2.8192215e-02
   3.1266700e-02
   2.0553458e-02
   5.6068618e-03
   3.0083435e-02
   3.4667704e-02
   3.7878297e-02
   7.2229495e-03
   3.6039807e-02
   4.6565641e-02
   3.3858515e-02
   4.7350745e-03
   3.3301625e-02
   3.8608376e-02
   2.9615294e-02
   4.2377017e-03
   2.6801802e-02
   2.6417531e-02
   2.0615872e-02
   5.3983699e-03
   2.7473399e-02
   3.0659230e-02
   3.3953559e-02
   6.8834065e-03
   4.1383442e-02
   4.9983844e-02
   3.2792982e-02
   5.3599761e-03
   3.3873994e-02
   4.8009966e-02
   3.1725351e-02
   4.8241722e-03
   2.7766692e-02
   2.4915885e-02
   1.7786175e-02
   5.1843785e-03
   2.8057115e-02
   3.1506754e-02
   3.4409110e-02
   7.0775477e-03
   4.9596254e-02
   5.5626050e-02
   4.7913715e-02
   6.7548417e-03
   4.2179253e-02
   5.3283982e-02
   5.1971875e-02
   6.3072476e-03
   3.8021274e-02
   3.2691061e-02
   4.5230210e-02
   7.2095729e-03
   4.5306072e-02
   3.7433647e-02
   5.0209984e-02
   8.2906932e-03
   7.0870340e-02
   8.4641449e-02
   7.4048638e-02
   9.4826696e-03
   1.0059797e-01
   7.1577296e-02
   5.8563996e-02
   9.0440940e-03
   1.3233562e-01
   5.7962123e-02
   5.9683017e-02
   9.0394430e-03
   1.5743482e-01
   5.9662934e-02
   7.8146078e-02
   1.0301465e-02
   1.5870786e-01
   1.1244195e-01
   4.8347529e-02
   6.9852178e-03
   2.1664165e-01
   7.7393167e-02
   3.8031518e-02
   7.0811822e-03
   2.3704386e-01
   5.4658856e-02
   2.0517766e-02
   7.4019060e-03
   2.1823923e-01
   5.7359803e-02
   4.5721430e-02
   8.6671347e-03
   1.3719063e-01
   6.4345911e-02
   2.8386230e-02
   4.7311657e-03
   1.1839340e-01
   4.4240281e-02
   2.5105538e-02
   4.3612029e-03
   9.4350927e-02
   3.1736456e-02
   1.6700616e-02
   5.4191621e-03
   7.5222246e-02
   3.7776671e-02
   3.5368543e-02
   7.5236829e-03
   5.2824136e-02
   4.5410965e-02
   3.0264629e-02
   4.1662878e-03
   4.2377256e-02
   3.8447835e-02
   2.9243348e-02
   3.8680243e-03
   3.2133523e-02
   3.0863227e-02
   1.8342104e-02
   5.0694221e-03
   3.2900743e-02
   3.3655792e-02
   3.7437085e-02
   7.5480435e-03
   5.6171533e-02
   4.8096273e-02
   3.5230685e-02
   3.4436213e-03
   5.7571158e-02
   4.4908952e-02
   4.4792920e-02
   3.7577963e-03
   4.0192224e-02
   2.7023105e-02
   1.6108375e-02
   4.2542177e-03
   3.6104102e-02
   3.8953681e-02
   4.0056515e-02
   7.6080179e-03
   5.6540348e-02
   4.8003197e-02
   4.0571388e-02
   3.0906971e-03
   4.9655933e-02
   4.8562650e-02
   4.0122628e-02
   3.3530588e-03
   4.0730305e-02
   2.5507791e-02
   1.7492909e-02
   4.4472022e-03
   3.2039374e-02
   3.6669999e-02
   3.4902140e-02
   7.7513633e-03
   6.3080750e-02
   4.9384668e-02
   4.5810226e-02
   3.7023178e-03
   5.4793917e-02
   5.1457245e-02
   4.6604790e-02
   3.6443428e-03
   4.0371809e-02
   2.0993903e-02
   1.8125003e-02
   4.4645653e-03
   3.3525195e-02
   4.0560327e-02
   3.2842800e-02
   6.7994604e-03
   6.6329457e-02
   4.8913945e-02
   7.2934002e-02
   6.6911946e-03
   6.2149748e-02
   5.0472721e-02
   7.3184639e-02
   7.0339809e-03
   5.5633537e-02
   3.1253822e-02
   5.9739042e-02
   8.3280290e-03
   5.1957812e-02
   4.4128060e-02
   5.8751043e-02
   9.3599744e-03
   8.4217593e-02
   7.5632334e-02
   1.1036171e-01
   1.1444559e-02
   1.0032935e-01
   6.8885602e-02
   8.7121785e-02
   1.0457538e-02
   1.0450712e-01
   7.2110720e-02
   8.0695190e-02
   1.1393978e-02
   9.9678740e-02
   7.7960193e-02
   9.2753559e-02
   1.2259766e-02
   2.4098565e-01
   7.4689351e-02
   6.8666443e-02
   7.0265946e-03
   2.4182406e-01
   6.4904541e-02
   6.0423966e-02
   6.3294508e-03
   2.1635348e-01
   6.6619851e-02
   2.5088523e-02
   7.5727846e-03
   1.4527474e-01
   6.8555810e-02
   4.9768381e-02
   8.5466243e-03
   2.2923465e-01
   4.2178866e-02
   2.9889926e-02
   3.5607752e-03
   1.5781042e-01
   3.9953332e-02
   2.9116526e-02
   3.4094830e-03
   1.1100384e-01
   2.7468199e-02
   1.3814357e-02
   4.5556044e-03
   7.3063672e-02
   3.6213532e-02
   3.0850405e-02
   6.4274939e-03
   9.3630709e-02
   4.3483458e-02
   2.5975021e-02
   3.5613410e-03
   6.6790916e-02
   3.9146584e-02
   3.4026559e-02
   3.1863807e-03
   5.0182469e-02
   3.0226018e-02
   1.4323495e-02
   3.7753240e-03
   3.9473012e-02
   3.6570478e-02
   3.5023138e-02
   7.0798756e-03
   6.5835923e-02
   5.3094909e-02
   5.2879017e-02
   3.3632955e-03
   7.5165115e-02
   5.0649535e-02
   8.9580126e-02
   4.0849028e-03
   5.2844837e-02
   2.0427583e-02
   1.4254004e-02
   3.3786993e-03
   4.6150908e-02
   5.7502739e-02
   4.5715038e-02
   1.0043974e-02
   7.1826875e-02
   5.6000330e-02
   6.2136523e-02
   3.1129925e-03
   6.7813061e-02
   5.9018828e-02
   7.4632764e-02
   3.1419192e-03
   4.8620962e-02
   1.7170025e-02
   1.3690600e-02
   3.4240114e-03
   3.5164181e-02
   5.1302351e-02
   4.8651583e-02
   9.5957797e-03
   8.6400181e-02
   4.2018209e-02
   7.2300918e-02
   4.7047664e-03
   5.4050561e-02
   5.6773841e-02
   6.6447370e-02
   4.2219479e-03
   3.7679609e-02
   2.0586574e-02
   2.2182383e-02
   5.5201189e-03
   3.8101286e-02
   4.3956224e-02
   4.5555748e-02
   6.3524358e-03
   7.8354530e-02
   4.3968365e-02
   1.0688481e-01
   1.1351726e-02
   7.1566693e-02
   5.3688273e-02
   8.8488095e-02
   1.2084319e-02
   5.9570473e-02
   3.2435428e-02
   5.9921645e-02
   1.4684821e-02
   4.4545654e-02
   4.5600057e-02
   7.3614359e-02
   1.2031523e-02
   6.9994211e-02
   8.8542119e-02
   1.4325935e-01
   2.1142326e-02
   5.8135085e-02
   7.9378411e-02
   1.3895907e-01
   1.7067334e-02
   4.2682294e-02
   1.0200132e-01
   8.7538511e-02
   2.0907914e-02
   5.6430377e-02
   1.0554347e-01
   1.1399221e-01
   2.3053205e-02
   1.5187772e-01
   7.6251999e-02
   1.0069889e-01
   1.1491917e-02
   1.0468254e-01
   8.1091218e-02
   9.5191292e-02
   8.5253529e-03
   6.6303641e-02
   9.1383182e-02
   3.6835231e-02
   1.1996445e-02
   4.7649391e-02
   8.6333372e-02
   5.6999791e-02
   1.1035301e-02
   1.8562312e-01
   4.0574256e-02
   3.8682602e-02
   4.2176824e-03
   1.0216502e-01
   4.8702687e-02
   3.4080505e-02
   4.2533358e-03
   6.8530709e-02
   2.7700374e-02
   1.2645824e-02
   4.1609211e-03
   3.7934903e-02
   4.3822154e-02
   3.9765112e-02
   7.5693354e-03
   1.0513826e-01
   5.0393332e-02
   3.6012664e-02
   4.0579140e-03
   6.7799680e-02
   3.4912851e-02
   5.3589616e-02
   4.3909643e-03
   5.8083002e-02
   2.6807263e-02
   1.1428434e-02
   2.9212916e-03
   5.1468994e-02
   4.3608226e-02
   4.1327640e-02
   1.0964604e-02
