   4.5460895e-02
   8.6558111e-02
   8.6949855e-02
   3.3229899e-02
   2.9986171e-02
   6.3292712e-02
   8.1709169e-02
   3.0108159e-02
   1.8521272e-02
   1.7120149e-02
   1.1276665e-02
   1.5410124e-02
   1.0689761e-02
   3.5353307e-02
   3.7738722e-02
   2.8309962e-02
   4.4187587e-02
   8.9281537e-02
   8.7958656e-02
   3.3036899e-02
   2.6723664e-02
   5.1655173e-02
   7.6018482e-02
   2.3077723e-02
   1.6358217e-02
   1.5787054e-02
   1.2199456e-02
   1.4995917e-02
   9.7043179e-03
   3.3264607e-02
   3.2689970e-02
   3.1342085e-02
   4.2918388e-02
   9.1769271e-02
   8.1727013e-02
   3.2413680e-02
   2.5222365e-02
   4.6200804e-02
   6.3470513e-02
   2.0665282e-02
   1.5758960e-02
   1.6388662e-02
   1.2823931e-02
   1.8660974e-02
   1.0517201e-02
   2.9625190e-02
   3.0772304e-02
   3.6823783e-02
   4.9328625e-02
   8.6770490e-02
   7.1323529e-02
   4.0465292e-02
   2.7653253e-02
   4.4279322e-02
   5.1083684e-02
   2.9663373e-02
   1.4441417e-02
   1.6580947e-02
   1.1384019e-02
   2.7185066e-02
   1.1952401e-02
   2.9371796e-02
   3.1020012e-02
   3.5989419e-02
   5.9849929e-02
   8.3026573e-02
   7.2372720e-02
   5.2345663e-02
   4.1804392e-02
   4.5988385e-02
   4.8249345e-02
   3.3820938e-02
   2.3156798e-02
   1.5438039e-02
   1.0212442e-02
   2.0392923e-02
   1.7670922e-02
   3.6038972e-02
   3.7232112e-02
   2.7561562e-02
   1.1731625e-01
   8.3986156e-02
   7.5259864e-02
   4.5407426e-02
   9.8537453e-02
   4.9992971e-02
   5.1757704e-02
   2.9383339e-02
   4.7844999e-02
   1.7451448e-02
   9.5069585e-03
   1.8429326e-02
   2.0708697e-02
   4.2426843e-02
   3.9771698e-02
   2.2409609e-02
   1.0623218e-01
   8.0940053e-02
   8.4743604e-02
   3.5146102e-02
   6.3059971e-02
   5.0257247e-02
   6.4143755e-02
   2.2488162e-02
   2.9656064e-02
   1.8487925e-02
   9.6686836e-03
   1.5237669e-02
   1.8377781e-02
   4.2572107e-02
   3.9724763e-02
   2.2452187e-02
   5.1304802e-02
   8.1909321e-02
   8.5374869e-02
   3.3366546e-02
   2.9524088e-02
   5.5195745e-02
   7.3732905e-02
   2.2163635e-02
   1.6777158e-02
   1.7655948e-02
   1.0495884e-02
   1.3597714e-02
   1.2315731e-02
   3.6778163e-02
   4.1731052e-02
   2.4394408e-02
   3.8957618e-02
   8.8324018e-02
   9.4327532e-02
   3.3820875e-02
   2.8852316e-02
   8.1214271e-02
   1.0764824e-01
   3.8382441e-02
   1.8242465e-02
   2.2086283e-02
   1.1496065e-02
   1.3334403e-02
   1.1807705e-02
   5.3531423e-02
   5.4032236e-02
   4.2024180e-02
   3.8496789e-02
   9.2022941e-02
   9.3207330e-02
   3.2258529e-02
   2.6739633e-02
   6.3296467e-02
   9.4708912e-02
   2.7565116e-02
   1.3830124e-02
   1.6401637e-02
   1.2627662e-02
   1.1314071e-02
   1.0393999e-02
   4.6817716e-02
   4.5570068e-02
   4.8923805e-02
   4.1519895e-02
   9.2073046e-02
   7.9423450e-02
   3.0848345e-02
   2.6002301e-02
   5.2350633e-02
   7.4065909e-02
   2.3385875e-02
   1.3597545e-02
   1.7403489e-02
   1.3930096e-02
   1.9817051e-02
   1.1336335e-02
   3.9217796e-02
   3.8466249e-02
   5.5967033e-02
   5.4377653e-02
   8.2272798e-02
   7.0968516e-02
   3.5596896e-02
   3.5495199e-02
   4.9256451e-02
   6.0405698e-02
   3.6437262e-02
   1.6225962e-02
   1.7082717e-02
   1.2221319e-02
   3.6101453e-02
   1.4126006e-02
   3.9121423e-02
   3.9274164e-02
   5.1241916e-02
   7.8427762e-02
   7.6207876e-02
   7.1329758e-02
   4.9380299e-02
   6.9061369e-02
   5.2564379e-02
   6.1992053e-02
   4.1014835e-02
   3.5364464e-02
   1.7710896e-02
   1.0180227e-02
   2.3258150e-02
   2.1853583e-02
   4.8788603e-02
   5.0100077e-02
   3.9404456e-02
   1.9316857e-01
   7.5580023e-02
   7.2830334e-02
   4.3524608e-02
   1.7536472e-01
   5.3824369e-02
   6.4677149e-02
   3.4157317e-02
   7.8993179e-02
   1.9820092e-02
   8.1701847e-03
   1.9665778e-02
   2.5670955e-02
   6.7048751e-02
   5.4196566e-02
   3.2140821e-02
   1.7175059e-01
   7.9924613e-02
   8.5477509e-02
   3.1920172e-02
   1.1160871e-01
   5.8730368e-02
   8.2867712e-02
   2.4765639e-02
   4.6012346e-02
   2.0639326e-02
   8.8902256e-03
   1.4276781e-02
   1.9501153e-02
   6.5581530e-02
   5.6351483e-02
   3.1548768e-02
   5.9007034e-02
   8.8542506e-02
   1.0058206e-01
   3.1236617e-02
   3.7145756e-02
   6.7139499e-02
   9.6430548e-02
   2.5701761e-02
   1.8871583e-02
   2.1762403e-02
   1.0283656e-02
   1.1736705e-02
   1.3050135e-02
   5.1765710e-02
   6.0983963e-02
   3.3551496e-02
   4.6873432e-02
   8.9590140e-02
   9.0457141e-02
   4.7923099e-02
   4.4676729e-02
   1.1138771e-01
   1.1057242e-01
   5.7729207e-02
   2.4060177e-02
   2.6544621e-02
   1.5230290e-02
   1.7742502e-02
   1.2391646e-02
   6.3015528e-02
   7.5854704e-02
   6.0552839e-02
   4.4942368e-02
   8.6570211e-02
   8.0520958e-02
   3.7108041e-02
   4.2371407e-02
   7.9670295e-02
   8.9778952e-02
   4.2058740e-02
   1.9167591e-02
   2.2073453e-02
   1.8561531e-02
   1.3110710e-02
   1.0906233e-02
   4.7565795e-02
   7.1115084e-02
   7.3552243e-02
   5.7499714e-02
   9.5382400e-02
   6.5163650e-02
   3.2616787e-02
   4.4791590e-02
   6.1848957e-02
   8.2239471e-02
   3.3902325e-02
   2.1570200e-02
   1.7294263e-02
   1.5749108e-02
   2.7601074e-02
   1.1667325e-02
   3.7468426e-02
   5.7025865e-02
   7.9697482e-02
   7.2150819e-02
   7.1619056e-02
   6.5633699e-02
   3.3305664e-02
   6.1792906e-02
   5.3117268e-02
   7.2930835e-02
   5.2271940e-02
   2.4035199e-02
   1.5990203e-02
   1.4296622e-02
   5.3681843e-02
   1.5294776e-02
   4.9263291e-02
   5.1795095e-02
   7.0652775e-02
   8.1844814e-02
   7.5045757e-02
   7.2711580e-02
   4.9891319e-02
   7.8977287e-02
   5.8615785e-02
   8.3160780e-02
   5.9970461e-02
   4.4842936e-02
   1.6772870e-02
   1.3738927e-02
   3.1428654e-02
   2.3817530e-02
   6.0944717e-02
   6.3676655e-02
   5.9506658e-02
   1.8950571e-01
   6.9482692e-02
   6.4186886e-02
   4.0294778e-02
   1.9958776e-01
   5.7380594e-02
   8.1880189e-02
   4.9651679e-02
   1.0332265e-01
   2.0490507e-02
   1.0424048e-02
   2.0089950e-02
   3.4249526e-02
   8.6780101e-02
   6.8403102e-02
   4.3663446e-02
   1.9513400e-01
   6.3670695e-02
   7.7607043e-02
   3.0095119e-02
   1.3578193e-01
   7.2781004e-02
   9.6208572e-02
   3.5357457e-02
   6.3812248e-02
   2.2025228e-02
   1.1630210e-02
   1.6980274e-02
   2.7573353e-02
   7.9415970e-02
   8.0416158e-02
   4.8587848e-02
   7.4820600e-02
   8.4824272e-02
   1.0252801e-01
   3.5478111e-02
   6.0070433e-02
   8.8963687e-02
   1.2837897e-01
   3.9300587e-02
   2.6013337e-02
   1.9413708e-02
   1.3021177e-02
   1.4698528e-02
   1.4362441e-02
   6.3262470e-02
   8.6178117e-02
   4.8441906e-02
   4.4222802e-02
   7.1584165e-02
   8.0219381e-02
   8.3417356e-02
   5.8607049e-02
   1.7641933e-01
   1.0193514e-01
   9.6818380e-02
   3.0883128e-02
   2.2532407e-02
   2.1475334e-02
   2.4776068e-02
   1.3545059e-02
   6.2306244e-02
   7.0263520e-02
   9.4803728e-02
   5.4248847e-02
   8.6491808e-02
   7.4241839e-02
   6.3022673e-02
   5.6584854e-02
   1.1277995e-01
   7.1443275e-02
   6.3950144e-02
   2.8928518e-02
   2.3202371e-02
   2.5643503e-02
   2.0465346e-02
   1.2886652e-02
   5.7379730e-02
   8.7810166e-02
   7.5418144e-02
   6.2918380e-02
   7.9332463e-02
   5.9765715e-02
   3.9944351e-02
   5.1703688e-02
   8.7517202e-02
   8.6728759e-02
   4.6884932e-02
   2.8568646e-02
   2.2243196e-02
   2.3626372e-02
   3.8246319e-02
   1.8279226e-02
   3.4609966e-02
   9.2644364e-02
   6.7304671e-02
   7.0366211e-02
   6.7278497e-02
   5.9585646e-02
   4.1520208e-02
   7.6993167e-02
   6.8308391e-02
   6.9183581e-02
   7.6121166e-02
   2.5577264e-02
   1.9036990e-02
   1.8463114e-02
   7.7168554e-02
   2.2188835e-02
   4.6672828e-02
   7.4816786e-02
   7.5416490e-02
   6.7546248e-02
   7.8801528e-02
   6.9150545e-02
   6.8008080e-02
   7.2193280e-02
   6.7474328e-02
   7.8633241e-02
   8.6117379e-02
   4.7417417e-02
   2.2319503e-02
   1.6383221e-02
   5.1592987e-02
   3.1997561e-02
   6.9718517e-02
   6.8540573e-02
   6.2810615e-02
   1.2899207e-01
   5.4800168e-02
   5.9251454e-02
   5.6520246e-02
   1.0498856e-01
   7.3636189e-02
   7.3936328e-02
   5.8719922e-02
   1.0403418e-01
   3.3155698e-02
   1.3998381e-02
   2.2759041e-02
   4.8689336e-02
   8.2040988e-02
   8.1114925e-02
   4.5381919e-02
   1.4953451e-01
   4.0570743e-02
   5.4918084e-02
   3.2090936e-02
   7.5727440e-02
   7.7846885e-02
   8.6414494e-02
   5.4263350e-02
   6.4431779e-02
   2.7966982e-02
   1.7819924e-02
   2.5061214e-02
   4.2055860e-02
   6.4591788e-02
   6.2567212e-02
   5.2307073e-02
   7.3423035e-02
   6.6102244e-02
   8.8883378e-02
   4.7877781e-02
   7.0377745e-02
   1.0933588e-01
   1.1483020e-01
   6.3615754e-02
   3.1918906e-02
   2.0514980e-02
   2.1669146e-02
   2.2599038e-02
   2.2393173e-02
   6.9095872e-02
   7.6733738e-02
   6.4482488e-02
