   7.2448547e-03
   7.6728202e-03
   1.2998675e-02
   1.9007375e-02
   6.5477593e-03
   1.0108750e-02
   1.3190188e-02
   1.6150421e-02
   6.4571328e-03
   9.6955393e-03
   1.2469129e-02
   1.4965604e-02
   1.0439780e-02
   1.1705374e-02
   1.6425306e-02
   2.2903590e-02
   6.3946736e-03
   5.6854724e-03
   9.0104956e-03
   1.4788136e-02
   6.0703908e-03
   7.3194942e-03
   9.7681032e-03
   1.3142695e-02
   6.1072814e-03
   8.4355585e-03
   8.7728044e-03
   1.2670131e-02
   9.8824548e-03
   1.0229817e-02
   1.4551771e-02
   2.0263629e-02
   6.5036486e-03
   5.2194558e-03
   8.8810036e-03
   1.5826318e-02
   6.1285128e-03
   7.0553701e-03
   9.1038980e-03
   1.3261945e-02
   6.1011906e-03
   9.0656513e-03
   8.5224304e-03
   1.4249238e-02
   1.0179383e-02
   1.0434285e-02
   1.5437555e-02
   2.0753823e-02
   7.1907965e-03
   8.0620917e-03
   1.6470455e-02
   1.8997846e-02
   6.7970338e-03
   9.8540103e-03
   1.4884183e-02
   1.9199094e-02
   6.7820600e-03
   1.2207279e-02
   1.3413596e-02
   2.1320064e-02
   1.1663291e-02
   1.4778319e-02
   2.4612004e-02
   2.6689598e-02
   7.7744229e-03
   1.6096747e-02
   1.9132460e-02
   1.5403404e-02
   7.5535355e-03
   2.0068603e-02
   1.8069603e-02
   1.6241765e-02
   8.1911171e-03
   2.3817612e-02
   1.7689357e-02
   1.9715477e-02
   1.4614545e-02
   2.6791219e-02
   3.3323169e-02
   2.7867908e-02
   7.5234901e-03
   1.2476598e-02
   1.2139866e-02
   1.3997592e-02
   6.9544669e-03
   1.5410558e-02
   1.1285382e-02
   1.2797864e-02
   7.4231569e-03
   1.8381489e-02
   1.1225305e-02
   1.4612251e-02
   1.3195386e-02
   2.0368962e-02
   2.1128910e-02
   2.2484683e-02
   6.7284820e-03
   6.5249214e-03
   1.0900556e-02
   1.4271953e-02
   6.1715473e-03
   9.3068602e-03
   1.0680729e-02
   1.2296760e-02
   6.0408209e-03
   1.0521023e-02
   9.3513224e-03
   1.2822709e-02
   1.0228539e-02
   1.2625228e-02
   1.5985524e-02
   1.9862432e-02
   6.3813566e-03
   6.5689120e-03
   1.2552294e-02
   1.7552534e-02
   6.1393515e-03
   1.0438246e-02
   1.2683855e-02
   1.5434913e-02
   6.0178004e-03
   9.8974053e-03
   1.2112455e-02
   1.4008842e-02
   9.8823486e-03
   1.1959559e-02
   1.6511971e-02
   2.1186037e-02
   7.7746022e-03
   9.8475609e-03
   1.8074740e-02
   2.6305651e-02
   7.2121155e-03
   1.3706134e-02
   1.9411646e-02
   2.3153989e-02
   7.0296940e-03
   1.2358656e-02
   1.7891640e-02
   1.8866591e-02
   1.1356152e-02
   1.5413809e-02
   2.3911100e-02
   2.7769130e-02
   7.1009002e-03
   6.9641122e-03
   1.1825202e-02
   1.9005738e-02
   6.8243789e-03
   9.5564788e-03
   1.3726588e-02
   1.7275652e-02
   6.8281847e-03
   1.0541783e-02
   1.1203358e-02
   1.5092269e-02
   1.0966413e-02
   1.2767016e-02
   2.0026010e-02
   2.4129514e-02
   7.1455417e-03
   6.2447549e-03
   1.1830849e-02
   2.1783549e-02
   6.9128200e-03
   8.9681363e-03
   1.2286264e-02
   1.7850060e-02
   6.8451525e-03
   1.1255327e-02
   1.0784244e-02
   1.7672539e-02
   1.1145577e-02
   1.2961782e-02
   2.0769972e-02
   2.4127273e-02
   7.5531909e-03
   9.9876327e-03
   2.5660563e-02
   2.6182104e-02
   7.4139987e-03
   1.2813677e-02
   2.2335608e-02
   2.9389424e-02
   7.3060766e-03
   1.6411545e-02
   1.8918371e-02
   3.1034218e-02
   1.2274986e-02
   1.9308457e-02
   3.5170175e-02
   3.3115711e-02
   8.0807954e-03
   2.2043200e-02
   2.9641045e-02
   1.8448114e-02
   7.9912758e-03
   2.7521731e-02
   2.7513001e-02
   2.2447495e-02
   8.5648270e-03
   3.5046179e-02
   2.5723828e-02
   2.6327558e-02
   1.5423019e-02
   3.9264876e-02
   4.8469540e-02
   3.2174800e-02
   8.2969638e-03
   1.6363550e-02
   1.6234549e-02
   1.6477473e-02
   7.5005600e-03
   2.0737313e-02
   1.5182583e-02
   1.5310078e-02
   7.9413597e-03
   2.6329439e-02
   1.4467915e-02
   1.6611654e-02
   1.4418269e-02
   2.8557267e-02
   2.8678639e-02
   2.4286952e-02
   7.7641173e-03
   8.1458883e-03
   1.5366689e-02
   1.8725112e-02
   7.0368913e-03
   1.2358719e-02
   1.4272659e-02
   1.6646307e-02
   6.7821997e-03
   1.3642100e-02
   1.2493491e-02
   1.5527639e-02
   1.1339900e-02
   1.6407007e-02
   2.2255396e-02
   2.2992793e-02
   7.1439757e-03
   8.9877257e-03
   1.9721229e-02
   2.6840989e-02
   6.9578649e-03
   1.4785825e-02
   1.9131716e-02
   2.3585169e-02
   6.7339242e-03
   1.3270386e-02
   1.8498281e-02
   1.8781194e-02
   1.0905505e-02
   1.6156672e-02
   2.4295745e-02
   2.5786454e-02
   6.9074561e-03
   1.1769813e-02
   2.3049345e-02
   3.4647949e-02
   6.3443379e-03
   1.6724328e-02
   2.5317749e-02
   2.8943099e-02
   6.0824268e-03
   1.4691531e-02
   2.4906244e-02
   2.2634180e-02
   9.5197447e-03
   1.8288404e-02
   2.9689135e-02
   3.0190289e-02
   6.1989548e-03
   7.8425817e-03
   1.4179952e-02
   2.1940567e-02
   6.0386639e-03
   1.1404606e-02
   1.6663581e-02
   2.0801073e-02
   5.9294319e-03
   1.1723896e-02
   1.3070979e-02
   1.5716687e-02
   9.3125748e-03
   1.3968478e-02
   2.3690669e-02
   2.3558671e-02
   6.2478879e-03
   6.7786113e-03
   1.4760149e-02
   2.7728587e-02
   6.0159187e-03
   1.0340221e-02
   1.5138696e-02
   2.2158641e-02
   5.9536756e-03
   1.2621327e-02
   1.2418875e-02
   2.0274434e-02
   9.6647311e-03
   1.3978252e-02
   2.4868710e-02
   2.3389257e-02
   6.4430172e-03
   1.2126012e-02
   3.5684060e-02
   3.3670060e-02
   6.2293699e-03
   1.5961247e-02
   3.1443249e-02
   4.0018942e-02
   6.1994451e-03
   1.9911718e-02
   2.6195914e-02
   4.2723913e-02
   1.0508056e-02
   2.3263365e-02
   4.4505846e-02
   4.2026341e-02
   6.7917430e-03
   3.0121455e-02
   4.0760897e-02
   2.0767679e-02
   6.6786497e-03
   3.7517738e-02
   3.9182968e-02
   2.9195363e-02
   7.3775519e-03
   4.5472972e-02
   3.6618352e-02
   3.3762712e-02
   1.5135692e-02
   5.2634761e-02
   6.0504202e-02
   3.9187342e-02
   8.1652254e-03
   2.1401713e-02
   2.0317327e-02
   1.7711697e-02
   6.3904496e-03
   2.7266439e-02
   1.9367952e-02
   1.7078513e-02
   6.9385041e-03
   3.3172008e-02
   1.7428251e-02
   1.6921464e-02
   1.4272605e-02
   3.6874317e-02
   3.4111604e-02
   2.2432815e-02
   7.9744207e-03
   9.3325535e-03
   1.9314310e-02
   2.3036338e-02
   6.0891495e-03
   1.4672641e-02
   1.7419999e-02
   1.9142687e-02
   5.7711219e-03
   1.5837006e-02
   1.5353656e-02
   1.6506502e-02
   9.9997474e-03
   1.8917065e-02
   2.6364725e-02
   2.1985702e-02
   6.3596680e-03
   1.0844826e-02
   2.6507372e-02
   3.8226340e-02
   6.0954629e-03
   1.7839829e-02
   2.4874194e-02
   2.8942784e-02
   5.7799891e-03
   1.6478699e-02
   2.6863750e-02
   2.3318216e-02
   9.3173049e-03
   1.9354530e-02
   2.9976934e-02
   2.7670100e-02
   5.8146045e-03
   1.4688393e-02
   3.0009679e-02
   4.5794588e-02
   5.0654751e-03
   2.2232944e-02
   3.4404773e-02
   3.6743589e-02
   4.8085321e-03
   1.7152851e-02
   3.1209882e-02
   2.8029379e-02
   6.9811642e-03
   2.1716315e-02
   3.5486713e-02
   2.8899195e-02
   4.8985137e-03
   9.1159334e-03
   1.7959388e-02
   2.8088897e-02
   4.8265592e-03
   1.3500033e-02
   2.0875420e-02
   2.6630031e-02
   4.7066384e-03
   1.2076379e-02
   1.5043795e-02
   1.6427347e-02
   6.9118491e-03
   1.5222327e-02
   2.8184438e-02
   1.9404398e-02
   5.1877452e-03
   7.1561011e-03
   2.0179229e-02
   3.5920884e-02
   4.7568097e-03
   1.1184731e-02
   1.9666573e-02
   2.9725611e-02
   4.6704342e-03
   1.2715739e-02
   1.4185311e-02
   2.2701535e-02
   7.3845070e-03
   1.4006189e-02
   2.8055631e-02
   2.0875068e-02
   5.4269028e-03
   1.6155565e-02
   5.2737385e-02
   4.4585161e-02
   4.8623318e-03
   1.9781563e-02
   4.4182286e-02
   5.5551402e-02
   4.8181084e-03
   2.4441684e-02
   3.6459766e-02
   5.4113247e-02
   8.3896900e-03
   2.8286779e-02
   5.3622194e-02
   4.5769744e-02
   5.9409407e-03
   4.4326559e-02
   5.9383236e-02
   2.5587855e-02
   5.4573403e-03
   4.9491867e-02
   5.3877376e-02
   4.0170293e-02
   6.5543023e-03
   6.0851689e-02
   5.2554302e-02
   4.2400081e-02
   1.5321502e-02
   7.1148843e-02
   7.3770151e-02
   4.2450856e-02
   9.1256499e-03
   3.0988971e-02
   2.7819298e-02
   2.1050179e-02
   5.3830124e-03
   3.6202952e-02
   2.4910981e-02
   1.9857837e-02
   6.1503574e-03
   4.3177053e-02
   2.2681070e-02
   1.7886693e-02
   1.4046749e-02
   4.8111368e-02
   3.9259106e-02
   2.0204175e-02
   8.9623453e-03
   1.1299627e-02
   2.4878023e-02
   2.8141914e-02
   4.8982818e-03
   1.7593753e-02
   2.1218218e-02
   2.0993788e-02
   4.4882786e-03
   1.8316092e-02
   1.8501395e-02
   1.7672002e-02
   7.9787951e-03
   2.0880729e-02
   3.0128367e-02
   1.8084617e-02
   5.4508210e-03
   1.2757598e-02
   3.4755439e-02
   4.9244180e-02
   4.9334681e-03
   2.2809956e-02
   3.2851212e-02
   3.5233941e-02
   4.4787363e-03
   2.0103727e-02
   3.4079324e-02
   2.8924067e-02
   7.0625986e-03
   2.2214498e-02
   3.4317527e-02
   2.6030181e-02
