   5.0730831e-03
   6.1146882e-03
   1.0217400e-02
   1.4725153e-02
   5.4797782e-03
   1.0853484e-02
   1.6819930e-02
   1.6499327e-02
   7.7024312e-03
   8.0577796e-03
   1.2631998e-02
   1.6094675e-02
   1.2629610e-02
   8.8349711e-03
   1.5877681e-02
   2.2235224e-02
   4.8430017e-03
   6.0613989e-03
   9.8338574e-03
   1.3706782e-02
   5.1587205e-03
   8.3149476e-03
   1.3121516e-02
   1.3570367e-02
   7.3000710e-03
   8.6899260e-03
   1.2744075e-02
   1.6669175e-02
   1.1975797e-02
   8.4540192e-03
   1.5979256e-02
   2.4112716e-02
   5.3516980e-03
   6.8089352e-03
   8.7419106e-03
   1.2433507e-02
   5.2879211e-03
   8.0605950e-03
   1.0456413e-02
   1.1179851e-02
   7.4463789e-03
   8.4605534e-03
   1.0956703e-02
   1.4135702e-02
   1.2935775e-02
   8.4254714e-03
   1.3343117e-02
   2.1188773e-02
   7.7334936e-03
   1.4365039e-02
   1.2267072e-02
   1.4335264e-02
   6.2387981e-03
   1.4110547e-02
   1.1937898e-02
   1.1694509e-02
   8.2716793e-03
   1.6723629e-02
   1.3269546e-02
   1.4165211e-02
   1.3778602e-02
   1.3708310e-02
   1.4699683e-02
   2.1457899e-02
   7.9442319e-03
   1.9673778e-02
   2.2169100e-02
   2.1122059e-02
   6.5379967e-03
   1.8719792e-02
   2.1304335e-02
   1.6084149e-02
   8.8753272e-03
   2.3021763e-02
   2.3870271e-02
   1.6531963e-02
   1.4552608e-02
   1.6924379e-02
   2.0997902e-02
   2.2040820e-02
   5.5972189e-03
   9.6529238e-03
   1.6653303e-02
   2.4338165e-02
   5.7693063e-03
   9.0586105e-03
   1.5569439e-02
   1.9875543e-02
   8.2755508e-03
   1.1059340e-02
   1.9397093e-02
   2.0814566e-02
   1.3313970e-02
   9.6603306e-03
   1.7893434e-02
   2.3180155e-02
   4.9443720e-03
   6.2889881e-03
   9.1664623e-03
   1.6117703e-02
   5.2458202e-03
   6.8149008e-03
   9.8196585e-03
   1.2766355e-02
   7.4758315e-03
   7.1931952e-03
   1.0615448e-02
   1.4505076e-02
   1.1902725e-02
   7.6023592e-03
   1.2233944e-02
   2.0376036e-02
   4.7489861e-03
   5.6164009e-03
   8.5332096e-03
   1.3773016e-02
   5.1410934e-03
   7.9347836e-03
   1.2053535e-02
   1.2880483e-02
   7.2984733e-03
   6.9247247e-03
   1.0104820e-02
   1.3026242e-02
   1.1844666e-02
   7.6584341e-03
   1.2591683e-02
   1.8504454e-02
   5.6660092e-03
   7.5894482e-03
   1.4898133e-02
   2.0779699e-02
   6.0220440e-03
   1.6345685e-02
   2.6671702e-02
   2.5184751e-02
   8.4574213e-03
   1.1339571e-02
   1.8595530e-02
   2.2413943e-02
   1.3584062e-02
   1.1740000e-02
   2.3384003e-02
   2.9359741e-02
   5.5713132e-03
   7.8167627e-03
   1.4551636e-02
   1.9480899e-02
   5.8036777e-03
   1.2142675e-02
   2.1086566e-02
   2.0391967e-02
   8.1834951e-03
   1.2695267e-02
   1.9433891e-02
   2.4358401e-02
   1.3405097e-02
   1.1529384e-02
   2.4863752e-02
   3.4502506e-02
   6.1437618e-03
   8.4910244e-03
   1.2238625e-02
   1.6673081e-02
   5.9849885e-03
   1.0367417e-02
   1.5077108e-02
   1.5395576e-02
   8.4633697e-03
   1.1411538e-02
   1.5201051e-02
   1.8851683e-02
   1.5080737e-02
   1.0755956e-02
   1.8626597e-02
   2.7562274e-02
   8.7619862e-03
   1.9476814e-02
   1.6451506e-02
   1.8199362e-02
   6.7903958e-03
   1.8988525e-02
   1.6463939e-02
   1.5052371e-02
   9.0053407e-03
   2.2646148e-02
   1.7979089e-02
   1.7510662e-02
   1.4985377e-02
   1.8006884e-02
   1.9392859e-02
   2.5734080e-02
   8.8774404e-03
   2.8246181e-02
   3.2328766e-02
   2.9765263e-02
   7.0522139e-03
   2.6480438e-02
   3.1698912e-02
   2.2205584e-02
   9.4298422e-03
   3.2019209e-02
   3.4841590e-02
   2.2017395e-02
   1.4636154e-02
   2.2932563e-02
   2.9865321e-02
   2.6023647e-02
   6.2525482e-03
   1.2580547e-02
   2.4122758e-02
   3.6170907e-02
   6.2885969e-03
   1.2220973e-02
   2.2552971e-02
   2.8855743e-02
   8.8839289e-03
   1.4482927e-02
   2.8695786e-02
   3.0567003e-02
   1.3779935e-02
   1.2185893e-02
   2.6020141e-02
   3.0896250e-02
   5.7233721e-03
   7.7908235e-03
   1.2737803e-02
   2.3071259e-02
   5.9294300e-03
   8.6541371e-03
   1.3593226e-02
   1.7308578e-02
   8.4304800e-03
   9.1869198e-03
   1.4621694e-02
   2.0008482e-02
   1.3097729e-02
   9.3771201e-03
   1.6064325e-02
   2.7172612e-02
   5.5390471e-03
   7.0834677e-03
   1.2113729e-02
   1.9441705e-02
   5.8100205e-03
   1.1126433e-02
   1.8213121e-02
   1.8291350e-02
   8.2548857e-03
   9.0906546e-03
   1.4095909e-02
   1.7267834e-02
   1.3072434e-02
   9.7862780e-03
   1.6819095e-02
   2.2792866e-02
   5.1708478e-03
   7.9446351e-03
   1.8333528e-02
   2.4783866e-02
   5.3817723e-03
   2.0898724e-02
   3.2876052e-02
   3.0060247e-02
   7.3756524e-03
   1.2771714e-02
   2.2469843e-02
   2.5477618e-02
   1.1522655e-02
   1.4572874e-02
   3.1513579e-02
   3.5065312e-02
   5.2501434e-03
   8.4421271e-03
   1.8089894e-02
   2.3721689e-02
   5.1428732e-03
   1.4992114e-02
   2.5664546e-02
   2.3449959e-02
   7.1330415e-03
   1.4753769e-02
   2.4746992e-02
   2.8800741e-02
   1.1838858e-02
   1.4290934e-02
   3.4272648e-02
   4.2355347e-02
   6.0183564e-03
   9.0148980e-03
   1.3874392e-02
   1.9959653e-02
   5.3158323e-03
   1.2123273e-02
   1.7309034e-02
   1.6545625e-02
   7.3645269e-03
   1.3609006e-02
   1.8915968e-02
   2.1352790e-02
   1.6415194e-02
   1.2740319e-02
   2.4235291e-02
   3.1382442e-02
   9.4418675e-03
   2.4996815e-02
   1.9995805e-02
   2.1168351e-02
   5.9798076e-03
   2.5306366e-02
   2.0762822e-02
   1.6993448e-02
   7.6031024e-03
   3.0330621e-02
   2.2249646e-02
   1.9494789e-02
   1.4804909e-02
   2.2424275e-02
   2.4192337e-02
   2.6382914e-02
   9.2524113e-03
   3.7847009e-02
   4.5738600e-02
   3.9744992e-02
   6.0090669e-03
   3.6286287e-02
   4.2906240e-02
   2.8861033e-02
   7.7760345e-03
   4.3852367e-02
   4.6353031e-02
   2.6646754e-02
   1.1886026e-02
   2.8996147e-02
   3.9507885e-02
   2.7117508e-02
   5.6540598e-03
   1.4798041e-02
   3.3257663e-02
   4.9101450e-02
   5.3745001e-03
   1.5547035e-02
   3.0605214e-02
   3.9326753e-02
   7.4791932e-03
   1.7759785e-02
   3.8945105e-02
   3.9617289e-02
   1.1271586e-02
   1.4164650e-02
   3.4840859e-02
   3.8819935e-02
   5.2609057e-03
   8.0408575e-03
   1.4824384e-02
   2.7936485e-02
   5.2032205e-03
   9.9371979e-03
   1.6020158e-02
   2.0932712e-02
   7.3348796e-03
   1.0039534e-02
   1.7519729e-02
   2.4597699e-02
   1.0904607e-02
   1.0296699e-02
   1.9659366e-02
   3.3944882e-02
   5.1294854e-03
   7.5242855e-03
   1.4217541e-02
   2.2545608e-02
   5.1913117e-03
   1.3589463e-02
   2.1273077e-02
   2.0873712e-02
   7.2915228e-03
   9.9520748e-03
   1.6320545e-02
   1.9148180e-02
   1.1122271e-02
   1.1301684e-02
   2.0598779e-02
   2.5220862e-02
   4.4230470e-03
   7.3311646e-03
   2.1124970e-02
   2.6793327e-02
   4.1196602e-03
   2.6608145e-02
   3.7647896e-02
   3.4932092e-02
   5.4877135e-03
   1.2875427e-02
   2.7469419e-02
   2.8136188e-02
   8.7655038e-03
   1.8534547e-02
   4.1110773e-02
   4.1848589e-02
   4.4533988e-03
   7.6799551e-03
   2.1320665e-02
   2.6252974e-02
   4.1737296e-03
   1.8594660e-02
   2.8706012e-02
   2.6406489e-02
   5.4039932e-03
   1.5505062e-02
   3.0813802e-02
   3.4463886e-02
   1.0491642e-02
   1.7494123e-02
   4.2789288e-02
   4.9567562e-02
   5.2870628e-03
   8.5639702e-03
   1.5698086e-02
   2.2311598e-02
   4.4322764e-03
   1.4867178e-02
   2.0515356e-02
   1.8607458e-02
   5.6796251e-03
   1.5579773e-02
   2.3229849e-02
   2.5081383e-02
   2.0223603e-02
   1.5604436e-02
   3.1870227e-02
   3.6863424e-02
   9.5679471e-03
   3.1992011e-02
   2.6042668e-02
   2.5002062e-02
   5.2495450e-03
   3.2462832e-02
   2.6329249e-02
   1.8988492e-02
   5.8207042e-03
   4.2243406e-02
   2.9390695e-02
   2.3556111e-02
   1.6582463e-02
   3.2417767e-02
   3.2668307e-02
   2.8999595e-02
   9.3671866e-03
   4.9730554e-02
   6.6967130e-02
   5.2138519e-02
   5.0308602e-03
   4.5609180e-02
   5.5346884e-02
   3.6736138e-02
   6.0832710e-03
   6.2945180e-02
   6.6214621e-02
   3.5921026e-02
   9.5375134e-03
   4.3259326e-02
   5.3737275e-02
   3.0218150e-02
   5.0578350e-03
   1.6846713e-02
   4.7128506e-02
   6.4468555e-02
   4.3698577e-03
   1.8831115e-02
   4.0187754e-02
   5.0743576e-02
   5.8174375e-03
   2.3624336e-02
   5.6084644e-02
   5.4348003e-02
   8.5755643e-03
   1.9081051e-02
   4.7327351e-02
   4.7280859e-02
   4.4431090e-03
   6.8735899e-03
   1.6917048e-02
   3.1591080e-02
   4.1768812e-03
   1.1138210e-02
   1.9834658e-02
   2.4995392e-02
   5.5572181e-03
   1.0492929e-02
   2.2282302e-02
   3.1283997e-02
   8.5192481e-03
   1.1690750e-02
   2.6498489e-02
   4.1044001e-02
   4.1672168e-03
   6.5214215e-03
   1.5213173e-02
   2.3618042e-02
   4.0554833e-03
   1.6460691e-02
   2.4943586e-02
   2.3221696e-02
   5.3472570e-03
   1.0537489e-02
   1.8807681e-02
   2.0562073e-02
   8.2659200e-03
   1.3334676e-02
   2.7383575e-02
   2.8316915e-02
