   2.2786049e-02
   5.4633997e-02
   4.1087024e-02
   3.6254514e-02
   2.5050581e-02
   8.4530719e-02
   8.1771664e-02
   4.1477382e-02
   1.4558194e-02
   3.5716068e-02
   4.2187475e-02
   3.8452771e-02
   1.6704038e-02
   1.0535928e-02
   1.0897510e-02
   1.9398039e-02
   2.1396691e-02
   4.9744308e-02
   3.6192767e-02
   3.5634201e-02
   2.6434036e-02
   9.0578564e-02
   8.0709003e-02
   4.1922864e-02
   1.3806035e-02
   2.9408842e-02
   3.9850704e-02
   3.3852961e-02
   1.5325695e-02
   9.2623029e-03
   1.0133186e-02
   2.1896305e-02
   2.1350894e-02
   4.3061182e-02
   3.5255913e-02
   3.8943857e-02
   2.5200170e-02
   8.4885217e-02
   7.5060636e-02
   4.5559064e-02
   1.4236215e-02
   2.5422856e-02
   3.9331030e-02
   3.5348732e-02
   1.5594509e-02
   9.1540562e-03
   1.0396104e-02
   2.6582070e-02
   4.2613871e-02
   4.0190119e-02
   3.4863997e-02
   4.6840996e-02
   4.5895312e-02
   7.6079063e-02
   6.9913939e-02
   5.2590534e-02
   3.3398498e-02
   2.3662707e-02
   3.7606813e-02
   4.2997804e-02
   3.1950265e-02
   1.0117022e-02
   1.1109611e-02
   2.9470529e-02
   9.6234687e-02
   4.3426611e-02
   4.2239584e-02
   5.6811135e-02
   9.8872937e-02
   7.0067823e-02
   7.1412235e-02
   6.3198157e-02
   7.6954991e-02
   2.7555160e-02
   3.3760026e-02
   5.1053163e-02
   7.4614145e-02
   1.3861869e-02
   1.1517448e-02
   3.5193983e-02
   4.9046826e-02
   4.4832934e-02
   3.8744997e-02
   5.2165039e-02
   4.9088661e-02
   6.5791011e-02
   7.2221279e-02
   5.6771964e-02
   3.7484497e-02
   2.8510908e-02
   3.1094946e-02
   4.2659834e-02
   4.2681891e-02
   1.4791832e-02
   1.0174510e-02
   2.3827512e-02
   2.4644241e-02
   5.1592290e-02
   4.0936090e-02
   4.1158848e-02
   2.2226274e-02
   6.4274132e-02
   7.6322407e-02
   5.1385142e-02
   1.4505199e-02
   2.4325680e-02
   3.7721857e-02
   3.8863897e-02
   1.9024566e-02
   1.0621505e-02
   9.3026031e-03
   1.9771211e-02
   2.3393579e-02
   5.4829240e-02
   4.0023517e-02
   3.5546705e-02
   2.3506183e-02
   7.3081776e-02
   7.5736515e-02
   4.5725524e-02
   1.3909173e-02
   2.7984332e-02
   3.9583001e-02
   3.8032029e-02
   1.6314782e-02
   9.1647236e-03
   9.6293176e-03
   1.9201487e-02
   2.2548577e-02
   6.3324168e-02
   4.2181071e-02
   2.9289439e-02
   2.2848872e-02
   8.5074589e-02
   7.6587372e-02
   3.9917976e-02
   1.3146313e-02
   4.2986382e-02
   5.4859817e-02
   3.9694820e-02
   1.4393820e-02
   1.1768235e-02
   1.0930834e-02
   1.6684938e-02
   1.9352071e-02
   5.0505809e-02
   3.6190439e-02
   2.6776409e-02
   2.4042092e-02
   8.5026421e-02
   7.7085361e-02
   3.8242176e-02
   1.1516977e-02
   3.1878732e-02
   5.0881900e-02
   3.3977225e-02
   1.2859706e-02
   8.5809072e-03
   9.9654300e-03
   1.9823870e-02
   2.0986678e-02
   4.7384780e-02
   3.5351168e-02
   2.8983088e-02
   2.5091549e-02
   8.1051484e-02
   7.0692785e-02
   3.8622197e-02
   1.4566885e-02
   3.2859605e-02
   4.8651088e-02
   3.0742429e-02
   1.3898840e-02
   8.1300577e-03
   1.0428399e-02
   2.4084594e-02
   6.3002221e-02
   3.9907239e-02
   3.5133138e-02
   3.8453873e-02
   6.4646952e-02
   7.6374508e-02
   6.4271539e-02
   4.4451699e-02
   4.7040131e-02
   3.2111898e-02
   4.8005566e-02
   4.0589344e-02
   4.2645119e-02
   9.9522891e-03
   1.0412542e-02
   3.1627890e-02
   1.4687890e-01
   4.4525620e-02
   4.6973690e-02
   4.4705283e-02
   1.4253011e-01
   6.6314444e-02
   7.6521508e-02
   5.4497242e-02
   1.0830002e-01
   3.5970576e-02
   4.6840206e-02
   5.1370494e-02
   1.0236718e-01
   1.5746467e-02
   9.9548334e-03
   4.0855613e-02
   7.0602685e-02
   4.7680855e-02
   3.7037481e-02
   3.9843615e-02
   7.0047244e-02
   6.5183997e-02
   7.3454142e-02
   4.4678155e-02
   5.3729020e-02
   3.8190898e-02
   3.8946602e-02
   4.0822081e-02
   6.0844388e-02
   1.8423621e-02
   8.6666718e-03
   2.2644440e-02
   2.6257528e-02
   5.7273570e-02
   3.8926885e-02
   3.5056222e-02
   2.1142993e-02
   6.3378684e-02
   8.1535459e-02
   4.0733133e-02
   1.5897945e-02
   3.4629066e-02
   4.8159804e-02
   3.5794072e-02
   1.8404497e-02
   1.1444858e-02
   8.3941948e-03
   1.4609679e-02
   2.4139149e-02
   6.0118943e-02
   4.2412229e-02
   2.9541137e-02
   2.2800039e-02
   7.0301957e-02
   8.2767293e-02
   4.1011263e-02
   1.2736332e-02
   3.3679496e-02
   4.8626017e-02
   3.6154900e-02
   1.3724424e-02
   9.2914021e-03
   8.8915322e-03
   1.3992092e-02
   2.0861864e-02
   5.9362069e-02
   3.9699506e-02
   2.6196981e-02
   2.2640362e-02
   6.9565229e-02
   6.8536088e-02
   4.1492470e-02
   1.8278657e-02
   6.7674614e-02
   7.6337963e-02
   4.8826035e-02
   1.7108040e-02
   1.2858033e-02
   1.3605606e-02
   1.8964743e-02
   2.2972191e-02
   5.3147212e-02
   3.6671147e-02
   2.4095757e-02
   2.8777355e-02
   8.3019063e-02
   6.1291344e-02
   3.5290174e-02
   1.3664271e-02
   4.9084015e-02
   7.1322054e-02
   3.7427399e-02
   1.8757852e-02
   7.8020352e-03
   1.0145626e-02
   2.2981020e-02
   2.5636291e-02
   4.5011833e-02
   4.2721499e-02
   2.3282243e-02
   3.7108179e-02
   6.2976189e-02
   6.3315719e-02
   3.3316497e-02
   2.1525485e-02
   4.7963548e-02
   6.8653211e-02
   3.3517726e-02
   1.7588032e-02
   7.1589556e-03
   8.7095471e-03
   2.7881877e-02
   5.8872078e-02
   4.2070702e-02
   4.0774580e-02
   3.0281633e-02
   6.7978352e-02
   7.0397660e-02
   7.4674964e-02
   4.4731181e-02
   5.0337326e-02
   3.9263591e-02
   6.3751809e-02
   4.6931207e-02
   4.1692253e-02
   1.0070805e-02
   1.1207470e-02
   4.5869593e-02
   1.2562098e-01
   4.4610512e-02
   5.4457538e-02
   3.8494881e-02
   1.3196018e-01
   6.6296943e-02
   9.6002430e-02
   6.4489827e-02
   1.0591159e-01
   4.3321900e-02
   6.0455576e-02
   6.1293855e-02
   1.0356235e-01
   2.2484943e-02
   1.2430989e-02
   5.5157479e-02
   6.3729338e-02
   5.4382000e-02
   3.7263107e-02
   3.8289197e-02
   6.6085704e-02
   5.7215657e-02
   8.4347799e-02
   4.6475079e-02
   5.7092514e-02
   5.3532206e-02
   5.6034788e-02
   4.4482395e-02
   6.9180720e-02
   2.8076541e-02
   1.1241738e-02
   3.0305939e-02
   2.8760659e-02
   6.3469708e-02
   3.7780032e-02
   3.1405553e-02
   2.2375898e-02
   5.7277158e-02
   8.3779871e-02
   3.5987407e-02
   2.1213286e-02
   4.7140315e-02
   5.9777424e-02
   3.5075828e-02
   2.6540285e-02
   1.4440428e-02
   9.3638711e-03
   1.4946906e-02
   2.3041775e-02
   5.8774337e-02
   4.3600645e-02
   2.6270304e-02
   2.1898201e-02
   5.6185685e-02
   7.5369187e-02
   3.9586522e-02
   1.4208619e-02
   4.8102930e-02
   5.7088301e-02
   4.1313656e-02
   2.0000836e-02
   9.6590724e-03
   9.4291642e-03
   1.6156966e-02
   2.4244767e-02
   7.7306949e-02
   5.6823045e-02
   2.5011210e-02
   2.1785939e-02
   7.0285618e-02
   6.6555202e-02
   5.0172579e-02
   2.7160248e-02
   7.9828717e-02
   6.7065775e-02
   8.1236161e-02
   1.8126929e-02
   1.4036795e-02
   2.1116382e-02
   2.8114783e-02
   2.8786512e-02
   7.4742042e-02
   4.7691002e-02
   2.6751293e-02
   3.8827185e-02
   9.0501718e-02
   5.9028588e-02
   3.9609116e-02
   1.8373106e-02
   6.9213025e-02
   7.5772278e-02
   4.4870827e-02
   2.7418569e-02
   9.6881678e-03
   1.6663890e-02
   3.0089788e-02
   2.9213168e-02
   4.5645345e-02
   4.5036539e-02
   2.7186988e-02
   4.0778682e-02
   5.5979133e-02
   6.8419345e-02
   4.6496119e-02
   1.4234876e-02
   5.2393645e-02
   8.4929146e-02
   5.2614115e-02
   2.7640251e-02
   8.2186656e-03
   1.5375058e-02
   3.5423223e-02
   6.0602441e-02
   4.6539031e-02
   4.7973718e-02
   3.0191772e-02
   5.5144534e-02
   5.5958442e-02
   8.4471665e-02
   5.9509467e-02
   3.8791239e-02
   4.8830256e-02
   8.8338964e-02
   6.3768342e-02
   5.2406732e-02
   1.4569937e-02
   1.7024729e-02
   7.5548843e-02
   1.1531992e-01
   5.9266225e-02
   5.9233919e-02
   4.6098161e-02
   1.1401769e-01
   6.8949662e-02
   1.1580881e-01
   7.4755237e-02
   9.1473170e-02
   5.3011339e-02
   6.7291372e-02
   5.7689786e-02
   1.1668551e-01
   4.0375467e-02
   1.4156987e-02
   7.7570245e-02
   6.3457325e-02
   5.7544071e-02
   3.6546458e-02
   4.2022455e-02
   6.1017092e-02
   7.3285297e-02
   7.7044830e-02
   6.3167349e-02
   4.4124223e-02
   6.4373232e-02
   7.3260762e-02
   5.6205910e-02
   7.8806803e-02
   4.7515687e-02
   1.2870917e-02
   4.4137638e-02
   2.9862395e-02
   7.0049822e-02
   4.0400602e-02
   3.0439030e-02
   2.6963180e-02
   5.7534534e-02
   5.3677425e-02
   5.0343242e-02
   1.5617908e-02
   4.3795060e-02
   6.8956636e-02
   5.5091500e-02
   3.9564610e-02
   2.5198732e-02
   8.8619115e-03
   2.5126411e-02
   2.6898663e-02
   7.1206905e-02
   4.6270143e-02
   2.4182802e-02
   2.1216463e-02
   5.2619278e-02
   6.5799825e-02
   4.5435272e-02
   1.9587794e-02
   6.3117467e-02
   6.8844445e-02
   5.6810696e-02
   3.0142263e-02
   9.9300044e-03
   1.2348321e-02
   2.8081344e-02
