   4.1949856e-03
   4.9469783e-03
   1.1219480e-02
   3.3588234e-02
   1.7582759e-02
   1.4996601e-02
   1.7585255e-02
   3.1584997e-02
   6.5186240e-02
   1.6314633e-02
   1.9588744e-02
   2.5523575e-02
   5.3941324e-02
   1.8966306e-02
   2.9398551e-02
   3.5381537e-02
   2.8429546e-03
   3.0149394e-03
   9.8744556e-03
   3.2160666e-02
   1.2713181e-02
   9.0245837e-03
   1.2391480e-02
   2.8491409e-02
   6.4411655e-02
   1.2506265e-02
   1.4091689e-02
   2.4445159e-02
   5.3131506e-02
   1.7880362e-02
   2.8746892e-02
   3.4535345e-02
   2.3117489e-03
   2.2151794e-03
   9.7601349e-03
   3.2586701e-02
   1.0840597e-02
   6.7355977e-03
   1.1038388e-02
   2.8406911e-02
   5.8191601e-02
   1.1078064e-02
   1.2228498e-02
   2.5098069e-02
   5.2991547e-02
   1.8069688e-02
   2.9605923e-02
   3.5755321e-02
   2.8358195e-03
   2.3199238e-03
   1.2974917e-02
   3.6228802e-02
   1.1750058e-02
   6.9784704e-03
   1.2722830e-02
   3.0862490e-02
   4.9091727e-02
   1.2644104e-02
   1.2860048e-02
   2.7585199e-02
   4.8140161e-02
   2.0456135e-02
   3.2427516e-02
   3.9506596e-02
   3.4259132e-03
   2.4722819e-03
   1.4722130e-02
   3.9225139e-02
   1.3187067e-02
   7.3330998e-03
   1.4049220e-02
   3.2728400e-02
   4.8289642e-02
   1.8889623e-02
   1.3312208e-02
   2.9270474e-02
   4.8776966e-02
   2.4989802e-02
   3.4516029e-02
   4.2372644e-02
   3.0919190e-03
   2.3579248e-03
   1.1109106e-02
   3.5675030e-02
   1.2519183e-02
   7.1634343e-03
   1.1983276e-02
   3.0747548e-02
   5.0616853e-02
   1.7596092e-02
   1.2788839e-02
   2.7354393e-02
   5.0158270e-02
   2.2444062e-02
   3.2412406e-02
   3.9118372e-02
   2.1861701e-03
   2.2560558e-03
   9.7584911e-03
   3.2149281e-02
   1.1111812e-02
   6.8646749e-03
   1.0858678e-02
   2.8255364e-02
   5.5979975e-02
   1.2054213e-02
   1.2120570e-02
   2.4967404e-02
   5.3904820e-02
   1.8466339e-02
   2.9621342e-02
   3.5420865e-02
   2.3597481e-03
   2.8071427e-03
   9.8717874e-03
   3.1970315e-02
   1.2117982e-02
   8.8762799e-03
   1.2621389e-02
   2.8475495e-02
   6.8761118e-02
   1.3116492e-02
   1.3980568e-02
   2.4664328e-02
   5.9284881e-02
   1.8011831e-02
   2.8932564e-02
   3.4337346e-02
   4.1333474e-03
   4.9922178e-03
   1.0585956e-02
   2.9191392e-02
   2.0624096e-02
   1.7740207e-02
   2.0298114e-02
   3.2351274e-02
   8.3121046e-02
   2.1067657e-02
   2.3799738e-02
   2.5498049e-02
   6.9489963e-02
   2.0040406e-02
   2.8292023e-02
   3.3839852e-02
   2.8190145e-03
   3.0388886e-03
   9.4412789e-03
   2.8595565e-02
   1.3936721e-02
   1.0153732e-02
   1.3412965e-02
   2.8752973e-02
   9.0956338e-02
   1.5253321e-02
   1.5700739e-02
   2.4414118e-02
   7.2753690e-02
   1.8241057e-02
   2.8300466e-02
   3.3632267e-02
   2.2995044e-03
   2.3382315e-03
   9.5195295e-03
   2.9324865e-02
   1.1218252e-02
   7.2448761e-03
   1.1590698e-02
   2.8625432e-02
   7.8272983e-02
   1.2671738e-02
   1.2596451e-02
   2.5155172e-02
   7.3986553e-02
   1.8166488e-02
   2.9216174e-02
   3.4714814e-02
   2.7922504e-03
   2.4758554e-03
   1.3190506e-02
   3.1443086e-02
   1.1666917e-02
   7.4636675e-03
   1.3488422e-02
   3.0641327e-02
   5.4797281e-02
   1.4268535e-02
   1.2999313e-02
   2.7711792e-02
   5.5694751e-02
   2.0442093e-02
   3.1568009e-02
   3.7255734e-02
   3.3962803e-03
   2.6160190e-03
   1.4957212e-02
   3.2706264e-02
   1.3148736e-02
   7.8495201e-03
   1.5034278e-02
   3.1687010e-02
   5.1512811e-02
   2.4751857e-02
   1.3303499e-02
   2.8551528e-02
   5.3620651e-02
   2.6849022e-02
   3.3016156e-02
   3.8824294e-02
   3.0643460e-03
   2.5029434e-03
   1.0645699e-02
   3.1088827e-02
   1.2975860e-02
   7.7008945e-03
   1.2544476e-02
   3.0269312e-02
   5.7524420e-02
   2.2900358e-02
   1.2957485e-02
   2.6813786e-02
   5.6823302e-02
   2.3919996e-02
   3.1708296e-02
   3.7145104e-02
   2.1966733e-03
   2.4713615e-03
   9.4548119e-03
   2.9019920e-02
   1.1534861e-02
   7.4176788e-03
   1.1426693e-02
   2.8594244e-02
   7.1826838e-02
   1.4313576e-02
   1.2544530e-02
   2.4939552e-02
   7.2248258e-02
   1.8918846e-02
   2.9475844e-02
   3.4701969e-02
   2.3418004e-03
   2.9805419e-03
   9.4358865e-03
   2.8373281e-02
   1.3295393e-02
   1.0003926e-02
   1.3656124e-02
   2.8693611e-02
   9.7103029e-02
   1.6382264e-02
   1.5292185e-02
   2.4877954e-02
   8.6844541e-02
   1.8676916e-02
   2.8168106e-02
   3.3663563e-02
   4.0350747e-03
   5.0663729e-03
   9.2607802e-03
   2.1655794e-02
   2.4052795e-02
   2.1275451e-02
   2.3981053e-02
   3.3592381e-02
   7.7105761e-02
   2.6353806e-02
   3.1699970e-02
   2.3449892e-02
   7.3110752e-02
   1.9138185e-02
   2.4730954e-02
   2.7196245e-02
   2.7185783e-03
   3.0150732e-03
   8.2078446e-03
   2.1682510e-02
   1.4684143e-02
   1.1257366e-02
   1.4215828e-02
   2.6860863e-02
   9.9697471e-02
   1.7998897e-02
   1.7981600e-02
   2.1853482e-02
   9.2665069e-02
   1.6560791e-02
   2.4247224e-02
   2.7678093e-02
   2.1742671e-03
   2.3427934e-03
   8.4008016e-03
   2.3123810e-02
   1.0314265e-02
   7.0621963e-03
   1.0917885e-02
   2.5993895e-02
   7.6060198e-02
   1.3369900e-02
   1.1658567e-02
   2.2317965e-02
   8.8565148e-02
   1.6227657e-02
   2.5496360e-02
   2.8797885e-02
   2.6935551e-03
   2.4630553e-03
   1.3247945e-02
   2.4090031e-02
   1.0494865e-02
   7.1286871e-03
   1.3422525e-02
   2.7281731e-02
   5.6812458e-02
   1.5765136e-02
   1.1891897e-02
   2.5266210e-02
   6.2502265e-02
   1.8563394e-02
   2.6545126e-02
   2.9900976e-02
   3.3423789e-03
   2.5870006e-03
   1.5385895e-02
   2.4810832e-02
   1.2249230e-02
   7.7627073e-03
   1.5478083e-02
   2.7753271e-02
   4.6371032e-02
   3.2917459e-02
   1.2138071e-02
   2.5523888e-02
   5.0583344e-02
   2.8241143e-02
   2.6904048e-02
   3.0311834e-02
   2.9907201e-03
   2.5147689e-03
   9.6136499e-03
   2.3975434e-02
   1.2712191e-02
   7.7548395e-03
   1.2470401e-02
   2.6896374e-02
   5.6814805e-02
   3.0196309e-02
   1.1877337e-02
   2.3376353e-02
   5.6024157e-02
   2.4899794e-02
   2.6618129e-02
   2.9691858e-02
   2.1281161e-03
   2.5392130e-03
   8.2374457e-03
   2.3176553e-02
   1.1334130e-02
   7.3185321e-03
   1.1311534e-02
   2.5912460e-02
   7.2869755e-02
   1.5701154e-02
   1.1775893e-02
   2.2178892e-02
   7.8271024e-02
   1.7173696e-02
   2.5914475e-02
   2.8336655e-02
   2.2528309e-03
   3.1475856e-03
   8.2385968e-03
   2.1774510e-02
   1.3866046e-02
   1.1168513e-02
   1.4411217e-02
   2.6861899e-02
   9.5270969e-02
   1.8937556e-02
   1.7032813e-02
   2.2195246e-02
   1.0096328e-01
   1.7052848e-02
   2.4154333e-02
   2.7090708e-02
   4.0078894e-03
   5.0791167e-03
   8.2848631e-03
   1.5223027e-02
   3.0296685e-02
   2.9931046e-02
   3.0530924e-02
   3.5318889e-02
   6.3989565e-02
   3.5399403e-02
   4.7139708e-02
   2.1974146e-02
   6.6802189e-02
   1.7554926e-02
   1.8283498e-02
   1.9259194e-02
   2.6507445e-03
   2.8413532e-03
   6.8971324e-03
   1.5381866e-02
   1.5938919e-02
   1.3562783e-02
   1.5380832e-02
   2.3982264e-02
   1.0492369e-01
   2.2262748e-02
   2.2610234e-02
   1.8798353e-02
   1.0441045e-01
   1.4528399e-02
   1.7809208e-02
   1.9205332e-02
   2.0289405e-03
   1.9264387e-03
   6.8564680e-03
   1.6499123e-02
   8.0590360e-03
   5.8092969e-03
   9.0696150e-03
   1.9460190e-02
   6.4993948e-02
   1.3395074e-02
   8.7219747e-03
   1.7748950e-02
   8.7276489e-02
   1.2705858e-02
   1.7830381e-02
   1.9392578e-02
   2.6528351e-03
   2.0969741e-03
   1.4086543e-02
   1.7702358e-02
   8.2712164e-03
   5.6623775e-03
   1.2149285e-02
   2.0306770e-02
   4.0365562e-02
   1.6899681e-02
   9.0211676e-03
   2.1886904e-02
   5.6991577e-02
   1.6172186e-02
   1.7983468e-02
   1.9762913e-02
   3.3871268e-03
   2.2731826e-03
   1.7454641e-02
   1.7485732e-02
   1.0259262e-02
   6.7220079e-03
   1.5685288e-02
   2.0685140e-02
   4.9220148e-02
   4.4978779e-02
   9.6446071e-03
   2.2687083e-02
   5.6269582e-02
   3.0606583e-02
   1.8923858e-02
   2.0191509e-02
   2.9701963e-03
   2.1523610e-03
   8.6376341e-03
   1.5847933e-02
   1.1421319e-02
   6.8822764e-03
   1.1550753e-02
   1.9953193e-02
   7.6074757e-02
   4.0119816e-02
   9.0400968e-03
   1.8140778e-02
   6.7626454e-02
   2.5663259e-02
   1.8341482e-02
   1.9233849e-02
   1.9787797e-03
   2.1106615e-03
   6.5965531e-03
   1.5576243e-02
   9.8571731e-03
   6.4066392e-03
   9.2615690e-03
   1.9098574e-02
   4.1425180e-02
   1.6535381e-02
   9.0047102e-03
   1.6932026e-02
   5.5547740e-02
   1.4144734e-02
   1.7868770e-02
   1.9002868e-02
   2.1151295e-03
   2.9228290e-03
   6.9426131e-03
   1.5360060e-02
   1.4513914e-02
   1.3145778e-02
   1.5343116e-02
   2.3340657e-02
   8.7634087e-02
   2.2780076e-02
   2.0977676e-02
   1.8651351e-02
   1.1221795e-01
   1.4654334e-02
   1.7869001e-02
   1.8310424e-02
