   4.6317313e-02
   4.2526659e-02
   4.2357866e-02
   4.2062692e-02
   7.0208713e-02
   6.5474510e-02
   6.6762552e-02
   5.9991326e-02
   7.6717347e-02
   7.2424024e-02
   7.5111553e-02
   6.8209514e-02
   6.2814027e-02
   7.1494788e-02
   6.6381872e-02
   3.5435814e-02
   2.2178633e-02
   1.9822145e-02
   1.9239729e-02
   1.9922609e-02
   3.1068901e-02
   2.8982235e-02
   2.8653301e-02
   2.7026158e-02
   3.7215609e-02
   3.3148039e-02
   3.5652477e-02
   3.7157387e-02
   3.6153782e-02
   3.3613130e-02
   3.3620846e-02
   2.5663542e-02
   8.9151487e-03
   6.6713039e-03
   6.6433293e-03
   8.6082201e-03
   8.7135527e-03
   7.2617522e-03
   7.2993939e-03
   9.2576109e-03
   1.7183060e-02
   1.1962879e-02
   1.3528309e-02
   2.2422671e-02
   2.9093374e-02
   1.5678173e-02
   1.9033359e-02
   2.0631123e-02
   8.3552571e-03
   5.7345158e-03
   6.2900125e-03
   8.1991004e-03
   8.0851233e-03
   6.3300608e-03
   6.3240300e-03
   8.6604003e-03
   1.6453134e-02
   1.0623746e-02
   1.1846412e-02
   2.1910897e-02
   2.9204693e-02
   1.5255242e-02
   1.9558901e-02
   2.4984853e-02
   8.6895684e-03
   5.7191942e-03
   6.1169518e-03
   8.2473401e-03
   7.7487319e-03
   5.8859121e-03
   6.4987685e-03
   8.4998310e-03
   1.5710652e-02
   1.0555021e-02
   1.1923053e-02
   2.0423034e-02
   3.1396881e-02
   1.5494083e-02
   2.0362902e-02
   2.3602625e-02
   8.2407538e-03
   6.1014742e-03
   6.0766842e-03
   8.1946123e-03
   8.2384609e-03
   5.9782639e-03
   6.7499918e-03
   9.0948343e-03
   1.6044248e-02
   1.1788527e-02
   1.2418531e-02
   1.9987427e-02
   3.2320734e-02
   1.4907484e-02
   1.9228626e-02
   2.1576408e-02
   8.3823064e-03
   6.2139770e-03
   6.5913289e-03
   8.7465793e-03
   8.7488890e-03
   6.7198253e-03
   7.2083841e-03
   9.6044354e-03
   1.7043097e-02
   1.2202060e-02
   1.2761200e-02
   2.1285012e-02
   3.3868615e-02
   1.5681738e-02
   2.0249417e-02
   2.1533621e-02
   2.0357281e-02
   1.7109588e-02
   1.7743384e-02
   1.9223321e-02
   2.8526202e-02
   2.5686594e-02
   2.6603565e-02
   2.5988350e-02
   3.6256794e-02
   3.1986095e-02
   3.2842904e-02
   3.6928188e-02
   3.9819576e-02
   3.2786816e-02
   3.5405986e-02
   2.4399342e-02
   6.5716982e-02
   6.1942317e-02
   6.0131479e-02
   5.8139522e-02
   1.0569154e-01
   9.6405037e-02
   9.9932410e-02
   8.7679945e-02
   1.0664716e-01
   1.0206673e-01
   1.0677704e-01
   9.1867782e-02
   9.0615362e-02
   1.0791021e-01
   7.8964509e-02
   3.6927383e-02
   2.8693698e-02
   2.6630603e-02
   2.5160609e-02
   2.4279399e-02
   4.4532534e-02
   4.1303515e-02
   4.1175067e-02
   3.5838995e-02
   4.4424467e-02
   4.1677527e-02
   4.6066660e-02
   4.7047779e-02
   4.2290047e-02
   4.4354204e-02
   3.6275394e-02
   2.6405139e-02
   6.0556619e-03
   4.9841246e-03
   4.1424548e-03
   5.3540417e-03
   6.4460752e-03
   6.5493193e-03
   5.9429961e-03
   6.1744303e-03
   1.0631370e-02
   8.3300890e-03
   9.4006937e-03
   2.1161582e-02
   2.3120299e-02
   1.1188672e-02
   1.3378425e-02
   2.0464871e-02
   4.7340398e-03
   3.8854321e-03
   3.5758868e-03
   5.1421472e-03
   5.3700260e-03
   4.3788925e-03
   4.4058757e-03
   5.2891634e-03
   9.5809735e-03
   6.7025232e-03
   7.7855755e-03
   2.0183776e-02
   2.2344194e-02
   1.0118760e-02
   1.3553120e-02
   2.7656397e-02
   5.1060305e-03
   3.9801472e-03
   3.6098547e-03
   4.9846726e-03
   5.1607559e-03
   4.1934843e-03
   4.3522757e-03
   5.2984562e-03
   9.2414152e-03
   6.8691126e-03
   7.9525029e-03
   1.7337456e-02
   2.8548790e-02
   1.0546845e-02
   1.3563541e-02
   2.6443627e-02
   4.4833389e-03
   3.9140666e-03
   3.6620717e-03
   4.9463985e-03
   5.4126666e-03
   4.0467111e-03
   4.5621977e-03
   5.4319678e-03
   8.9944806e-03
   7.5964164e-03
   8.9683738e-03
   1.7045338e-02
   2.4809744e-02
   1.0068042e-02
   1.2826487e-02
   2.1961883e-02
   5.1389877e-03
   4.0426604e-03
   4.7230809e-03
   5.0852033e-03
   6.5944083e-03
   5.2738460e-03
   5.4652207e-03
   6.4607789e-03
   9.5490199e-03
   8.2134251e-03
   9.4905049e-03
   1.7781578e-02
   2.6827546e-02
   1.0823747e-02
   1.3943620e-02
   1.9122725e-02
   2.4778763e-02
   2.2342127e-02
   2.2521239e-02
   2.2851421e-02
   3.9578449e-02
   3.5059772e-02
   3.7583280e-02
   3.4147594e-02
   4.2391293e-02
   4.0043414e-02
   4.1538879e-02
   4.2397983e-02
   4.1307766e-02
   4.2905852e-02
   3.4607198e-02
   2.3598643e-02
   1.1196739e-01
   1.0133267e-01
   9.8742850e-02
   9.3684584e-02
   1.7745619e-01
   1.6827835e-01
   1.7471483e-01
   1.6249911e-01
   1.4062782e-01
   1.4124990e-01
   1.4254875e-01
   1.1649168e-01
   1.3043235e-01
   1.6273941e-01
   1.3169423e-01
   5.5216350e-02
   4.7595464e-02
   4.2725530e-02
   4.0468510e-02
   3.7221380e-02
   7.3572382e-02
   7.0699833e-02
   7.0068069e-02
   6.4524665e-02
   5.6817289e-02
   5.5019695e-02
   6.1658088e-02
   6.3966334e-02
   5.8602560e-02
   6.4829469e-02
   5.4787096e-02
   4.1966386e-02
   6.2787151e-03
   5.3334790e-03
   3.6324887e-03
   4.3331236e-03
   7.4319504e-03
   7.0322752e-03
   7.0489612e-03
   5.6726346e-03
   8.6681740e-03
   7.7223005e-03
   9.4015282e-03
   2.2996020e-02
   1.3745621e-02
   1.0979303e-02
   1.2247214e-02
   3.3856880e-02
   3.7798414e-03
   3.5185509e-03
   2.3094632e-03
   3.6773293e-03
   4.1837301e-03
   3.7630654e-03
   4.0959823e-03
   3.7738057e-03
   7.0756166e-03
   5.5957870e-03
   5.6761042e-03
   2.5969114e-02
   1.6318280e-02
   9.1524441e-03
   1.0038022e-02
   4.1387178e-02
   4.0071765e-03
   3.6731274e-03
   2.8246287e-03
   3.6730969e-03
   4.0902994e-03
   3.4013216e-03
   3.9399154e-03
   3.3669658e-03
   7.0973705e-03
   5.7101683e-03
   6.9373208e-03
   2.3939412e-02
   1.9256843e-02
   9.2910668e-03
   9.3308548e-03
   3.9475828e-02
   3.4168153e-03
   3.4013677e-03
   2.7205371e-03
   3.8258331e-03
   4.6438179e-03
   3.7517850e-03
   3.9992286e-03
   3.4697917e-03
   6.8924283e-03
   5.6316247e-03
   7.1789636e-03
   2.2587311e-02
   1.6025690e-02
   9.2783896e-03
   9.7916815e-03
   3.1200189e-02
   4.8889332e-03
   4.1523329e-03
   3.6867154e-03
   4.2197770e-03
   7.5095342e-03
   6.1589605e-03
   6.5050051e-03
   6.3087647e-03
   8.5704271e-03
   8.0444021e-03
   8.9308927e-03
   2.1258803e-02
   1.3837605e-02
   9.4677778e-03
   1.0864927e-02
   2.8301382e-02
   3.9686203e-02
   3.5444971e-02
   3.5466075e-02
   3.4554694e-02
   6.4204760e-02
   5.8960006e-02
   6.4408772e-02
   6.0334280e-02
   5.4204661e-02
   5.4318942e-02
   5.3716902e-02
   4.9318992e-02
   4.7821902e-02
   6.2436156e-02
   5.4133702e-02
   3.8508471e-02
   1.7262167e-01
   1.6121683e-01
   1.6361018e-01
   1.6006359e-01
   2.9237258e-01
   2.6968628e-01
   2.7496600e-01
   2.6580384e-01
   1.9681145e-01
   2.0405982e-01
   2.0080449e-01
   1.6053240e-01
   2.0454767e-01
   2.5736099e-01
   2.2097962e-01
   9.5189743e-02
   7.4468158e-02
   6.9425084e-02
   6.7093842e-02
   6.2717408e-02
   1.2042670e-01
   1.1336037e-01
   1.1023833e-01
   1.0286637e-01
   7.9596035e-02
   8.0011912e-02
   8.4640324e-02
   9.1778755e-02
   9.2156731e-02
   1.0388753e-01
   8.9179538e-02
   8.0511071e-02
   9.6204076e-03
   7.2743217e-03
   5.2525611e-03
   5.4190350e-03
   1.0595609e-02
   9.2429547e-03
   9.6589494e-03
   7.0810136e-03
   8.1190765e-03
   7.9121375e-03
   1.1158364e-02
   3.1551387e-02
   1.3320547e-02
   1.3299762e-02
   1.6616693e-02
   6.0998052e-02
   4.4328272e-03
   4.7089569e-03
   2.2817329e-03
   3.6763998e-03
   3.9790152e-03
   5.9912652e-03
   5.1762094e-03
   4.5161820e-03
   7.4346368e-03
   5.0522429e-03
   6.2275338e-03
   2.5573704e-02
   1.4482384e-02
   1.2056050e-02
   1.0824498e-02
   5.2689176e-02
   4.5080683e-03
   4.8743603e-03
   2.8160873e-03
   3.8406646e-03
   5.3238035e-03
   4.4417004e-03
   4.4231275e-03
   4.1453228e-03
   7.7210888e-03
   4.5043714e-03
   6.0702744e-03
   2.6037388e-02
   1.7565327e-02
   1.0112227e-02
   9.3430663e-03
   3.7654214e-02
   3.8807874e-03
   4.2427387e-03
   2.1954363e-03
   4.0108673e-03
   5.5519254e-03
   5.1195552e-03
   4.3061823e-03
   4.4058100e-03
   7.7045155e-03
   4.6657077e-03
   6.9443188e-03
   2.7635749e-02
   1.5506341e-02
   1.2042850e-02
   1.1552030e-02
   6.8070397e-02
   6.3100848e-03
   5.5175843e-03
   4.6604886e-03
   5.1331678e-03
   9.8882858e-03
   8.4203612e-03
   6.8135923e-03
   8.2885846e-03
   8.9543024e-03
   9.0441518e-03
   1.0269583e-02
   2.3758352e-02
   1.4357430e-02
   1.2445003e-02
   1.4727840e-02
   5.8816578e-02
   6.0418993e-02
   5.4333318e-02
   5.8451843e-02
   5.9376337e-02
   1.0450916e-01
   9.2808671e-02
   9.9878982e-02
   1.0050560e-01
   7.1173601e-02
   7.7575184e-02
   7.1604922e-02
   6.3576184e-02
   7.4074104e-02
   9.7283252e-02
   8.6235806e-02
   4.9128715e-02
