   6.0697302e-02
   2.8440142e-02
   2.7790880e-02
   2.7314691e-02
   7.1597132e-03
   7.0355353e-03
   5.8072289e-03
   2.5821248e-02
   1.0313995e-02
   8.8041918e-03
   7.1545527e-03
   2.7552824e-02
   1.5075605e-02
   1.4201151e-02
   9.9300183e-03
   3.6874291e-02
   7.8712538e-02
   1.7210878e-02
   1.7650185e-02
   2.5876993e-02
   7.5571490e-03
   6.4841895e-03
   5.4198555e-03
   2.4340412e-02
   1.0240338e-02
   8.4227752e-03
   6.7135026e-03
   2.7454665e-02
   1.5008182e-02
   1.3474633e-02
   1.0564294e-02
   3.5983562e-02
   5.0048936e-02
   9.8742805e-03
   1.1251373e-02
   2.4336256e-02
   7.0262272e-03
   6.2631876e-03
   5.3297239e-03
   2.5182823e-02
   9.7858366e-03
   8.5279606e-03
   6.8406183e-03
   2.8600514e-02
   1.5318839e-02
   1.2649149e-02
   1.0796354e-02
   3.5113040e-02
   3.8007006e-02
   9.4678951e-03
   1.0941351e-02
   2.4634963e-02
   7.6749213e-03
   6.1821197e-03
   8.4971171e-03
   2.7946163e-02
   9.8329848e-03
   8.8738427e-03
   1.1669492e-02
   2.7659597e-02
   1.5377045e-02
   1.2956204e-02
   1.5320164e-02
   3.5439253e-02
   6.7225523e-02
   1.0055902e-02
   1.2003088e-02
   2.8135344e-02
   8.2870033e-03
   6.6691129e-03
   1.7168252e-02
   3.0878432e-02
   1.0904705e-02
   8.6384639e-03
   2.3459930e-02
   2.8785849e-02
   1.5420943e-02
   1.2669366e-02
   2.7442472e-02
   3.7331671e-02
   3.8234252e-02
   9.4355885e-03
   1.1577379e-02
   2.5760125e-02
   6.9139828e-03
   6.6506662e-03
   1.0553738e-02
   2.7847281e-02
   9.9168718e-03
   8.1304796e-03
   1.3308899e-02
   2.9988848e-02
   1.5397454e-02
   1.2173878e-02
   1.6473558e-02
   3.7238903e-02
   4.0085722e-02
   9.8795826e-03
   1.1561801e-02
   2.5881611e-02
   6.3974713e-03
   6.2801898e-03
   5.4923771e-03
   2.5313988e-02
   9.5883608e-03
   8.2490006e-03
   7.2308518e-03
   2.8995605e-02
   1.4314761e-02
   1.2503933e-02
   9.9743530e-03
   3.7035368e-02
   7.2767571e-02
   1.5701007e-02
   1.7003043e-02
   2.6268158e-02
   6.8705375e-03
   6.3543492e-03
   5.6671072e-03
   2.5377734e-02
   9.6323509e-03
   8.4637301e-03
   7.0471931e-03
   2.8049495e-02
   1.4593718e-02
   1.3139488e-02
   9.9256206e-03
   3.5949294e-02
   5.3222109e-02
   3.8406402e-02
   3.6962457e-02
   2.1121172e-02
   4.2484119e-03
   4.9325614e-03
   3.9051748e-03
   1.3749698e-02
   5.5259969e-03
   5.0252681e-03
   4.8805773e-03
   1.4932729e-02
   9.0084374e-03
   7.6666237e-03
   6.7206924e-03
   1.9406462e-02
   3.4122158e-02
   1.9326132e-02
   1.8504519e-02
   1.7124556e-02
   4.3155397e-03
   4.2296047e-03
   3.9409949e-03
   1.4256595e-02
   5.4255547e-03
   5.1423861e-03
   4.4242581e-03
   1.5995713e-02
   8.5788425e-03
   7.3501626e-03
   6.7000976e-03
   2.0147365e-02
   2.5810191e-02
   6.7534321e-03
   7.9903081e-03
   1.4942718e-02
   4.1448036e-03
   3.9612986e-03
   3.8558324e-03
   1.4779847e-02
   5.1583438e-03
   5.2264961e-03
   4.5520430e-03
   1.5276534e-02
   8.6979689e-03
   6.9408529e-03
   6.5844366e-03
   1.8932724e-02
   3.2293595e-02
   6.5504671e-03
   7.7250744e-03
   1.8056583e-02
   5.3143827e-03
   3.9828634e-03
   9.1633284e-03
   1.7786413e-02
   5.8980435e-03
   5.3441334e-03
   1.3194096e-02
   1.6489226e-02
   8.7673003e-03
   7.5500701e-03
   1.5755244e-02
   1.9671444e-02
   5.0186403e-02
   8.2042888e-03
   9.6541028e-03
   2.1271020e-02
   6.5409420e-03
   4.4760960e-03
   2.2943335e-02
   2.7139844e-02
   8.2015339e-03
   5.5293432e-03
   3.2715049e-02
   2.2021735e-02
   1.0194014e-02
   7.1974788e-03
   3.7781034e-02
   2.2056274e-02
   3.0326456e-02
   7.1254554e-03
   8.8788429e-03
   1.7537298e-02
   4.5730267e-03
   4.4622398e-03
   1.2551012e-02
   2.0364292e-02
   6.4720125e-03
   5.1247454e-03
   1.6009897e-02
   1.7197430e-02
   9.3401168e-03
   6.4828740e-03
   1.9011470e-02
   1.9632196e-02
   1.8652175e-02
   6.8657575e-03
   7.8812111e-03
   1.5902514e-02
   3.9342195e-03
   4.3374221e-03
   4.4135535e-03
   1.4000753e-02
   5.4807905e-03
   5.1564672e-03
   5.1444564e-03
   1.4263459e-02
   8.7316595e-03
   6.4108535e-03
   6.8101138e-03
   1.9399118e-02
   2.7124323e-02
   1.6196711e-02
   1.8016366e-02
   1.7279748e-02
   4.0423013e-03
   4.2893817e-03
   4.2972057e-03
   1.3894223e-02
   5.6067253e-03
   5.0739693e-03
   4.7590495e-03
   1.5069602e-02
   8.4018158e-03
   7.3406221e-03
   6.6783079e-03
   1.8710664e-02
   5.6223467e-02
   6.3706994e-02
   6.2527902e-02
   2.2610206e-02
   3.8185613e-03
   4.3389569e-03
   3.6783330e-03
   8.8514294e-03
   3.6259345e-03
   3.3853927e-03
   3.9360048e-03
   9.2247874e-03
   5.3100139e-03
   4.8103426e-03
   5.4393546e-03
   1.1097226e-02
   3.4600824e-02
   2.8611355e-02
   2.7875636e-02
   1.6830130e-02
   3.3131102e-03
   2.8936849e-03
   3.2887713e-03
   1.0272672e-02
   3.1328825e-03
   3.5588574e-03
   3.5855579e-03
   8.0938796e-03
   5.5977134e-03
   4.8594009e-03
   4.3251147e-03
   1.1374520e-02
   2.3768352e-02
   5.9023062e-03
   7.4239643e-03
   1.1555149e-02
   3.1426940e-03
   3.0154299e-03
   3.3082096e-03
   9.7722439e-03
   3.1260003e-03
   3.5626062e-03
   3.8462328e-03
   8.9404844e-03
   5.0008446e-03
   4.9903463e-03
   5.5739623e-03
   1.2465239e-02
   3.8106877e-02
   7.2533702e-03
   8.4559312e-03
   1.5137034e-02
   5.7057915e-03
   2.8761337e-03
   1.2315820e-02
   1.7011127e-02
   4.8504244e-03
   4.0564928e-03
   1.7273080e-02
   1.5911764e-02
   5.7821036e-03
   5.1342766e-03
   2.0843618e-02
   1.6543740e-02
   6.2513776e-02
   1.1023605e-02
   1.2646319e-02
   2.1081971e-02
   8.0734976e-03
   3.0410429e-03
   3.5643261e-02
   3.8450323e-02
   9.1296853e-03
   4.2351969e-03
   4.7525667e-02
   3.2788418e-02
   9.9460585e-03
   5.3219502e-03
   5.4953046e-02
   2.5746448e-02
   3.2307629e-02
   7.7743777e-03
   1.0168376e-02
   1.7451711e-02
   4.2535127e-03
   3.3643944e-03
   1.7666033e-02
   2.2131775e-02
   5.3874422e-03
   3.7107491e-03
   2.2000374e-02
   1.8683815e-02
   7.5772810e-03
   4.4473615e-03
   2.5272947e-02
   1.6307419e-02
   1.8277865e-02
   6.8839234e-03
   7.8890231e-03
   1.3901151e-02
   2.2320678e-03
   3.1702823e-03
   3.8712302e-03
   8.7816957e-03
   3.2805908e-03
   3.9600967e-03
   4.2563286e-03
   9.4339391e-03
   5.7085115e-03
   3.9746221e-03
   5.7725413e-03
   1.0509298e-02
   2.9300231e-02
   2.3579268e-02
   2.8894190e-02
   1.5811834e-02
   2.5883873e-03
   3.8466759e-03
   3.6475952e-03
   8.6350506e-03
   3.8094728e-03
   3.6722359e-03
   3.4230542e-03
   8.4309727e-03
   5.1936735e-03
   4.4446476e-03
   5.0002052e-03
   1.2362414e-02
   1.0658270e-01
   1.1392672e-01
   1.1090930e-01
   3.1300355e-02
   4.6732379e-03
   5.7687610e-03
   3.7506830e-03
   4.4297292e-03
   3.9721578e-03
   4.0713884e-03
   4.6651764e-03
   6.1012190e-03
   4.8136399e-03
   4.3514185e-03
   5.9152390e-03
   1.0472712e-02
   5.5682354e-02
   4.9287762e-02
   5.0642654e-02
   2.5819318e-02
   3.4181566e-03
   3.3824556e-03
   3.1117706e-03
   6.4724181e-03
   2.6174868e-03
   3.9367857e-03
   4.0527517e-03
   6.8460139e-03
   4.6794466e-03
   4.5811119e-03
   5.0935098e-03
   7.2806128e-03
   1.7713500e-02
   6.9675590e-03
   1.1781900e-02
   1.6817432e-02
   3.8010962e-03
   3.2308986e-03
   3.2418687e-03
   7.6966342e-03
   2.7185713e-03
   3.0413161e-03
   4.2839418e-03
   7.1192766e-03
   3.7154106e-03
   4.2995182e-03
   5.6915530e-03
   7.2256867e-03
   5.4248124e-02
   1.4418818e-02
   1.3097053e-02
   2.0242941e-02
   9.3839327e-03
   2.9451272e-03
   1.9344226e-02
   2.8346449e-02
   7.7428771e-03
   3.1686353e-03
   2.4770854e-02
   2.3484763e-02
   6.8720086e-03
   3.3912922e-03
   2.8707854e-02
   2.2440860e-02
   9.4476968e-02
   2.6282581e-02
   2.0508425e-02
   3.1230832e-02
   1.5667010e-02
   2.6684508e-03
   5.9351157e-02
   7.1455941e-02
   1.6927382e-02
   3.2396580e-03
   7.0839398e-02
   6.1870523e-02
   1.7306661e-02
   3.7079942e-03
   7.9601735e-02
   5.2538503e-02
   5.0895702e-02
   1.6843693e-02
   1.7747469e-02
   2.5186799e-02
   6.7566028e-03
   3.1731473e-03
   2.8427668e-02
   3.4926783e-02
   6.7711812e-03
   2.9541072e-03
   3.0936120e-02
   2.7411293e-02
   1.0542349e-02
   3.6850318e-03
   3.4277231e-02
   2.5916733e-02
   2.2681316e-02
   9.2024319e-03
   1.2712985e-02
   1.7773310e-02
   1.9959109e-03
   2.6674957e-03
   4.3661185e-03
   6.7227110e-03
   2.4708840e-03
   2.8093795e-03
   4.0264032e-03
   6.2121772e-03
   4.8753372e-03
   3.6428492e-03
   5.3669126e-03
   8.4322579e-03
   4.3963030e-02
   3.9616950e-02
   5.4118883e-02
   2.5226979e-02
   2.5892030e-03
   3.5595298e-03
   4.1760551e-03
   5.6104939e-03
   3.2859223e-03
   3.0868670e-03
   2.9667311e-03
   5.1748147e-03
   4.1497252e-03
   3.7823450e-03
   5.1035271e-03
   1.1083806e-02
