   7.2329110e-03
   1.0381002e-02
   3.4668218e-02
   2.2374252e-02
   9.8338285e-03
   9.9165952e-03
   4.4448111e-02
   2.6404083e-02
   2.2300689e-02
   1.4232356e-02
   5.0561070e-02
   1.4551959e-02
   3.1425897e-02
   2.9141210e-02
   5.4607924e-02
   1.4165907e-02
   6.4362707e-03
   9.2716385e-03
   3.2618131e-02
   2.1713167e-02
   8.9071579e-03
   9.0159848e-03
   4.4381108e-02
   2.5601944e-02
   2.0397471e-02
   1.2541348e-02
   4.8007667e-02
   1.3581019e-02
   3.3315450e-02
   2.2858970e-02
   3.5800360e-02
   1.3851427e-02
   7.1589048e-03
   9.3411254e-03
   3.0767810e-02
   2.1508764e-02
   1.7731877e-02
   9.1952728e-03
   4.8222378e-02
   2.5600638e-02
   4.3188937e-02
   1.1352138e-02
   4.6854556e-02
   1.3496257e-02
   7.8965992e-02
   2.0450857e-02
   2.7852898e-02
   1.3825687e-02
   1.0314512e-02
   1.1289849e-02
   3.0033642e-02
   2.2338418e-02
   3.6573395e-02
   9.8494412e-03
   4.9513359e-02
   2.7486999e-02
   7.5090550e-02
   1.1691074e-02
   5.1594887e-02
   1.5342156e-02
   1.0822511e-01
   3.1324957e-02
   4.0931489e-02
   1.5859714e-02
   8.1428131e-03
   1.2806918e-02
   3.6714599e-02
   2.9724840e-02
   1.7833058e-02
   9.7705331e-03
   4.9384352e-02
   3.2120734e-02
   3.2812651e-02
   1.2617437e-02
   5.9508413e-02
   1.5075722e-02
   4.7947381e-02
   3.5206303e-02
   5.3823877e-02
   1.5808724e-02
   6.3544107e-03
   1.0004362e-02
   4.4641715e-02
   2.9759467e-02
   9.6543217e-03
   9.0635754e-03
   4.5809623e-02
   2.7916050e-02
   2.0088773e-02
   1.2254342e-02
   5.1393483e-02
   1.4860589e-02
   3.3835448e-02
   2.1895325e-02
   3.5481796e-02
   1.4862578e-02
   6.1936658e-03
   8.7712100e-03
   4.7449153e-02
   2.4339212e-02
   9.7890291e-03
   9.0490934e-03
   4.4847101e-02
   2.2703188e-02
   2.0075500e-02
   1.1584726e-02
   4.6176989e-02
   1.3473711e-02
   2.9956875e-02
   1.7553773e-02
   2.8970400e-02
   1.3438574e-02
   6.1897272e-03
   9.1627911e-03
   4.0690884e-02
   2.3615701e-02
   9.3770139e-03
   9.5131267e-03
   4.4039611e-02
   2.3998292e-02
   2.1290049e-02
   1.2285468e-02
   4.9796317e-02
   1.3948508e-02
   3.0325083e-02
   2.1406172e-02
   3.8276698e-02
   1.3559497e-02
   6.1789765e-03
   1.0843896e-02
   3.1078752e-02
   2.1526098e-02
   6.5608937e-03
   6.9252960e-03
   3.4056827e-02
   2.4324737e-02
   2.0616414e-02
   1.5223325e-02
   4.7841154e-02
   1.3206474e-02
   3.3911172e-02
   3.5221297e-02
   6.1409187e-02
   1.2315190e-02
   5.4117618e-03
   8.3095012e-03
   2.6541227e-02
   1.8956719e-02
   6.8787821e-03
   6.5054880e-03
   3.3668138e-02
   2.1412501e-02
   2.2938754e-02
   1.1175539e-02
   4.3329898e-02
   1.0522411e-02
   4.5125224e-02
   2.7081849e-02
   3.6466826e-02
   1.1671969e-02
   6.9988002e-03
   7.4171997e-03
   2.4778970e-02
   1.7774578e-02
   2.8472245e-02
   6.7717601e-03
   3.7519883e-02
   2.2318933e-02
   7.4340805e-02
   9.9519622e-03
   4.1080203e-02
   1.0593564e-02
   1.3448420e-01
   2.6261181e-02
   2.8454272e-02
   1.1948902e-02
   1.2175959e-02
   9.6770870e-03
   2.5983006e-02
   2.1576352e-02
   6.6630162e-02
   7.1025109e-03
   4.6429884e-02
   2.6923122e-02
   1.3673520e-01
   9.9587021e-03
   4.9928952e-02
   1.2823029e-02
   1.8252632e-01
   4.0891651e-02
   4.8670013e-02
   1.6677115e-02
   8.7691247e-03
   1.1267000e-02
   3.5113920e-02
   3.2576419e-02
   2.8451210e-02
   6.8888236e-03
   4.6686802e-02
   3.5938311e-02
   5.5384625e-02
   1.1333765e-02
   6.0709819e-02
   1.5651524e-02
   7.7305943e-02
   4.3821678e-02
   6.1793849e-02
   1.6065918e-02
   5.8221817e-03
   8.0306903e-03
   4.7999393e-02
   3.2239806e-02
   8.9878337e-03
   6.6419747e-03
   4.0002219e-02
   2.8438358e-02
   2.4308609e-02
   1.1695324e-02
   5.1967040e-02
   1.5088965e-02
   4.5790240e-02
   2.7032420e-02
   3.5140548e-02
   1.2669300e-02
   5.1292493e-03
   7.2749942e-03
   5.3107247e-02
   2.3978595e-02
   6.3856388e-03
   6.5464284e-03
   3.7451938e-02
   1.7306875e-02
   2.0658664e-02
   1.0891146e-02
   4.6502601e-02
   1.1687183e-02
   3.7647851e-02
   2.2062175e-02
   2.7908811e-02
   1.0428349e-02
   4.8168870e-03
   8.8420818e-03
   4.3431904e-02
   2.1648645e-02
   5.9243492e-03
   6.6757631e-03
   3.4681574e-02
   2.0227950e-02
   1.9210869e-02
   1.1802712e-02
   4.2781468e-02
   1.1095072e-02
   3.3736292e-02
   2.6961755e-02
   4.1931476e-02
   9.8626465e-03
   6.2904777e-03
   1.1266259e-02
   3.1898569e-02
   2.5090640e-02
   6.3419524e-03
   6.3080876e-03
   3.3220202e-02
   3.6852054e-02
   2.7889900e-02
   1.8422851e-02
   5.8785800e-02
   1.8501246e-02
   5.3559374e-02
   3.9928269e-02
   6.3003540e-02
   1.3229256e-02
   6.0580652e-03
   8.3009247e-03
   3.5005558e-02
   2.3152892e-02
   7.8409174e-03
   5.4996242e-03
   3.7859060e-02
   2.6348269e-02
   3.5747841e-02
   1.1963150e-02
   5.3263530e-02
   1.4012719e-02
   8.2199298e-02
   3.1161543e-02
   3.7509367e-02
   1.3341743e-02
   8.5570747e-03
   7.2942749e-03
   2.6368383e-02
   2.2538604e-02
   4.9143095e-02
   6.3543171e-03
   3.6394361e-02
   2.6082082e-02
   1.3069800e-01
   1.1425332e-02
   4.6014436e-02
   1.3124234e-02
   2.3155060e-01
   3.3105031e-02
   2.7979374e-02
   1.2731945e-02
   1.7047532e-02
   1.0004789e-02
   3.1011006e-02
   3.0109096e-02
   1.1115722e-01
   5.8086202e-03
   5.2845426e-02
   3.4479588e-02
   2.3422532e-01
   1.2192286e-02
   5.2964054e-02
   1.4862169e-02
   2.9516333e-01
   4.8054416e-02
   5.2783661e-02
   2.0461038e-02
   1.2991401e-02
   1.0621311e-02
   4.6767991e-02
   4.3039601e-02
   4.4022117e-02
   5.4629431e-03
   7.0936598e-02
   4.6821296e-02
   8.8142917e-02
   1.1792549e-02
   7.9246536e-02
   2.0894870e-02
   1.1215518e-01
   5.6114458e-02
   7.1640648e-02
   2.2309246e-02
   8.1368117e-03
   8.7356772e-03
   6.8766214e-02
   4.0812001e-02
   1.6401464e-02
   4.6176137e-03
   4.7454212e-02
   3.8871475e-02
   4.1179106e-02
   1.2897491e-02
   6.7906365e-02
   1.9136297e-02
   7.1305916e-02
   3.5734829e-02
   4.5504302e-02
   1.4934743e-02
   6.2311455e-03
   7.5634718e-03
   7.6849960e-02
   2.8682085e-02
   9.7435201e-03
   4.7392785e-03
   4.3700937e-02
   2.3152247e-02
   3.2993514e-02
   1.4838684e-02
   4.7366593e-02
   1.4791480e-02
   6.3626654e-02
   2.9094659e-02
   2.7608661e-02
   1.0960034e-02
   4.8597632e-03
   9.1365278e-03
   5.3778674e-02
   2.3782898e-02
   6.9343247e-03
   4.8517147e-03
   3.7745070e-02
   2.7263628e-02
   2.5431313e-02
   1.5252039e-02
   5.2929088e-02
   1.4845139e-02
   5.6999695e-02
   3.4305256e-02
   4.4185445e-02
   9.8674772e-03
   1.0589802e-02
   1.3448605e-02
   3.1621743e-02
   4.0781721e-02
   9.9419067e-03
   5.5310051e-03
   4.0616553e-02
   5.2297018e-02
   4.4499785e-02
   2.9790897e-02
   6.8908803e-02
   2.7877394e-02
   7.9430245e-02
   5.4265697e-02
   8.1777535e-02
   2.7436031e-02
   9.8326476e-03
   1.0386316e-02
   2.8026864e-02
   3.6784746e-02
   1.3840250e-02
   3.6345429e-03
   4.8588168e-02
   3.6217928e-02
   4.5143921e-02
   2.0192102e-02
   7.0999838e-02
   2.0453785e-02
   9.3069851e-02
   3.7147213e-02
   5.4438643e-02
   2.6427418e-02
   1.2057533e-02
   7.8846673e-03
   2.7911581e-02
   3.9733194e-02
   5.4660682e-02
   4.5910105e-03
   4.9294982e-02
   2.9856170e-02
   1.2203962e-01
   1.1695740e-02
   6.8525821e-02
   2.2029834e-02
   1.9110881e-01
   2.7776551e-02
   3.0576503e-02
   1.7770190e-02
   2.5733391e-02
   9.5924539e-03
   4.4244424e-02
   4.6824615e-02
   1.1412145e-01
   5.5010235e-03
   6.5980680e-02
   3.6634546e-02
   1.9547398e-01
   1.4718728e-02
   7.2948307e-02
   2.3532990e-02
   1.9752830e-01
   6.0495064e-02
   6.1733842e-02
   2.1585209e-02
   2.1533137e-02
   1.2136448e-02
   7.9550289e-02
   7.6959990e-02
   4.8416965e-02
   5.8170576e-03
   9.1093086e-02
   4.9628962e-02
   8.1563793e-02
   1.8159717e-02
   8.5983224e-02
   2.6312420e-02
   9.5492877e-02
   9.7019106e-02
   7.2626352e-02
   3.3391468e-02
   1.2603162e-02
   9.6931104e-03
   5.6440093e-02
   5.4618377e-02
   2.4822032e-02
   3.6191081e-03
   7.0210107e-02
   4.2661212e-02
   5.4656900e-02
   1.7163699e-02
   8.6108953e-02
   2.1656705e-02
   9.7669728e-02
   5.4663911e-02
   4.9375951e-02
   1.8707857e-02
   9.8530948e-03
   1.1583858e-02
   6.5430619e-02
   4.1092556e-02
   2.0450015e-02
   4.4513233e-03
   5.9053458e-02
   3.2830060e-02
   5.4694824e-02
   1.8352212e-02
   6.1698105e-02
   1.6045462e-02
   6.6274554e-02
   3.2960296e-02
   3.5005882e-02
   1.1947387e-02
   7.9380954e-03
   1.2460819e-02
   5.6216411e-02
   3.8804103e-02
   1.2738854e-02
   4.2021307e-03
   4.4165466e-02
   3.6445715e-02
   3.8943436e-02
   1.8581016e-02
   7.1624883e-02
   2.1744570e-02
   8.1425034e-02
   4.9344819e-02
   6.8153396e-02
   1.2982280e-02
