   3.6799066e-02
   2.1773770e-02
   4.2055409e-02
   1.6159678e-02
   3.5437852e-02
   9.5220665e-03
   3.6641400e-02
   9.8354751e-03
   3.1057853e-02
   2.5882153e-02
   4.4527367e-02
   9.4796335e-03
   3.0084345e-02
   3.7753019e-02
   3.6911886e-02
   8.6020641e-03
   3.6630593e-02
   1.9120477e-02
   3.9036330e-02
   1.6437201e-02
   3.2127324e-02
   7.8733554e-03
   3.3576693e-02
   1.0194684e-02
   2.9230267e-02
   2.1937128e-02
   3.8647119e-02
   9.0441070e-03
   3.2470115e-02
   3.0451801e-02
   2.1120910e-02
   8.9146961e-03
   4.9750429e-02
   2.1137286e-02
   3.8216870e-02
   1.7447677e-02
   5.7640444e-02
   8.5681165e-03
   3.3915929e-02
   1.1224406e-02
   6.5938696e-02
   2.7965920e-02
   3.4582958e-02
   9.7739333e-03
   7.5008109e-02
   4.5066878e-02
   1.4378599e-02
   9.3100620e-03
   1.4801446e-01
   3.2264937e-02
   4.0265534e-02
   1.7451296e-02
   1.6316108e-01
   2.4035938e-02
   3.6926322e-02
   1.2239892e-02
   1.4475000e-01
   8.3732471e-02
   4.0157914e-02
   1.1258529e-02
   1.0878583e-01
   1.2739973e-01
   2.3664083e-02
   1.0876068e-02
   1.1124317e-01
   4.0928006e-02
   4.5981012e-02
   1.7899981e-02
   1.0080384e-01
   2.1052590e-02
   4.2897962e-02
   1.1897896e-02
   7.0190907e-02
   6.7317024e-02
   4.9251117e-02
   1.1419503e-02
   4.9370129e-02
   9.7657070e-02
   3.7226643e-02
   1.1822023e-02
   3.8072638e-02
   3.2274481e-02
   4.5055166e-02
   1.8387605e-02
   3.1757321e-02
   8.8049620e-03
   3.7078425e-02
   1.1072132e-02
   2.7481304e-02
   2.3710353e-02
   4.1045710e-02
   1.0054617e-02
   3.2428328e-02
   3.7425030e-02
   2.1428654e-02
   1.0443739e-02
   3.7055567e-02
   2.1292195e-02
   3.9742157e-02
   1.5480639e-02
   3.4362640e-02
   8.4541393e-03
   3.3396699e-02
   9.8984297e-03
   2.7798096e-02
   2.3506243e-02
   3.5435658e-02
   9.2431922e-03
   2.9946489e-02
   2.9053064e-02
   1.4162729e-02
   9.1643380e-03
   3.6890332e-02
   1.9131102e-02
   4.0400866e-02
   1.5307573e-02
   3.6416337e-02
   8.4874826e-03
   3.5646699e-02
   9.4024837e-03
   3.0434050e-02
   2.3829293e-02
   3.9206471e-02
   8.9565152e-03
   2.8917663e-02
   3.1698316e-02
   2.1212151e-02
   8.8774720e-03
   2.4737071e-02
   2.3061842e-02
   4.0159043e-02
   1.1430813e-02
   3.0356390e-02
   9.0186140e-03
   4.2933837e-02
   6.0815765e-03
   2.9586315e-02
   2.0516997e-02
   5.1098574e-02
   6.5695033e-03
   3.2294068e-02
   3.8835105e-02
   3.5662208e-02
   5.4229023e-03
   2.7138162e-02
   1.7688161e-02
   3.5480358e-02
   1.0467034e-02
   3.3120885e-02
   7.1945922e-03
   3.7771255e-02
   6.6102794e-03
   3.3484034e-02
   1.9952936e-02
   4.0415343e-02
   5.9821536e-03
   4.1571889e-02
   3.4905829e-02
   2.3396377e-02
   5.6875092e-03
   7.1640640e-02
   2.1038478e-02
   3.3321317e-02
   1.1393161e-02
   9.3491919e-02
   1.0139579e-02
   3.7478805e-02
   7.5305384e-03
   1.1033347e-01
   2.9066207e-02
   3.6522444e-02
   6.4069447e-03
   1.2388635e-01
   5.3278700e-02
   1.6629254e-02
   5.7938402e-03
   2.2331248e-01
   3.4412690e-02
   3.7850901e-02
   1.2006050e-02
   2.5388333e-01
   2.9625447e-02
   3.9625704e-02
   9.2278225e-03
   2.3938340e-01
   7.6909870e-02
   4.3747894e-02
   8.5737286e-03
   1.8516129e-01
   1.2273847e-01
   2.6430955e-02
   8.6911172e-03
   1.5905581e-01
   4.7915421e-02
   4.8296645e-02
   1.5335115e-02
   1.5140741e-01
   2.6070075e-02
   5.7159424e-02
   1.1724385e-02
   1.1043806e-01
   6.1061338e-02
   6.0090847e-02
   1.0127028e-02
   8.1355698e-02
   9.7956374e-02
   4.2704709e-02
   1.0537177e-02
   4.0825881e-02
   4.0744342e-02
   4.9424693e-02
   1.5932979e-02
   3.9770160e-02
   9.8711681e-03
   4.5263506e-02
   8.8241240e-03
   3.5388835e-02
   2.6478238e-02
   4.6948638e-02
   7.9563251e-03
   4.2681471e-02
   4.7129303e-02
   2.4357423e-02
   7.9507474e-03
   2.5538992e-02
   2.2396065e-02
   3.7714034e-02
   1.2455541e-02
   2.8289260e-02
   6.9151847e-03
   3.5572492e-02
   6.2314752e-03
   2.7890619e-02
   2.1447852e-02
   3.5869826e-02
   6.4187907e-03
   3.5379354e-02
   3.2923933e-02
   1.6829135e-02
   5.7141348e-03
   2.3757210e-02
   1.9492203e-02
   3.8281128e-02
   1.1464478e-02
   2.7875157e-02
   6.9882004e-03
   3.7324592e-02
   4.7156564e-03
   2.6416041e-02
   1.8834930e-02
   4.4116944e-02
   5.6383675e-03
   3.1214949e-02
   3.3271443e-02
   2.2436781e-02
   5.1379441e-03
   3.1181460e-02
   2.7228782e-02
   4.7758829e-02
   1.0563308e-02
   3.9591476e-02
   1.3906069e-02
   5.2656226e-02
   5.2295360e-03
   4.4306662e-02
   2.6133748e-02
   6.3501969e-02
   7.7662221e-03
   4.6320856e-02
   4.2425890e-02
   4.4215035e-02
   4.5630266e-03
   3.5328139e-02
   2.0769482e-02
   4.3056794e-02
   9.3039684e-03
   4.7898617e-02
   1.0985461e-02
   4.4321463e-02
   5.5091823e-03
   5.1371753e-02
   2.5657278e-02
   5.6201141e-02
   6.2738513e-03
   6.8723843e-02
   3.9447583e-02
   3.1836882e-02
   4.8612235e-03
   7.6868311e-02
   2.4797799e-02
   4.5537625e-02
   9.8739369e-03
   1.1031730e-01
   1.3430737e-02
   4.5024429e-02
   6.1527877e-03
   1.4960700e-01
   2.7665030e-02
   4.6475492e-02
   5.9111784e-03
   1.9320831e-01
   3.3387043e-02
   2.1266006e-02
   4.5110942e-03
   1.9375406e-01
   5.0129134e-02
   4.3703217e-02
   1.2202584e-02
   2.3621994e-01
   3.9856967e-02
   4.5673411e-02
   8.9141978e-03
   2.8069803e-01
   5.8398973e-02
   4.5925219e-02
   8.4200501e-03
   2.6680836e-01
   6.0923118e-02
   3.2190166e-02
   8.7591633e-03
   1.2389656e-01
   7.4053429e-02
   5.9844267e-02
   1.8180244e-02
   1.2594123e-01
   3.5957903e-02
   7.1119979e-02
   1.4651409e-02
   1.1086577e-01
   5.2997015e-02
   6.5488361e-02
   1.1797942e-02
   1.0071953e-01
   9.6473478e-02
   5.1229745e-02
   1.2426775e-02
   4.8938174e-02
   6.0480990e-02
   5.6251716e-02
   1.8965716e-02
   5.9577230e-02
   1.3244935e-02
   5.3772215e-02
   9.7932573e-03
   5.4509342e-02
   2.9535932e-02
   5.7030633e-02
   8.9899031e-03
   6.9857709e-02
   5.7046503e-02
   3.1830519e-02
   7.5602788e-03
   3.5003219e-02
   3.1763095e-02
   4.7150202e-02
   1.4184169e-02
   4.2353764e-02
   1.1369478e-02
   4.8660304e-02
   5.4661762e-03
   4.7717940e-02
   2.3874970e-02
   4.2168766e-02
   6.2168622e-03
   6.6741824e-02
   3.5735946e-02
   2.0751894e-02
   4.8114248e-03
   2.6989257e-02
   2.3076635e-02
   4.8958864e-02
   1.1055791e-02
   4.0890250e-02
   1.0996431e-02
   4.8951186e-02
   3.8556478e-03
   4.2068489e-02
   2.3682859e-02
   5.5004176e-02
   5.6683542e-03
   5.0073944e-02
   3.8828328e-02
   2.5431454e-02
   3.8809418e-03
   3.2103434e-02
   3.2846227e-02
   6.3620634e-02
   1.4744799e-02
   6.0646478e-02
   1.5174231e-02
   8.5121289e-02
   8.1611658e-03
   4.8792247e-02
   3.5004284e-02
   1.0258189e-01
   9.9872639e-03
   6.7327842e-02
   4.4383060e-02
   6.8630613e-02
   5.4480801e-03
   4.0881541e-02
   2.8185228e-02
   6.0453732e-02
   1.0379493e-02
   5.7473551e-02
   1.6420260e-02
   5.9855536e-02
   7.2636921e-03
   4.9686208e-02
   3.0378692e-02
   6.9301590e-02
   8.0428999e-03
   7.8707501e-02
   4.1597884e-02
   4.7527246e-02
   6.0726209e-03
   4.8037305e-02
   3.9186940e-02
   6.5464891e-02
   1.1928678e-02
   5.5573743e-02
   2.0000972e-02
   5.4936770e-02
   7.6052085e-03
   1.0482842e-01
   3.3298258e-02
   5.3043019e-02
   8.9731328e-03
   1.6335192e-01
   3.0088551e-02
   3.4356520e-02
   6.3794847e-03
   7.0275635e-02
   7.5515896e-02
   5.2110042e-02
   1.5928304e-02
   6.9147736e-02
   6.0944222e-02
   7.1249619e-02
   1.3501410e-02
   1.1724548e-01
   8.9062713e-02
   5.8120485e-02
   1.2168103e-02
   1.7672622e-01
   6.1473772e-02
   4.3924611e-02
   1.3189360e-02
   5.2485131e-02
   1.1461720e-01
   8.0483302e-02
   2.9594731e-02
   5.7023983e-02
   5.2210428e-02
   1.2075040e-01
   2.6253352e-02
   4.5171086e-02
   7.9556972e-02
   8.7562419e-02
   1.8575685e-02
   8.2416192e-02
   1.3172232e-01
   6.5249912e-02
   2.1695696e-02
   5.0939359e-02
   9.6843787e-02
   6.9704123e-02
   2.2195410e-02
   5.8041573e-02
   2.1708025e-02
   8.4442846e-02
   1.5184749e-02
   6.1260637e-02
   3.0371252e-02
   6.5550134e-02
   1.1381799e-02
   9.3922980e-02
   7.3847175e-02
   4.7142360e-02
   1.0568304e-02
   4.4262338e-02
   4.6129148e-02
   5.5112939e-02
   2.0528961e-02
   4.3137453e-02
   1.3391844e-02
   5.3082272e-02
   5.5035367e-03
   5.4354578e-02
   1.8939815e-02
   5.7765845e-02
   7.5855055e-03
   8.5870475e-02
   2.4134327e-02
   3.3311963e-02
   5.8897017e-03
   2.4925184e-02
   3.2143973e-02
   6.3949473e-02
   1.7173784e-02
   4.7036756e-02
   1.3056456e-02
   7.4513026e-02
   5.3116558e-03
   5.3155728e-02
   2.2846021e-02
   7.0319325e-02
   9.3465690e-03
   7.3697239e-02
   3.3843812e-02
   4.0021427e-02
   5.5040787e-03
