   9.9376757e-03
   1.0741485e-02
   9.4786538e-03
   2.5437243e-02
   1.0743382e-02
   3.0153193e-02
   2.8563032e-02
   2.2440188e-02
   9.1942251e-03
   2.0165859e-02
   1.9540131e-02
   2.4442393e-02
   1.0970163e-02
   1.1785472e-02
   1.8115982e-02
   2.7910223e-02
   7.6450794e-03
   6.0269837e-03
   6.6057029e-03
   2.3769790e-02
   1.0494291e-02
   2.3002466e-02
   2.0660181e-02
   2.1321660e-02
   8.5258773e-03
   1.2816794e-02
   1.3966882e-02
   2.2982312e-02
   1.1055417e-02
   8.4842341e-03
   1.3655447e-02
   2.7415164e-02
   7.5178770e-03
   4.7979075e-03
   5.7480382e-03
   2.4131615e-02
   1.2458293e-02
   2.1203056e-02
   1.7588755e-02
   2.1964092e-02
   9.1621000e-03
   1.0616880e-02
   1.1419564e-02
   2.3272008e-02
   1.2406213e-02
   6.6833547e-03
   1.1878835e-02
   3.0174255e-02
   8.7564914e-03
   5.1428396e-03
   6.0390974e-03
   2.7315440e-02
   1.8502634e-02
   3.1930510e-02
   2.2934815e-02
   2.4781527e-02
   1.1318047e-02
   1.5414475e-02
   1.3822579e-02
   2.5770944e-02
   1.1612074e-02
   9.2530679e-03
   1.3591888e-02
   3.7088349e-02
   9.1739679e-03
   5.3718807e-03
   7.2078519e-03
   3.1260997e-02
   1.4650923e-02
   3.2631166e-02
   3.8368560e-02
   2.9122701e-02
   1.0935627e-02
   1.3457163e-02
   2.1592259e-02
   2.8135614e-02
   1.2053184e-02
   7.2872383e-03
   1.7823100e-02
   3.9526973e-02
   7.6390202e-03
   5.1212385e-03
   7.0203780e-03
   2.8984854e-02
   1.1259824e-02
   2.0265609e-02
   3.2168906e-02
   2.7841331e-02
   9.4250804e-03
   9.7437017e-03
   1.9462675e-02
   2.6088933e-02
   1.1067380e-02
   5.0203507e-03
   1.6317390e-02
   3.3740807e-02
   6.8133539e-03
   4.8225452e-03
   5.9296214e-03
   2.4423085e-02
   9.7374655e-03
   1.7577713e-02
   2.1689715e-02
   2.2178531e-02
   8.3874976e-03
   8.9663127e-03
   1.2495557e-02
   2.3586858e-02
   1.0238447e-02
   4.8310733e-03
   1.2250360e-02
   2.9775826e-02
   7.8574941e-03
   6.6982079e-03
   6.9481824e-03
   2.3884511e-02
   9.8700738e-03
   2.2750514e-02
   2.4290349e-02
   2.1460006e-02
   8.4805069e-03
   1.2778628e-02
   1.4510816e-02
   2.3359314e-02
   1.0153416e-02
   6.5315077e-03
   1.3955660e-02
   2.6747340e-02
   1.2358247e-02
   1.3549183e-02
   1.1568710e-02
   2.5002327e-02
   1.3203784e-02
   5.1994730e-02
   4.8231136e-02
   2.2250133e-02
   9.8246140e-03
   3.0007182e-02
   2.6869211e-02
   2.5017103e-02
   1.1180379e-02
   1.6384272e-02
   2.4085358e-02
   3.0719794e-02
   8.8470019e-03
   7.2156917e-03
   7.6222382e-03
   2.4068573e-02
   1.2900310e-02
   3.7866108e-02
   3.4160703e-02
   2.1946274e-02
   9.2077274e-03
   1.7728943e-02
   1.8134685e-02
   2.3968600e-02
   1.2345332e-02
   1.0611936e-02
   1.6844640e-02
   3.1752124e-02
   8.5512297e-03
   5.3602154e-03
   6.5315487e-03
   2.4486389e-02
   1.6252721e-02
   3.3057630e-02
   2.7859714e-02
   2.2851417e-02
   1.0356072e-02
   1.3860424e-02
   1.3923341e-02
   2.4408150e-02
   1.5241883e-02
   8.1826001e-03
   1.3428211e-02
   3.5821151e-02
   1.0276831e-02
   5.5335509e-03
   6.8601342e-03
   2.6734041e-02
   2.6358759e-02
   5.0124217e-02
   3.4999114e-02
   2.4822066e-02
   1.3090686e-02
   2.1805404e-02
   1.6522376e-02
   2.5897672e-02
   1.2241968e-02
   1.2280781e-02
   1.5028563e-02
   4.1803792e-02
   9.8110866e-03
   5.7582478e-03
   8.6009512e-03
   3.0317521e-02
   1.7411815e-02
   5.1240966e-02
   5.9159074e-02
   2.9568482e-02
   1.1403509e-02
   1.7677480e-02
   2.8344870e-02
   2.7343079e-02
   1.1814445e-02
   9.3293041e-03
   2.1515563e-02
   4.2421810e-02
   8.1257289e-03
   5.5651162e-03
   8.2479361e-03
   2.9442461e-02
   1.2250259e-02
   3.0802701e-02
   4.9106408e-02
   2.9694069e-02
   9.6680028e-03
   1.1492910e-02
   2.5611158e-02
   2.6742732e-02
   1.1070661e-02
   5.5797067e-03
   1.9853190e-02
   3.8270615e-02
   7.5762235e-03
   5.4362882e-03
   6.8759918e-03
   2.5043348e-02
   1.1110334e-02
   2.8221484e-02
   3.4286551e-02
   2.3528991e-02
   9.0455059e-03
   1.0997894e-02
   1.5361173e-02
   2.5557999e-02
   1.0657310e-02
   5.4959496e-03
   1.3984984e-02
   3.6331173e-02
   9.2450222e-03
   8.0535654e-03
   8.2605239e-03
   2.4252813e-02
   1.1696975e-02
   3.8772602e-02
   4.0084008e-02
   2.1960469e-02
   9.1465069e-03
   1.7787192e-02
   1.8862644e-02
   2.4588112e-02
   1.0632331e-02
   8.4619811e-03
   1.6974609e-02
   3.0157791e-02
   1.4084825e-02
   1.6700953e-02
   1.3928028e-02
   2.1905908e-02
   1.1962013e-02
   5.4634113e-02
   4.9365144e-02
   1.9427942e-02
   8.6160032e-03
   3.6074378e-02
   2.9947899e-02
   2.2444319e-02
   9.0822903e-03
   1.9452941e-02
   2.8549835e-02
   2.7609715e-02
   8.9187808e-03
   7.9843150e-03
   8.2030892e-03
   2.0801166e-02
   1.1704315e-02
   3.8761865e-02
   3.6511328e-02
   1.9274717e-02
   8.2430355e-03
   2.0257186e-02
   1.9329727e-02
   2.1278808e-02
   1.2380942e-02
   1.2133211e-02
   1.8476656e-02
   2.8934473e-02
   8.7166419e-03
   5.0046495e-03
   6.5444284e-03
   2.1383785e-02
   1.8240673e-02
   3.1571448e-02
   2.9703300e-02
   2.0024993e-02
   1.0079603e-02
   1.6091818e-02
   1.3436419e-02
   2.1525120e-02
   1.7934673e-02
   9.7570410e-03
   1.3377586e-02
   3.1779878e-02
   1.1411556e-02
   4.9431198e-03
   6.9705835e-03
   2.3387305e-02
   3.4142513e-02
   4.5819335e-02
   3.5053033e-02
   2.1250479e-02
   1.3671122e-02
   2.8731765e-02
   1.6563945e-02
   2.2382695e-02
   1.1408256e-02
   1.6497739e-02
   1.5523013e-02
   3.5469424e-02
   9.6928990e-03
   5.0526159e-03
   9.6110255e-03
   2.6835537e-02
   1.9441199e-02
   4.6918217e-02
   6.0526669e-02
   2.6348369e-02
   1.0599788e-02
   2.0710824e-02
   3.3910040e-02
   2.3286004e-02
   9.5545109e-03
   1.1984339e-02
   2.5662521e-02
   3.5205830e-02
   7.5302147e-03
   4.9630208e-03
   8.8554062e-03
   2.6348064e-02
   1.0978766e-02
   3.0757561e-02
   4.8900735e-02
   2.7519934e-02
   8.3429599e-03
   1.1103279e-02
   3.0462585e-02
   2.4176881e-02
   8.9725768e-03
   5.8054668e-03
   2.3693245e-02
   3.6809701e-02
   7.1828142e-03
   5.0714812e-03
   6.8867272e-03
   2.1731270e-02
   1.0328106e-02
   3.1395491e-02
   3.3754148e-02
   2.1035651e-02
   7.8899451e-03
   1.0819818e-02
   1.5273711e-02
   2.4833329e-02
   8.9354729e-03
   5.4957112e-03
   1.4415892e-02
   4.0766142e-02
   9.7840410e-03
   9.0535944e-03
   9.2461938e-03
   2.1052651e-02
   1.1064997e-02
   4.2273447e-02
   4.0177204e-02
   1.9337540e-02
   8.0390964e-03
   2.0119801e-02
   1.9521583e-02
   2.2963399e-02
   8.6613894e-03
   9.5246974e-03
   1.8782774e-02
   2.9298928e-02
   1.7430149e-02
   2.2703445e-02
   1.8588791e-02
   1.8507479e-02
   9.0999743e-03
   4.2817466e-02
   3.9085936e-02
   1.4831651e-02
   7.3973108e-03
   3.5210468e-02
   3.0759633e-02
   1.9095505e-02
   6.7489510e-03
   2.3843460e-02
   3.4736067e-02
   2.0925624e-02
   9.8406859e-03
   9.2105893e-03
   9.3407156e-03
   1.6406480e-02
   9.4632329e-03
   3.3442460e-02
   3.0252924e-02
   1.4779223e-02
   6.8302471e-03
   2.0048954e-02
   2.0199468e-02
   1.7201519e-02
   1.3595304e-02
   1.5024265e-02
   2.1219527e-02
   2.1130934e-02
   9.1669979e-03
   3.8905828e-03
   6.2113660e-03
   1.6449420e-02
   2.1068783e-02
   2.6077019e-02
   2.3292881e-02
   1.5116775e-02
   9.8074907e-03
   1.9123724e-02
   1.3798456e-02
   1.6919214e-02
   2.3890056e-02
   1.1696652e-02
   1.3105479e-02
   2.3002410e-02
   1.2645235e-02
   3.9966693e-03
   7.1761222e-03
   1.8555794e-02
   4.4478670e-02
   4.2353369e-02
   2.8298121e-02
   1.5976014e-02
   1.4963760e-02
   3.8622502e-02
   1.9309836e-02
   1.7104652e-02
   1.1658173e-02
   2.0900106e-02
   1.7070204e-02
   2.5860051e-02
   9.9434508e-03
   4.1086678e-03
   1.1740722e-02
   2.3404365e-02
   2.3012644e-02
   4.2630158e-02
   6.3440718e-02
   2.2731850e-02
   1.0106571e-02
   2.8374970e-02
   4.7148082e-02
   1.8066363e-02
   7.1421638e-03
   1.5852042e-02
   3.3178814e-02
   2.6538320e-02
   7.0648436e-03
   3.8480982e-03
   1.0265038e-02
   2.2634063e-02
   9.1127809e-03
   2.3556231e-02
   4.8272904e-02
   2.4693253e-02
   6.7720208e-03
   1.1455124e-02
   4.1839939e-02
   2.1509100e-02
   6.4704260e-03
   6.8112174e-03
   3.0418370e-02
   3.6674604e-02
   6.7599746e-03
   3.9368663e-03
   6.6774217e-03
   1.6511293e-02
   8.1068035e-03
   2.5006022e-02
   2.5539210e-02
   1.6099703e-02
   6.3668545e-03
   1.0587054e-02
   1.7386883e-02
   2.3406558e-02
   6.5551889e-03
   5.9020356e-03
   1.5652509e-02
   4.8262257e-02
   1.1015548e-02
   1.0883358e-02
   1.0828244e-02
   1.6156852e-02
   8.7870676e-03
   3.2749988e-02
   3.1337697e-02
   1.4564345e-02
   6.5486012e-03
   1.9343829e-02
   2.0271532e-02
   2.0590171e-02
   6.0713505e-03
   1.1225305e-02
   2.1686567e-02
   2.7187599e-02
