   1.7128391e-02
   2.9368060e-02
   2.7214641e-02
   4.5342214e-02
   1.4438397e-02
   3.8014837e-02
   6.8081446e-02
   5.4085713e-02
   1.8174283e-02
   5.2917536e-02
   7.6753899e-02
   5.1798765e-02
   1.9021979e-02
   2.4390208e-02
   3.2390907e-02
   4.5061015e-02
   2.8496955e-02
   1.8135207e-02
   2.1376593e-02
   3.7094675e-02
   1.4673699e-02
   2.8194617e-02
   3.8337167e-02
   5.1716566e-02
   1.6585445e-02
   2.7875410e-02
   4.7315743e-02
   5.3708661e-02
   1.1295712e-02
   1.1303301e-02
   1.9808859e-02
   4.2784240e-02
   2.7673177e-02
   1.1103977e-02
   1.7261652e-02
   3.4714211e-02
   1.4048682e-02
   2.0668676e-02
   2.3645405e-02
   5.1884003e-02
   1.6898299e-02
   1.3460713e-02
   3.4576897e-02
   6.0517427e-02
   8.3901631e-03
   4.0419395e-03
   1.3000726e-02
   5.2781444e-02
   1.5351606e-02
   9.7268326e-03
   1.8648643e-02
   3.7811253e-02
   2.2691559e-02
   2.3882411e-02
   2.5543885e-02
   5.2319299e-02
   2.1762688e-02
   1.2777630e-02
   2.7136056e-02
   5.3986475e-02
   8.2105640e-03
   3.8271984e-03
   2.1890111e-02
   3.5375595e-02
   1.5223679e-02
   8.1537142e-03
   2.9490894e-02
   4.0955983e-02
   3.8158424e-02
   3.2798707e-02
   3.5230342e-02
   5.8291968e-02
   3.1847477e-02
   1.4343183e-02
   2.5789047e-02
   5.3847808e-02
   8.7926304e-03
   3.9163311e-03
   2.2528114e-02
   2.9915746e-02
   1.3563422e-02
   7.5966143e-03
   3.0107472e-02
   4.3497805e-02
   2.0604139e-02
   2.0735182e-02
   3.1146793e-02
   5.4052703e-02
   2.0816255e-02
   1.6343165e-02
   2.1456948e-02
   4.7383625e-02
   1.0470318e-02
   3.6387043e-03
   1.3883573e-02
   2.8754944e-02
   1.3747600e-02
   7.9784924e-03
   1.8391475e-02
   5.9435185e-02
   1.3995452e-02
   1.5494661e-02
   3.4088049e-02
   4.9545698e-02
   2.2229055e-02
   2.1582814e-02
   2.0899255e-02
   4.5839574e-02
   1.9906489e-02
   3.7100755e-03
   1.3682146e-02
   3.0047057e-02
   1.3652246e-02
   1.5806576e-02
   1.9855611e-02
   5.0513841e-02
   1.4250596e-02
   2.4037207e-02
   4.4438954e-02
   5.0862428e-02
   2.2899525e-02
   3.4173802e-02
   3.9794989e-02
   4.8611932e-02
   2.0492017e-02
   1.0825674e-02
   1.9387554e-02
   3.3371504e-02
   1.3897502e-02
   3.0159896e-02
   2.5045259e-02
   4.4655919e-02
   8.9410134e-03
   5.0469831e-02
   6.9458365e-02
   3.0867090e-02
   1.2042901e-02
   6.7586899e-02
   8.2789041e-02
   3.2544129e-02
   2.3670794e-02
   3.5492603e-02
   3.7552610e-02
   4.7083490e-02
   3.1054884e-02
   2.0995982e-02
   1.9116513e-02
   3.2639503e-02
   9.5649725e-03
   3.6785908e-02
   3.7103191e-02
   2.9036203e-02
   1.1127145e-02
   3.4652166e-02
   4.9471166e-02
   3.7607506e-02
   1.1895600e-02
   1.5259821e-02
   1.9360406e-02
   4.0180203e-02
   2.9495353e-02
   1.0979389e-02
   1.4518139e-02
   2.7016284e-02
   9.3759922e-03
   2.5607243e-02
   2.0858854e-02
   2.8842755e-02
   1.2560984e-02
   1.3813329e-02
   3.4872819e-02
   4.5518085e-02
   6.7529678e-03
   3.1045531e-03
   1.0005896e-02
   4.8212618e-02
   1.2802437e-02
   9.3669854e-03
   2.2346945e-02
   2.9200185e-02
   2.0886771e-02
   3.1882390e-02
   2.5991689e-02
   3.1416986e-02
   2.2905951e-02
   1.3470761e-02
   3.0051956e-02
   3.6170665e-02
   5.8678333e-03
   2.5460506e-03
   2.6766011e-02
   2.7242931e-02
   1.1146745e-02
   7.5151753e-03
   4.1652564e-02
   3.4459841e-02
   3.8872954e-02
   4.4790313e-02
   4.1430704e-02
   3.8063221e-02
   3.6954630e-02
   1.6856188e-02
   2.7064899e-02
   3.4269955e-02
   7.3511265e-03
   2.7754244e-03
   2.7779303e-02
   1.8132154e-02
   9.0368250e-03
   6.5003396e-03
   4.2605851e-02
   4.0929731e-02
   1.7796282e-02
   2.6647946e-02
   3.3473287e-02
   3.2189384e-02
   2.0515367e-02
   2.1613916e-02
   2.0273024e-02
   2.9459203e-02
   1.1233966e-02
   2.6614494e-03
   1.1017683e-02
   1.6111307e-02
   8.5007735e-03
   6.7517115e-03
   1.8885739e-02
   5.8130383e-02
   8.9607053e-03
   1.5854817e-02
   3.4098592e-02
   2.8459473e-02
   1.9596698e-02
   2.9617647e-02
   1.8321808e-02
   2.6221616e-02
   2.6381772e-02
   2.8300793e-03
   8.8327136e-03
   1.5786240e-02
   9.5203705e-03
   1.6351080e-02
   1.7700309e-02
   4.8790526e-02
   8.9907143e-03
   2.8725529e-02
   4.7174595e-02
   3.1126656e-02
   1.9557618e-02
   4.4831026e-02
   3.9630521e-02
   2.8895117e-02
   2.6937056e-02
   1.4230847e-02
   1.7178217e-02
   2.4942694e-02
   1.7243924e-02
   3.1193055e-02
   2.4663344e-02
   3.9984759e-02
   6.1978847e-03
   5.7100710e-02
   8.0194555e-02
   1.9212132e-02
   1.1703919e-02
   8.7889262e-02
   9.3893684e-02
   2.4266139e-02
   3.7770443e-02
   5.9824646e-02
   5.9756268e-02
   6.5196663e-02
   3.9413571e-02
   3.0259991e-02
   2.3989905e-02
   3.6194433e-02
   7.8227958e-03
   4.7734335e-02
   4.5213994e-02
   1.7798446e-02
   8.0727190e-03
   4.6686035e-02
   5.1016744e-02
   3.2822467e-02
   1.7971510e-02
   2.5001252e-02
   2.8187072e-02
   5.0587486e-02
   3.4303609e-02
   1.8524008e-02
   1.8906504e-02
   2.9422026e-02
   8.7535661e-03
   3.9975431e-02
   2.5949499e-02
   1.7412471e-02
   9.4528515e-03
   2.2895534e-02
   3.7263487e-02
   4.5603406e-02
   9.9905459e-03
   3.0351449e-03
   1.2176239e-02
   5.6064453e-02
   1.3877023e-02
   1.4058952e-02
   3.1160621e-02
   3.1212628e-02
   2.2957008e-02
   4.4573124e-02
   3.6100131e-02
   2.0053491e-02
   2.0939551e-02
   1.9720467e-02
   3.7608445e-02
   3.2652613e-02
   8.6160833e-03
   1.9933840e-03
   4.3152269e-02
   2.6335347e-02
   1.1533770e-02
   8.3392924e-03
   6.1242715e-02
   3.6699370e-02
   4.4185366e-02
   5.7433873e-02
   6.2664866e-02
   2.7628092e-02
   3.7493587e-02
   2.6011523e-02
   3.7309099e-02
   2.9547561e-02
   1.0561233e-02
   2.3674930e-03
   4.4537470e-02
   1.4061020e-02
   8.8571180e-03
   6.9209649e-03
   5.9176371e-02
   4.2122595e-02
   1.6904764e-02
   3.4442712e-02
   4.1056436e-02
   1.9969927e-02
   2.0829339e-02
   3.2595050e-02
   2.5811361e-02
   2.0019751e-02
   1.6899362e-02
   2.2361227e-03
   1.2558479e-02
   1.0291730e-02
   7.5834361e-03
   9.1481758e-03
   2.5021160e-02
   6.6173561e-02
   7.0377206e-03
   2.0819195e-02
   3.0948786e-02
   2.0727718e-02
   2.6230397e-02
   4.5429781e-02
   2.1544494e-02
   1.7016025e-02
   3.3377707e-02
   3.0915709e-03
   9.8100929e-03
   1.0985090e-02
   8.7492354e-03
   1.6618831e-02
   2.1629734e-02
   5.0644483e-02
   6.7635220e-03
   3.4490332e-02
   5.2220076e-02
   1.8012656e-02
   2.5338648e-02
   6.8250157e-02
   4.4770654e-02
   2.0380989e-02
   3.9271519e-02
   2.3021068e-02
   2.4560269e-02
   2.6852198e-02
   2.7809521e-02
   3.3478297e-02
   2.9424338e-02
   4.6803739e-02
   8.6247027e-03
   7.6494880e-02
   8.6211383e-02
   1.5825188e-02
   1.6937606e-02
   1.2733611e-01
   1.0255013e-01
   1.9225387e-02
   7.1406417e-02
   1.0731361e-01
   9.3386456e-02
   8.7861687e-02
   6.7725755e-02
   4.1887015e-02
   3.4885541e-02
   4.6305146e-02
   1.0355520e-02
   6.0373776e-02
   4.9104940e-02
   1.4367742e-02
   1.0089896e-02
   7.2847113e-02
   6.2899739e-02
   3.2004390e-02
   3.1402186e-02
   4.4670355e-02
   4.0564355e-02
   5.8904406e-02
   5.9915837e-02
   2.9257908e-02
   3.0025644e-02
   2.6930125e-02
   1.1937048e-02
   4.6315379e-02
   3.8031206e-02
   1.3357474e-02
   9.4033508e-03
   3.4299061e-02
   6.1841328e-02
   4.0950503e-02
   1.7023023e-02
   5.0758244e-03
   1.7558908e-02
   4.4663530e-02
   2.3071082e-02
   2.4144175e-02
   4.5338359e-02
   3.1856712e-02
   2.8477371e-02
   6.8017311e-02
   5.0920896e-02
   1.8284934e-02
   1.9215893e-02
   2.5237503e-02
   6.3602157e-02
   3.0305102e-02
   1.6701574e-02
   2.8253659e-03
   7.1257144e-02
   2.2423411e-02
   1.2559178e-02
   1.4179248e-02
   9.2930250e-02
   4.4210203e-02
   5.1717464e-02
   6.4062320e-02
   9.5835961e-02
   2.7626812e-02
   3.9356124e-02
   4.1576002e-02
   6.0344577e-02
   3.3229999e-02
   2.2859123e-02
   3.5967084e-03
   7.6546259e-02
   1.7767966e-02
   1.1047750e-02
   1.1650023e-02
   8.0631755e-02
   4.5672249e-02
   1.9818008e-02
   4.1405037e-02
   6.0355492e-02
   2.0890350e-02
   2.8578816e-02
   4.9914803e-02
   3.8223531e-02
   1.7724738e-02
   3.2239668e-02
   3.9466638e-03
   1.9612296e-02
   1.0814409e-02
   1.0129380e-02
   1.1798585e-02
   2.9485524e-02
   5.2074227e-02
   6.5255752e-03
   3.3097282e-02
   4.4333000e-02
   1.5058916e-02
   3.8900279e-02
   5.5712942e-02
   2.7678940e-02
   1.3846080e-02
   5.4225605e-02
   5.5381926e-03
   1.1780271e-02
   9.9608768e-03
   1.4288130e-02
   1.7127728e-02
   2.1865787e-02
   4.4965599e-02
   8.2106078e-03
   4.9807262e-02
   5.1626511e-02
   1.3407093e-02
   3.5817113e-02
   9.6304208e-02
   5.4349888e-02
   1.8028453e-02
   7.3331073e-02
   4.2862121e-02
   3.6092822e-02
   3.6607515e-02
