   3.5444770e-02
   4.0621128e-02
   3.4249295e-02
   8.8661769e-03
   3.2935869e-02
   3.9761290e-02
   2.8304068e-02
   9.0820789e-03
   3.3334512e-02
   3.1458739e-02
   4.4892278e-02
   1.0056938e-02
   3.3995118e-02
   7.1583344e-03
   3.0557876e-02
   1.2035111e-02
   3.2961823e-02
   3.8960934e-02
   2.9976394e-02
   8.8910582e-03
   3.0073898e-02
   3.8797244e-02
   2.5728490e-02
   8.8140573e-03
   3.2793388e-02
   2.9574791e-02
   4.0998168e-02
   9.5575647e-03
   2.9844481e-02
   6.1980016e-03
   3.0870864e-02
   1.2232261e-02
   3.2950751e-02
   4.7104239e-02
   2.9080544e-02
   9.1467965e-03
   2.7137414e-02
   4.1538861e-02
   2.7227072e-02
   8.4455153e-03
   3.0410331e-02
   3.1272653e-02
   3.7318610e-02
   9.4795097e-03
   2.8559713e-02
   6.2353453e-03
   3.4032941e-02
   1.2085891e-02
   3.7020378e-02
   4.8758652e-02
   4.1723099e-02
   1.0072456e-02
   2.8060639e-02
   4.0840637e-02
   3.8925570e-02
   9.9267615e-03
   3.0976754e-02
   3.2360174e-02
   4.0853851e-02
   1.1004299e-02
   2.7050752e-02
   6.9354931e-03
   3.7823088e-02
   1.2772779e-02
   4.8099399e-02
   9.3606994e-02
   5.1181186e-02
   1.1491554e-02
   6.2890336e-02
   9.1551572e-02
   5.2938450e-02
   1.1052690e-02
   9.6847460e-02
   6.2506743e-02
   5.5358130e-02
   1.1855625e-02
   1.0026500e-01
   1.1793351e-02
   3.8876418e-02
   1.4529400e-02
   9.6247725e-02
   1.3184738e-01
   3.5668124e-02
   9.9450322e-03
   1.3768376e-01
   1.0751456e-01
   3.3203881e-02
   1.0532903e-02
   1.6801909e-01
   6.8213575e-02
   4.5719072e-02
   1.1631368e-02
   1.4566961e-01
   1.2955355e-02
   3.0298058e-02
   1.3995468e-02
   8.3210535e-02
   6.0597636e-02
   2.9796097e-02
   8.3864843e-03
   7.3907338e-02
   4.5946267e-02
   2.5512567e-02
   8.8442387e-03
   6.2223148e-02
   3.3437770e-02
   3.5750531e-02
   1.0226415e-02
   4.6767350e-02
   7.1217949e-03
   2.5905384e-02
   1.2921548e-02
   3.8691033e-02
   3.9380055e-02
   2.9355166e-02
   8.5394233e-03
   3.2604560e-02
   3.8425364e-02
   2.8328413e-02
   8.9420937e-03
   3.0562220e-02
   3.1066284e-02
   4.1995373e-02
   1.0179620e-02
   3.0096550e-02
   6.6678049e-03
   2.6293121e-02
   1.2368918e-02
   4.3969519e-02
   4.4776112e-02
   3.5671819e-02
   5.5224951e-03
   3.3656083e-02
   3.4061708e-02
   2.4619890e-02
   6.1476650e-03
   2.8022630e-02
   3.0774139e-02
   4.2525094e-02
   7.8705410e-03
   2.8944407e-02
   8.5106166e-03
   3.9240371e-02
   8.5147694e-03
   4.1386615e-02
   4.4105779e-02
   3.2980062e-02
   5.5293282e-03
   3.1079639e-02
   3.1223014e-02
   2.3076817e-02
   5.3914362e-03
   2.4110964e-02
   2.7984565e-02
   4.0388882e-02
   6.7201988e-03
   2.3027951e-02
   6.0704816e-03
   3.6790166e-02
   7.1689915e-03
   4.2067122e-02
   6.3906573e-02
   3.2847513e-02
   6.2503112e-03
   3.1142600e-02
   3.6443178e-02
   2.9588629e-02
   5.5502062e-03
   2.6053987e-02
   2.8058620e-02
   3.7380718e-02
   6.4577009e-03
   2.1069087e-02
   5.2451040e-03
   3.8926564e-02
   8.1140911e-03
   4.7718156e-02
   5.8839638e-02
   4.4554766e-02
   7.4996622e-03
   3.7445687e-02
   3.9782282e-02
   5.2264538e-02
   8.8692838e-03
   3.6965236e-02
   3.0695610e-02
   4.5110755e-02
   8.8523757e-03
   3.2395463e-02
   6.9881342e-03
   4.8024088e-02
   1.0965464e-02
   7.4078456e-02
   8.5471272e-02
   5.6240071e-02
   1.0646988e-02
   1.0506395e-01
   7.0264682e-02
   6.5995909e-02
   9.7103035e-03
   1.4599004e-01
   5.3368930e-02
   6.2528685e-02
   9.6901357e-03
   1.3914090e-01
   1.4614166e-02
   4.7725823e-02
   1.3423159e-02
   1.6599683e-01
   1.2676950e-01
   3.6311239e-02
   8.3237998e-03
   2.3973191e-01
   8.1343472e-02
   3.5657667e-02
   7.9735229e-03
   2.6697576e-01
   5.9213627e-02
   5.0013456e-02
   8.0561386e-03
   2.0670833e-01
   1.6446991e-02
   3.3444446e-02
   1.1738971e-02
   1.3726452e-01
   6.5683633e-02
   2.7471025e-02
   5.5774818e-03
   1.2654833e-01
   4.4254962e-02
   2.3590716e-02
   5.8883419e-03
   1.0029446e-01
   3.3463504e-02
   3.3088464e-02
   7.5755515e-03
   7.0216931e-02
   8.7835221e-03
   3.1138178e-02
   1.0759934e-02
   5.7807446e-02
   4.4113863e-02
   3.0085312e-02
   5.6005563e-03
   3.9988689e-02
   3.8357195e-02
   2.5173435e-02
   5.4965937e-03
   3.0119307e-02
   2.9173546e-02
   3.9073955e-02
   7.9427939e-03
   2.8270196e-02
   7.0908577e-03
   3.2634601e-02
   8.5559348e-03
   6.5312535e-02
   5.6617323e-02
   4.7220375e-02
   4.7544455e-03
   5.1927317e-02
   3.4943119e-02
   2.5449708e-02
   5.8148168e-03
   3.6648363e-02
   3.3471018e-02
   5.1865812e-02
   8.9129908e-03
   3.6735240e-02
   1.2478960e-02
   4.9795594e-02
   8.6159837e-03
   6.5679550e-02
   5.8052000e-02
   4.9866516e-02
   5.0397976e-03
   4.5950476e-02
   3.5412557e-02
   2.6595080e-02
   4.8613171e-03
   3.5458419e-02
   3.4970958e-02
   5.5627313e-02
   8.0081411e-03
   3.4864046e-02
   9.4687184e-03
   5.1005140e-02
   7.6718680e-03
   7.1228616e-02
   7.1525417e-02
   4.3059584e-02
   6.1374647e-03
   5.3149149e-02
   3.6019146e-02
   4.0767923e-02
   5.5941297e-03
   3.6280770e-02
   3.1921335e-02
   5.1055785e-02
   7.0906268e-03
   3.1545456e-02
   6.9069359e-03
   5.7874851e-02
   7.9155052e-03
   7.3366530e-02
   6.3864730e-02
   5.5452690e-02
   8.8748178e-03
   5.7421062e-02
   4.0586699e-02
   7.4542195e-02
   1.0759858e-02
   5.2914109e-02
   3.4681998e-02
   5.6495246e-02
   1.0031096e-02
   5.1293392e-02
   9.3683088e-03
   6.2956467e-02
   1.3130986e-02
   9.4903387e-02
   7.4913867e-02
   7.4833900e-02
   1.3368260e-02
   1.0544086e-01
   6.8192810e-02
   8.1236362e-02
   1.2566504e-02
   1.1806455e-01
   6.3314654e-02
   7.0626184e-02
   1.2009623e-02
   1.2663220e-01
   2.2142828e-02
   7.3304065e-02
   1.6085997e-02
   2.4614103e-01
   7.7142850e-02
   4.7012076e-02
   7.9737119e-03
   2.7866608e-01
   7.0397325e-02
   3.9437208e-02
   8.4877936e-03
   2.4937886e-01
   6.5071344e-02
   5.6752995e-02
   8.1904624e-03
   1.8837816e-01
   2.4957009e-02
   4.6256203e-02
   1.3263075e-02
   2.2063051e-01
   4.6271872e-02
   2.7830092e-02
   4.2240820e-03
   1.6988993e-01
   3.7297569e-02
   2.3578508e-02
   4.9050730e-03
   1.1680079e-01
   3.3998944e-02
   3.6576472e-02
   7.4389093e-03
   8.0475338e-02
   1.1824209e-02
   4.3012746e-02
   1.1665312e-02
   9.6374385e-02
   5.0960273e-02
   3.6242519e-02
   4.5739599e-03
   6.4316168e-02
   3.4450751e-02
   2.1565463e-02
   5.1468457e-03
   4.6896253e-02
   3.1376354e-02
   4.3604989e-02
   8.9428164e-03
   4.1506145e-02
   1.0213441e-02
   4.1376777e-02
   8.4863883e-03
   7.7646993e-02
   7.9738028e-02
   7.6899163e-02
   5.5896901e-03
   5.8041699e-02
   4.4294067e-02
   3.8502838e-02
   1.0203904e-02
   4.9918946e-02
   4.0588915e-02
   7.0902586e-02
   1.6805416e-02
   5.6094870e-02
   2.0148190e-02
   7.0613727e-02
   1.4619688e-02
   8.0935940e-02
   6.7825384e-02
   8.3089359e-02
   6.4088521e-03
   6.6046633e-02
   4.2561475e-02
   4.4731174e-02
   6.4042136e-03
   5.0250899e-02
   4.7319319e-02
   8.1322290e-02
   1.3252456e-02
   5.0986756e-02
   1.8414782e-02
   7.2201855e-02
   9.9064251e-03
   7.0161454e-02
   9.0384834e-02
   6.7076869e-02
   7.2700391e-03
   6.0632281e-02
   3.3996269e-02
   5.4182954e-02
   5.8617261e-03
   3.3411156e-02
   3.8084432e-02
   7.4771687e-02
   1.0671921e-02
   5.3614113e-02
   1.2779406e-02
   8.5828535e-02
   1.0858322e-02
   7.9933360e-02
   6.5972492e-02
   8.2575820e-02
   1.1080949e-02
   6.8315648e-02
   4.3231413e-02
   8.3881184e-02
   1.6579401e-02
   4.5607388e-02
   4.2955928e-02
   9.4305627e-02
   1.7565625e-02
   5.6390341e-02
   1.4155168e-02
   7.0604347e-02
   2.1800326e-02
   8.2630530e-02
   7.5222917e-02
   1.2043747e-01
   1.8479310e-02
   4.8954945e-02
   9.8090380e-02
   9.4335720e-02
   1.9522088e-02
   4.6066172e-02
   1.0927949e-01
   1.0926329e-01
   2.1157565e-02
   8.4401026e-02
   3.7204806e-02
   1.1498779e-01
   2.3111761e-02
   1.3989817e-01
   8.0914833e-02
   7.4850030e-02
   1.0788405e-02
   1.0111306e-01
   1.0583249e-01
   5.7648238e-02
   1.1151006e-02
   7.7054620e-02
   1.0945808e-01
   7.8899525e-02
   1.3293219e-02
   9.1608696e-02
   4.1627638e-02
   6.9038935e-02
   2.1856762e-02
   1.5950012e-01
   5.0077666e-02
   3.7326928e-02
   6.6999602e-03
   1.0737999e-01
   3.9764807e-02
   3.2621708e-02
   6.0034036e-03
   6.4101368e-02
   4.1009840e-02
   4.7072336e-02
   1.1687544e-02
   7.6076664e-02
   1.7363142e-02
   6.2146258e-02
   1.7096970e-02
   9.0793945e-02
   6.0422070e-02
   4.9854223e-02
   6.7753075e-03
   6.6054709e-02
   3.2393143e-02
   2.9366802e-02
   8.7256245e-03
   5.4798946e-02
   3.4914449e-02
   5.3817190e-02
   1.6982645e-02
   5.2264329e-02
   1.7781598e-02
   6.2991105e-02
   1.1244615e-02
