   8.1078801e-03
   1.1281725e-02
   3.6194544e-02
   3.5489138e-02
   8.5331388e-03
   9.6321916e-03
   4.6669647e-02
   4.1263070e-02
   1.1412788e-02
   8.7594418e-03
   3.1837218e-02
   2.0545760e-02
   2.7910719e-02
   2.5214927e-02
   6.8591118e-02
   1.6974656e-02
   8.0836983e-03
   9.6208919e-03
   3.7168603e-02
   3.6380097e-02
   8.4843067e-03
   9.1303559e-03
   4.6746135e-02
   4.0103491e-02
   1.0686012e-02
   8.4864674e-03
   3.4035418e-02
   2.1796884e-02
   3.0948753e-02
   2.1683145e-02
   5.9243992e-02
   1.7111307e-02
   8.3126351e-03
   9.5009571e-03
   3.4027349e-02
   3.8287412e-02
   9.1213752e-03
   9.1740061e-03
   4.8326105e-02
   3.6953859e-02
   2.2714945e-02
   8.6130546e-03
   3.5195712e-02
   2.3557447e-02
   6.7520559e-02
   1.9650748e-02
   5.5145577e-02
   1.5621869e-02
   9.0167765e-03
   1.1624134e-02
   3.0102821e-02
   3.7948016e-02
   1.0891813e-02
   1.0083238e-02
   4.5343813e-02
   4.0302116e-02
   3.2039184e-02
   8.5987868e-03
   3.9951663e-02
   2.7946619e-02
   7.6656885e-02
   2.4227696e-02
   6.2053565e-02
   1.6537352e-02
   8.6552706e-03
   1.3410307e-02
   3.1863123e-02
   4.7118854e-02
   8.8695567e-03
   1.0002821e-02
   4.8770864e-02
   4.4658054e-02
   1.4472607e-02
   8.2023833e-03
   3.9366659e-02
   3.2329679e-02
   3.7146233e-02
   2.4711527e-02
   6.5051697e-02
   1.6407117e-02
   7.6582814e-03
   1.0610971e-02
   3.7727732e-02
   5.0380848e-02
   8.4575526e-03
   9.2175603e-03
   4.7850527e-02
   4.2857163e-02
   1.0402368e-02
   7.7765966e-03
   3.8003881e-02
   2.6055265e-02
   2.9585812e-02
   2.1618696e-02
   5.9204038e-02
   1.5067278e-02
   7.3390412e-03
   8.5478481e-03
   4.3924198e-02
   4.5079917e-02
   7.7768769e-03
   9.0821991e-03
   4.3888703e-02
   3.8236689e-02
   1.0071700e-02
   7.8071072e-03
   3.4042854e-02
   2.1260871e-02
   2.5287323e-02
   2.0064013e-02
   6.0226765e-02
   1.4314941e-02
   7.9448670e-03
   9.2188455e-03
   3.9810896e-02
   4.1602988e-02
   7.6824492e-03
   9.0613859e-03
   4.6092641e-02
   3.9708864e-02
   1.0544357e-02
   8.1946375e-03
   3.2170780e-02
   2.0747717e-02
   2.6636830e-02
   2.2874992e-02
   6.2718399e-02
   1.4929889e-02
   7.0344494e-03
   1.2370456e-02
   3.2496918e-02
   3.1385377e-02
   6.5257302e-03
   7.4161976e-03
   3.1354785e-02
   3.8550995e-02
   1.0793895e-02
   6.7722416e-03
   2.7111638e-02
   2.1875620e-02
   3.0585218e-02
   2.7919905e-02
   7.0963368e-02
   1.5572686e-02
   6.3867411e-03
   8.4832879e-03
   2.9408645e-02
   2.9351266e-02
   5.9582614e-03
   7.1908571e-03
   3.6609881e-02
   3.4549948e-02
   1.1338838e-02
   6.0330564e-03
   3.0517183e-02
   1.9529797e-02
   4.1551426e-02
   2.2300599e-02
   5.2292533e-02
   1.5369422e-02
   6.0261050e-03
   7.6276292e-03
   2.8975181e-02
   3.1367701e-02
   7.9251975e-03
   7.4829967e-03
   3.6651909e-02
   3.0295417e-02
   3.7856277e-02
   6.1603710e-03
   3.4913871e-02
   2.2108965e-02
   1.1267984e-01
   1.9361919e-02
   4.8119362e-02
   1.3837481e-02
   7.0788623e-03
   1.0530150e-02
   2.7792066e-02
   3.4813207e-02
   1.1054883e-02
   7.4751950e-03
   3.8865216e-02
   3.4843657e-02
   5.7811007e-02
   6.0360385e-03
   4.1195869e-02
   3.0104389e-02
   1.2797745e-01
   2.6197709e-02
   6.3526295e-02
   1.7579822e-02
   7.4323346e-03
   1.3069763e-02
   3.3195630e-02
   5.7403933e-02
   8.4185041e-03
   7.1801026e-03
   4.4354785e-02
   4.6502303e-02
   2.0602668e-02
   6.2628216e-03
   4.4905066e-02
   3.7376609e-02
   5.7868373e-02
   2.8402107e-02
   6.9060236e-02
   1.7345842e-02
   5.5557764e-03
   9.6404776e-03
   4.7813058e-02
   5.5051904e-02
   7.4239038e-03
   6.4334450e-03
   3.9697777e-02
   4.0250733e-02
   1.0821276e-02
   5.7133446e-03
   4.2181272e-02
   2.9945945e-02
   4.1326918e-02
   2.3926163e-02
   5.4563772e-02
   1.2847799e-02
   5.1919939e-03
   7.0753028e-03
   5.2435640e-02
   4.3198116e-02
   6.1442754e-03
   6.5173157e-03
   3.3271674e-02
   3.0404739e-02
   9.3356017e-03
   6.5380097e-03
   3.3510998e-02
   1.9509157e-02
   3.2760695e-02
   2.0978250e-02
   6.1649468e-02
   1.1659768e-02
   5.8737132e-03
   8.5209794e-03
   4.0660538e-02
   3.7427399e-02
   6.2529095e-03
   6.9392202e-03
   3.3008978e-02
   3.2517206e-02
   9.6520251e-03
   6.8322499e-03
   2.9719807e-02
   2.0724399e-02
   3.2032553e-02
   2.2756305e-02
   6.1536789e-02
   1.3153306e-02
   6.1334046e-03
   1.3703479e-02
   4.2642705e-02
   3.4783959e-02
   6.7351707e-03
   7.1806535e-03
   2.6390215e-02
   4.6984952e-02
   1.5396051e-02
   6.0946071e-03
   3.3483405e-02
   3.4117922e-02
   4.5665834e-02
   3.6182564e-02
   7.3458306e-02
   2.0731281e-02
   5.6811315e-03
   8.1642270e-03
   3.3599708e-02
   3.2344729e-02
   6.0333833e-03
   6.6587226e-03
   3.0978343e-02
   3.9909475e-02
   1.7755585e-02
   5.6387489e-03
   3.2949425e-02
   2.6313134e-02
   7.6419637e-02
   2.6097577e-02
   5.8010552e-02
   1.6576894e-02
   5.1697674e-03
   7.2712358e-03
   3.0994214e-02
   3.6712877e-02
   1.0043882e-02
   6.6764210e-03
   2.9645398e-02
   3.6379192e-02
   7.2382063e-02
   5.8934377e-03
   3.5484873e-02
   2.9547989e-02
   2.1184406e-01
   2.6074685e-02
   4.9735166e-02
   1.4780847e-02
   6.9703707e-03
   9.7535485e-03
   3.2016233e-02
   4.4678353e-02
   1.5119501e-02
   6.6323653e-03
   4.0796790e-02
   4.0372036e-02
   1.0615279e-01
   5.8670491e-03
   4.6601199e-02
   3.9380617e-02
   2.2978917e-01
   3.4941521e-02
   6.4175844e-02
   2.2625972e-02
   7.8616096e-03
   1.2560442e-02
   4.4396866e-02
   7.0072092e-02
   1.1459026e-02
   6.5238797e-03
   5.1213793e-02
   5.4265454e-02
   3.3074595e-02
   6.2665590e-03
   6.7627281e-02
   4.5825068e-02
   9.2551544e-02
   3.6513347e-02
   8.3443277e-02
   2.4102088e-02
   5.2901474e-03
   1.0407524e-02
   5.5251796e-02
   6.9116354e-02
   9.5889280e-03
   4.7654309e-03
   3.8999513e-02
   5.2143157e-02
   1.9477421e-02
   5.2457568e-03
   5.7109997e-02
   4.0130191e-02
   6.6510655e-02
   3.0931000e-02
   6.0316857e-02
   1.6565178e-02
   3.3912440e-03
   7.1208715e-03
   7.0261799e-02
   5.2661061e-02
   7.1068588e-03
   5.3999280e-03
   3.0612949e-02
   3.5809129e-02
   1.4898703e-02
   5.0601345e-03
   4.1558128e-02
   2.5960552e-02
   5.4237682e-02
   2.7517021e-02
   4.6251126e-02
   1.3715222e-02
   4.3625613e-03
   9.6220458e-03
   5.8072422e-02
   4.1138623e-02
   5.9696063e-03
   5.6274310e-03
   2.6585458e-02
   3.6965445e-02
   1.2257849e-02
   5.0637862e-03
   3.8049508e-02
   2.8141851e-02
   5.0107677e-02
   2.9344641e-02
   6.0802434e-02
   1.6810508e-02
   7.9848729e-03
   1.6942119e-02
   4.2806398e-02
   4.0508982e-02
   8.2176980e-03
   6.1023007e-03
   2.6632329e-02
   6.5677881e-02
   2.7415609e-02
   8.5564479e-03
   4.9984269e-02
   5.9230488e-02
   7.4463159e-02
   5.0098166e-02
   9.3404360e-02
   3.1268019e-02
   7.0811319e-03
   1.2021420e-02
   3.3363309e-02
   4.0348910e-02
   8.0264434e-03
   4.8146457e-03
   3.2925986e-02
   5.7681009e-02
   2.7883714e-02
   6.1654830e-03
   4.7954280e-02
   4.0921550e-02
   8.9711912e-02
   4.0216964e-02
   6.0715765e-02
   3.0543480e-02
   6.3396948e-03
   1.0155751e-02
   2.9051851e-02
   6.7782685e-02
   1.3720818e-02
   4.8776907e-03
   4.2976782e-02
   3.9564744e-02
   7.7992775e-02
   6.1943643e-03
   4.4801064e-02
   4.1794237e-02
   2.1320270e-01
   3.3548895e-02
   5.6624640e-02
   2.2649772e-02
   8.7568602e-03
   1.0016202e-02
   4.2209614e-02
   6.3114956e-02
   2.1605203e-02
   6.4309700e-03
   6.1970308e-02
   6.0525220e-02
   1.0459002e-01
   6.8638390e-03
   5.9907101e-02
   4.6153709e-02
   1.9873293e-01
   5.1243588e-02
   7.4695498e-02
   2.6147228e-02
   1.2520012e-02
   9.8052667e-03
   7.5964034e-02
   1.1325330e-01
   1.7309226e-02
   6.4561963e-03
   7.6232322e-02
   8.2646079e-02
   4.0850535e-02
   9.1766259e-03
   9.8912023e-02
   5.6104913e-02
   9.6673280e-02
   6.2172942e-02
   6.0115714e-02
   3.2077476e-02
   7.3073357e-03
   1.0827662e-02
   6.5470427e-02
   9.8354466e-02
   1.5093763e-02
   4.2053699e-03
   4.9801491e-02
   6.8724193e-02
   2.7600326e-02
   6.3850801e-03
   9.0738550e-02
   3.9589427e-02
   9.8562956e-02
   4.1621875e-02
   5.5932332e-02
   2.5020728e-02
   3.6712608e-03
   9.6750241e-03
   7.3492981e-02
   8.0269583e-02
   1.0076477e-02
   4.6956120e-03
   4.3037809e-02
   5.0824650e-02
   2.8557822e-02
   6.2177470e-03
   5.6082536e-02
   2.9874846e-02
   7.8922585e-02
   3.0909849e-02
   5.0110221e-02
   1.5307462e-02
   5.6630843e-03
   1.4850700e-02
   5.5007312e-02
   5.1016610e-02
   8.2679028e-03
   5.0276653e-03
   3.8368780e-02
   5.6667149e-02
   2.5282755e-02
   6.3071344e-03
   5.0060578e-02
   4.6945993e-02
   8.3443373e-02
   4.9401607e-02
   9.4770238e-02
   1.6946893e-02
