   3.9828230e-02
   3.8942944e-02
   3.8731996e-02
   2.4478210e-02
   5.0308842e-02
   9.3444072e-02
   7.8379713e-02
   2.7086442e-02
   4.2776093e-02
   1.1467837e-01
   9.0953507e-02
   3.5997398e-02
   4.3043256e-02
   1.0401294e-01
   7.6381862e-02
   4.0093526e-02
   3.3083782e-02
   2.1686649e-02
   2.4232931e-02
   1.8652357e-02
   4.0484536e-02
   4.5372389e-02
   4.1069608e-02
   1.8094605e-02
   3.9919995e-02
   5.7936076e-02
   4.8901316e-02
   2.3305431e-02
   4.4309191e-02
   5.6624502e-02
   4.1712105e-02
   3.2290090e-02
   3.6614534e-02
   1.1821844e-02
   1.6677005e-02
   1.7795606e-02
   5.6074630e-02
   1.8301139e-02
   1.9754358e-02
   1.4831414e-02
   7.4670576e-02
   2.5138743e-02
   2.3192884e-02
   1.7698925e-02
   8.9801446e-02
   4.1353844e-02
   2.3335636e-02
   2.9629663e-02
   7.9206675e-02
   2.0640818e-02
   2.4608556e-02
   1.7118590e-02
   1.4780833e-01
   4.8168499e-02
   3.0442867e-02
   1.5416726e-02
   1.7162764e-01
   5.8458004e-02
   3.2514643e-02
   1.8763049e-02
   1.3666418e-01
   1.0748266e-01
   3.8951442e-02
   3.0238921e-02
   5.8933832e-02
   2.8568955e-02
   4.6781555e-02
   1.9668780e-02
   8.8597946e-02
   6.1822142e-02
   6.7157857e-02
   1.8905891e-02
   9.1135807e-02
   6.5439455e-02
   5.5897940e-02
   1.9986609e-02
   6.5793842e-02
   9.1712683e-02
   6.3998766e-02
   3.0704938e-02
   2.8884070e-02
   1.5242210e-02
   3.4395237e-02
   2.0101480e-02
   3.3663418e-02
   2.5564026e-02
   4.6954058e-02
   2.1831864e-02
   4.0569261e-02
   2.9114930e-02
   3.9887492e-02
   2.1516606e-02
   4.6088077e-02
   3.9008934e-02
   3.9234430e-02
   3.1455204e-02
   2.9087896e-02
   1.0409824e-02
   1.8348988e-02
   1.8497156e-02
   3.6836032e-02
   1.7669780e-02
   2.0545902e-02
   1.5870042e-02
   4.0911503e-02
   2.3820601e-02
   2.3286272e-02
   1.8573506e-02
   4.4209588e-02
   3.1136755e-02
   2.1973552e-02
   3.0799631e-02
   3.1694293e-02
   1.8619554e-02
   2.3528818e-02
   1.9548513e-02
   4.1477170e-02
   4.0025596e-02
   3.8025424e-02
   1.8103367e-02
   4.3207288e-02
   5.1537983e-02
   4.3771733e-02
   2.1655669e-02
   4.3954555e-02
   5.1668826e-02
   3.7613418e-02
   3.2112025e-02
   4.0549532e-02
   6.1390191e-02
   5.6040492e-02
   2.5180005e-02
   4.5423009e-02
   1.1276244e-01
   9.9388354e-02
   3.6988031e-02
   2.9835278e-02
   1.3780694e-01
   1.1822886e-01
   5.3231020e-02
   3.5319947e-02
   1.6303737e-01
   1.1952496e-01
   4.4346109e-02
   2.9975850e-02
   3.1079710e-02
   3.1614453e-02
   1.4971703e-02
   3.5848312e-02
   5.3306736e-02
   4.9324416e-02
   1.9599322e-02
   3.0000528e-02
   7.0298821e-02
   6.7697875e-02
   2.8155327e-02
   3.8986143e-02
   8.2789689e-02
   6.2729239e-02
   2.9398253e-02
   4.6278749e-02
   1.4080280e-02
   1.9204764e-02
   1.0941924e-02
   8.2654953e-02
   2.5257561e-02
   2.2711035e-02
   1.0832940e-02
   1.1184245e-01
   3.4489971e-02
   2.9978869e-02
   1.4632639e-02
   1.3644025e-01
   4.7995891e-02
   2.6957041e-02
   1.8314343e-02
   1.2815556e-01
   2.8944848e-02
   3.4977280e-02
   1.2518241e-02
   2.4969076e-01
   7.5675644e-02
   3.9881967e-02
   1.1345509e-02
   2.8152174e-01
   8.5060418e-02
   4.2050704e-02
   1.4389383e-02
   2.2302739e-01
   1.1758086e-01
   4.9924798e-02
   1.7834580e-02
   9.2738077e-02
   4.1228481e-02
   7.7998742e-02
   1.8353518e-02
   1.4343317e-01
   9.7934723e-02
   1.0704339e-01
   2.1678641e-02
   1.4011487e-01
   9.9433973e-02
   8.7075122e-02
   1.8723644e-02
   9.1903508e-02
   1.0785365e-01
   8.9088179e-02
   2.0972183e-02
   3.0368099e-02
   1.9168796e-02
   5.6326523e-02
   1.7633606e-02
   3.6021776e-02
   3.2906469e-02
   7.7611029e-02
   2.8212134e-02
   4.1657683e-02
   3.7857335e-02
   5.7883110e-02
   2.4793180e-02
   4.4797171e-02
   4.7452785e-02
   4.8277758e-02
   2.4027370e-02
   2.3949597e-02
   1.1737299e-02
   2.3581173e-02
   1.1526168e-02
   2.4785414e-02
   1.7466804e-02
   2.5287306e-02
   1.7396808e-02
   3.0958612e-02
   2.5888123e-02
   3.0030200e-02
   1.8820675e-02
   3.8895749e-02
   3.3099338e-02
   2.5996057e-02
   2.0949185e-02
   2.6187118e-02
   2.5601828e-02
   3.0610180e-02
   1.4169389e-02
   3.0548099e-02
   4.5220830e-02
   4.2785671e-02
   1.8898401e-02
   2.8460477e-02
   5.9327342e-02
   5.4697737e-02
   2.5244676e-02
   3.5967298e-02
   6.8119273e-02
   5.3686231e-02
   2.5055869e-02
   6.3779809e-02
   1.0420745e-01
   8.8160262e-02
   4.2867795e-02
   6.4595751e-02
   1.8322110e-01
   1.4699559e-01
   7.4582204e-02
   4.2161338e-02
   2.4242884e-01
   2.1379212e-01
   1.0858070e-01
   4.8220489e-02
   1.7158705e-01
   1.3419174e-01
   5.5970967e-02
   4.1880075e-02
   4.8907556e-02
   4.5048252e-02
   2.0660756e-02
   5.9469581e-02
   8.3950639e-02
   6.9060043e-02
   3.5473436e-02
   4.3148555e-02
   1.1399001e-01
   1.1506660e-01
   5.1255073e-02
   5.7189498e-02
   8.6764768e-02
   7.3816173e-02
   3.1959441e-02
   6.1704598e-02
   1.8899504e-02
   2.6846075e-02
   1.0634012e-02
   1.0367963e-01
   3.4093909e-02
   3.0365396e-02
   1.3170641e-02
   1.4225499e-01
   4.0979069e-02
   4.6562042e-02
   1.6841248e-02
   1.8391469e-01
   3.4412418e-02
   3.5421733e-02
   1.4888776e-02
   1.6804039e-01
   4.0888280e-02
   4.8550963e-02
   1.3379617e-02
   2.7064076e-01
   9.2629887e-02
   5.1122177e-02
   1.4180935e-02
   2.9762107e-01
   8.7144084e-02
   5.2953992e-02
   1.4636890e-02
   2.7566588e-01
   6.9755904e-02
   7.1050636e-02
   1.3847863e-02
   1.2935634e-01
   5.7064380e-02
   1.0709124e-01
   2.1176452e-02
   1.5449288e-01
   1.2091282e-01
   1.4409088e-01
   2.7359482e-02
   1.3696808e-01
   1.1417852e-01
   1.1015573e-01
   2.3780053e-02
   1.1305533e-01
   8.1772290e-02
   1.2073155e-01
   1.8564796e-02
   4.4421673e-02
   2.7834320e-02
   7.7329308e-02
   1.9251924e-02
   5.5857822e-02
   3.8230777e-02
   1.0582598e-01
   3.6396332e-02
   6.4112686e-02
   3.5416145e-02
   7.1570098e-02
   3.8014296e-02
   6.7395985e-02
   4.2041127e-02
   6.1897952e-02
   2.1537306e-02
   2.9484654e-02
   1.5663503e-02
   3.1773109e-02
   1.2216451e-02
   3.4028411e-02
   2.5026532e-02
   3.5394702e-02
   2.4246367e-02
   4.6368781e-02
   2.7609959e-02
   3.9396133e-02
   2.3244962e-02
   5.3565230e-02
   3.5185318e-02
   3.1441256e-02
   1.6887948e-02
   3.6219962e-02
   3.9328463e-02
   4.2642202e-02
   1.8985718e-02
   4.3897465e-02
   6.8088718e-02
   5.9578553e-02
   3.2652203e-02
   3.6214463e-02
   9.2999496e-02
   9.4329163e-02
   4.3732807e-02
   4.8879679e-02
   7.2619148e-02
   6.1622046e-02
   2.6367040e-02
   8.6060040e-02
   1.4197336e-01
   1.2082596e-01
   5.9031244e-02
   9.2483222e-02
   2.5377563e-01
   2.3325233e-01
   1.3357580e-01
   5.8051396e-02
   3.1828886e-01
   2.9259560e-01
   1.5841098e-01
   6.2992752e-02
   1.5804969e-01
   1.3642421e-01
   7.0703223e-02
   5.6137517e-02
   6.4912669e-02
   5.8864675e-02
   3.0117426e-02
   8.6832166e-02
   1.1191084e-01
   1.0749299e-01
   6.6000648e-02
   5.5601500e-02
   1.4376844e-01
   1.4488515e-01
   7.3064223e-02
   6.7618191e-02
   8.1851244e-02
   7.8292660e-02
   4.0844835e-02
   6.3997827e-02
   2.4711857e-02
   3.3040859e-02
   1.6349006e-02
   7.5832687e-02
   3.6690310e-02
   3.7735160e-02
   2.0052455e-02
   9.2257120e-02
   2.9839640e-02
   4.5839678e-02
   1.9093757e-02
   1.2632304e-01
   3.3563938e-02
   5.0707266e-02
   1.8149206e-02
   9.8695882e-02
   4.9104728e-02
   6.3297741e-02
   2.3698451e-02
   1.2961176e-01
   1.0485451e-01
   4.0575907e-02
   2.1722851e-02
   1.2693237e-01
   1.0176127e-01
   6.2928118e-02
   1.6077643e-02
   1.4345166e-01
   8.5515633e-02
   8.4606238e-02
   2.1886345e-02
   9.9700637e-02
   6.8548031e-02
   1.0067027e-01
   4.1771289e-02
   8.5389070e-02
   1.4000463e-01
   1.1540177e-01
   4.3657199e-02
   6.5307632e-02
   1.2863010e-01
   1.2549284e-01
   3.6881533e-02
   7.0153199e-02
   9.1889828e-02
   1.4043956e-01
   3.5737630e-02
   5.6798629e-02
   4.0042564e-02
   7.9645731e-02
   3.5613250e-02
   5.8663074e-02
   4.0721647e-02
   9.2242591e-02
   5.1561434e-02
   6.0759779e-02
   3.3596046e-02
   7.5059116e-02
   5.0360423e-02
   8.0989406e-02
   4.2139534e-02
   7.2083347e-02
   2.2145977e-02
   3.8996901e-02
   1.8288406e-02
   4.3626785e-02
   1.8443152e-02
   4.1941307e-02
   3.4568109e-02
   3.5918515e-02
   2.3124222e-02
   4.3704979e-02
   2.6639918e-02
   3.6219422e-02
   2.0467021e-02
   6.8920754e-02
   2.8297164e-02
   4.1159336e-02
   1.5679892e-02
   5.1730815e-02
   5.0626192e-02
   5.5269279e-02
   2.8191516e-02
   6.7422897e-02
   9.7202651e-02
   9.1318719e-02
   5.2610517e-02
   4.9818546e-02
   1.2070208e-01
   1.1978880e-01
   5.7567362e-02
   6.1758149e-02
   7.6220445e-02
   6.8134792e-02
   3.1341303e-02
