   3.4217197e-02
   3.5989717e-02
   3.7859529e-02
   2.9910630e-02
   1.9909853e-02
   2.5293672e-02
   3.0617861e-02
   2.5469288e-02
   1.8271932e-02
   2.7284745e-02
   3.2122735e-02
   2.4331609e-02
   1.8395698e-02
   3.1130942e-02
   3.4571722e-02
   2.8981131e-02
   3.0309984e-02
   3.0116422e-02
   3.0882124e-02
   2.9050520e-02
   1.7274786e-02
   2.1046761e-02
   2.3607440e-02
   2.4652947e-02
   1.1583890e-02
   1.6768608e-02
   2.2030219e-02
   2.3077387e-02
   1.4882575e-02
   2.2871150e-02
   2.6954936e-02
   2.8312460e-02
   2.9425818e-02
   2.8533157e-02
   2.8280521e-02
   3.0322568e-02
   1.6464895e-02
   1.9482803e-02
   2.0663686e-02
   2.5613299e-02
   7.7250618e-03
   1.1229530e-02
   1.6720708e-02
   2.3730166e-02
   1.3235135e-02
   1.8858936e-02
   2.3721360e-02
   2.9345026e-02
   3.6846105e-02
   3.8577259e-02
   3.7202217e-02
   3.5737187e-02
   1.9584294e-02
   2.6222715e-02
   2.8555995e-02
   3.0725555e-02
   7.9209544e-03
   1.3810610e-02
   2.1211730e-02
   2.8132617e-02
   1.7633228e-02
   2.8045090e-02
   3.4332346e-02
   3.5555035e-02
   4.8963003e-02
   5.6183390e-02
   5.6748915e-02
   4.5240916e-02
   2.3857940e-02
   3.8395967e-02
   4.6217553e-02
   4.1004024e-02
   8.9812689e-03
   1.9870961e-02
   3.1218836e-02
   3.7504792e-02
   2.5365647e-02
   4.6304159e-02
   5.4685403e-02
   4.6041880e-02
   3.5875116e-02
   4.0713750e-02
   4.2611409e-02
   3.6865942e-02
   1.9380296e-02
   2.6530147e-02
   3.4152426e-02
   3.2184120e-02
   7.9693561e-03
   1.5306246e-02
   2.3392001e-02
   2.9538192e-02
   1.8936217e-02
   3.2891806e-02
   3.7779298e-02
   3.6786210e-02
   2.8956087e-02
   3.0502982e-02
   3.2227688e-02
   3.0399119e-02
   1.6715825e-02
   1.9553799e-02
   2.4933182e-02
   2.5746556e-02
   7.4507454e-03
   1.2633637e-02
   1.8302204e-02
   2.3514628e-02
   1.5003120e-02
   2.3843976e-02
   2.5949728e-02
   2.9456429e-02
   2.9724449e-02
   3.0833058e-02
   3.3033047e-02
   2.9262701e-02
   1.7169064e-02
   2.0945609e-02
   2.6528750e-02
   2.4799161e-02
   1.0310485e-02
   1.6912485e-02
   2.1854518e-02
   2.2965467e-02
   1.5865149e-02
   2.6042936e-02
   2.8010515e-02
   2.8311025e-02
   5.5523742e-02
   6.9105946e-02
   7.2996281e-02
   2.8555756e-02
   2.9278763e-02
   5.0036564e-02
   6.2093161e-02
   2.4219854e-02
   2.7683994e-02
   5.0007295e-02
   5.7971802e-02
   2.4146175e-02
   3.1006530e-02
   6.4101309e-02
   6.9228783e-02
   2.7119566e-02
   4.6585836e-02
   5.3727224e-02
   5.4984722e-02
   2.8071750e-02
   2.3609620e-02
   3.9309677e-02
   4.5063227e-02
   2.3832483e-02
   1.5467748e-02
   2.9790226e-02
   3.8300816e-02
   2.2709792e-02
   2.3668561e-02
   4.4728588e-02
   5.1852349e-02
   2.6838943e-02
   4.1848324e-02
   4.6791047e-02
   4.5854669e-02
   2.9131250e-02
   2.0924542e-02
   3.3566117e-02
   3.6096592e-02
   2.4834687e-02
   8.1136413e-03
   1.7906800e-02
   2.6405869e-02
   2.3058757e-02
   1.9206209e-02
   3.3679500e-02
   4.1380823e-02
   2.7559321e-02
   5.2282471e-02
   6.2348623e-02
   5.8712520e-02
   3.3927482e-02
   2.4681525e-02
   4.3790426e-02
   4.8263419e-02
   2.9940933e-02
   8.1186397e-03
   2.2002401e-02
   3.3670787e-02
   2.7642446e-02
   2.5334345e-02
   4.8729293e-02
   5.7614055e-02
   3.4117654e-02
   7.2412342e-02
   9.4198383e-02
   9.1692202e-02
   4.6823770e-02
   3.0928355e-02
   6.5707050e-02
   7.7791661e-02
   4.3688200e-02
   9.3645109e-03
   3.2588098e-02
   5.0403886e-02
   3.9196178e-02
   3.7588667e-02
   7.9887576e-02
   9.1792911e-02
   4.8335254e-02
   5.0783671e-02
   6.7077175e-02
   6.9557689e-02
   3.6241218e-02
   2.4465686e-02
   4.5440372e-02
   5.7940327e-02
   3.2378104e-02
   8.2444558e-03
   2.4822034e-02
   3.7230726e-02
   2.9802440e-02
   2.7919410e-02
   5.7497751e-02
   6.4761437e-02
   3.6782198e-02
   4.1478094e-02
   5.2236095e-02
   5.5858664e-02
   2.9412640e-02
   2.1676309e-02
   3.5219245e-02
   4.5119043e-02
   2.5098035e-02
   7.8805257e-03
   2.1198036e-02
   3.0219421e-02
   2.3022395e-02
   2.3204198e-02
   4.5237355e-02
   4.7285091e-02
   2.7808808e-02
   4.5538552e-02
   5.6192834e-02
   6.0549766e-02
   2.8362168e-02
   2.3595085e-02
   3.9671227e-02
   5.1179375e-02
   2.4061872e-02
   1.3581837e-02
   3.0582802e-02
   3.8339742e-02
   2.2407943e-02
   2.5789088e-02
   5.2255366e-02
   5.4513622e-02
   2.6879817e-02
   7.2886862e-02
   9.7983643e-02
   1.0142066e-01
   2.2404220e-02
   3.4806721e-02
   6.9174401e-02
   8.6433694e-02
   1.9610187e-02
   3.7228089e-02
   6.7456432e-02
   7.5873338e-02
   2.1686772e-02
   3.5678368e-02
   8.2678601e-02
   9.0252236e-02
   2.0858293e-02
   5.9610989e-02
   7.4159615e-02
   7.5997837e-02
   2.2025587e-02
   2.6563143e-02
   5.3776272e-02
   6.3698202e-02
   1.9167958e-02
   1.8902551e-02
   3.9493266e-02
   5.0630532e-02
   2.0044217e-02
   2.7504561e-02
   5.8044270e-02
   6.9335915e-02
   2.1138251e-02
   4.8261493e-02
   5.7785030e-02
   5.5909090e-02
   2.3143658e-02
   2.2080164e-02
   4.2130452e-02
   4.6159089e-02
   2.0644018e-02
   7.3076794e-03
   2.0939212e-02
   3.1614538e-02
   1.9994589e-02
   2.1355527e-02
   4.0670253e-02
   5.2343156e-02
   2.2195121e-02
   5.3518884e-02
   6.7925632e-02
   6.2108245e-02
   2.9324345e-02
   2.3960860e-02
   4.7442373e-02
   5.2735254e-02
   2.6842395e-02
   7.2880122e-03
   2.4297472e-02
   3.5688668e-02
   2.4633951e-02
   2.5792977e-02
   4.9549825e-02
   6.2444337e-02
   2.8720180e-02
   7.0393384e-02
   9.7465619e-02
   9.0871044e-02
   4.6846844e-02
   2.9066294e-02
   6.8080470e-02
   7.8538328e-02
   4.4335775e-02
   8.8372296e-03
   3.4201402e-02
   4.9991842e-02
   3.8567249e-02
   3.7290633e-02
   7.3545583e-02
   9.2261903e-02
   4.6284214e-02
   5.1972479e-02
   7.2506487e-02
   7.1353950e-02
   3.2340333e-02
   2.3710497e-02
   4.9275562e-02
   6.0364939e-02
   2.9525507e-02
   7.3800674e-03
   2.6069941e-02
   3.8540885e-02
   2.7281146e-02
   2.8149903e-02
   5.4236706e-02
   6.6599667e-02
   3.2525264e-02
   4.9471278e-02
   6.5270394e-02
   6.7405887e-02
   2.3409503e-02
   2.2984928e-02
   4.5155197e-02
   5.4869018e-02
   2.0451725e-02
   7.1820277e-03
   2.4538824e-02
   3.5638016e-02
   1.9443018e-02
   2.6209991e-02
   5.2303635e-02
   5.7100479e-02
   2.1964433e-02
   5.9784036e-02
   7.9090364e-02
   8.2049005e-02
   2.2160955e-02
   2.7205117e-02
   5.5331446e-02
   6.9829471e-02
   1.9940175e-02
   1.6334455e-02
   3.9749894e-02
   5.0397988e-02
   1.9381104e-02
   3.0939389e-02
   6.7194887e-02
   7.1881354e-02
   2.0812478e-02
   6.3775055e-02
   8.2357094e-02
   8.0919370e-02
   1.6336707e-02
   3.0889012e-02
   6.0542930e-02
   7.1086004e-02
   1.3742106e-02
   4.8007268e-02
   6.8263933e-02
   7.3206447e-02
   1.9806391e-02
   2.9409118e-02
   6.0754877e-02
   7.0222192e-02
   1.4331072e-02
   4.9849361e-02
   6.3392453e-02
   6.4779595e-02
   1.5129831e-02
   2.4294177e-02
   4.7779225e-02
   5.6456529e-02
   1.3378628e-02
   2.3016315e-02
   3.8483895e-02
   4.7375813e-02
   1.6318681e-02
   2.2677504e-02
   4.6780366e-02
   5.7063863e-02
   1.4821490e-02
   3.9837837e-02
   5.1326122e-02
   4.8405163e-02
   1.5364542e-02
   1.9183556e-02
   3.6513727e-02
   4.1160844e-02
   1.3756643e-02
   6.0190517e-03
   1.8711068e-02
   2.7978666e-02
   1.4714356e-02
   1.7652621e-02
   3.3864245e-02
   4.5961563e-02
   1.5766867e-02
   4.2793915e-02
   5.3053886e-02
   4.9391799e-02
   2.6161123e-02
   2.0370359e-02
   3.8202900e-02
   4.1319173e-02
   2.4092283e-02
   6.0765427e-03
   1.9216845e-02
   2.7726008e-02
   2.1856926e-02
   2.1347793e-02
   3.6055833e-02
   4.9889471e-02
   2.5450693e-02
   6.2997304e-02
   8.2065262e-02
   7.9274788e-02
   5.4694295e-02
   2.8020915e-02
   6.2263072e-02
   6.7573115e-02
   5.1612142e-02
   8.4968815e-03
   2.9387163e-02
   4.2958152e-02
   4.2261250e-02
   3.6049355e-02
   6.3334145e-02
   8.6013012e-02
   5.1010769e-02
   3.9825622e-02
   5.2937597e-02
   5.1243860e-02
   3.1507578e-02
   1.9587765e-02
   3.7888259e-02
   4.5071196e-02
   2.9503794e-02
   5.9812246e-03
   1.9516282e-02
   2.9293727e-02
   2.6116770e-02
   2.1583438e-02
   3.7667681e-02
   5.2028004e-02
   3.1071285e-02
   3.8874175e-02
   5.1344182e-02
   4.9620185e-02
   1.5694695e-02
   1.9310173e-02
   3.5301492e-02
   4.3403622e-02
   1.4554425e-02
   5.4244348e-03
   1.9807028e-02
   2.8003726e-02
   1.4219622e-02
   1.9617924e-02
   3.7114937e-02
   4.4021554e-02
   1.4976763e-02
   4.9145117e-02
   6.6544682e-02
   6.6352114e-02
   1.5556717e-02
   2.5061551e-02
   4.9204204e-02
   5.9386108e-02
   1.4394834e-02
   1.8972650e-02
   3.7098955e-02
   4.5781855e-02
   1.5167211e-02
   2.4611723e-02
   4.8747204e-02
   5.5661701e-02
   1.3950335e-02
