   1.9570287e-02
   4.2636536e-02
   3.7316475e-02
   2.1983312e-02
   1.6979244e-02
   3.0132523e-02
   2.4994457e-02
   1.9136181e-02
   2.6541710e-02
   2.1958845e-02
   4.6687238e-02
   1.7557448e-02
   2.7916837e-02
   2.3368362e-02
   5.0827358e-02
   2.0670621e-02
   1.8107409e-02
   4.6305411e-02
   3.5431881e-02
   2.1961045e-02
   1.7314656e-02
   3.8585458e-02
   2.7778661e-02
   1.9914741e-02
   2.3501921e-02
   3.1756964e-02
   4.3423500e-02
   1.8770054e-02
   2.8640112e-02
   2.3211250e-02
   4.6599809e-02
   1.9633876e-02
   1.7913055e-02
   4.8616819e-02
   3.3634834e-02
   2.2322597e-02
   1.7888520e-02
   4.3729033e-02
   3.0113909e-02
   1.8711176e-02
   2.2656834e-02
   3.3875611e-02
   3.9777234e-02
   1.8186325e-02
   2.9234998e-02
   2.5598064e-02
   4.8572097e-02
   2.0173375e-02
   5.0845642e-02
   6.0740624e-02
   4.0536381e-02
   2.3921244e-02
   5.0403975e-02
   4.4177756e-02
   3.6416844e-02
   1.9883784e-02
   6.7101702e-02
   2.4442056e-02
   4.1881248e-02
   1.9304343e-02
   8.2463376e-02
   3.2915276e-02
   6.0664661e-02
   2.2966439e-02
   1.2059279e-01
   1.0422897e-01
   5.9692860e-02
   2.4628796e-02
   1.2122932e-01
   6.1707955e-02
   4.9884815e-02
   2.3485459e-02
   1.6277201e-01
   2.8986257e-02
   5.1271722e-02
   2.1576941e-02
   1.9938715e-01
   3.0699128e-02
   6.1705515e-02
   2.4662046e-02
   5.2147001e-02
   6.8959184e-02
   4.3811340e-02
   2.3242181e-02
   5.3046830e-02
   4.6305213e-02
   3.3435803e-02
   2.0989196e-02
   7.1628906e-02
   2.3792699e-02
   4.1302655e-02
   1.9223986e-02
   9.0788804e-02
   2.4920577e-02
   4.6081576e-02
   2.2037452e-02
   1.7532524e-02
   5.3867873e-02
   3.6391262e-02
   2.2247953e-02
   1.7008558e-02
   4.8209175e-02
   2.7909469e-02
   1.9625964e-02
   2.2301435e-02
   3.4670126e-02
   3.9981842e-02
   1.8155601e-02
   3.1519055e-02
   2.2490835e-02
   4.2065836e-02
   2.0268695e-02
   1.8679187e-02
   4.7780212e-02
   3.5107821e-02
   2.0989414e-02
   1.7166542e-02
   4.2467915e-02
   2.6086094e-02
   1.9076470e-02
   2.2733862e-02
   3.1409223e-02
   4.3446261e-02
   1.8037964e-02
   2.8865764e-02
   2.2182589e-02
   4.7763355e-02
   2.0653795e-02
   1.6933631e-02
   5.0487295e-02
   4.0428378e-02
   1.3118207e-02
   1.4063247e-02
   3.8469553e-02
   2.9701853e-02
   1.0717821e-02
   2.5768032e-02
   2.1304490e-02
   4.6159498e-02
   1.0279161e-02
   2.2513442e-02
   2.4507029e-02
   5.1303905e-02
   1.3302884e-02
   1.5151390e-02
   5.3909492e-02
   3.6337089e-02
   1.2412910e-02
   1.5299017e-02
   4.7515702e-02
   3.2044075e-02
   1.1160570e-02
   2.0616749e-02
   3.0016135e-02
   3.9344806e-02
   1.0866839e-02
   2.3802532e-02
   2.4751551e-02
   4.2652633e-02
   1.1961447e-02
   1.7643645e-02
   5.7543170e-02
   3.4588177e-02
   1.2260381e-02
   1.7730426e-02
   5.3029019e-02
   3.4741789e-02
   1.0989102e-02
   2.0663286e-02
   3.2513630e-02
   3.7641317e-02
   1.1689124e-02
   2.7923286e-02
   2.5342124e-02
   4.9167875e-02
   1.1949779e-02
   7.6432064e-02
   6.7243546e-02
   4.8954040e-02
   1.4184518e-02
   7.5679235e-02
   4.7638688e-02
   4.7921564e-02
   1.3257287e-02
   9.5218748e-02
   2.6415450e-02
   4.4283550e-02
   1.3468808e-02
   1.1017502e-01
   2.9705098e-02
   7.7722356e-02
   1.5015267e-02
   1.8131836e-01
   1.0445584e-01
   8.3205044e-02
   1.6189987e-02
   1.8078735e-01
   6.0375933e-02
   6.7967594e-02
   1.6367424e-02
   2.3852560e-01
   2.9112833e-02
   5.9924159e-02
   1.5358358e-02
   2.6747018e-01
   3.2512639e-02
   7.5921036e-02
   1.6886879e-02
   7.8020565e-02
   6.4367093e-02
   5.6209654e-02
   1.3431762e-02
   8.0104724e-02
   4.9445003e-02
   4.3275323e-02
   1.3150509e-02
   1.0344794e-01
   2.4250586e-02
   3.9903942e-02
   1.2683676e-02
   1.2203041e-01
   2.4374170e-02
   4.2792398e-02
   1.4212098e-02
   1.7690726e-02
   5.6052856e-02
   4.1583605e-02
   1.1311170e-02
   1.7931852e-02
   5.9331194e-02
   3.2512683e-02
   1.0933480e-02
   1.9539947e-02
   3.3295568e-02
   3.3043224e-02
   1.2348370e-02
   3.2394696e-02
   1.9695191e-02
   3.2814529e-02
   1.3570989e-02
   1.6897187e-02
   5.9114024e-02
   3.6608774e-02
   1.2483268e-02
   1.5149876e-02
   5.3085033e-02
   2.9986279e-02
   1.1325023e-02
   2.1312989e-02
   3.0072715e-02
   3.8148176e-02
   1.0683171e-02
   2.4495510e-02
   2.0072725e-02
   4.3851383e-02
   1.3324171e-02
   2.0649733e-02
   7.0103146e-02
   4.9979255e-02
   8.8093281e-03
   1.7717024e-02
   5.7047933e-02
   4.4804111e-02
   8.4690480e-03
   3.4322772e-02
   3.0295143e-02
   6.1127346e-02
   8.2815792e-03
   2.3656217e-02
   2.1630157e-02
   6.4574003e-02
   9.7240247e-03
   1.8541032e-02
   6.6839501e-02
   4.3657310e-02
   8.5935006e-03
   1.8311843e-02
   4.6826027e-02
   4.3853186e-02
   7.2956253e-03
   2.4170117e-02
   2.1877861e-02
   5.2778482e-02
   7.8689484e-03
   2.9020961e-02
   2.1348333e-02
   5.7569847e-02
   9.3684327e-03
   2.5024671e-02
   6.7386478e-02
   4.2536691e-02
   8.2344953e-03
   2.4882188e-02
   4.9003843e-02
   4.2354997e-02
   6.7828204e-03
   2.2823902e-02
   2.2901062e-02
   4.5597680e-02
   7.0349653e-03
   3.4145191e-02
   2.3778128e-02
   6.6052891e-02
   9.8837744e-03
   9.4787441e-02
   6.5326363e-02
   6.3452646e-02
   9.5786359e-03
   9.5491998e-02
   4.8758637e-02
   5.8985494e-02
   9.3214195e-03
   9.8452263e-02
   2.6787123e-02
   5.5641834e-02
   9.1997972e-03
   1.0023483e-01
   3.2996789e-02
   1.0624795e-01
   1.2915879e-02
   2.2155423e-01
   8.3983712e-02
   1.2402748e-01
   1.3389255e-02
   2.2615135e-01
   4.8209820e-02
   9.3862839e-02
   1.6192773e-02
   2.3927857e-01
   2.4771577e-02
   7.4097380e-02
   1.5584647e-02
   2.2823156e-01
   4.1059941e-02
   8.9665145e-02
   1.8174183e-02
   9.6603803e-02
   6.6307910e-02
   7.6496571e-02
   9.5918756e-03
   1.0005492e-01
   5.0287373e-02
   5.0451584e-02
   9.7871432e-03
   1.0515143e-01
   2.4252748e-02
   5.0041676e-02
   9.6906507e-03
   1.0870187e-01
   2.6600406e-02
   4.9701285e-02
   1.1925758e-02
   2.3724794e-02
   6.5625839e-02
   5.0142214e-02
   8.6053722e-03
   2.7543005e-02
   5.8709811e-02
   3.7770871e-02
   7.8060483e-03
   2.2852022e-02
   2.6231159e-02
   3.9417122e-02
   7.3778820e-03
   3.9174408e-02
   1.9604396e-02
   3.6585089e-02
   9.1429017e-03
   2.0077335e-02
   7.1077846e-02
   4.7717817e-02
   8.8847699e-03
   1.8382523e-02
   5.3889986e-02
   3.9733466e-02
   8.7142196e-03
   3.0301018e-02
   2.6374795e-02
   4.6901297e-02
   6.5142661e-03
   3.1716648e-02
   1.9959312e-02
   5.0546445e-02
   1.0173694e-02
   2.8136756e-02
   9.9258721e-02
   7.0492938e-02
   7.3048868e-03
   2.8320929e-02
   7.8540303e-02
   5.9163149e-02
   1.0569824e-02
   4.5440100e-02
   4.8481178e-02
   7.8542434e-02
   9.6250726e-03
   2.4609989e-02
   2.1629928e-02
   6.1455090e-02
   9.9343657e-03
   2.6907301e-02
   7.7756330e-02
   6.5447524e-02
   8.1337495e-03
   2.5306908e-02
   5.2691255e-02
   6.3860089e-02
   8.1870565e-03
   3.4705069e-02
   2.5189834e-02
   7.6155581e-02
   8.9146504e-03
   2.4349771e-02
   1.6318578e-02
   4.4037756e-02
   8.2541779e-03
   3.2722406e-02
   6.4318255e-02
   6.2833123e-02
   7.6599098e-03
   2.2008244e-02
   5.5655491e-02
   5.3054947e-02
   7.3278267e-03
   3.1408589e-02
   1.9798480e-02
   7.2306700e-02
   7.5654667e-03
   3.4938239e-02
   2.3780955e-02
   7.1064211e-02
   9.2144171e-03
   5.5666771e-02
   5.7372004e-02
   8.0665201e-02
   9.3038706e-03
   5.5877540e-02
   6.3500233e-02
   8.2579561e-02
   1.0315302e-02
   5.5525139e-02
   2.7328834e-02
   6.6534914e-02
   1.3372511e-02
   7.2067566e-02
   4.3078110e-02
   9.2569306e-02
   1.7509846e-02
   1.2970957e-01
   9.1817036e-02
   1.6849419e-01
   1.9005770e-02
   1.2400024e-01
   5.3465232e-02
   1.3344452e-01
   2.3149827e-02
   1.0963263e-01
   3.1682331e-02
   9.1347948e-02
   2.5415264e-02
   1.3959914e-01
   5.9778575e-02
   1.0099199e-01
   2.3931757e-02
   6.2960774e-02
   7.4185751e-02
   1.0479093e-01
   1.1270384e-02
   6.1739627e-02
   5.3798098e-02
   6.4148024e-02
   1.1824907e-02
   6.2035613e-02
   2.8884135e-02
   6.6874973e-02
   1.0980958e-02
   6.6932842e-02
   3.7509453e-02
   6.4627461e-02
   1.3628044e-02
   3.2468967e-02
   8.0910541e-02
   7.9843834e-02
   8.4347054e-03
   2.7420754e-02
   5.8608156e-02
   5.2190304e-02
   7.1455655e-03
   3.5745934e-02
   2.4928324e-02
   6.3707128e-02
   8.5778367e-03
   3.5334654e-02
   2.4519911e-02
   4.7308158e-02
   7.8577744e-03
   3.2272615e-02
   8.2937874e-02
   7.2372444e-02
   9.5154457e-03
   2.0061664e-02
   6.0464744e-02
   6.3731976e-02
   9.1820080e-03
   4.4399306e-02
   3.7314076e-02
   6.9444172e-02
   7.4465098e-03
   3.4773491e-02
   2.7695116e-02
   6.3280120e-02
   9.5908102e-03
