   2.4641970e-02
   1.0388105e-02
   1.3884582e-02
   1.8647440e-02
   1.0589842e-02
   9.2068342e-03
   1.2296537e-02
   1.5259295e-02
   3.5607738e-03
   1.0483356e-02
   1.7131783e-02
   2.2266947e-02
   6.5515647e-03
   8.0165751e-03
   1.1697239e-02
   2.2896204e-02
   2.3487758e-02
   9.2537059e-03
   1.1551525e-02
   1.5963553e-02
   9.9076713e-03
   6.1675678e-03
   7.3489319e-03
   1.2053326e-02
   3.1160179e-03
   8.1383903e-03
   1.2010191e-02
   1.6534116e-02
   6.1225961e-03
   7.5153136e-03
   9.6512334e-03
   1.7775031e-02
   2.3610555e-02
   8.8783186e-03
   1.2019910e-02
   1.5668513e-02
   9.9500353e-03
   4.8494199e-03
   5.0900346e-03
   1.2457917e-02
   3.1545570e-03
   7.9911845e-03
   1.1191599e-02
   1.5894726e-02
   6.2811342e-03
   8.0265217e-03
   1.0218533e-02
   1.8474825e-02
   2.6144667e-02
   1.0086319e-02
   1.4896449e-02
   2.0720460e-02
   1.0724524e-02
   6.2285638e-03
   5.4548923e-03
   1.8688813e-02
   3.4341288e-03
   1.1302656e-02
   1.6312337e-02
   2.3598328e-02
   7.1522743e-03
   1.1289019e-02
   1.7631982e-02
   2.7698327e-02
   2.8126974e-02
   1.3824210e-02
   1.6214617e-02
   1.9549878e-02
   1.1443703e-02
   1.0266788e-02
   5.5626053e-03
   1.5495219e-02
   4.8165498e-03
   2.2705609e-02
   2.3031438e-02
   2.2061558e-02
   1.0236353e-02
   2.1352738e-02
   2.5621511e-02
   2.6396750e-02
   2.6414663e-02
   1.2641351e-02
   1.4278082e-02
   1.7034052e-02
   1.0906612e-02
   8.6530549e-03
   5.6184484e-03
   1.1780308e-02
   4.8855660e-03
   1.7902937e-02
   1.4720346e-02
   1.5997415e-02
   9.4022276e-03
   1.5713168e-02
   1.5431773e-02
   1.8572982e-02
   2.3886006e-02
   1.0091318e-02
   1.2018674e-02
   1.5192665e-02
   9.9438652e-03
   5.7043936e-03
   5.1395367e-03
   1.0510330e-02
   3.4786081e-03
   9.6521163e-03
   1.1555749e-02
   1.5621084e-02
   6.6566244e-03
   8.4032463e-03
   1.0569251e-02
   1.6416835e-02
   2.3459157e-02
   9.6710892e-03
   1.3172751e-02
   1.5762104e-02
   1.0000121e-02
   6.4770826e-03
   6.9867480e-03
   1.1424436e-02
   3.3536609e-03
   1.0068567e-02
   1.5626973e-02
   1.9397533e-02
   6.2381695e-03
   7.7457414e-03
   1.1016449e-02
   2.0045491e-02
   2.2859665e-02
   1.1624824e-02
   1.7650146e-02
   2.1336611e-02
   9.8072700e-03
   1.2787620e-02
   1.6478956e-02
   1.8483540e-02
   3.3870712e-03
   1.2858247e-02
   2.3217229e-02
   3.0649733e-02
   6.3961898e-03
   8.5977325e-03
   1.5470005e-02
   2.9245112e-02
   2.2048783e-02
   9.9987173e-03
   1.3442303e-02
   1.6954156e-02
   9.3317386e-03
   8.0595901e-03
   9.4131455e-03
   1.3661909e-02
   3.0021300e-03
   8.9142565e-03
   1.4521948e-02
   2.0168267e-02
   6.0894676e-03
   7.9614045e-03
   1.1502796e-02
   2.0291254e-02
   2.1928381e-02
   9.1827214e-03
   1.4572426e-02
   1.6344050e-02
   9.3972851e-03
   5.5838088e-03
   5.8346381e-03
   1.4264545e-02
   3.1162242e-03
   8.6545432e-03
   1.3047896e-02
   1.8984431e-02
   6.3901474e-03
   8.4938016e-03
   1.1855143e-02
   2.0682121e-02
   2.3215113e-02
   1.0406948e-02
   1.8956108e-02
   2.3495745e-02
   9.8131932e-03
   7.5584995e-03
   6.2365667e-03
   2.5147580e-02
   3.3346482e-03
   1.3361746e-02
   2.0526784e-02
   3.1756222e-02
   7.2563910e-03
   1.2788397e-02
   2.3175426e-02
   3.4665085e-02
   2.3894833e-02
   1.6403124e-02
   1.9697212e-02
   2.0029854e-02
   1.0093329e-02
   1.4996403e-02
   6.3522728e-03
   1.8603269e-02
   4.8472355e-03
   2.9972432e-02
   2.9513972e-02
   2.8178800e-02
   1.1016679e-02
   2.7832763e-02
   3.4896605e-02
   3.1544808e-02
   2.3373596e-02
   1.4941677e-02
   1.6828500e-02
   1.6531700e-02
   9.8989261e-03
   1.1976479e-02
   6.3069123e-03
   1.1876520e-02
   4.9629495e-03
   2.2268720e-02
   1.7269408e-02
   1.7788773e-02
   1.0115324e-02
   1.9342396e-02
   1.8219629e-02
   1.8993936e-02
   2.2249863e-02
   1.1513797e-02
   1.4935519e-02
   1.5337314e-02
   9.4080986e-03
   6.7104022e-03
   5.9142867e-03
   1.0848849e-02
   3.4682252e-03
   1.0824048e-02
   1.3506528e-02
   1.8307697e-02
   6.7482847e-03
   9.0107983e-03
   1.2444555e-02
   1.8102037e-02
   2.2246519e-02
   1.0800160e-02
   1.7194921e-02
   1.6782619e-02
   9.4369901e-03
   8.0955336e-03
   8.7387785e-03
   1.2580848e-02
   3.2974700e-03
   1.2730202e-02
   2.1223411e-02
   2.6098710e-02
   6.3147545e-03
   8.5452208e-03
   1.4401955e-02
   2.4996271e-02
   1.7296590e-02
   1.1904536e-02
   2.1304501e-02
   2.2456519e-02
   7.7347322e-03
   1.5951365e-02
   2.1628274e-02
   2.1355951e-02
   3.0886077e-03
   1.4393643e-02
   2.4484197e-02
   3.5750017e-02
   5.8753635e-03
   8.4336074e-03
   1.6413614e-02
   3.1744976e-02
   1.6760325e-02
   9.8301135e-03
   1.5219719e-02
   1.6023086e-02
   7.3766001e-03
   9.6484302e-03
   1.1789343e-02
   1.4290225e-02
   2.6847585e-03
   9.1738999e-03
   1.4836267e-02
   2.2046840e-02
   5.6279488e-03
   7.3782429e-03
   1.1539320e-02
   1.9240197e-02
   1.6604360e-02
   8.4805703e-03
   1.6970027e-02
   1.4651095e-02
   7.5415680e-03
   5.9655840e-03
   6.5165265e-03
   1.4940478e-02
   2.8334614e-03
   8.7021077e-03
   1.3502204e-02
   2.0381397e-02
   5.8869501e-03
   8.0011571e-03
   1.2053914e-02
   1.9807812e-02
   1.7342094e-02
   9.6470816e-03
   2.3159772e-02
   2.3924960e-02
   7.6328302e-03
   8.7026320e-03
   7.0043919e-03
   2.9512845e-02
   2.9921881e-03
   1.5103587e-02
   2.3261789e-02
   3.8825430e-02
   6.5519148e-03
   1.3634332e-02
   2.7866574e-02
   3.7282355e-02
   1.7374612e-02
   1.7601492e-02
   2.3634372e-02
   1.8983752e-02
   7.6720268e-03
   1.8989865e-02
   7.2033042e-03
   2.0813704e-02
   4.7976058e-03
   3.7711009e-02
   3.3518136e-02
   3.4288015e-02
   1.2060652e-02
   3.3555210e-02
   4.1917268e-02
   3.3454996e-02
   1.7181750e-02
   1.5539960e-02
   1.9435648e-02
   1.4045530e-02
   7.8855231e-03
   1.4767094e-02
   6.9743632e-03
   1.1363161e-02
   4.9830414e-03
   2.7073026e-02
   1.8105794e-02
   1.9055644e-02
   1.1207957e-02
   2.2161262e-02
   1.9319661e-02
   1.7521190e-02
   1.6917551e-02
   1.0823377e-02
   1.7699355e-02
   1.3224501e-02
   7.5512491e-03
   7.3203766e-03
   6.6812616e-03
   9.9912109e-03
   3.2106661e-03
   1.1634350e-02
   1.3805225e-02
   1.9624295e-02
   6.3617113e-03
   8.6828815e-03
   1.2447461e-02
   1.6565902e-02
   1.6403632e-02
   1.0617174e-02
   2.0962784e-02
   1.5590305e-02
   7.5288313e-03
   9.3906038e-03
   1.1113648e-02
   1.2873398e-02
   3.0457713e-03
   1.4293834e-02
   2.2508178e-02
   2.9632227e-02
   5.8231470e-03
   8.3980747e-03
   1.4799015e-02
   2.6327761e-02
   1.3290785e-02
   1.2110926e-02
   2.8806131e-02
   2.5940472e-02
   5.9054364e-03
   2.0817751e-02
   3.1718105e-02
   2.6970223e-02
   2.7635584e-03
   1.6809978e-02
   2.9379411e-02
   4.3905661e-02
   4.7777575e-03
   8.0861235e-03
   1.9143438e-02
   3.2358322e-02
   1.2475539e-02
   9.2111435e-03
   1.9148540e-02
   1.6509628e-02
   5.3637759e-03
   1.2033571e-02
   1.6586982e-02
   1.6393848e-02
   2.2373965e-03
   9.2210881e-03
   1.6160646e-02
   2.6083443e-02
   4.3818774e-03
   5.9301625e-03
   1.2081309e-02
   1.8767592e-02
   1.1722522e-02
   7.3580528e-03
   2.1214936e-02
   1.3298999e-02
   5.3155967e-03
   6.2497649e-03
   7.5060185e-03
   1.6257755e-02
   2.3136612e-03
   7.6825353e-03
   1.3555425e-02
   2.2917185e-02
   4.3992689e-03
   6.2275911e-03
   1.2010770e-02
   1.9225471e-02
   1.2357610e-02
   8.8860104e-03
   3.0603856e-02
   2.3864212e-02
   5.1466106e-03
   9.5864832e-03
   7.9276329e-03
   3.4943663e-02
   2.4867731e-03
   1.6895762e-02
   3.2122802e-02
   5.0833710e-02
   5.7310401e-03
   1.4942342e-02
   3.6828440e-02
   4.0406484e-02
   1.2671356e-02
   1.7881451e-02
   3.0809905e-02
   1.8115802e-02
   5.1544285e-03
   2.1698916e-02
   8.1210211e-03
   2.4143381e-02
   4.7511728e-03
   4.8249807e-02
   4.8747763e-02
   4.4558268e-02
   1.4018657e-02
   4.4102646e-02
   5.8103789e-02
   3.6436003e-02
   1.2925196e-02
   1.5212136e-02
   2.4372639e-02
   1.1362407e-02
   5.5823149e-03
   1.6752077e-02
   7.7194436e-03
   1.1172173e-02
   4.8842630e-03
   3.3134766e-02
   2.1269049e-02
   2.1573361e-02
   1.2740915e-02
   2.7443349e-02
   2.2688635e-02
   1.7118732e-02
   1.2491019e-02
   9.9661462e-03
   2.1710509e-02
   1.0298086e-02
   5.4392968e-03
   7.7976976e-03
   8.0671208e-03
   9.1916518e-03
   2.6929607e-03
   1.1936608e-02
   1.4458495e-02
   2.2477038e-02
   5.6394674e-03
   7.4624438e-03
   1.2394613e-02
   1.5913919e-02
   1.1779428e-02
   9.7285947e-03
   2.7139984e-02
   1.4530331e-02
   5.4574814e-03
   1.1172348e-02
   1.6033014e-02
   1.4256929e-02
   2.6576095e-03
   1.6478037e-02
   2.6009832e-02
   3.4361165e-02
   4.6725883e-03
   7.8158369e-03
   1.7090367e-02
   2.6737740e-02
