   6.9597960e-02
   9.1656514e-02
   1.1258812e-01
   6.1906859e-02
   6.3916788e-02
   6.5246314e-02
   6.2071398e-02
   5.2075632e-02
   1.1120629e-01
   9.2576295e-02
   9.6564278e-02
   5.2721269e-02
   1.3034864e-01
   1.4509244e-01
   1.4255236e-01
   3.0859379e-02
   3.2406215e-02
   4.2932268e-02
   4.6055444e-02
   3.3373088e-02
   2.7630333e-02
   2.7098173e-02
   2.6756840e-02
   2.7267711e-02
   4.7471151e-02
   3.9586231e-02
   4.1667446e-02
   2.8161408e-02
   5.9184119e-02
   5.8740560e-02
   5.9892438e-02
   1.8113825e-02
   1.7326176e-02
   1.7895328e-02
   1.6337834e-02
   2.5520638e-02
   1.1574266e-02
   8.5106799e-03
   9.0685189e-03
   1.6734498e-02
   1.7600853e-02
   1.1122704e-02
   1.0692913e-02
   1.5457164e-02
   2.0933704e-02
   1.0971121e-02
   9.7418688e-03
   1.1043590e-02
   1.5743215e-02
   1.6980346e-02
   1.9759802e-02
   2.4247775e-02
   1.1210179e-02
   8.2313865e-03
   8.5669169e-03
   1.6701585e-02
   1.6075732e-02
   1.3041174e-02
   1.1685265e-02
   1.6169367e-02
   2.0495251e-02
   9.8279044e-03
   8.8211931e-03
   1.4829006e-02
   1.5327948e-02
   2.1088840e-02
   2.1730544e-02
   2.1460883e-02
   1.1491518e-02
   9.1085434e-03
   8.9638093e-03
   1.9880526e-02
   1.6398596e-02
   1.1711927e-02
   1.4892299e-02
   1.6664250e-02
   2.7303712e-02
   9.6775517e-03
   9.1666495e-03
   1.6464323e-02
   1.5274679e-02
   2.2166984e-02
   1.7501252e-02
   2.2275800e-02
   1.1574708e-02
   9.3090413e-03
   8.0362931e-03
   2.4119565e-02
   1.6847530e-02
   8.9674108e-03
   1.1113960e-02
   1.8946500e-02
   3.4057923e-02
   9.7844889e-03
   8.9666005e-03
   1.4284240e-02
   1.6019847e-02
   1.9270545e-02
   1.7053118e-02
   2.1582089e-02
   1.2295774e-02
   8.9658909e-03
   8.8516138e-03
   1.7513605e-02
   1.7899018e-02
   1.0317502e-02
   1.0236900e-02
   1.3366370e-02
   2.5191780e-02
   1.0547989e-02
   9.6205175e-03
   9.7507508e-03
   3.4831613e-02
   4.6376176e-02
   5.4603208e-02
   3.6737241e-02
   2.9374056e-02
   2.8035106e-02
   2.7188288e-02
   2.9324017e-02
   4.8142128e-02
   3.9424993e-02
   3.9604042e-02
   2.7207280e-02
   5.6185238e-02
   5.5999361e-02
   5.3386848e-02
   1.6770573e-02
   9.6508600e-02
   1.1476929e-01
   1.2944160e-01
   7.9626016e-02
   9.7220570e-02
   9.6829705e-02
   9.4139069e-02
   7.4082941e-02
   1.6089921e-01
   1.2991922e-01
   1.4621530e-01
   7.3853128e-02
   2.1935150e-01
   2.6560560e-01
   2.5722381e-01
   4.9041327e-02
   4.1021314e-02
   5.3001646e-02
   5.0879613e-02
   3.9352939e-02
   3.7335046e-02
   3.8447946e-02
   3.8332552e-02
   3.6410142e-02
   6.2530041e-02
   5.4831810e-02
   6.1365008e-02
   3.9568730e-02
   9.1464564e-02
   1.0475411e-01
   1.0738463e-01
   2.8601049e-02
   1.3762591e-02
   2.0484496e-02
   1.8373441e-02
   3.1884745e-02
   8.2431166e-03
   7.9424027e-03
   9.1669196e-03
   1.7759595e-02
   1.1205205e-02
   1.2205849e-02
   1.1721189e-02
   2.0419508e-02
   1.6395142e-02
   9.5478268e-03
   9.9015916e-03
   1.7811760e-02
   1.0875392e-02
   1.8342739e-02
   2.2923052e-02
   2.8200928e-02
   6.8837958e-03
   7.6046214e-03
   7.1715298e-03
   1.9474469e-02
   1.0592427e-02
   1.6504075e-02
   1.2634345e-02
   2.2891862e-02
   1.5760155e-02
   6.8205269e-03
   6.1538168e-03
   2.3708750e-02
   1.1132954e-02
   2.5780408e-02
   2.6563942e-02
   2.1585673e-02
   6.9879293e-03
   8.6677587e-03
   7.4657560e-03
   2.5104303e-02
   1.1829985e-02
   1.4576604e-02
   1.7251940e-02
   2.2239478e-02
   3.2002706e-02
   6.4563411e-03
   5.9216088e-03
   2.3165587e-02
   1.2333605e-02
   3.0243514e-02
   1.9915910e-02
   2.1913480e-02
   7.4287201e-03
   9.6177869e-03
   7.2259186e-03
   3.1510081e-02
   1.1140061e-02
   9.7242147e-03
   1.1923897e-02
   2.3394404e-02
   4.3578435e-02
   6.8538538e-03
   5.6626243e-03
   2.2761839e-02
   1.2325508e-02
   2.5591090e-02
   1.9002059e-02
   2.0569868e-02
   8.7527893e-03
   1.0451775e-02
   8.9720571e-03
   2.1358971e-02
   1.2208248e-02
   1.0596457e-02
   1.0463948e-02
   1.6038245e-02
   2.8710855e-02
   8.7183332e-03
   7.7101961e-03
   1.0610860e-02
   4.3520615e-02
   6.1454915e-02
   6.4178832e-02
   4.3538190e-02
   4.0177371e-02
   4.0432032e-02
   4.0275864e-02
   4.0629569e-02
   6.3606337e-02
   5.4550223e-02
   5.7238370e-02
   3.8857602e-02
   8.9214414e-02
   9.8153628e-02
   9.1609545e-02
   2.2280110e-02
   1.7136092e-01
   1.6777487e-01
   1.3535874e-01
   1.1075806e-01
   1.3820471e-01
   1.3251445e-01
   1.3234305e-01
   1.0254716e-01
   2.6348659e-01
   2.0054311e-01
   2.3545553e-01
   1.1944850e-01
   2.8938347e-01
   3.9150363e-01
   3.8860834e-01
   7.3347330e-02
   6.7003749e-02
   7.6822087e-02
   5.6001913e-02
   5.1869329e-02
   5.1648509e-02
   5.1714268e-02
   5.0440624e-02
   5.2007630e-02
   1.0091436e-01
   8.8005908e-02
   9.9802680e-02
   6.6324599e-02
   1.1905350e-01
   1.5432012e-01
   1.6109233e-01
   5.0345935e-02
   1.1716027e-02
   2.9138984e-02
   2.3858672e-02
   4.5341089e-02
   6.9482033e-03
   9.9878833e-03
   9.7748321e-03
   2.6298380e-02
   9.3123503e-03
   1.8537961e-02
   1.7454248e-02
   3.7293021e-02
   1.9773012e-02
   1.0545393e-02
   1.4270449e-02
   3.4012821e-02
   8.9446185e-03
   2.4648279e-02
   3.4245990e-02
   4.2672869e-02
   5.1857717e-03
   9.3920054e-03
   7.7696601e-03
   3.6679573e-02
   8.9202477e-03
   2.6485348e-02
   1.8009026e-02
   4.4077389e-02
   1.6928416e-02
   4.5268424e-03
   6.0474579e-03
   2.9308256e-02
   1.0752513e-02
   3.9830934e-02
   3.6399275e-02
   3.3635788e-02
   6.3282698e-03
   9.8487455e-03
   6.8463874e-03
   4.5177363e-02
   1.1684308e-02
   2.1480247e-02
   2.4331812e-02
   3.9403103e-02
   3.7686761e-02
   5.1641553e-03
   6.3595884e-03
   3.0330816e-02
   1.3079878e-02
   5.0224915e-02
   2.5796697e-02
   3.1323351e-02
   6.0496102e-03
   1.0346237e-02
   7.4310126e-03
   5.1110897e-02
   8.3030043e-03
   1.4335792e-02
   1.7041476e-02
   4.7283970e-02
   5.5891979e-02
   5.2294922e-03
   6.8062535e-03
   4.4676993e-02
   1.3391654e-02
   4.2660639e-02
   2.8221261e-02
   3.0274916e-02
   7.2680218e-03
   1.1547579e-02
   9.1586588e-03
   3.7553400e-02
   1.0737116e-02
   1.8252248e-02
   1.6102200e-02
   2.7787127e-02
   4.1226871e-02
   9.4417781e-03
   9.9627618e-03
   1.5830912e-02
   7.3694773e-02
   8.6878017e-02
   7.1313210e-02
   6.3114710e-02
   5.6457188e-02
   5.3335093e-02
   5.4249242e-02
   6.2458687e-02
   1.0419276e-01
   8.6151950e-02
   9.6076660e-02
   6.1992887e-02
   1.1824969e-01
   1.4450052e-01
   1.3813090e-01
   3.0262245e-02
   1.7465881e-01
   1.4649315e-01
   1.4172566e-01
   1.3875455e-01
   2.5174651e-01
   2.6003686e-01
   2.7353957e-01
   1.9444662e-01
   3.2343960e-01
   1.9455677e-01
   3.7163830e-01
   1.9298220e-01
   1.0796478e-01
   1.2278724e-01
   1.2940826e-01
   4.2774994e-02
   6.7798935e-02
   7.4559875e-02
   6.0209509e-02
   7.0652597e-02
   9.1522537e-02
   9.7085945e-02
   1.0042961e-01
   8.2848102e-02
   1.2413739e-01
   9.0204358e-02
   1.6161498e-01
   1.0966545e-01
   4.7507357e-02
   4.9420051e-02
   5.4888662e-02
   3.2083973e-02
   1.7082138e-02
   4.2896345e-02
   2.7948527e-02
   5.5559590e-02
   9.0036197e-03
   1.2939320e-02
   1.1501420e-02
   4.0659510e-02
   1.0523214e-02
   2.6742944e-02
   2.3119647e-02
   5.6783371e-02
   2.1202879e-02
   6.9512981e-03
   1.3226965e-02
   1.8115081e-02
   1.2381048e-02
   3.5288982e-02
   4.6753224e-02
   6.0180709e-02
   8.1972294e-03
   1.3702282e-02
   9.7564096e-03
   7.0483193e-02
   1.4088329e-02
   3.7443873e-02
   2.3451257e-02
   5.0935160e-02
   1.9323731e-02
   3.5288834e-03
   7.3702810e-03
   1.5758326e-02
   1.4846360e-02
   5.3619511e-02
   4.4981554e-02
   5.0705731e-02
   8.8978764e-03
   1.2544973e-02
   8.1185838e-03
   7.9711281e-02
   1.9971561e-02
   3.3059131e-02
   3.2153249e-02
   6.4503387e-02
   2.0192027e-02
   5.2292058e-03
   1.2716341e-02
   5.3734284e-02
   1.4123125e-02
   6.0918711e-02
   3.6517460e-02
   4.5763403e-02
   6.2948503e-03
   1.1795338e-02
   8.9269038e-03
   1.0394584e-01
   1.0844226e-02
   2.0064944e-02
   2.0911146e-02
   1.0625546e-01
   2.5357297e-02
   5.8689015e-03
   1.5330791e-02
   7.9931818e-02
   1.9124778e-02
   5.5814959e-02
   4.0071465e-02
   4.4616178e-02
   1.0741437e-02
   1.3688248e-02
   1.0811765e-02
   5.2040666e-02
   1.2241753e-02
   2.3768393e-02
   2.1815430e-02
   3.5385266e-02
   2.9257217e-02
   6.2360922e-03
   1.2123428e-02
   2.6202111e-02
   8.0391750e-02
   1.0037292e-01
   8.8483974e-02
   7.7367768e-02
   1.0634118e-01
   1.0303463e-01
   1.1078842e-01
   1.1352085e-01
   1.3114335e-01
   8.6314566e-02
   1.5882057e-01
   8.8926382e-02
   5.3465009e-02
   4.7606576e-02
   4.9129583e-02
   1.7360706e-02
