   1.1058131e-02
   2.9453039e-02
   4.8483655e-02
   1.7851070e-02
   1.6868001e-02
   3.0600863e-02
   3.1458911e-02
   1.5207781e-02
   1.7253160e-02
   2.4783377e-02
   2.8597396e-02
   1.4913365e-02
   1.9813251e-02
   2.0510340e-02
   3.8043194e-02
   1.8859988e-02
   1.0370447e-02
   5.4844100e-02
   5.4647554e-02
   1.7836431e-02
   1.6489930e-02
   3.0541649e-02
   3.0305875e-02
   1.3984368e-02
   2.3432026e-02
   2.8203262e-02
   3.1077474e-02
   1.4455033e-02
   1.1881652e-02
   3.9767448e-02
   4.4101641e-02
   1.9295307e-02
   1.0214462e-02
   6.4518206e-02
   6.0045447e-02
   1.8051228e-02
   1.7716100e-02
   3.1998232e-02
   2.7218122e-02
   1.3315549e-02
   2.5335377e-02
   2.9699538e-02
   3.2845628e-02
   1.5081862e-02
   8.9029418e-03
   4.8720345e-02
   4.6177033e-02
   1.9868251e-02
   1.3747912e-02
   5.3757992e-02
   6.0009193e-02
   2.2906736e-02
   2.9913578e-02
   4.8833981e-02
   3.0162087e-02
   1.8688396e-02
   3.1571515e-02
   3.5026170e-02
   3.6038179e-02
   1.9591182e-02
   1.3368346e-02
   4.3514729e-02
   4.7930535e-02
   2.4418125e-02
   2.4884705e-02
   8.0652393e-02
   6.6636354e-02
   3.2982070e-02
   6.0771868e-02
   8.9342602e-02
   4.2683125e-02
   2.8402265e-02
   5.6113631e-02
   5.5483468e-02
   4.1652687e-02
   2.7788719e-02
   2.5606673e-02
   6.9433905e-02
   5.3350251e-02
   3.2836463e-02
   1.5389334e-02
   5.2699711e-02
   5.4165114e-02
   2.4103750e-02
   4.0042404e-02
   5.2320298e-02
   3.7052002e-02
   1.7993972e-02
   3.6173344e-02
   3.9222870e-02
   3.0493354e-02
   1.7286167e-02
   1.3999352e-02
   4.4918180e-02
   4.3265607e-02
   2.2013497e-02
   1.6561341e-02
   5.6021098e-02
   5.7053272e-02
   1.8630294e-02
   2.4854934e-02
   3.1989671e-02
   3.1750571e-02
   1.3809029e-02
   2.0564334e-02
   4.1754413e-02
   2.8953368e-02
   1.3187033e-02
   9.1869663e-03
   5.0311442e-02
   4.2586889e-02
   1.9026231e-02
   1.5996316e-02
   4.5767490e-02
   5.4468829e-02
   1.7800825e-02
   1.8869596e-02
   2.9542536e-02
   3.0190023e-02
   1.4552231e-02
   1.8088162e-02
   3.4697939e-02
   2.8857281e-02
   1.3334109e-02
   1.2244507e-02
   3.9320938e-02
   3.8317401e-02
   1.8327296e-02
   9.7435229e-03
   3.3155028e-02
   4.3793250e-02
   1.3359887e-02
   2.2628782e-02
   3.4600463e-02
   3.0106692e-02
   1.2642663e-02
   2.2250831e-02
   3.3952601e-02
   2.7104171e-02
   1.2127017e-02
   2.2921467e-02
   2.5298782e-02
   3.9198719e-02
   1.6623560e-02
   8.5433628e-03
   5.8513921e-02
   5.0272390e-02
   1.1740725e-02
   1.7398879e-02
   3.5291232e-02
   2.8326117e-02
   1.0599891e-02
   2.9969597e-02
   3.6915030e-02
   3.0895760e-02
   1.1774216e-02
   1.2685849e-02
   4.2612884e-02
   4.6346370e-02
   1.5511645e-02
   7.9524135e-03
   6.9158159e-02
   5.6354120e-02
   1.2392621e-02
   1.7784404e-02
   3.9033148e-02
   2.7800385e-02
   1.0339202e-02
   3.1148655e-02
   4.1446920e-02
   3.3151150e-02
   1.2295760e-02
   7.4273255e-03
   4.9307652e-02
   4.8578367e-02
   1.6309313e-02
   1.6695270e-02
   6.0503580e-02
   5.6165732e-02
   2.3498641e-02
   3.8614776e-02
   5.5360533e-02
   3.8258363e-02
   2.2541409e-02
   4.2300481e-02
   4.5600142e-02
   4.4603247e-02
   2.3618029e-02
   1.8450370e-02
   4.4477358e-02
   5.1069804e-02
   2.5978236e-02
   3.8387660e-02
   7.9676516e-02
   6.1529592e-02
   4.1120172e-02
   8.4848925e-02
   9.7386397e-02
   5.4423034e-02
   4.1378964e-02
   7.7924967e-02
   6.6623874e-02
   5.0633963e-02
   4.0068686e-02
   4.1368287e-02
   6.5613821e-02
   5.9120879e-02
   4.2692941e-02
   2.1096997e-02
   5.7342306e-02
   5.2017804e-02
   2.3290066e-02
   4.7920287e-02
   5.6132544e-02
   4.6402123e-02
   2.1022495e-02
   4.4527065e-02
   5.1851347e-02
   3.5370015e-02
   1.8619088e-02
   1.9644612e-02
   4.6931062e-02
   4.5508780e-02
   2.4606848e-02
   1.6699813e-02
   5.8498167e-02
   5.4971326e-02
   1.3115298e-02
   2.3162287e-02
   3.8961660e-02
   3.3247828e-02
   1.2038839e-02
   2.4158159e-02
   5.8655471e-02
   3.1933017e-02
   9.5275659e-03
   7.5716600e-03
   5.1379301e-02
   4.2248067e-02
   1.5570461e-02
   1.5192335e-02
   4.9880784e-02
   5.1421300e-02
   1.2538436e-02
   2.3099821e-02
   3.6874596e-02
   2.9788170e-02
   1.1993075e-02
   2.5546847e-02
   4.7950059e-02
   2.9169533e-02
   9.8940041e-03
   1.2638113e-02
   4.2964209e-02
   3.8577616e-02
   1.4849089e-02
   1.0056867e-02
   3.6653835e-02
   4.5105897e-02
   1.6366050e-02
   2.5779719e-02
   5.2613415e-02
   4.0833436e-02
   1.7598940e-02
   2.4903383e-02
   5.3204309e-02
   3.9097939e-02
   1.5170706e-02
   2.3907917e-02
   2.7671086e-02
   4.8457675e-02
   2.3885716e-02
   9.0473052e-03
   4.7646608e-02
   4.7663592e-02
   1.2808075e-02
   1.9668134e-02
   4.6530716e-02
   3.3582482e-02
   1.3437980e-02
   2.9590540e-02
   4.6873655e-02
   4.3553893e-02
   1.2769415e-02
   1.4247361e-02
   3.0382106e-02
   5.0076764e-02
   1.7896209e-02
   1.0380227e-02
   5.7536386e-02
   5.1645115e-02
   1.1611301e-02
   1.9319715e-02
   5.3041384e-02
   3.4317169e-02
   1.0093709e-02
   3.1910490e-02
   5.4928806e-02
   4.6706829e-02
   1.1881696e-02
   7.2883489e-03
   3.3126127e-02
   4.3578040e-02
   1.6396178e-02
   2.5866335e-02
   5.6555372e-02
   6.2353197e-02
   3.1184278e-02
   4.3028746e-02
   6.3541524e-02
   5.1470030e-02
   3.0215314e-02
   4.3674208e-02
   5.6331016e-02
   5.6575201e-02
   3.3914555e-02
   2.2590848e-02
   3.3979021e-02
   5.5207666e-02
   3.7411667e-02
   6.0582429e-02
   5.7657458e-02
   7.4808531e-02
   6.1969228e-02
   9.2305772e-02
   9.1782510e-02
   8.1366993e-02
   6.2501192e-02
   8.4355600e-02
   6.3668959e-02
   6.3527197e-02
   6.4687140e-02
   5.2251965e-02
   4.4302255e-02
   6.4901762e-02
   6.9561690e-02
   3.0169100e-02
   4.6716098e-02
   5.4085311e-02
   3.1540025e-02
   4.8467949e-02
   5.9587721e-02
   6.0554549e-02
   2.9140828e-02
   4.8611157e-02
   5.7773832e-02
   4.1507047e-02
   2.6434980e-02
   2.4155654e-02
   3.4326088e-02
   4.9785409e-02
   3.4487773e-02
   1.6022529e-02
   4.3548334e-02
   4.7032449e-02
   1.3854517e-02
   2.8186912e-02
   4.3764427e-02
   4.2748667e-02
   1.3354147e-02
   2.8487943e-02
   6.4324267e-02
   3.5244536e-02
   9.9902973e-03
   7.5433049e-03
   3.2497719e-02
   4.0155202e-02
   1.8217923e-02
   1.4222593e-02
   3.8270876e-02
   4.2514779e-02
   1.2840433e-02
   2.9965537e-02
   4.8367146e-02
   4.3299686e-02
   1.3263282e-02
   2.7079545e-02
   5.5111662e-02
   3.8064294e-02
   1.1172010e-02
   1.3510205e-02
   2.9479176e-02
   4.3020759e-02
   1.9301280e-02
   1.4778513e-02
   5.2841324e-02
   6.0179144e-02
   2.5790881e-02
   4.2090654e-02
   8.5356563e-02
   6.0532805e-02
   2.6925392e-02
   4.4899475e-02
   8.4086105e-02
   4.8797395e-02
   2.1762928e-02
   2.5141666e-02
   4.1225374e-02
   5.4199208e-02
   3.9866187e-02
   1.1746696e-02
   4.0554281e-02
   5.0417736e-02
   1.8335877e-02
   3.5936661e-02
   6.7638054e-02
   5.5465017e-02
   2.2003923e-02
   4.0836420e-02
   5.6589253e-02
   6.5130182e-02
   2.0182623e-02
   1.5983336e-02
   2.9573305e-02
   4.4513911e-02
   2.5502738e-02
   1.2536586e-02
   4.3132991e-02
   4.7665786e-02
   1.5098889e-02
   2.8616266e-02
   6.6240028e-02
   4.4264171e-02
   1.5573646e-02
   3.4433186e-02
   6.1827507e-02
   5.9747931e-02
   1.6673107e-02
   1.0343477e-02
   2.4776433e-02
   4.6875816e-02
   2.4188595e-02
   3.9337657e-02
   5.9234455e-02
   9.1562092e-02
   4.1080941e-02
   4.4224259e-02
   4.7717392e-02
   5.8551714e-02
   4.3139491e-02
   4.6223532e-02
   5.9983287e-02
   8.2713455e-02
   4.8250750e-02
   3.8271759e-02
   4.2215511e-02
   7.3854208e-02
   5.0894104e-02
   9.3862228e-02
   5.9286281e-02
   1.0830977e-01
   8.3960541e-02
   1.0633011e-01
   6.6249944e-02
   1.0426255e-01
   9.4323762e-02
   9.5783167e-02
   5.2645843e-02
   9.8181278e-02
   1.0206495e-01
   9.0037487e-02
   4.2331714e-02
   9.5827028e-02
   1.0276064e-01
   4.2869415e-02
   5.3968087e-02
   7.0936985e-02
   4.3296281e-02
   5.2165955e-02
   6.5587424e-02
   8.3725870e-02
   4.0425744e-02
   4.9264401e-02
   5.6094486e-02
   6.0779907e-02
   4.0166672e-02
   4.0777106e-02
   4.4438675e-02
   5.9294026e-02
   4.3598406e-02
   1.6909093e-02
   3.9526191e-02
   6.4924747e-02
   2.0677144e-02
   4.1321583e-02
   6.2533915e-02
   7.5020202e-02
   1.8465575e-02
   3.5826344e-02
   7.8830905e-02
   5.7151280e-02
   1.5967896e-02
   1.0989490e-02
   2.9629136e-02
   5.2068107e-02
   2.6471270e-02
   1.6746545e-02
   3.2942437e-02
   5.5754725e-02
   1.8087119e-02
   4.4891868e-02
   6.7817472e-02
   6.5272838e-02
   2.5121417e-02
   4.1726153e-02
   7.2290637e-02
   5.7203759e-02
   1.8718623e-02
   1.5532332e-02
   3.0183310e-02
   5.7038065e-02
   2.9128103e-02
