   1.4513789e-02
   3.6634549e-02
   4.0092330e-02
   4.1872684e-02
   5.0245761e-03
   5.9756398e-02
   5.2582011e-02
   2.9177302e-02
   2.0503776e-02
   5.1606640e-02
   4.5046266e-02
   2.4372365e-02
   2.0826148e-02
   2.7798751e-02
   2.6556253e-02
   2.8026016e-02
   1.3226832e-02
   2.6489284e-02
   3.0787354e-02
   4.0452939e-02
   4.9079400e-03
   4.1420855e-02
   3.7453022e-02
   2.8460629e-02
   1.4612552e-02
   3.3660807e-02
   3.3597119e-02
   2.3801781e-02
   1.6619220e-02
   2.0823458e-02
   2.2567226e-02
   2.7370041e-02
   1.3018285e-02
   2.1248780e-02
   2.7258363e-02
   4.1682031e-02
   5.1304395e-03
   2.9246548e-02
   2.8764941e-02
   2.9501561e-02
   1.1362643e-02
   2.2904765e-02
   2.7093649e-02
   2.4902288e-02
   1.4632994e-02
   1.6898705e-02
   2.1148620e-02
   2.9084971e-02
   1.4401792e-02
   2.3677232e-02
   3.5968609e-02
   4.6368923e-02
   6.4555723e-03
   3.2951865e-02
   4.2540770e-02
   3.4679946e-02
   1.2906742e-02
   2.7626719e-02
   3.7696172e-02
   3.3078384e-02
   1.6731668e-02
   2.1714140e-02
   3.0733427e-02
   3.9291430e-02
   1.7248446e-02
   3.0686880e-02
   4.3306682e-02
   5.0058801e-02
   1.1300999e-02
   5.2425690e-02
   5.6979664e-02
   3.7110418e-02
   2.1581972e-02
   4.7867410e-02
   4.9867753e-02
   3.5322916e-02
   2.5688047e-02
   3.7722193e-02
   4.2236708e-02
   4.2194985e-02
   1.8245138e-02
   2.9839013e-02
   3.2615554e-02
   4.6174247e-02
   1.5000905e-02
   4.8510212e-02
   3.6942404e-02
   3.2430474e-02
   2.7414808e-02
   4.3507610e-02
   3.2030020e-02
   2.7774656e-02
   2.9835898e-02
   3.2232847e-02
   2.6985599e-02
   3.2737609e-02
   1.4005703e-02
   2.3151463e-02
   2.7543707e-02
   4.1554764e-02
   7.0233592e-03
   3.5339914e-02
   3.0616246e-02
   2.9231118e-02
   1.6822785e-02
   3.1699672e-02
   2.5931200e-02
   2.4479162e-02
   2.1267327e-02
   2.1953493e-02
   2.0636471e-02
   2.8647756e-02
   1.3281440e-02
   2.6531728e-02
   3.1342231e-02
   4.0501405e-02
   5.0808648e-03
   4.5405176e-02
   4.0542025e-02
   2.8515900e-02
   1.6547950e-02
   3.8219240e-02
   3.2105330e-02
   2.3715690e-02
   1.9445831e-02
   2.3346301e-02
   2.2123337e-02
   2.7538884e-02
   1.4101504e-02
   4.9197681e-02
   5.1246338e-02
   3.8950089e-02
   4.7864988e-03
   8.2317173e-02
   7.1872152e-02
   2.7243316e-02
   3.2414474e-02
   9.3753986e-02
   7.9285331e-02
   2.3037262e-02
   3.3531718e-02
   5.4753743e-02
   4.9641907e-02
   2.6208375e-02
   1.2593096e-02
   3.3223115e-02
   3.7444789e-02
   3.8590614e-02
   4.8238756e-03
   5.8459759e-02
   5.1933806e-02
   2.6987799e-02
   2.1619115e-02
   6.0453847e-02
   5.7106871e-02
   2.2844121e-02
   2.4394201e-02
   3.9141681e-02
   4.0181540e-02
   2.6028592e-02
   1.2053819e-02
   2.3922343e-02
   3.0015748e-02
   3.9527282e-02
   5.0755301e-03
   4.1179251e-02
   3.9278656e-02
   2.8241752e-02
   1.4571006e-02
   3.8177110e-02
   4.1733280e-02
   2.4059532e-02
   1.8868305e-02
   2.8740585e-02
   3.4042180e-02
   2.7646299e-02
   1.2698845e-02
   2.5431652e-02
   4.0151931e-02
   4.1631088e-02
   6.1779576e-03
   4.3730214e-02
   5.6018632e-02
   3.3541851e-02
   1.5770691e-02
   4.3954387e-02
   5.6509584e-02
   3.3580538e-02
   2.1180712e-02
   3.5665885e-02
   4.8659429e-02
   4.0304430e-02
   1.5947588e-02
   3.4725964e-02
   4.8650991e-02
   4.3745525e-02
   1.3083831e-02
   6.6886336e-02
   7.3248029e-02
   3.4495395e-02
   2.9067487e-02
   7.4157752e-02
   7.4401706e-02
   3.4825515e-02
   3.5650764e-02
   6.0649067e-02
   6.7741022e-02
   4.1937727e-02
   1.9005669e-02
   3.5140399e-02
   3.3881601e-02
   4.1902427e-02
   1.9922839e-02
   6.1599206e-02
   4.7469299e-02
   2.9862752e-02
   4.0397938e-02
   6.7411579e-02
   4.8765320e-02
   2.5780024e-02
   4.3791071e-02
   5.2487724e-02
   4.3031279e-02
   2.9903524e-02
   1.3801930e-02
   2.5927810e-02
   2.9568475e-02
   3.9535567e-02
   8.3231349e-03
   4.7273133e-02
   4.2024896e-02
   2.7912367e-02
   2.4097556e-02
   5.2374620e-02
   4.1971076e-02
   2.3550425e-02
   3.0997407e-02
   3.8900144e-02
   3.4358785e-02
   2.7288131e-02
   1.2704887e-02
   3.2411192e-02
   3.6645819e-02
   3.8491204e-02
   4.9138716e-03
   6.2793598e-02
   5.6218568e-02
   2.7157169e-02
   2.4357874e-02
   6.7416064e-02
   5.5503160e-02
   2.2828970e-02
   3.0010117e-02
   4.4495877e-02
   3.9144762e-02
   2.6157081e-02
   1.1889552e-02
   5.7543229e-02
   5.4244030e-02
   3.0497730e-02
   4.1143228e-03
   6.8724029e-02
   5.8936682e-02
   2.1971175e-02
   3.3667959e-02
   9.6755683e-02
   8.4752627e-02
   1.8666122e-02
   3.9929900e-02
   6.8775073e-02
   6.5031648e-02
   2.0454558e-02
   1.0071708e-02
   3.5394568e-02
   3.7914265e-02
   2.9928690e-02
   4.1978112e-03
   5.2827552e-02
   4.6237875e-02
   2.1887092e-02
   2.2370886e-02
   6.5035321e-02
   6.0936555e-02
   1.8514676e-02
   2.9556060e-02
   5.1754806e-02
   5.1566295e-02
   2.0082692e-02
   9.2667351e-03
   2.0949470e-02
   2.5828125e-02
   3.1525154e-02
   4.3279198e-03
   3.7065063e-02
   3.4941074e-02
   2.3475973e-02
   1.4575538e-02
   4.0757962e-02
   4.1130107e-02
   1.9752877e-02
   2.1077486e-02
   3.6409568e-02
   3.9601449e-02
   2.1980068e-02
   9.4890334e-03
   2.0708783e-02
   3.9321009e-02
   3.2733072e-02
   5.3880122e-03
   3.4714527e-02
   4.9927343e-02
   2.8621737e-02
   1.4626340e-02
   4.0556401e-02
   4.8952676e-02
   3.1651311e-02
   2.1643722e-02
   3.8692392e-02
   4.9830962e-02
   3.7861738e-02
   1.3744581e-02
   3.5133626e-02
   5.1295750e-02
   3.3995260e-02
   1.4912711e-02
   5.5729438e-02
   6.7798838e-02
   2.8815528e-02
   2.9238679e-02
   6.3166022e-02
   6.3743643e-02
   3.2584663e-02
   3.3814169e-02
   5.7906307e-02
   6.6423550e-02
   3.9853618e-02
   1.8265566e-02
   3.5932571e-02
   2.7608378e-02
   3.2985833e-02
   2.4903107e-02
   4.8603199e-02
   3.7305430e-02
   2.3980999e-02
   4.3953221e-02
   5.3913839e-02
   4.1533120e-02
   2.1097800e-02
   4.1713689e-02
   4.9483195e-02
   4.4718344e-02
   2.3930939e-02
   1.1819067e-02
   2.2329859e-02
   2.4073226e-02
   3.1816050e-02
   9.4214659e-03
   3.6923233e-02
   3.4806058e-02
   2.2801902e-02
   2.2622600e-02
   4.5759086e-02
   4.1239068e-02
   1.9347915e-02
   3.0208440e-02
   4.2693544e-02
   4.2138930e-02
   2.1557301e-02
   9.9594481e-03
   3.3223905e-02
   3.6374893e-02
   3.0957377e-02
   4.2603882e-03
   5.2338075e-02
   4.6206325e-02
   2.2261361e-02
   2.2846751e-02
   6.6914581e-02
   5.8039501e-02
   1.8861115e-02
   3.3367813e-02
   5.5074565e-02
   5.2307934e-02
   2.0608751e-02
   9.3641197e-03
   5.3971544e-02
   4.5965478e-02
   2.0845547e-02
   3.2886460e-03
   6.4134255e-02
   5.5958267e-02
   1.5360967e-02
   3.0995056e-02
   7.7097729e-02
   6.9137625e-02
   1.3248434e-02
   3.0176241e-02
   5.1042765e-02
   5.2106444e-02
   1.4521391e-02
   7.5621572e-03
   3.1291604e-02
   2.9894758e-02
   2.0863615e-02
   3.3002205e-03
   5.1814698e-02
   4.5785412e-02
   1.5384107e-02
   1.9871617e-02
   5.2435711e-02
   5.1827993e-02
   1.3150904e-02
   2.3931036e-02
   4.2462278e-02
   4.4660002e-02
   1.3957639e-02
   6.6868202e-03
   1.7199554e-02
   2.3397924e-02
   2.1424724e-02
   3.2195330e-03
   3.4533679e-02
   3.1488664e-02
   1.6039887e-02
   1.1939300e-02
   3.5802662e-02
   3.6155343e-02
   1.4778232e-02
   1.7703814e-02
   3.0444155e-02
   3.3901058e-02
   1.6533878e-02
   6.6645113e-03
   2.0202016e-02
   4.9894795e-02
   2.2630142e-02
   4.4745654e-03
   3.0332649e-02
   5.8613908e-02
   2.2772770e-02
   1.1191744e-02
   3.1439483e-02
   4.7285665e-02
   3.3308245e-02
   1.7663907e-02
   2.9485047e-02
   4.2068716e-02
   4.2605821e-02
   1.2606787e-02
   4.7942374e-02
   7.1575478e-02
   2.2441529e-02
   1.8081622e-02
   7.4121609e-02
   9.3575306e-02
   2.3071665e-02
   3.3603679e-02
   6.3123733e-02
   7.2801225e-02
   3.3888545e-02
   3.1628672e-02
   5.2798182e-02
   6.2773637e-02
   4.5415796e-02
   1.8688351e-02
   4.6564460e-02
   3.0237081e-02
   2.1187019e-02
   3.2417189e-02
   6.0523350e-02
   3.5367422e-02
   1.6177678e-02
   5.6201529e-02
   4.9189813e-02
   3.3698287e-02
   1.5431745e-02
   4.3053716e-02
   3.9323479e-02
   3.3169840e-02
   1.8112142e-02
   1.0344651e-02
   2.0747997e-02
   1.9260669e-02
   2.0800335e-02
   1.1062452e-02
   2.9782625e-02
   2.7278071e-02
   1.5164678e-02
   2.2777766e-02
   3.5343975e-02
   3.3124607e-02
   1.3446555e-02
   2.3698028e-02
   3.1132720e-02
   3.3738129e-02
   1.4396146e-02
   7.5952187e-03
   2.7977785e-02
   2.7728872e-02
   2.0731730e-02
   3.3998133e-03
   4.7904439e-02
   4.4582631e-02
   1.4995433e-02
   1.9162517e-02
   5.1179443e-02
   4.4974390e-02
   1.2988388e-02
   2.4394691e-02
   4.1524846e-02
   4.4469003e-02
   1.3944510e-02
