   9.3408059e-03
   7.7237384e-03
   5.3756563e-03
   2.6851466e-02
   8.8986056e-03
   6.9211717e-03
   5.0587519e-03
   2.3443339e-02
   9.0805972e-03
   6.6969828e-03
   5.1009799e-03
   2.2919016e-02
   7.6563964e-03
   8.4024025e-03
   1.2313994e-02
   1.7385926e-02
   8.6747548e-03
   6.8573114e-03
   4.8391391e-03
   2.5359528e-02
   8.2792705e-03
   6.5983804e-03
   4.5150607e-03
   2.2301147e-02
   8.5248072e-03
   6.4599891e-03
   4.8124981e-03
   2.1943238e-02
   6.1932798e-03
   7.2191735e-03
   9.7461315e-03
   1.6085627e-02
   8.7754438e-03
   6.8525258e-03
   4.8652692e-03
   2.5889521e-02
   8.3562518e-03
   6.6690031e-03
   4.5351298e-03
   2.2894360e-02
   8.6526703e-03
   6.4883893e-03
   4.8397961e-03
   2.2333765e-02
   5.9764432e-03
   5.2585592e-03
   8.9058727e-03
   1.8380122e-02
   9.9673765e-03
   7.4899103e-03
   5.5763861e-03
   2.9749112e-02
   9.4790747e-03
   7.2291456e-03
   5.9697032e-03
   2.5815142e-02
   9.8359268e-03
   7.0922202e-03
   6.3193101e-03
   2.5125057e-02
   8.2930401e-03
   5.8549489e-03
   1.0996123e-02
   2.4375580e-02
   1.1339439e-02
   7.9211248e-03
   7.3433793e-03
   3.4956399e-02
   1.1041750e-02
   7.5976271e-03
   9.2641376e-03
   2.9086309e-02
   1.1312471e-02
   7.5473632e-03
   9.3385987e-03
   2.7976539e-02
   1.2569409e-02
   6.7309691e-03
   1.3850369e-02
   2.7220761e-02
   9.8807737e-03
   7.5879223e-03
   6.4380798e-03
   3.0140422e-02
   9.4456291e-03
   7.3257498e-03
   6.5978509e-03
   2.6001938e-02
   9.9097881e-03
   7.2244308e-03
   6.7161829e-03
   2.5306182e-02
   8.4757116e-03
   5.7890238e-03
   1.0644637e-02
   2.1121625e-02
   8.7548727e-03
   6.9553428e-03
   5.1703225e-03
   2.5968637e-02
   8.3673783e-03
   6.7605069e-03
   4.7069066e-03
   2.3047797e-02
   8.7080812e-03
   6.5531489e-03
   4.8708338e-03
   2.2493858e-02
   6.2756119e-03
   5.2026771e-03
   8.3553446e-03
   1.6196158e-02
   8.6255781e-03
   6.9101672e-03
   5.0011035e-03
   2.5463019e-02
   8.3703715e-03
   6.6182995e-03
   4.6101855e-03
   2.2383956e-02
   8.5534099e-03
   6.4314818e-03
   4.7861421e-03
   2.1828938e-02
   6.5479837e-03
   6.5507512e-03
   9.1204615e-03
   1.6358955e-02
   1.0284627e-02
   9.1021555e-03
   6.3168844e-03
   2.7515138e-02
   1.0147144e-02
   8.1664165e-03
   6.1574555e-03
   2.4506068e-02
   1.0087665e-02
   7.8158807e-03
   6.0748630e-03
   2.3861939e-02
   9.1229938e-03
   1.0316521e-02
   1.5544196e-02
   2.2930276e-02
   9.7439159e-03
   8.0548944e-03
   5.7170289e-03
   2.6622033e-02
   9.5265824e-03
   7.9266271e-03
   5.2916058e-03
   2.3883400e-02
   9.5994165e-03
   7.6868362e-03
   5.7352805e-03
   2.3485651e-02
   7.2756791e-03
   8.3227670e-03
   1.1926077e-02
   2.2145070e-02
   9.7426260e-03
   7.9332311e-03
   5.6440150e-03
   2.7196148e-02
   9.4571030e-03
   7.9388004e-03
   5.2578412e-03
   2.4599910e-02
   9.6301194e-03
   7.8104534e-03
   5.6390218e-03
   2.3982903e-02
   6.6807806e-03
   6.0731499e-03
   1.0714029e-02
   2.6315335e-02
   1.0509633e-02
   8.3175860e-03
   6.2130522e-03
   3.0198151e-02
   1.0147649e-02
   8.2407100e-03
   6.8641114e-03
   2.6674245e-02
   1.0467787e-02
   8.2575334e-03
   7.1725668e-03
   2.5972281e-02
   9.8665310e-03
   6.8083527e-03
   1.4195737e-02
   3.3761382e-02
   1.1688271e-02
   8.7063806e-03
   8.0548637e-03
   3.4762118e-02
   1.1609151e-02
   8.7379720e-03
   1.0887644e-02
   2.9007103e-02
   1.1782316e-02
   8.7654116e-03
   1.0954371e-02
   2.7950704e-02
   1.6052071e-02
   8.2757948e-03
   1.8634982e-02
   3.6037698e-02
   1.0349603e-02
   8.4473537e-03
   7.2062640e-03
   3.0935306e-02
   1.0187794e-02
   8.5481564e-03
   7.7695567e-03
   2.7214350e-02
   1.0575972e-02
   8.3798151e-03
   7.8661144e-03
   2.6058288e-02
   1.0054430e-02
   6.8542226e-03
   1.3196493e-02
   2.8259151e-02
   9.6774651e-03
   8.0764368e-03
   6.1112200e-03
   2.7755536e-02
   9.4007719e-03
   8.1649832e-03
   5.6130569e-03
   2.5266280e-02
   9.6855694e-03
   7.9085380e-03
   5.7370947e-03
   2.4363693e-02
   7.1851755e-03
   6.1519560e-03
   9.8311435e-03
   2.1877991e-02
   9.6744299e-03
   8.1392266e-03
   5.9481706e-03
   2.7085353e-02
   9.6572870e-03
   8.0371918e-03
   5.5253250e-03
   2.4284337e-02
   9.6346978e-03
   7.7351788e-03
   5.7470486e-03
   2.3567682e-02
   7.5852261e-03
   7.6697678e-03
   1.0842869e-02
   2.1168102e-02
   8.4419921e-03
   8.1745237e-03
   5.7994765e-03
   2.3665670e-02
   9.1559878e-03
   7.9738889e-03
   5.7777469e-03
   2.1977229e-02
   8.4091369e-03
   7.6073813e-03
   5.8944318e-03
   2.1011278e-02
   9.3780886e-03
   1.2688702e-02
   2.1221738e-02
   2.6976179e-02
   8.2076732e-03
   7.3994058e-03
   5.2097663e-03
   2.3106528e-02
   8.3049629e-03
   7.6466673e-03
   5.0632465e-03
   2.1562111e-02
   8.0945622e-03
   7.5253323e-03
   5.5489503e-03
   2.0997986e-02
   6.9396305e-03
   9.3452008e-03
   1.4670776e-02
   2.5339453e-02
   8.0897771e-03
   7.1711596e-03
   5.1767211e-03
   2.3424271e-02
   8.0400202e-03
   7.5148633e-03
   5.0391513e-03
   2.2090182e-02
   8.1952438e-03
   7.5309030e-03
   5.4818313e-03
   2.1851053e-02
   6.0048760e-03
   6.1220792e-03
   1.1663657e-02
   2.7819224e-02
   8.6781345e-03
   7.2433548e-03
   5.6697559e-03
   2.6544666e-02
   8.5663721e-03
   7.6428796e-03
   7.0139128e-03
   2.3595203e-02
   8.7717474e-03
   7.7541852e-03
   7.2274297e-03
   2.3166114e-02
   1.0559819e-02
   7.2159693e-03
   1.6895199e-02
   3.2004960e-02
   9.7660748e-03
   7.3416689e-03
   7.7425507e-03
   3.2223016e-02
   9.8679941e-03
   8.1850067e-03
   1.2157317e-02
   2.5783742e-02
   1.0078390e-02
   8.2807234e-03
   1.2441225e-02
   2.4633130e-02
   1.9430010e-02
   9.6457843e-03
   2.2978321e-02
   3.2755133e-02
   8.4804902e-03
   7.4495273e-03
   6.7875329e-03
   2.8163366e-02
   8.4962314e-03
   8.1845960e-03
   8.1813661e-03
   2.4205236e-02
   8.8800164e-03
   8.0453670e-03
   8.4577268e-03
   2.3241963e-02
   1.0931959e-02
   7.2923335e-03
   1.4871062e-02
   2.7845947e-02
   8.0596823e-03
   7.3813815e-03
   5.6792195e-03
   2.4915492e-02
   8.1069795e-03
   8.0011245e-03
   5.4974435e-03
   2.2992870e-02
   8.1961751e-03
   7.6710270e-03
   5.7157325e-03
   2.1891352e-02
   6.7190379e-03
   6.2063285e-03
   1.0496672e-02
   2.3750721e-02
   7.9909982e-03
   7.3128790e-03
   5.5927136e-03
   2.3851918e-02
   8.6056199e-03
   8.0077201e-03
   5.3668772e-03
   2.2343148e-02
   8.1992317e-03
   7.6347184e-03
   5.7039117e-03
   2.1242712e-02
   7.3144594e-03
   8.4352903e-03
   1.2733639e-02
   2.3796143e-02
   6.0534249e-03
   6.1427578e-03
   4.4963374e-03
   1.8778177e-02
   7.2847558e-03
   6.8611107e-03
   4.5776390e-03
   1.7906936e-02
   6.1264317e-03
   6.4693927e-03
   4.9867034e-03
   1.6850041e-02
   1.0271119e-02
   1.6571518e-02
   3.0903164e-02
   2.7471598e-02
   5.9088315e-03
   5.8923503e-03
   4.0558940e-03
   1.7759927e-02
   6.1039715e-03
   6.6254153e-03
   4.2745485e-03
   1.7494807e-02
   5.9385090e-03
   6.6043427e-03
   4.8747049e-03
   1.6238350e-02
   6.8587479e-03
   1.1137180e-02
   1.9339515e-02
   2.2934547e-02
   6.0406225e-03
   5.9808209e-03
   4.2834193e-03
   1.8271508e-02
   5.7930686e-03
   6.3440194e-03
   4.3354738e-03
   1.6964892e-02
   6.2459311e-03
   6.6090166e-03
   4.7207107e-03
   1.7234152e-02
   5.4343832e-03
   6.3247345e-03
   1.2442579e-02
   2.2686910e-02
   6.8943845e-03
   5.9095756e-03
   5.1191719e-03
   2.1542668e-02
   6.5328288e-03
   6.4520664e-03
   7.6362691e-03
   1.8170632e-02
   6.9356742e-03
   6.7142914e-03
   7.8332070e-03
   1.8029705e-02
   1.1952685e-02
   8.0887694e-03
   1.8644158e-02
   2.5140472e-02
   8.2501695e-03
   6.0047340e-03
   7.9309745e-03
   3.0521138e-02
   8.2877958e-03
   7.3148906e-03
   1.5373001e-02
   2.1677649e-02
   8.5238274e-03
   7.3510255e-03
   1.6004216e-02
   1.9838942e-02
   2.4402836e-02
   1.1729396e-02
   2.5752874e-02
   2.5913266e-02
   6.5783858e-03
   6.0998625e-03
   6.3970033e-03
   2.4361966e-02
   6.6148178e-03
   7.5019151e-03
   9.2241643e-03
   1.9429082e-02
   6.9105118e-03
   7.2432482e-03
   9.7909449e-03
   1.9002011e-02
   1.2353880e-02
   8.0496706e-03
   1.6279295e-02
   2.2348955e-02
   6.0928999e-03
   5.9375521e-03
   4.6779984e-03
   1.9121354e-02
   6.1415685e-03
   7.1350713e-03
   4.8965979e-03
   1.8483724e-02
   6.1047059e-03
   7.0566125e-03
   5.2018780e-03
   1.7282542e-02
   6.2687262e-03
   6.1712409e-03
   1.1016630e-02
   2.0049609e-02
   6.0804887e-03
   5.5957516e-03
   4.4889459e-03
   1.8658873e-02
   6.7713335e-03
   7.0210635e-03
   4.5430926e-03
   1.7564334e-02
   5.9622014e-03
   6.7325262e-03
   5.1589799e-03
   1.6704192e-02
   7.1993377e-03
   9.7501241e-03
   1.6044073e-02
   2.1411853e-02
