   2.4867112e-02
   2.2629755e-02
   5.2988656e-02
   1.8567825e-02
   3.7532445e-02
   2.7796876e-02
   6.7267351e-02
   1.6212715e-02
   3.0368783e-02
   5.3859979e-02
   5.9156094e-02
   1.8972708e-02
   3.2162361e-02
   3.0545941e-02
   4.0824130e-02
   2.1777483e-02
   1.9771464e-02
   4.6646126e-02
   4.9689863e-02
   1.7557688e-02
   3.5697389e-02
   2.6672130e-02
   6.1854929e-02
   1.6571647e-02
   2.8939988e-02
   4.6868835e-02
   5.3692333e-02
   1.8520303e-02
   3.3486620e-02
   2.9587507e-02
   3.5991937e-02
   2.2523917e-02
   2.9504299e-02
   5.0134547e-02
   4.7645643e-02
   1.8594194e-02
   6.5167703e-02
   3.0325407e-02
   5.8022436e-02
   1.6721297e-02
   6.9900319e-02
   5.3460211e-02
   4.9454283e-02
   1.9277468e-02
   7.7948637e-02
   4.8427369e-02
   3.6501374e-02
   2.3869267e-02
   8.4900625e-02
   4.3049663e-02
   4.4439208e-02
   1.9168751e-02
   1.7165925e-01
   3.9294049e-02
   6.2666193e-02
   1.6188590e-02
   1.4956772e-01
   1.0396770e-01
   6.0369924e-02
   2.0168807e-02
   1.0464896e-01
   1.1298945e-01
   4.6828493e-02
   2.4239115e-02
   5.5291589e-02
   4.8140541e-02
   5.2925177e-02
   2.8280690e-02
   1.0939335e-01
   3.7893455e-02
   6.3328996e-02
   2.1868268e-02
   7.1636729e-02
   9.3890734e-02
   7.6966874e-02
   2.1346036e-02
   4.7388390e-02
   8.2515739e-02
   7.7647492e-02
   2.5302788e-02
   1.8711729e-02
   3.4571849e-02
   4.9144063e-02
   2.7516635e-02
   3.7956212e-02
   2.8826304e-02
   5.8060277e-02
   2.3066612e-02
   2.7926598e-02
   5.5985011e-02
   5.3122181e-02
   2.1752292e-02
   3.4187585e-02
   3.8852654e-02
   6.0457088e-02
   2.8768323e-02
   1.8569110e-02
   5.0577343e-02
   5.0443623e-02
   1.8250680e-02
   3.9291956e-02
   2.8757077e-02
   5.8698833e-02
   1.5631240e-02
   2.8562171e-02
   5.0562307e-02
   4.7362212e-02
   1.9368798e-02
   3.2198697e-02
   3.6374845e-02
   3.6831323e-02
   2.4294771e-02
   2.0532895e-02
   3.6559198e-02
   5.1978007e-02
   1.8467246e-02
   3.8130049e-02
   2.9602334e-02
   6.5703705e-02
   1.5817991e-02
   3.0345233e-02
   5.2408990e-02
   5.1802993e-02
   1.9395374e-02
   3.1539474e-02
   3.0288652e-02
   3.4263667e-02
   2.1769244e-02
   2.3751575e-02
   2.5458310e-02
   4.5519687e-02
   1.4261304e-02
   3.4796536e-02
   2.5260817e-02
   6.0063623e-02
   1.0647191e-02
   2.7647793e-02
   4.7612801e-02
   5.3602472e-02
   1.2240256e-02
   3.6604855e-02
   3.0401491e-02
   3.6233112e-02
   1.7976128e-02
   1.7063113e-02
   4.5480818e-02
   4.3876208e-02
   1.2403881e-02
   3.6926243e-02
   2.4888499e-02
   5.3853996e-02
   9.7202081e-03
   3.2649115e-02
   4.7175765e-02
   4.6036880e-02
   1.3115243e-02
   4.5781821e-02
   2.9517440e-02
   3.2974392e-02
   1.8460326e-02
   4.1391101e-02
   4.7369447e-02
   4.0093813e-02
   1.1873089e-02
   9.5336169e-02
   2.9414559e-02
   5.5274602e-02
   9.9045010e-03
   1.1821668e-01
   5.0030705e-02
   4.1530680e-02
   1.3254724e-02
   1.3137817e-01
   5.6998476e-02
   3.2383215e-02
   1.9768642e-02
   1.2351263e-01
   4.0530607e-02
   3.7481405e-02
   1.3894317e-02
   2.3020801e-01
   3.9368346e-02
   7.1236469e-02
   1.1298086e-02
   2.5471979e-01
   8.4489472e-02
   6.5825135e-02
   1.5263047e-02
   1.8559815e-01
   1.3258930e-01
   4.0820714e-02
   1.8852806e-02
   7.6689042e-02
   4.4047635e-02
   4.3083705e-02
   3.3598498e-02
   1.3858300e-01
   4.0695477e-02
   7.0215300e-02
   2.3636783e-02
   1.1427395e-01
   7.3265530e-02
   9.1237612e-02
   1.7813889e-02
   7.8951508e-02
   8.7215491e-02
   7.9701945e-02
   1.9246520e-02
   1.9848101e-02
   3.1814698e-02
   4.1438643e-02
   3.3942312e-02
   4.7649428e-02
   2.4620820e-02
   5.5977937e-02
   2.6041260e-02
   3.3053227e-02
   4.6764817e-02
   5.0027158e-02
   1.6870972e-02
   4.0840808e-02
   4.2610243e-02
   6.9897622e-02
   2.1410124e-02
   1.2534740e-02
   4.7076076e-02
   4.3540332e-02
   1.5253911e-02
   3.1156935e-02
   2.3693651e-02
   5.2693460e-02
   1.1777988e-02
   2.6327915e-02
   4.1775510e-02
   4.0640119e-02
   1.3210337e-02
   3.6984462e-02
   4.0183600e-02
   4.1906986e-02
   1.7255001e-02
   1.5850734e-02
   3.7490051e-02
   4.3768365e-02
   1.3605925e-02
   3.0661345e-02
   2.4024338e-02
   6.1985619e-02
   1.0290316e-02
   2.4821704e-02
   4.2966746e-02
   4.7519110e-02
   1.2000192e-02
   3.4631941e-02
   3.0504795e-02
   3.1014245e-02
   1.7813785e-02
   3.9190009e-02
   2.6806412e-02
   4.6128590e-02
   1.9670570e-02
   4.7511887e-02
   2.6971085e-02
   7.1405388e-02
   9.1998717e-03
   4.2340357e-02
   4.2056333e-02
   6.3185714e-02
   9.2447009e-03
   6.1436743e-02
   3.2218449e-02
   4.4688489e-02
   1.5673188e-02
   2.8308690e-02
   2.5196260e-02
   4.1640192e-02
   1.4545107e-02
   5.6099523e-02
   2.7092637e-02
   6.4891495e-02
   9.0149501e-03
   5.3208902e-02
   4.2391803e-02
   4.8369896e-02
   8.6964453e-03
   7.9005808e-02
   3.2664228e-02
   3.6738168e-02
   1.4660009e-02
   5.2659485e-02
   2.8520521e-02
   3.9647192e-02
   1.3611900e-02
   1.2671676e-01
   3.2673717e-02
   6.0056373e-02
   8.9821629e-03
   1.6973841e-01
   4.3613918e-02
   3.8633227e-02
   9.9510252e-03
   2.1567686e-01
   3.8529485e-02
   3.3976600e-02
   1.5136737e-02
   1.4226842e-01
   3.2118056e-02
   4.1563783e-02
   1.8066091e-02
   2.7883962e-01
   4.6502233e-02
   8.6394362e-02
   1.1375344e-02
   3.1738400e-01
   6.8714321e-02
   7.5966500e-02
   1.3829825e-02
   2.8831965e-01
   6.7567408e-02
   4.3161098e-02
   1.5039084e-02
   8.5711114e-02
   3.0489407e-02
   5.3270303e-02
   5.5385210e-02
   1.5327841e-01
   4.7638696e-02
   8.3222270e-02
   3.5095312e-02
   1.2252709e-01
   6.2217809e-02
   9.1245197e-02
   1.8184241e-02
   1.1471210e-01
   6.0356356e-02
   1.0744656e-01
   1.6441396e-02
   3.0976029e-02
   2.7228629e-02
   4.8254147e-02
   5.4522749e-02
   6.9304101e-02
   2.5292978e-02
   6.7735001e-02
   3.8331106e-02
   5.2606184e-02
   3.9058987e-02
   5.3299066e-02
   1.4368035e-02
   7.0754461e-02
   4.2502332e-02
   1.0620357e-01
   1.3943612e-02
   1.9788284e-02
   3.0609157e-02
   4.3673750e-02
   1.9980974e-02
   4.6159204e-02
   2.5347782e-02
   6.3996442e-02
   1.0689358e-02
   4.3437343e-02
   3.8617190e-02
   3.8213674e-02
   9.8176580e-03
   6.6831350e-02
   4.7460850e-02
   5.9293047e-02
   1.3235924e-02
   2.6361644e-02
   2.5531534e-02
   4.2213123e-02
   1.5956718e-02
   4.0300265e-02
   2.7629349e-02
   7.2653003e-02
   8.5775210e-03
   3.7723497e-02
   4.4769883e-02
   5.3534381e-02
   8.8190520e-03
   5.6465402e-02
   3.4850050e-02
   4.0899768e-02
   1.3920930e-02
   6.7766853e-02
   3.8929842e-02
   5.5583335e-02
   2.9856641e-02
   6.5239429e-02
   2.3062240e-02
   9.4484776e-02
   1.2248179e-02
   4.8922896e-02
   3.9318960e-02
   8.2542725e-02
   1.1201002e-02
   7.6323159e-02
   2.6691090e-02
   5.5283252e-02
   8.5458718e-03
   5.2204512e-02
   2.2002952e-02
   4.5197938e-02
   1.9816041e-02
   5.8992475e-02
   2.3969974e-02
   5.9395954e-02
   1.0822764e-02
   6.1434217e-02
   3.2850739e-02
   5.8478564e-02
   1.0110455e-02
   8.8397607e-02
   3.6142126e-02
   4.3481275e-02
   8.2924692e-03
   5.7362549e-02
   2.6735274e-02
   5.4298591e-02
   2.2580344e-02
   7.4380219e-02
   2.8632984e-02
   4.9403835e-02
   1.0776842e-02
   1.1282606e-01
   3.9154049e-02
   4.7615435e-02
   1.0053524e-02
   1.7023599e-01
   4.2409755e-02
   4.3350264e-02
   1.0667748e-02
   8.5128695e-02
   3.4855224e-02
   6.4310968e-02
   2.6731856e-02
   1.1052333e-01
   6.7709640e-02
   5.9494361e-02
   2.0122515e-02
   1.3601828e-01
   8.9011692e-02
   7.4348383e-02
   1.7067410e-02
   1.6610488e-01
   9.1371685e-02
   4.0343501e-02
   1.4068894e-02
   6.7136571e-02
   2.6060434e-02
   8.1590205e-02
   6.9333732e-02
   7.2960839e-02
   7.2863244e-02
   8.5454993e-02
   5.6255378e-02
   5.6924731e-02
   9.1813803e-02
   8.4565192e-02
   2.4222301e-02
   8.6156800e-02
   8.0780655e-02
   9.1640286e-02
   2.1121472e-02
   4.5187723e-02
   3.2706141e-02
   6.9317058e-02
   7.4546531e-02
   7.4169584e-02
   3.8798619e-02
   8.5980900e-02
   5.4305330e-02
   6.6377617e-02
   5.6142744e-02
   6.4730175e-02
   1.8248804e-02
   8.1609800e-02
   5.0102115e-02
   1.0835581e-01
   1.5038445e-02
   3.5172310e-02
   2.1621093e-02
   7.3004328e-02
   3.4549031e-02
   5.8652267e-02
   3.6124948e-02
   8.3512112e-02
   1.4246063e-02
   5.6153126e-02
   4.7149993e-02
   4.2995382e-02
   1.0686562e-02
   9.5723204e-02
   4.9835950e-02
   7.9629660e-02
   9.8262252e-03
   5.0088637e-02
   2.5805978e-02
   5.4937914e-02
   2.8389120e-02
   5.4676604e-02
   3.8106367e-02
   1.0536028e-01
   1.1511917e-02
   5.7775714e-02
   5.3612549e-02
   5.6153450e-02
   1.0891677e-02
   7.2138153e-02
   3.2036133e-02
   5.6585923e-02
   1.0200095e-02
