   1.3159772e-02
   6.3108630e-03
   1.2249579e-02
   2.8626261e-02
   8.3197728e-03
   1.3181525e-02
   1.8056732e-02
   2.9137123e-02
   7.9987356e-03
   1.4281039e-02
   1.7148769e-02
   2.8546479e-02
   1.4251988e-02
   4.0055788e-03
   1.1725557e-02
   2.7275348e-02
   1.3029292e-02
   5.5464860e-03
   1.0545942e-02
   2.6993830e-02
   8.0294684e-03
   1.1958415e-02
   1.5326449e-02
   2.7656915e-02
   7.5919772e-03
   1.1539139e-02
   1.4647227e-02
   2.9285256e-02
   1.3265414e-02
   3.0364443e-03
   1.0391631e-02
   2.7849058e-02
   1.4567059e-02
   5.1936489e-03
   9.9069811e-03
   2.8678130e-02
   7.8668967e-03
   1.2502670e-02
   1.5666228e-02
   3.0627884e-02
   7.8801978e-03
   1.1198270e-02
   1.5092026e-02
   3.3775188e-02
   1.3317867e-02
   3.4045868e-03
   1.1053785e-02
   3.5054509e-02
   1.4406927e-02
   4.0100846e-03
   1.1063606e-02
   3.8444664e-02
   1.0247611e-02
   1.5816599e-02
   1.9484278e-02
   4.2935923e-02
   1.0227622e-02
   1.3384527e-02
   1.8628735e-02
   4.5461994e-02
   1.4778839e-02
   3.4605647e-03
   1.3900203e-02
   4.4840932e-02
   1.4932320e-02
   3.8500640e-03
   1.4382714e-02
   5.1895671e-02
   1.3229554e-02
   2.0769214e-02
   2.5042007e-02
   5.6938738e-02
   1.2964047e-02
   1.6734896e-02
   2.2300329e-02
   5.3918310e-02
   1.6258338e-02
   3.5631848e-03
   1.5437886e-02
   4.6459336e-02
   1.3547337e-02
   3.7803878e-03
   1.3338618e-02
   4.9808919e-02
   9.7926110e-03
   1.5068508e-02
   1.9495206e-02
   5.0180495e-02
   9.6178427e-03
   1.3225441e-02
   1.7202500e-02
   4.3467864e-02
   1.5200877e-02
   3.9823349e-03
   1.1632196e-02
   3.5107452e-02
   1.2256312e-02
   4.1074008e-03
   1.1287084e-02
   3.9211612e-02
   7.7998219e-03
   1.2269643e-02
   1.6044818e-02
   3.6906574e-02
   8.0356486e-03
   1.1343600e-02
   1.4412715e-02
   3.1946726e-02
   1.3708147e-02
   4.4683423e-03
   1.0157058e-02
   2.6963476e-02
   1.2268760e-02
   4.7441828e-03
   1.0439801e-02
   3.0291334e-02
   7.6951156e-03
   1.2109328e-02
   1.6222309e-02
   3.0738661e-02
   7.8860763e-03
   1.1651600e-02
   1.4808245e-02
   2.8080381e-02
   1.3214125e-02
   3.7542998e-03
   1.0267196e-02
   2.5696985e-02
   1.4000081e-02
   7.3393299e-03
   1.4595537e-02
   3.7285801e-02
   9.5283566e-03
   1.7471245e-02
   2.5718374e-02
   4.4030283e-02
   8.9207720e-03
   1.9047894e-02
   2.2786230e-02
   4.4212755e-02
   1.5066793e-02
   4.3348628e-03
   1.3571622e-02
   3.5480622e-02
   1.4966387e-02
   6.4038099e-03
   1.2397817e-02
   3.4941085e-02
   9.5046638e-03
   1.5415930e-02
   2.0238254e-02
   4.1537698e-02
   8.6016236e-03
   1.4752629e-02
   1.8905925e-02
   4.7200318e-02
   1.4343209e-02
   3.4366318e-03
   1.2166633e-02
   3.8335133e-02
   1.7671391e-02
   6.0432549e-03
   1.1598190e-02
   3.7888627e-02
   8.9042755e-03
   1.5822841e-02
   1.9943405e-02
   4.6002787e-02
   8.7804087e-03
   1.3921138e-02
   1.9245489e-02
   5.2977372e-02
   1.4261257e-02
   3.7925642e-03
   1.2947894e-02
   5.0446562e-02
   1.5323657e-02
   4.6613836e-03
   1.2671555e-02
   4.8932053e-02
   1.1919502e-02
   2.1173483e-02
   2.4673689e-02
   5.9742540e-02
   1.1992099e-02
   1.7329687e-02
   2.3725566e-02
   6.4219065e-02
   1.5024952e-02
   3.8313621e-03
   1.6119109e-02
   6.1329681e-02
   1.4893336e-02
   4.4214032e-03
   1.6381690e-02
   6.5334328e-02
   1.6223704e-02
   2.9741872e-02
   3.2311957e-02
   7.5148709e-02
   1.5998235e-02
   2.3103882e-02
   2.8523343e-02
   7.3000029e-02
   1.6064040e-02
   3.9276136e-03
   1.7122284e-02
   5.9713393e-02
   1.3906211e-02
   4.3626311e-03
   1.6018068e-02
   6.6492952e-02
   1.1140321e-02
   1.9607076e-02
   2.4802784e-02
   6.9641463e-02
   1.0942047e-02
   1.7034620e-02
   2.1586824e-02
   6.1878804e-02
   1.5657844e-02
   4.3452810e-03
   1.2902528e-02
   4.5716219e-02
   1.3268004e-02
   4.7663315e-03
   1.4011119e-02
   5.6488831e-02
   8.7395823e-03
   1.5336388e-02
   2.0510131e-02
   5.6374956e-02
   9.3913255e-03
   1.4185717e-02
   1.8080121e-02
   4.8962109e-02
   1.4835325e-02
   4.8258896e-03
   1.1654875e-02
   3.5741542e-02
   1.3381635e-02
   5.5360771e-03
   1.2743034e-02
   4.2430263e-02
   8.6712604e-03
   1.5549358e-02
   2.1925788e-02
   4.8296794e-02
   9.3598189e-03
   1.5154098e-02
   1.9086959e-02
   4.3543115e-02
   1.4332936e-02
   4.1366997e-03
   1.2025235e-02
   3.3496492e-02
   1.1550715e-02
   8.9736413e-03
   1.5896482e-02
   3.9013211e-02
   9.2546288e-03
   2.2450147e-02
   3.4649536e-02
   4.8642039e-02
   8.0738040e-03
   2.5150640e-02
   2.7605841e-02
   4.8212368e-02
   1.2011108e-02
   4.2288285e-03
   1.2854151e-02
   3.6491558e-02
   1.4675653e-02
   7.3858527e-03
   1.2945926e-02
   3.6776833e-02
   9.4776107e-03
   1.8305333e-02
   2.3861056e-02
   4.5616902e-02
   7.5188167e-03
   1.7751889e-02
   2.1609362e-02
   5.2680526e-02
   1.1714654e-02
   3.3090601e-03
   1.1864468e-02
   3.9246194e-02
   1.9552132e-02
   7.0950147e-03
   1.1647617e-02
   3.9349068e-02
   8.2051568e-03
   1.7740516e-02
   2.1798428e-02
   4.8351597e-02
   7.7160532e-03
   1.5372802e-02
   2.1757016e-02
   5.5116899e-02
   1.1537085e-02
   3.7110765e-03
   1.3338064e-02
   5.2546993e-02
   1.3791983e-02
   5.0344258e-03
   1.2430477e-02
   4.4917237e-02
   1.1341611e-02
   2.6245397e-02
   2.7191620e-02
   5.4804318e-02
   1.1527716e-02
   2.1043587e-02
   2.7512569e-02
   5.7926890e-02
   1.2057652e-02
   3.6869973e-03
   1.7446112e-02
   5.9707712e-02
   1.2077237e-02
   4.5729056e-03
   1.7109606e-02
   5.5349279e-02
   1.6445579e-02
   4.0294185e-02
   3.7898835e-02
   6.3363425e-02
   1.6481608e-02
   3.1081924e-02
   3.3500630e-02
   6.4085014e-02
   1.2585678e-02
   3.6896642e-03
   1.7391101e-02
   5.2553482e-02
   1.1243852e-02
   4.5034280e-03
   1.8155528e-02
   5.8845676e-02
   1.0429532e-02
   2.3571614e-02
   2.8086495e-02
   6.0485180e-02
   1.0500919e-02
   2.0198595e-02
   2.3680497e-02
   5.6766842e-02
   1.2903663e-02
   4.2746915e-03
   1.1981335e-02
   4.3529969e-02
   1.1001889e-02
   5.2273390e-03
   1.6179264e-02
   5.6369323e-02
   7.6592406e-03
   1.6978905e-02
   2.2393951e-02
   5.4419078e-02
   9.1975695e-03
   1.5706837e-02
   1.9563833e-02
   4.9718827e-02
   1.2663907e-02
   4.8891022e-03
   1.1174376e-02
   3.7048519e-02
   1.1160408e-02
   6.2934826e-03
   1.3819572e-02
   4.3635532e-02
   7.8153480e-03
   1.8701671e-02
   2.6460346e-02
   5.2481022e-02
   9.1847135e-03
   1.8141985e-02
   2.1672776e-02
   4.7619008e-02
   1.1738823e-02
   4.0990310e-03
   1.1516678e-02
   3.4722321e-02
   8.7450212e-03
   1.1461130e-02
   1.8084545e-02
   3.0751362e-02
   8.7812040e-03
   2.7258087e-02
   4.1506600e-02
   3.7432414e-02
   6.8705035e-03
   3.4464277e-02
   3.3329219e-02
   3.5785660e-02
   8.5226400e-03
   4.1045235e-03
   1.2014827e-02
   2.8876206e-02
   1.4828122e-02
   8.7822257e-03
   1.3672132e-02
   2.9069783e-02
   9.1756238e-03
   2.1143971e-02
   2.5803413e-02
   3.5588197e-02
   6.2395819e-03
   2.1723485e-02
   2.3327047e-02
   4.1777909e-02
   8.4519265e-03
   2.9647904e-03
   1.1440607e-02
   3.0913090e-02
   2.3629243e-02
   8.4861992e-03
   1.1087942e-02
   3.0228643e-02
   7.3949317e-03
   1.8583089e-02
   2.0945581e-02
   3.6674403e-02
   6.6287084e-03
   1.6025517e-02
   2.2735113e-02
   4.2326864e-02
   8.4193368e-03
   3.2216148e-03
   1.4264282e-02
   4.8770823e-02
   1.2876176e-02
   5.0906711e-03
   1.1694863e-02
   3.3251829e-02
   1.1091624e-02
   3.4040563e-02
   2.9811628e-02
   3.9593220e-02
   1.1223651e-02
   2.5669256e-02
   3.2350659e-02
   4.3519054e-02
   8.7579945e-03
   3.2251920e-03
   2.0411544e-02
   5.2885406e-02
   9.0417014e-03
   4.4479556e-03
   1.8678630e-02
   4.0860817e-02
   1.7201943e-02
   5.7844032e-02
   4.5247223e-02
   4.6181772e-02
   1.7460413e-02
   4.2232845e-02
   4.1955959e-02
   4.7695119e-02
   9.3914792e-03
   3.2786585e-03
   1.9699298e-02
   4.1653484e-02
   8.5427323e-03
   4.5642429e-03
   2.0979261e-02
   4.4762086e-02
   9.6470360e-03
   2.9402524e-02
   3.0481512e-02
   4.2496767e-02
   1.0024864e-02
   2.4540052e-02
   2.5660209e-02
   4.2001847e-02
   9.7412616e-03
   4.2143879e-03
   1.0951849e-02
   3.3815946e-02
   8.2736546e-03
   5.1699691e-03
   1.8711453e-02
   4.5983437e-02
   6.5114340e-03
   1.7788589e-02
   2.2835148e-02
   3.9194308e-02
   8.5054124e-03
   1.6531225e-02
   1.9185416e-02
   3.6167577e-02
   9.9345846e-03
   5.0765807e-03
   1.0121659e-02
   2.9933222e-02
   8.2453722e-03
   7.0572197e-03
   1.4853843e-02
   3.3880007e-02
   6.7755217e-03
   2.1864688e-02
   2.9812660e-02
   3.9839432e-02
   8.6056739e-03
   2.2513956e-02
   2.3778416e-02
   3.4424793e-02
   8.5201710e-03
   4.0931306e-03
   1.0424935e-02
   2.8402852e-02
