   3.0265564e-02
   1.2052745e-02
   1.9057836e-02
   4.2011306e-02
   1.9772647e-02
   3.9785174e-03
   1.1243485e-02
   3.4859516e-02
   1.9717563e-02
   6.6080349e-03
   1.0267243e-02
   4.0862337e-02
   3.1262908e-02
   1.5062507e-02
   1.4255845e-02
   5.6111511e-02
   2.9168902e-02
   1.1088127e-02
   1.8049071e-02
   4.2251695e-02
   1.9151192e-02
   3.7302978e-03
   1.0551243e-02
   3.3704326e-02
   1.9001277e-02
   6.2979795e-03
   9.6425237e-03
   3.9644614e-02
   3.0098079e-02
   1.4341806e-02
   1.3738275e-02
   5.4067545e-02
   2.9662868e-02
   1.1067405e-02
   1.8393073e-02
   4.6987642e-02
   1.9261634e-02
   3.7411798e-03
   1.0546082e-02
   3.5324514e-02
   1.9343730e-02
   6.3657407e-03
   9.6592773e-03
   4.0580913e-02
   3.0615609e-02
   1.4344324e-02
   1.4090978e-02
   5.5547535e-02
   3.2662354e-02
   1.2034006e-02
   2.1910675e-02
   5.7519451e-02
   2.1094238e-02
   4.1060895e-03
   1.3703555e-02
   4.0244192e-02
   2.1146538e-02
   6.9717085e-03
   1.2824890e-02
   4.4724777e-02
   3.3690896e-02
   1.5693380e-02
   1.7188760e-02
   6.1850537e-02
   3.5384040e-02
   1.2841001e-02
   2.4899282e-02
   6.1717723e-02
   2.2853814e-02
   4.4308398e-03
   1.6557507e-02
   4.1349374e-02
   2.2836614e-02
   7.5814528e-03
   1.5425146e-02
   4.7772177e-02
   3.6549453e-02
   1.7019356e-02
   1.9538337e-02
   6.7115679e-02
   3.3312164e-02
   1.2159706e-02
   2.0602698e-02
   5.5680756e-02
   2.1659480e-02
   4.3738633e-03
   1.2037107e-02
   3.7726302e-02
   2.1185432e-02
   7.2216270e-03
   1.1059936e-02
   4.4344932e-02
   3.3751689e-02
   1.5961917e-02
   1.5923580e-02
   6.1400272e-02
   3.0094260e-02
   1.1489755e-02
   1.8295256e-02
   4.6385143e-02
   1.9606980e-02
   3.9338451e-03
   1.0560706e-02
   3.4084935e-02
   1.9303164e-02
   6.5317885e-03
   9.5959697e-03
   4.0100802e-02
   3.0500468e-02
   1.4467294e-02
   1.3942409e-02
   5.5419829e-02
   2.9391142e-02
   1.1372573e-02
   1.8179785e-02
   4.2271834e-02
   1.9040013e-02
   3.8769690e-03
   1.0540592e-02
   3.3568271e-02
   1.9044803e-02
   6.3413805e-03
   9.6530207e-03
   3.9722070e-02
   3.0146260e-02
   1.4434705e-02
   1.3751117e-02
   5.4639973e-02
   2.7740024e-02
   1.1448349e-02
   1.8091219e-02
   4.5300297e-02
   1.8065037e-02
   3.8056446e-03
   1.1934542e-02
   3.3710331e-02
   1.8211989e-02
   6.4270380e-03
   1.0485319e-02
   3.7191935e-02
   2.8519925e-02
   1.4131749e-02
   1.3190112e-02
   5.0651122e-02
   2.7126243e-02
   1.0741498e-02
   1.7595848e-02
   4.6228629e-02
   1.7815510e-02
   3.7113726e-03
   1.0993446e-02
   3.3291504e-02
   1.7783485e-02
   6.2473691e-03
   9.7158328e-03
   3.7134983e-02
   2.7618002e-02
   1.3763820e-02
   1.2985087e-02
   4.9999762e-02
   2.7532555e-02
   1.0784752e-02
   1.8119639e-02
   5.3077459e-02
   1.7975891e-02
   3.8772239e-03
   1.0996503e-02
   3.5734009e-02
   1.8078601e-02
   6.5333722e-03
   9.8241158e-03
   3.8343474e-02
   2.7648339e-02
   1.3939230e-02
   1.3574457e-02
   5.0726287e-02
   2.8801976e-02
   1.1424680e-02
   2.1728177e-02
   6.6435948e-02
   1.8940482e-02
   4.3123737e-03
   1.4675466e-02
   4.0955089e-02
   1.9157728e-02
   7.2070998e-03
   1.3496175e-02
   4.0552992e-02
   2.8862895e-02
   1.4897751e-02
   1.7059224e-02
   5.3398732e-02
   3.0103970e-02
   1.1864156e-02
   2.4475556e-02
   6.8472289e-02
   1.9896796e-02
   4.8109684e-03
   1.7947791e-02
   3.8953532e-02
   1.9888140e-02
   8.1645232e-03
   1.6161881e-02
   4.1780900e-02
   2.9954713e-02
   1.5839145e-02
   1.9304790e-02
   5.5839568e-02
   2.9883547e-02
   1.1501200e-02
   1.9591270e-02
   6.3316211e-02
   1.9982811e-02
   4.7008586e-03
   1.2532989e-02
   3.5761677e-02
   1.9147815e-02
   7.8062015e-03
   1.1170921e-02
   4.0407430e-02
   2.9170027e-02
   1.5242770e-02
   1.5074793e-02
   5.3448170e-02
   2.8225347e-02
   1.1277807e-02
   1.7847903e-02
   5.3039610e-02
   1.8744377e-02
   4.1885283e-03
   1.1068766e-02
   3.3383198e-02
   1.8070443e-02
   6.8935789e-03
   9.8171709e-03
   3.7879530e-02
   2.7973855e-02
   1.4215977e-02
   1.3338078e-02
   5.0734721e-02
   2.7358716e-02
   1.1069559e-02
   1.7476685e-02
   4.6679139e-02
   1.7893352e-02
   3.9069201e-03
   1.1102058e-02
   3.2922197e-02
   1.7959433e-02
   6.4115119e-03
   9.7675491e-03
   3.7053335e-02
   2.7809657e-02
   1.3954647e-02
   1.3123700e-02
   5.0365433e-02
   2.0228893e-02
   9.7615449e-03
   1.5961809e-02
   4.2907491e-02
   1.3476837e-02
   3.7652473e-03
   1.1649222e-02
   2.8996198e-02
   1.3225855e-02
   6.0687931e-03
   9.8663066e-03
   3.0420914e-02
   1.9707548e-02
   1.1359028e-02
   1.0906158e-02
   3.7951443e-02
   1.9965490e-02
   9.0963151e-03
   1.5692376e-02
   4.2833954e-02
   1.3446501e-02
   3.6814646e-03
   1.0685407e-02
   2.8699838e-02
   1.3142765e-02
   5.9657865e-03
   9.1245826e-03
   3.0584475e-02
   1.9984350e-02
   1.1033308e-02
   1.0747954e-02
   3.7859503e-02
   2.0470075e-02
   9.1290418e-03
   1.5912699e-02
   4.9967378e-02
   1.3794541e-02
   3.8962564e-03
   1.0675981e-02
   3.3157341e-02
   1.3762578e-02
   6.1846003e-03
   9.2839571e-03
   3.1882275e-02
   1.9763287e-02
   1.1357245e-02
   1.1381345e-02
   3.8544834e-02
   2.0936348e-02
   9.3751252e-03
   1.9991456e-02
   6.4878985e-02
   1.4075236e-02
   4.2776475e-03
   1.5352897e-02
   4.0579792e-02
   1.4710260e-02
   6.8401936e-03
   1.3894582e-02
   3.3153754e-02
   2.0145135e-02
   1.1893809e-02
   1.5951468e-02
   4.0202748e-02
   2.1535477e-02
   9.6678752e-03
   2.3159225e-02
   5.8966476e-02
   1.4631539e-02
   4.8197880e-03
   1.9237341e-02
   3.3416927e-02
   1.4910235e-02
   7.7733942e-03
   1.7013077e-02
   3.3559684e-02
   2.0468364e-02
   1.2474116e-02
   1.8755393e-02
   4.0874828e-02
   2.2525154e-02
   9.4912974e-03
   1.7267097e-02
   5.4798305e-02
   1.5430245e-02
   4.7746976e-03
   1.2488984e-02
   3.0027792e-02
   1.4352656e-02
   7.8001753e-03
   1.0659809e-02
   3.2990161e-02
   2.0128353e-02
   1.2435561e-02
   1.3210426e-02
   4.0381983e-02
   2.1697804e-02
   9.6821180e-03
   1.5536100e-02
   4.8364922e-02
   1.4694851e-02
   4.2862715e-03
   1.0485015e-02
   2.8906535e-02
   1.3736930e-02
   6.8366290e-03
   9.0582985e-03
   3.1495899e-02
   2.0011643e-02
   1.1752926e-02
   1.1478365e-02
   3.9055325e-02
   2.0581611e-02
   9.4837658e-03
   1.5225093e-02
   4.3851964e-02
   1.3870138e-02
   3.9635519e-03
   1.0652167e-02
   2.8847590e-02
   1.3294641e-02
   6.1437907e-03
   8.9863054e-03
   3.0299630e-02
   1.9487359e-02
   1.1367516e-02
   1.0988639e-02
   3.8015142e-02
   1.3335490e-02
   7.9958234e-03
   1.3013111e-02
   3.2991741e-02
   9.2197778e-03
   3.4983419e-03
   1.0649670e-02
   2.2595627e-02
   8.9287767e-03
   5.1485705e-03
   8.3318697e-03
   2.3238007e-02
   1.2078132e-02
   8.3170356e-03
   7.8006489e-03
   2.5604995e-02
   1.3001079e-02
   6.8750763e-03
   1.2238777e-02
   3.2953545e-02
   9.1525959e-03
   3.3329308e-03
   9.6629132e-03
   2.1896180e-02
   9.0252142e-03
   4.9202689e-03
   7.7474886e-03
   2.2707112e-02
   1.2142289e-02
   7.9898853e-03
   7.7206520e-03
   2.4522509e-02
   1.2954788e-02
   6.4240978e-03
   1.1948162e-02
   4.1143708e-02
   9.0857325e-03
   3.3951895e-03
   9.2002666e-03
   2.9572293e-02
   9.2595024e-03
   5.1157391e-03
   7.6460922e-03
   2.2644162e-02
   1.2078899e-02
   8.0218948e-03
   8.2382252e-03
   2.4825174e-02
   1.3171642e-02
   6.3887700e-03
   1.8355440e-02
   5.9673503e-02
   9.3407957e-03
   3.7518507e-03
   1.5847871e-02
   4.3146119e-02
   9.6330335e-03
   5.7208603e-03
   1.4365826e-02
   2.4512257e-02
   1.1966795e-02
   8.2765697e-03
   1.5484009e-02
   2.6078725e-02
   1.3681492e-02
   6.6389283e-03
   2.3384852e-02
   4.6367705e-02
   1.0402224e-02
   4.2434307e-03
   2.1541841e-02
   2.8908221e-02
   1.0414826e-02
   6.5986323e-03
   1.9375732e-02
   2.4092158e-02
   1.2703971e-02
   8.7998267e-03
   2.0140579e-02
   2.6614897e-02
   1.5584609e-02
   6.7545651e-03
   1.4388397e-02
   3.9016508e-02
   1.1100684e-02
   4.2124363e-03
   1.1619234e-02
   2.2053935e-02
   9.5040863e-03
   6.7658811e-03
   9.5435157e-03
   2.2515200e-02
   1.2322794e-02
   8.7575493e-03
   1.0804169e-02
   2.6250966e-02
   1.4593093e-02
   7.1634222e-03
   1.1427430e-02
   3.5704155e-02
   1.0008346e-02
   3.7507077e-03
   8.7805996e-03
   2.1814069e-02
   8.5973954e-03
   5.7240645e-03
   7.3074219e-03
   2.2264140e-02
   1.2199854e-02
   8.3444007e-03
   8.4442645e-03
   2.5243504e-02
   1.3629032e-02
   7.1955132e-03
   1.1879326e-02
   3.2951575e-02
   9.4173942e-03
   3.5568771e-03
   9.3040345e-03
   2.2141643e-02
   8.5769594e-03
   4.9777878e-03
   7.4573518e-03
   2.2120357e-02
   1.1755602e-02
   8.1870509e-03
   8.0682179e-03
   2.4698088e-02
