   3.3769116e-02
   5.3782191e-02
   6.7427225e-02
   3.8132489e-02
   3.4160584e-02
   3.3252086e-02
   5.7706032e-02
   3.8985748e-02
   2.6126880e-02
   5.6958739e-03
   3.8107708e-02
   3.3648800e-02
   1.9996837e-02
   2.7137518e-02
   1.4698789e-02
   3.1715546e-02
   3.2157343e-02
   4.6510678e-02
   6.4877480e-02
   3.9879378e-02
   3.2580890e-02
   3.4317985e-02
   5.1654104e-02
   3.6983199e-02
   2.6556205e-02
   5.3133070e-03
   2.9924234e-02
   3.7169293e-02
   2.0582024e-02
   2.3541072e-02
   1.4266873e-02
   3.3172525e-02
   3.2959808e-02
   4.0923346e-02
   6.1684664e-02
   6.1936043e-02
   2.9870123e-02
   4.0680919e-02
   4.6659719e-02
   5.3742696e-02
   2.6599498e-02
   5.1127076e-03
   2.7030153e-02
   4.5815859e-02
   1.9464808e-02
   2.2167211e-02
   1.5168366e-02
   3.6839452e-02
   3.4718566e-02
   4.3206111e-02
   5.9193384e-02
   6.5378688e-02
   2.9531637e-02
   4.3773353e-02
   4.7651101e-02
   8.1560344e-02
   2.6800973e-02
   5.3806044e-03
   3.5838354e-02
   5.8231946e-02
   1.9972870e-02
   2.4180239e-02
   2.3314880e-02
   4.8270185e-02
   3.9944936e-02
   5.1413525e-02
   6.7044623e-02
   4.6754304e-02
   5.8282115e-02
   4.9135521e-02
   5.8412056e-02
   6.1576486e-02
   7.1044475e-02
   6.2335338e-03
   5.1330108e-02
   5.5611186e-02
   5.5178236e-02
   2.9127648e-02
   3.1469021e-02
   5.5953771e-02
   7.4522138e-02
   5.9450556e-02
   6.5374374e-02
   4.1652076e-02
   1.4208500e-01
   5.5788875e-02
   5.0880745e-02
   4.8395328e-02
   1.5602638e-01
   6.3346433e-03
   3.9755512e-02
   4.3603797e-02
   1.0997588e-01
   2.9057229e-02
   2.0312445e-02
   4.4814110e-02
   8.4886812e-02
   4.6493728e-02
   6.3982785e-02
   3.7413150e-02
   8.7761156e-02
   3.5856038e-02
   4.6132851e-02
   4.0611092e-02
   7.0329070e-02
   5.1500527e-03
   2.6991026e-02
   3.6963075e-02
   4.4938944e-02
   2.9992141e-02
   1.4948510e-02
   3.5586692e-02
   4.0315259e-02
   4.6412989e-02
   6.3094333e-02
   3.8557436e-02
   3.3904716e-02
   3.0321274e-02
   5.0867010e-02
   3.9453715e-02
   2.5252467e-02
   5.2180816e-03
   2.9896710e-02
   3.4405436e-02
   1.8966602e-02
   2.8484479e-02
   1.3645204e-02
   3.1490657e-02
   4.1299429e-02
   5.6859590e-02
   6.7320786e-02
   3.1535998e-02
   3.5611454e-02
   2.9539684e-02
   5.4449458e-02
   2.8725512e-02
   2.1758588e-02
   6.0192738e-03
   4.6094038e-02
   2.4009386e-02
   1.5514781e-02
   3.7407335e-02
   1.4998558e-02
   2.3273842e-02
   3.5440054e-02
   4.3525126e-02
   5.4945506e-02
   3.6354322e-02
   3.1892102e-02
   3.0672200e-02
   4.6637349e-02
   2.8267289e-02
   2.1078045e-02
   5.6285877e-03
   3.4498658e-02
   2.6862167e-02
   1.4824230e-02
   3.1527709e-02
   1.4127202e-02
   2.5724461e-02
   3.5560552e-02
   3.8771335e-02
   5.4837171e-02
   7.6926254e-02
   3.0434990e-02
   4.3219287e-02
   4.1217655e-02
   5.4190394e-02
   2.2628929e-02
   5.4126666e-03
   2.7618615e-02
   3.9456196e-02
   1.7105488e-02
   2.7687410e-02
   1.3718252e-02
   2.9796606e-02
   4.1347902e-02
   4.2440951e-02
   5.6177482e-02
   7.6241434e-02
   3.6502805e-02
   5.2404057e-02
   4.5286916e-02
   8.9328267e-02
   3.1707365e-02
   5.7371012e-03
   4.0260170e-02
   5.3700492e-02
   2.4173584e-02
   3.1610239e-02
   2.6493557e-02
   4.1103166e-02
   5.5503920e-02
   4.8378486e-02
   6.6117577e-02
   3.9995279e-02
   8.3386503e-02
   4.6661042e-02
   6.2371872e-02
   5.2080728e-02
   1.0960954e-01
   7.1242913e-03
   5.9593733e-02
   4.6108600e-02
   8.3440863e-02
   4.0715784e-02
   3.8655523e-02
   4.6172958e-02
   1.2767057e-01
   6.0205754e-02
   6.2765501e-02
   3.3275921e-02
   2.1448524e-01
   5.5595577e-02
   4.7978740e-02
   4.0471151e-02
   2.4927373e-01
   7.2303754e-03
   5.4231033e-02
   3.3261675e-02
   1.6503806e-01
   4.1152205e-02
   2.1547161e-02
   3.6569696e-02
   1.4521293e-01
   4.7636855e-02
   5.3958613e-02
   2.9373620e-02
   1.3545059e-01
   3.8013414e-02
   4.0558390e-02
   2.8889732e-02
   1.1187157e-01
   5.2961009e-03
   2.9475275e-02
   2.5922999e-02
   6.6953585e-02
   4.2079628e-02
   1.3526453e-02
   2.7183771e-02
   6.0308423e-02
   4.3734889e-02
   5.3848583e-02
   3.0446287e-02
   4.1739024e-02
   2.7664891e-02
   4.3780100e-02
   2.9152937e-02
   2.6706750e-02
   5.4935883e-03
   3.3724353e-02
   2.2927744e-02
   1.7979339e-02
   3.9197024e-02
   1.3097768e-02
   2.3527918e-02
   6.1413739e-02
   5.4004129e-02
   6.8280578e-02
   3.2741807e-02
   5.0349981e-02
   3.1167857e-02
   5.4545630e-02
   2.5572678e-02
   3.2618362e-02
   9.0717468e-03
   6.4812511e-02
   2.2602350e-02
   2.1651456e-02
   4.8248161e-02
   1.9801063e-02
   1.6511001e-02
   5.6144804e-02
   4.8514690e-02
   5.3111605e-02
   3.8378537e-02
   4.5796849e-02
   3.6062561e-02
   4.9166780e-02
   2.3192573e-02
   3.0519783e-02
   7.8166565e-03
   3.8236812e-02
   2.5433814e-02
   2.0153198e-02
   3.9402612e-02
   1.5185417e-02
   1.8369049e-02
   6.3749671e-02
   5.1543571e-02
   5.5669893e-02
   7.7208370e-02
   4.4083778e-02
   5.1440369e-02
   4.6776306e-02
   4.7310408e-02
   3.3501476e-02
   7.8459196e-03
   4.0846296e-02
   3.5731737e-02
   2.3271848e-02
   3.2492016e-02
   1.6103650e-02
   2.6932055e-02
   6.8280689e-02
   4.9051404e-02
   5.5107243e-02
   8.0360211e-02
   5.3424176e-02
   6.3811913e-02
   5.7456054e-02
   7.8530811e-02
   4.7610119e-02
   9.1112852e-03
   6.0212646e-02
   4.3315645e-02
   3.0458787e-02
   3.6426317e-02
   3.7038002e-02
   4.5665525e-02
   8.2969077e-02
   4.9763858e-02
   7.2435208e-02
   4.5652639e-02
   9.7269207e-02
   5.0113767e-02
   6.5709241e-02
   4.6117358e-02
   9.1168448e-02
   1.1098940e-02
   5.4424241e-02
   3.7548859e-02
   6.7607209e-02
   4.7731049e-02
   4.9065169e-02
   4.5889862e-02
   2.3121493e-01
   5.0679281e-02
   7.0608735e-02
   2.9216209e-02
   2.8610051e-01
   6.1377525e-02
   5.4162145e-02
   3.2983754e-02
   2.1561651e-01
   1.1454293e-02
   5.5971533e-02
   2.5416572e-02
   1.1747206e-01
   4.1454848e-02
   2.6320465e-02
   3.1935547e-02
   2.7764678e-01
   4.5886107e-02
   5.3706266e-02
   2.9813424e-02
   2.0479587e-01
   3.6820829e-02
   4.1503202e-02
   2.7764631e-02
   1.1729932e-01
   7.7939075e-03
   3.8263917e-02
   2.0942064e-02
   5.5407904e-02
   3.1936906e-02
   1.8250713e-02
   2.0075338e-02
   1.0100303e-01
   4.2707939e-02
   5.5804100e-02
   3.1970963e-02
   6.6711679e-02
   2.5836576e-02
   4.7560833e-02
   2.6086912e-02
   4.0638592e-02
   7.8544151e-03
   4.4304598e-02
   2.2575829e-02
   2.4508130e-02
   4.0885333e-02
   1.7540371e-02
   1.7522424e-02
   8.5125670e-02
   8.1924580e-02
   8.6140446e-02
   4.0153783e-02
   6.9700830e-02
   4.2184103e-02
   6.3953206e-02
   2.8304398e-02
   4.0769860e-02
   1.5012372e-02
   5.7295918e-02
   2.2833837e-02
   2.9859178e-02
   4.0462766e-02
   2.1535166e-02
   1.4216225e-02
   7.9472393e-02
   7.3362760e-02
   7.0345625e-02
   5.5238780e-02
   5.6262583e-02
   4.6051122e-02
   7.6017775e-02
   2.4802117e-02
   3.4474336e-02
   1.2110149e-02
   3.9593402e-02
   2.1448584e-02
   3.4917451e-02
   3.3139925e-02
   1.7639372e-02
   1.8730823e-02
   1.0599528e-01
   5.1685639e-02
   6.2428985e-02
   1.2352904e-01
   5.2402508e-02
   5.2559052e-02
   7.3244192e-02
   6.7873091e-02
   5.1933702e-02
   1.5599969e-02
   6.7194387e-02
   2.6285011e-02
   2.6858479e-02
   3.0164111e-02
   2.6078889e-02
   2.4277188e-02
   7.0704527e-02
   5.3288456e-02
   5.3989392e-02
   1.3964285e-01
   6.4769767e-02
   6.8910547e-02
   6.8602495e-02
   1.2011083e-01
   6.2670164e-02
   1.8574785e-02
   9.3280680e-02
   4.9508445e-02
   2.6274033e-02
   4.1520402e-02
   5.9701774e-02
   4.6686441e-02
   6.9264732e-02
   6.4348981e-02
   6.5143853e-02
   6.4669572e-02
   7.2638243e-02
   6.9864161e-02
   7.2584286e-02
   5.6934986e-02
   7.2894275e-02
   1.9786453e-02
   5.5235565e-02
   3.8435940e-02
   6.6132665e-02
   6.6988274e-02
   6.5387093e-02
   3.6511112e-02
   1.7680274e-01
   6.4164512e-02
   5.6565590e-02
   4.1042950e-02
   1.6191140e-01
   7.2763242e-02
   6.0782433e-02
   3.4297287e-02
   1.6593665e-01
   2.1282202e-02
   5.0744705e-02
   2.8304635e-02
   1.0204205e-01
   4.2258330e-02
   3.3689614e-02
   3.2569624e-02
   2.6994333e-01
   6.8956912e-02
   4.6344068e-02
   3.8573816e-02
   1.4407189e-01
   3.4317650e-02
   5.1169019e-02
   2.9886110e-02
   9.6832097e-02
   1.4670162e-02
   2.5184361e-02
   1.7170951e-02
   5.1225588e-02
   3.0676022e-02
   2.1557920e-02
   1.6162705e-02
   1.2125402e-01
   6.1677530e-02
   6.0244571e-02
   3.9286327e-02
   7.7195294e-02
   2.5404971e-02
   6.3838392e-02
   2.5017343e-02
   5.5378839e-02
   1.2692221e-02
   3.2917462e-02
   2.0658748e-02
   3.8269773e-02
   3.8251843e-02
   1.8371515e-02
   1.3783680e-02
