   8.5178725e-02
   8.2228497e-02
   7.8191325e-02
   1.8900584e-02
   1.1180014e-01
   1.2150435e-01
   1.1608286e-01
   1.1053220e-02
   4.6755593e-02
   5.8439050e-02
   3.6239315e-02
   8.8197738e-03
   4.4153288e-02
   3.3099107e-02
   5.1349189e-02
   1.2428322e-02
   3.6980666e-02
   3.5462566e-02
   3.4588501e-02
   1.5745537e-02
   4.9440045e-02
   5.0699692e-02
   5.3151667e-02
   8.8321129e-03
   4.6311721e-02
   3.4671851e-02
   2.2143958e-02
   7.8347977e-03
   4.4185441e-02
   3.4994368e-02
   4.4634011e-02
   1.2121174e-02
   1.0769764e-02
   8.1470693e-03
   9.1910595e-03
   1.4713130e-02
   1.5520067e-02
   9.4415545e-03
   1.4988546e-02
   8.1786793e-03
   4.2880081e-02
   2.3286574e-02
   1.6407067e-02
   7.0184423e-03
   4.3222763e-02
   3.9724361e-02
   3.7093878e-02
   1.1601093e-02
   1.0075939e-02
   7.3352251e-03
   8.8129127e-03
   1.4882156e-02
   1.4737722e-02
   7.6669883e-03
   1.5257226e-02
   8.6310543e-03
   4.0696081e-02
   2.9875154e-02
   2.5501130e-02
   1.0299772e-02
   3.9494351e-02
   4.3604780e-02
   4.6277538e-02
   1.8805595e-02
   1.0552460e-02
   7.0544323e-03
   1.0142237e-02
   2.3242837e-02
   1.6078468e-02
   8.1913285e-03
   1.8695017e-02
   1.2064011e-02
   1.2257988e-01
   6.0110666e-02
   3.1494599e-02
   1.1839474e-02
   1.2328162e-01
   5.6988735e-02
   5.8790583e-02
   1.9262839e-02
   9.9996570e-03
   7.2026108e-03
   9.4083883e-03
   2.2225944e-02
   1.9246161e-02
   8.4894886e-03
   1.7729327e-02
   1.0768916e-02
   1.9696845e-01
   5.9367064e-02
   2.1158019e-02
   9.7376248e-03
   1.7101824e-01
   4.3944657e-02
   4.4622865e-02
   1.2610775e-02
   1.0271613e-02
   8.0231000e-03
   9.0747010e-03
   1.4160397e-02
   1.6600290e-02
   9.3077244e-03
   1.6124213e-02
   8.4063597e-03
   7.3625870e-02
   2.7154690e-02
   1.7363476e-02
   8.3406391e-03
   5.6127019e-02
   4.0625293e-02
   3.8000882e-02
   1.2172456e-02
   3.3500977e-02
   3.2199532e-02
   3.2998443e-02
   1.5638908e-02
   4.5713335e-02
   4.6463899e-02
   5.0496675e-02
   8.9322375e-03
   4.0662698e-02
   3.6267046e-02
   2.2731148e-02
   8.0655841e-03
   3.9817076e-02
   3.7219882e-02
   3.8996734e-02
   1.1470033e-02
   1.3242787e-01
   1.2982221e-01
   1.1962149e-01
   2.0630259e-02
   1.6694757e-01
   1.8854827e-01
   1.6499801e-01
   1.2781140e-02
   4.2324454e-02
   6.6016793e-02
   4.5978080e-02
   8.1115989e-03
   2.7690090e-02
   3.6114790e-02
   5.3573094e-02
   8.3919792e-03
   5.4414298e-02
   5.4433886e-02
   5.1333833e-02
   1.7219933e-02
   7.3188096e-02
   7.7426575e-02
   7.7993318e-02
   7.6161250e-03
   3.2309063e-02
   3.7858404e-02
   2.7640672e-02
   6.0881223e-03
   2.6478602e-02
   3.1698551e-02
   4.2646553e-02
   7.7702482e-03
   7.0202779e-03
   7.1440330e-03
   9.7218566e-03
   1.2890735e-02
   1.4296516e-02
   8.7532699e-03
   1.9124860e-02
   5.7530324e-03
   3.6009952e-02
   2.4726484e-02
   1.9425450e-02
   5.4789865e-03
   2.7960457e-02
   3.5512708e-02
   3.4160659e-02
   1.0181096e-02
   6.1050928e-03
   5.5635138e-03
   1.0129198e-02
   1.7269094e-02
   1.3442658e-02
   6.0073263e-03
   2.1064211e-02
   6.4175548e-03
   5.0879531e-02
   3.8853157e-02
   3.4564547e-02
   1.2441414e-02
   4.2281475e-02
   3.7907686e-02
   4.9653701e-02
   2.6698757e-02
   7.7197631e-03
   5.3679631e-03
   1.0984990e-02
   3.0790303e-02
   1.7172752e-02
   5.7167355e-03
   2.7053626e-02
   1.0655398e-02
   1.5421082e-01
   5.3968385e-02
   4.3808572e-02
   1.3799753e-02
   1.5993233e-01
   4.5700844e-02
   6.8003133e-02
   2.6004350e-02
   6.2182550e-03
   5.5362829e-03
   1.0526117e-02
   2.7512623e-02
   2.1126425e-02
   6.6631809e-03
   2.6603654e-02
   9.7192982e-03
   2.6589191e-01
   4.7226850e-02
   2.5489014e-02
   7.7241156e-03
   2.2317292e-01
   3.9591100e-02
   4.5084294e-02
   1.0104253e-02
   6.8118842e-03
   6.7176605e-03
   9.9186674e-03
   1.7890312e-02
   1.8293057e-02
   8.6871544e-03
   2.6577998e-02
   6.6899341e-03
   1.0790432e-01
   3.3067502e-02
   1.6513815e-02
   5.0956081e-03
   7.6170117e-02
   3.1969629e-02
   3.1076171e-02
   7.5193867e-03
   4.8402231e-02
   4.7292966e-02
   4.7653425e-02
   1.5383631e-02
   6.5840863e-02
   6.8861477e-02
   7.4131735e-02
   8.1573240e-03
   4.2077065e-02
   4.0906940e-02
   2.5738752e-02
   6.1298702e-03
   3.0991293e-02
   3.1979453e-02
   3.6298495e-02
   7.0940652e-03
   1.8061602e-01
   1.7961946e-01
   1.5269750e-01
   2.6271151e-02
   2.7025899e-01
   3.0717495e-01
   2.4857402e-01
   2.0181490e-02
   6.9205247e-02
   6.5132946e-02
   4.8208103e-02
   9.2193857e-03
   3.4227658e-02
   4.0296029e-02
   6.1335661e-02
   9.7803911e-03
   7.4088536e-02
   7.4493647e-02
   7.1108386e-02
   2.1927677e-02
   1.2205360e-01
   1.2551060e-01
   1.1961228e-01
   1.0885097e-02
   5.4123331e-02
   4.3659423e-02
   3.4343131e-02
   6.3102194e-03
   3.2243297e-02
   3.1954911e-02
   4.2750169e-02
   9.0461504e-03
   6.6200169e-03
   8.7393550e-03
   1.4934824e-02
   2.0705512e-02
   1.8542783e-02
   1.1782823e-02
   3.0821282e-02
   7.4879765e-03
   4.4547614e-02
   3.0797716e-02
   2.7574863e-02
   6.0957689e-03
   3.5929095e-02
   2.5489541e-02
   3.6144726e-02
   1.3401430e-02
   5.1945229e-03
   6.1049843e-03
   1.4614670e-02
   2.7714072e-02
   1.8387293e-02
   6.9933613e-03
   2.6018906e-02
   7.3275995e-03
   7.2605543e-02
   4.4780236e-02
   5.0899155e-02
   2.0251114e-02
   5.7145044e-02
   3.5160650e-02
   5.4473497e-02
   4.3195274e-02
   7.9662716e-03
   6.5201791e-03
   1.6351577e-02
   5.8746003e-02
   2.3256460e-02
   6.9194613e-03
   4.7054946e-02
   1.6128505e-02
   1.1522092e-01
   6.6403024e-02
   6.2349968e-02
   2.0925576e-02
   1.2687291e-01
   3.7382308e-02
   7.2389945e-02
   4.2775884e-02
   4.8357220e-03
   6.3507925e-03
   1.6832683e-02
   5.3732567e-02
   3.3099879e-02
   6.9350442e-03
   4.8800740e-02
   1.4902420e-02
   2.1418716e-01
   5.2957967e-02
   3.2076713e-02
   8.5636079e-03
   1.8198545e-01
   4.6967026e-02
   4.9263988e-02
   1.1401755e-02
   6.3481014e-03
   8.6335149e-03
   1.8881889e-02
   3.3198085e-02
   2.7383193e-02
   1.0787750e-02
   3.9978538e-02
   9.0426700e-03
   1.1013466e-01
   3.9207213e-02
   2.5171388e-02
   4.9240557e-03
   7.9488032e-02
   3.1543918e-02
   3.3967774e-02
   7.0916223e-03
   6.5380655e-02
   6.6722959e-02
   6.6148430e-02
   1.9443778e-02
   1.0224003e-01
   1.1048508e-01
   1.1172494e-01
   1.2603913e-02
   6.3608997e-02
   4.8473887e-02
   3.5740647e-02
   6.9896984e-03
   4.0676739e-02
   2.9160302e-02
   4.3394253e-02
   7.6152738e-03
   3.5887155e-01
   3.5999930e-01
   3.2555416e-01
   5.1166240e-02
   3.0206019e-01
   3.6423200e-01
   3.0701771e-01
   2.9315898e-02
   6.0059682e-02
   9.6317180e-02
   7.8064382e-02
   1.4263362e-02
   4.3326050e-02
   5.6278247e-02
   8.1930757e-02
   1.8087951e-02
   1.4840896e-01
   1.4808202e-01
   1.5450194e-01
   4.1529380e-02
   1.3377261e-01
   1.4808179e-01
   1.5166634e-01
   1.6760429e-02
   4.9280100e-02
   6.1482277e-02
   5.1034741e-02
   1.0755638e-02
   2.6924044e-02
   3.3152893e-02
   6.3700870e-02
   1.6012836e-02
   9.8590842e-03
   1.5648654e-02
   3.0770576e-02
   4.1238260e-02
   2.3948967e-02
   1.5541378e-02
   3.6135226e-02
   1.0815478e-02
   4.1895177e-02
   3.5855096e-02
   4.6968285e-02
   1.1559932e-02
   4.2435840e-02
   2.8147226e-02
   5.1079914e-02
   2.1552391e-02
   6.0032117e-03
   8.5050100e-03
   2.1239720e-02
   3.5450190e-02
   2.5633860e-02
   1.0459358e-02
   1.9977022e-02
   1.0714768e-02
   6.7698002e-02
   5.9061736e-02
   8.4107563e-02
   4.0376619e-02
   5.6823406e-02
   4.4869240e-02
   6.8882316e-02
   6.9985278e-02
   1.3482833e-02
   9.0408456e-03
   3.2774959e-02
   9.0253964e-02
   2.5513211e-02
   9.5947627e-03
   6.6431440e-02
   3.5003498e-02
   5.2285925e-02
   9.4632022e-02
   8.3696760e-02
   4.0853880e-02
   7.7531494e-02
   4.5837175e-02
   8.5757881e-02
   7.6147318e-02
   6.6263899e-03
   8.7417522e-03
   3.3783857e-02
   7.9220265e-02
   2.7540950e-02
   8.7549621e-03
   6.4431377e-02
   2.9462738e-02
   7.1917668e-02
   7.6041199e-02
   4.4829186e-02
   1.2486929e-02
   9.2521548e-02
   5.8431879e-02
   6.0817152e-02
   1.9069290e-02
   8.8385902e-03
   1.3733104e-02
   3.1623546e-02
   3.1229721e-02
   3.4090232e-02
   1.4608331e-02
   2.6828136e-02
   9.2378678e-03
   7.2180711e-02
   5.1966008e-02
   4.6515021e-02
   7.4157803e-03
   6.6168822e-02
   3.3421673e-02
   4.4855751e-02
   1.1636514e-02
   1.2888689e-01
   1.3200201e-01
   1.3484997e-01
   2.8784810e-02
   1.1112310e-01
   1.3330090e-01
   1.2503055e-01
   1.5304433e-02
   5.7677377e-02
   6.9144741e-02
   6.1785303e-02
   1.1541271e-02
   4.5088217e-02
   3.2516148e-02
   5.7176284e-02
   1.1103065e-02
