   3.5934046e-02
   4.9539048e-02
   3.4209281e-02
   1.2857725e-02
   6.5030023e-02
   1.3228689e-01
   8.3309539e-02
   1.2298759e-02
   1.0456830e-01
   1.1266706e-01
   7.1682513e-02
   1.1075661e-02
   9.6243039e-02
   9.0267003e-02
   1.5019041e-01
   5.0495695e-02
   6.0470480e-02
   4.9625687e-02
   2.2267710e-02
   1.3257371e-02
   8.4271945e-02
   9.7922608e-02
   3.8872682e-02
   1.2148332e-02
   5.1533956e-02
   4.9748994e-02
   3.5822921e-02
   1.1459492e-02
   4.2095210e-02
   4.0200159e-02
   6.4011127e-02
   3.2948069e-02
   1.0600867e-01
   9.9250980e-02
   1.8221654e-02
   1.3947271e-02
   5.4367442e-02
   7.1141131e-02
   1.6589290e-02
   1.3310673e-02
   2.8052343e-02
   1.5752401e-02
   1.6225787e-02
   1.2476391e-02
   1.3755121e-02
   1.1042318e-02
   1.3408268e-02
   3.1446274e-02
   7.0424043e-02
   1.4567447e-01
   2.4453430e-02
   2.4911512e-02
   4.5679629e-02
   5.6476384e-02
   2.0917276e-02
   2.4547072e-02
   3.2732137e-02
   1.6381180e-02
   1.7374596e-02
   2.1189945e-02
   1.3003796e-02
   1.0871878e-02
   1.3100967e-02
   2.1834608e-02
   4.6566691e-02
   8.2689971e-02
   4.0921852e-02
   4.0346742e-02
   5.6662254e-02
   5.4643828e-02
   3.8647816e-02
   3.7822779e-02
   4.1070741e-02
   2.1522516e-02
   2.2760401e-02
   3.1938266e-02
   1.4482599e-02
   1.4362238e-02
   1.2149740e-02
   1.9201998e-02
   3.6943417e-02
   4.7056481e-02
   2.7334662e-02
   2.0627189e-02
   4.3805547e-02
   4.3737337e-02
   2.4085104e-02
   1.9604085e-02
   3.4040898e-02
   2.0043844e-02
   1.5917413e-02
   1.6136041e-02
   2.0318495e-02
   2.4958281e-02
   1.0690889e-02
   1.5051613e-02
   3.2704148e-02
   4.2353161e-02
   1.9755024e-02
   1.3203820e-02
   3.7888654e-02
   3.6252126e-02
   2.0623185e-02
   1.2180977e-02
   3.5550147e-02
   1.8799422e-02
   1.2869538e-02
   1.0067382e-02
   3.2390289e-02
   2.5354087e-02
   1.2679516e-02
   1.3832844e-02
   3.2278817e-02
   4.3185037e-02
   2.4164138e-02
   1.2662658e-02
   3.8804304e-02
   6.6265732e-02
   4.1388694e-02
   1.1940497e-02
   7.0159815e-02
   5.2028578e-02
   3.2575805e-02
   1.0033051e-02
   5.3739600e-02
   4.2186566e-02
   5.8935653e-02
   2.6436418e-02
   4.2784035e-02
   4.6938732e-02
   3.0346381e-02
   9.0723177e-03
   9.9464774e-02
   2.3109587e-01
   1.6655762e-01
   9.8333945e-03
   1.3794523e-01
   1.5523557e-01
   1.0883012e-01
   1.0145704e-02
   1.3697441e-01
   1.2730113e-01
   1.5361190e-01
   5.3619727e-02
   9.6432239e-02
   5.4826900e-02
   2.3339061e-02
   9.4441622e-03
   1.3714369e-01
   1.6603702e-01
   6.8316974e-02
   9.1247121e-03
   6.0591664e-02
   6.5914840e-02
   5.4099526e-02
   1.0655591e-02
   5.8425091e-02
   5.9331577e-02
   6.8866923e-02
   3.9278246e-02
   1.7790525e-01
   9.8870583e-02
   1.8855263e-02
   1.1869165e-02
   8.6169697e-02
   1.1207349e-01
   1.9427568e-02
   1.1109277e-02
   3.3020206e-02
   2.0958934e-02
   2.5756676e-02
   1.0634202e-02
   1.7058708e-02
   1.4721950e-02
   1.5531303e-02
   3.9428476e-02
   1.1130828e-01
   1.2295005e-01
   2.6459699e-02
   2.7214779e-02
   6.0512759e-02
   6.9044299e-02
   2.4912532e-02
   2.4636060e-02
   4.0119801e-02
   2.1163909e-02
   2.8147703e-02
   2.0324329e-02
   1.5647678e-02
   1.3240762e-02
   1.3746819e-02
   2.3352871e-02
   5.8873232e-02
   8.7404869e-02
   4.4373367e-02
   4.4510588e-02
   8.0411948e-02
   5.8378678e-02
   5.2704848e-02
   4.2092953e-02
   5.4714445e-02
   2.3296650e-02
   3.6422785e-02
   3.3585265e-02
   1.7683869e-02
   2.0661879e-02
   1.2954726e-02
   1.6701087e-02
   4.2671852e-02
   5.3897545e-02
   2.9980876e-02
   1.9924879e-02
   5.6622468e-02
   5.3673618e-02
   2.7242841e-02
   1.8828643e-02
   4.5039438e-02
   2.6400121e-02
   2.3887984e-02
   1.6178587e-02
   2.8147513e-02
   4.0287759e-02
   9.2285052e-03
   1.3798086e-02
   3.8192939e-02
   4.4667676e-02
   1.9157914e-02
   9.1793528e-03
   4.6911124e-02
   4.8918366e-02
   2.6760556e-02
   8.8486243e-03
   4.1525237e-02
   2.2558076e-02
   1.9942144e-02
   8.6874655e-03
   4.4254173e-02
   4.0059935e-02
   1.2624154e-02
   1.4721041e-02
   3.5490792e-02
   3.9640632e-02
   2.1705052e-02
   8.4076878e-03
   4.7724057e-02
   1.1210380e-01
   7.9895034e-02
   9.2947800e-03
   8.9144833e-02
   6.6651866e-02
   5.0115362e-02
   9.2527270e-03
   7.3313862e-02
   5.9426676e-02
   6.1723564e-02
   2.9488016e-02
   7.8693748e-02
   3.9492659e-02
   4.1789297e-02
   8.8759605e-03
   1.4708489e-01
   1.1886827e-01
   7.7580936e-02
   7.3479381e-03
   1.8995373e-01
   1.5161885e-01
   1.1032092e-01
   1.1506241e-02
   1.6753912e-01
   1.8049575e-01
   2.1520251e-01
   8.5166097e-02
   1.6421041e-01
   4.5580983e-02
   3.4705218e-02
   8.4352614e-03
   2.2118123e-01
   1.1889599e-01
   3.3775374e-02
   7.6257628e-03
   8.5993752e-02
   6.1766244e-02
   5.7697933e-02
   1.1367454e-02
   7.1391016e-02
   8.3172828e-02
   9.6585490e-02
   6.4591087e-02
   2.8437957e-01
   4.5935560e-02
   2.1554120e-02
   9.4098300e-03
   1.4377119e-01
   8.5360073e-02
   1.1358132e-02
   9.5473034e-03
   4.5878965e-02
   1.8060064e-02
   3.7497014e-02
   1.2422617e-02
   2.6893184e-02
   2.2038858e-02
   2.2305200e-02
   7.1201809e-02
   1.5258482e-01
   6.8808489e-02
   3.2731276e-02
   2.5686568e-02
   7.8624003e-02
   5.1362772e-02
   3.0283565e-02
   2.8347038e-02
   5.1747881e-02
   1.9625690e-02
   4.0781606e-02
   2.3120403e-02
   2.2366980e-02
   1.7397722e-02
   1.9378046e-02
   3.2879900e-02
   7.9282008e-02
   1.0930252e-01
   5.5516019e-02
   5.1752776e-02
   9.0163164e-02
   6.7502171e-02
   6.9593616e-02
   5.7467882e-02
   5.7707850e-02
   2.5130808e-02
   5.0716795e-02
   4.3254197e-02
   2.4496123e-02
   2.6042892e-02
   2.0854760e-02
   2.4317624e-02
   6.5135203e-02
   5.6661379e-02
   3.3449899e-02
   2.3332233e-02
   8.1523404e-02
   5.3734563e-02
   3.4297310e-02
   2.4239143e-02
   5.8527477e-02
   2.9983031e-02
   3.4093708e-02
   1.8899225e-02
   3.6600031e-02
   5.1281393e-02
   1.1794250e-02
   1.6898751e-02
   5.9913285e-02
   4.5284681e-02
   2.5806556e-02
   8.6316345e-03
   7.1612231e-02
   5.8700465e-02
   1.2525775e-02
   8.3090542e-03
   5.6798946e-02
   2.3365447e-02
   2.2673531e-02
   1.0289423e-02
   5.3592969e-02
   4.8941035e-02
   1.6247474e-02
   2.2520386e-02
   6.0593426e-02
   4.5206524e-02
   3.4771498e-02
   7.5684232e-03
   8.0359623e-02
   7.2399162e-02
   3.7471782e-02
   8.2184644e-03
   1.1553861e-01
   6.3825823e-02
   4.9896643e-02
   1.0611734e-02
   9.2033871e-02
   8.7587923e-02
   8.0898002e-02
   4.9266521e-02
   1.1084452e-01
   4.5032870e-02
   7.8545928e-02
   1.1387060e-02
   1.5681748e-01
   4.3514300e-02
   3.5879005e-02
   5.8065485e-03
   2.3747747e-01
   1.6114661e-01
   1.0727730e-01
   1.3652934e-02
   1.9784908e-01
   2.3776723e-01
   2.9230908e-01
   1.4513011e-01
   1.4028317e-01
   3.7239671e-02
   5.1501676e-02
   8.7249391e-03
   2.1305574e-01
   5.8147978e-02
   1.8403742e-02
   6.2844330e-03
   1.0545728e-01
   7.1241036e-02
   6.5445393e-02
   1.4919879e-02
   7.6100357e-02
   1.0512790e-01
   1.3177510e-01
   1.0411527e-01
   1.6439320e-01
   2.7765688e-02
   2.4436412e-02
   7.6108743e-03
   1.1009392e-01
   3.7015960e-02
   1.4216322e-02
   7.8642657e-03
   6.4634562e-02
   1.4974613e-02
   4.5423962e-02
   1.5788399e-02
   3.8526647e-02
   2.5554186e-02
   2.8552920e-02
   1.2423210e-01
   7.5622648e-02
   6.1217319e-02
   4.3692470e-02
   3.1141533e-02
   7.0857070e-02
   3.7154760e-02
   4.3322984e-02
   3.4847144e-02
   7.2386757e-02
   2.0977836e-02
   5.2568339e-02
   3.1047761e-02
   2.8702011e-02
   2.4611076e-02
   2.9778687e-02
   4.9737033e-02
   9.0239137e-02
   1.1208496e-01
   6.4541019e-02
   7.3379867e-02
   1.3085775e-01
   6.2238902e-02
   9.5572494e-02
   7.9881489e-02
   6.9887556e-02
   2.7209168e-02
   6.2546641e-02
   6.3340507e-02
   3.7478894e-02
   3.1609885e-02
   3.0889349e-02
   3.6545422e-02
   7.2735406e-02
   5.1498715e-02
   5.2059807e-02
   3.2133456e-02
   9.7738571e-02
   4.1161835e-02
   5.0732955e-02
   3.0527726e-02
   7.2355844e-02
   3.4625195e-02
   4.1711058e-02
   2.6969312e-02
   4.5497030e-02
   7.1363539e-02
   1.9367082e-02
   2.4593823e-02
   8.2989328e-02
   3.3031344e-02
   4.6722628e-02
   9.2681814e-03
   9.4874419e-02
   4.0745556e-02
   1.6929133e-02
   7.3580360e-03
   8.1084646e-02
   2.8054427e-02
   3.1927943e-02
   1.2321342e-02
   6.8109982e-02
   6.9558881e-02
   2.7446099e-02
   3.5097759e-02
   8.0305800e-02
   4.1138522e-02
   5.8702648e-02
   7.4068420e-03
   8.9200884e-02
   3.9388556e-02
   2.3054555e-02
   7.1174335e-03
   1.4545001e-01
   6.5407962e-02
   5.1427256e-02
   1.1466864e-02
   1.1798421e-01
   1.0956034e-01
   1.0723517e-01
   7.9353303e-02
