   3.2742813e-02
   3.7126869e-02
   4.7206834e-02
   2.0203244e-02
   6.0913086e-02
   5.9234824e-02
   5.1714610e-02
   2.0359864e-02
   8.3481856e-02
   1.4622717e-01
   8.9339539e-02
   7.6626516e-03
   3.2834828e-02
   8.8383324e-02
   8.2320362e-02
   9.8619759e-03
   5.8753978e-02
   4.0376633e-02
   4.5082044e-02
   1.9358642e-02
   8.8364288e-02
   9.3382716e-02
   3.3188183e-02
   1.6204042e-02
   4.6965037e-02
   7.5119689e-02
   4.2027861e-02
   7.7122846e-03
   2.8755398e-02
   4.5997467e-02
   3.9229836e-02
   8.1557818e-03
   1.0595454e-01
   8.3034545e-02
   4.3683719e-02
   1.9948430e-02
   5.5936787e-02
   1.1845721e-01
   2.3980513e-02
   1.7625848e-02
   3.7517127e-02
   4.2555597e-02
   1.6849661e-02
   7.7043087e-03
   2.8976498e-02
   2.4017794e-02
   1.6934678e-02
   7.3963562e-03
   6.3075259e-02
   1.0398161e-01
   4.5515582e-02
   2.0934897e-02
   4.3547358e-02
   9.0939052e-02
   3.0005950e-02
   1.9995900e-02
   4.2850506e-02
   4.8958126e-02
   2.5480455e-02
   1.1606365e-02
   3.2763425e-02
   2.8484592e-02
   3.3909723e-02
   1.2139612e-02
   3.5386559e-02
   5.5377368e-02
   6.3258782e-02
   2.3819765e-02
   5.2381128e-02
   7.6185100e-02
   4.8625797e-02
   2.4391990e-02
   5.8590591e-02
   6.2516950e-02
   4.7577437e-02
   1.9635061e-02
   3.9805774e-02
   4.5863505e-02
   4.4925284e-02
   1.9694855e-02
   2.9728346e-02
   4.1253671e-02
   7.0136286e-02
   3.5835769e-02
   4.1174151e-02
   5.8952268e-02
   3.7301376e-02
   2.7248275e-02
   4.3144260e-02
   6.3661568e-02
   2.6392018e-02
   1.1116316e-02
   5.4260612e-02
   8.0102898e-02
   2.3526395e-02
   1.0286347e-02
   3.0343870e-02
   3.7903752e-02
   4.9466122e-02
   3.6769766e-02
   3.6092695e-02
   4.6876442e-02
   3.1075189e-02
   3.0564334e-02
   4.4031173e-02
   7.9333141e-02
   2.0902291e-02
   6.9515007e-03
   1.0348372e-01
   8.2412630e-02
   1.6310388e-02
   6.1826087e-03
   3.0344689e-02
   3.3610076e-02
   4.3626521e-02
   2.4583479e-02
   3.6320657e-02
   4.6139475e-02
   3.7757792e-02
   2.9356435e-02
   8.3650805e-02
   1.1937032e-01
   4.4158492e-02
   7.4108504e-03
   7.2771184e-02
   5.7465635e-02
   3.7420835e-02
   7.3676906e-03
   3.9049499e-02
   4.4357851e-02
   4.7835879e-02
   1.6726058e-02
   9.2476942e-02
   7.8208871e-02
   6.3655980e-02
   2.3797402e-02
   1.2845467e-01
   2.1754330e-01
   1.5263076e-01
   5.2050115e-03
   3.8663484e-02
   1.3090628e-01
   1.1939356e-01
   1.1340455e-02
   9.2756651e-02
   5.2919649e-02
   4.0430441e-02
   1.3920244e-02
   1.4159591e-01
   1.3194863e-01
   3.8744178e-02
   1.4149367e-02
   5.3176153e-02
   1.0652166e-01
   6.2898114e-02
   5.5475901e-03
   3.2055844e-02
   6.4345002e-02
   5.5567686e-02
   7.9596872e-03
   1.7716232e-01
   1.1110219e-01
   3.7216805e-02
   1.4217325e-02
   8.5120276e-02
   1.5526785e-01
   2.6848221e-02
   1.2485664e-02
   4.2285021e-02
   5.1589146e-02
   1.4694815e-02
   4.9068681e-03
   3.1456824e-02
   3.0269470e-02
   2.0499343e-02
   6.2542008e-03
   1.0424089e-01
   1.2686245e-01
   4.0368162e-02
   1.5719695e-02
   5.4198626e-02
   9.4710134e-02
   3.4265377e-02
   1.5650662e-02
   4.9717735e-02
   6.1063562e-02
   2.7797185e-02
   1.2545608e-02
   3.4827780e-02
   3.6709230e-02
   4.3037292e-02
   1.3654877e-02
   4.0986530e-02
   6.5391049e-02
   6.5624960e-02
   1.8037874e-02
   6.3663796e-02
   8.1935160e-02
   5.8901761e-02
   2.3063710e-02
   6.7224972e-02
   6.9934793e-02
   5.8260251e-02
   2.6169654e-02
   4.5114968e-02
   6.2942959e-02
   5.7936851e-02
   2.7013155e-02
   3.2164950e-02
   5.3925246e-02
   6.9928668e-02
   2.6479013e-02
   4.8972357e-02
   6.7331247e-02
   4.2339467e-02
   2.4151303e-02
   4.9003765e-02
   7.4394964e-02
   2.7555173e-02
   1.1834028e-02
   8.2568042e-02
   1.0639924e-01
   2.7738295e-02
   1.1948253e-02
   3.0644836e-02
   5.0338689e-02
   4.9586881e-02
   3.1505901e-02
   4.0318854e-02
   5.5923022e-02
   3.5003148e-02
   3.3606596e-02
   6.3873649e-02
   1.0424105e-01
   2.0454649e-02
   5.4271067e-03
   1.7617100e-01
   1.0962038e-01
   1.7494259e-02
   4.5009833e-03
   3.3533931e-02
   4.1120209e-02
   4.4024762e-02
   2.4172965e-02
   4.4807918e-02
   5.8743332e-02
   4.9566962e-02
   3.6967132e-02
   1.3645086e-01
   1.6755880e-01
   7.1759805e-02
   4.8635933e-03
   1.1684263e-01
   7.7623241e-02
   5.0341550e-02
   6.3651162e-03
   6.8568245e-02
   5.8015786e-02
   5.4623310e-02
   1.5547152e-02
   1.5035908e-01
   7.3291220e-02
   8.4745474e-02
   3.2949176e-02
   1.9890185e-01
   1.0904457e-01
   3.1833027e-02
   4.2845639e-03
   6.4561516e-02
   1.0857966e-01
   9.2564866e-02
   1.1216041e-02
   1.6366968e-01
   5.4471195e-02
   3.9218090e-02
   1.0751330e-02
   2.2992919e-01
   1.1160649e-01
   5.0503522e-02
   1.6411230e-02
   9.0209343e-02
   6.6389009e-02
   1.8337041e-02
   4.9651470e-03
   5.3738251e-02
   6.1523691e-02
   4.7937952e-02
   8.3790356e-03
   3.0730805e-01
   6.8413131e-02
   3.9028417e-02
   1.3051782e-02
   1.4621912e-01
   1.1154396e-01
   3.3023592e-02
   1.3125491e-02
   5.8922805e-02
   5.4981969e-02
   1.2114019e-02
   4.5174309e-03
   4.9936328e-02
   3.4511272e-02
   2.4223715e-02
   7.1226056e-03
   1.5941320e-01
   7.5361788e-02
   5.2544076e-02
   1.4849162e-02
   8.7107852e-02
   7.2353400e-02
   4.7495347e-02
   2.1147402e-02
   6.3115373e-02
   5.6680914e-02
   3.3347487e-02
   1.9372519e-02
   5.2191053e-02
   4.0269390e-02
   4.6044305e-02
   2.0764122e-02
   5.7806853e-02
   6.5597966e-02
   9.5834501e-02
   2.2465374e-02
   7.8942969e-02
   1.0014536e-01
   8.6196370e-02
   3.4248415e-02
   7.1984172e-02
   7.4192226e-02
   7.7166304e-02
   4.5698091e-02
   6.0958412e-02
   7.3009565e-02
   6.7064717e-02
   4.6301506e-02
   5.4976303e-02
   5.9657007e-02
   9.8318115e-02
   2.0952787e-02
   8.0206864e-02
   6.6405013e-02
   6.0575340e-02
   2.6618559e-02
   6.9738299e-02
   5.7430007e-02
   3.4749288e-02
   1.7970547e-02
   1.2014692e-01
   8.2356378e-02
   3.5738267e-02
   1.8547678e-02
   5.5803247e-02
   6.7220137e-02
   6.3472152e-02
   2.2406047e-02
   6.3657783e-02
   6.1604120e-02
   4.7943708e-02
   2.9449243e-02
   1.0289259e-01
   8.8199049e-02
   1.2209181e-02
   4.6876981e-03
   2.6400405e-01
   8.0357507e-02
   1.6807029e-02
   5.1654521e-03
   5.5437881e-02
   5.9881058e-02
   5.7791062e-02
   2.0271648e-02
   7.7715896e-02
   5.5657655e-02
   6.8004332e-02
   4.7731724e-02
   2.1069056e-01
   1.1907300e-01
   2.1734493e-02
   3.9966819e-03
   1.8725136e-01
   6.4643532e-02
   4.2433862e-02
   7.2608087e-03
   1.0318920e-01
   6.5325275e-02
   8.6982027e-02
   2.0036837e-02
   1.6952181e-01
   3.0111704e-02
   7.4088983e-02
   5.4449961e-02
   1.9128461e-01
   5.9418157e-02
   2.1765249e-02
   4.6500349e-03
   8.8437803e-02
   8.8993005e-02
   6.6660307e-02
   1.6309977e-02
   1.3378024e-01
   5.9537377e-02
   4.4568244e-02
   1.3808241e-02
   2.1931514e-01
   3.9650235e-02
   5.3110749e-02
   2.3492558e-02
   1.0695378e-01
   2.9982872e-02
   1.6096812e-02
   5.1044105e-03
   7.3795520e-02
   5.7805493e-02
   4.1704275e-02
   1.0551369e-02
   1.7339945e-01
   7.4389309e-02
   5.8695868e-02
   1.3123753e-02
   1.1202355e-01
   4.8473537e-02
   4.9833808e-02
   1.8422883e-02
   8.9580119e-02
   2.9751189e-02
   1.4183625e-02
   4.3517607e-03
   6.7190364e-02
   3.2483038e-02
   3.0772708e-02
   9.9599194e-03
   8.8743933e-02
   8.0624215e-02
   8.3770171e-02
   2.1091662e-02
   7.3964588e-02
   5.4297350e-02
   7.5995639e-02
   3.2006308e-02
   7.7873752e-02
   3.3344738e-02
   4.6209652e-02
   2.8767483e-02
   6.1557796e-02
   3.3366587e-02
   5.5343825e-02
   3.2757424e-02
   8.3759457e-02
   7.1773246e-02
   1.1611156e-01
   3.2276191e-02
   1.1087432e-01
   7.7549487e-02
   9.7525254e-02
   4.9927033e-02
   1.0868501e-01
   6.2981144e-02
   9.0466589e-02
   6.8932682e-02
   8.9375004e-02
   6.7433648e-02
   8.5651420e-02
   7.5810626e-02
   6.5047242e-02
   5.7022680e-02
   8.8044412e-02
   2.8160896e-02
   8.8454261e-02
   4.1913170e-02
   9.2075802e-02
   3.6958586e-02
   7.6606162e-02
   3.9868060e-02
   4.3137584e-02
   2.7289009e-02
   8.9246295e-02
   7.9344280e-02
   4.2712741e-02
   2.8586013e-02
   8.1108846e-02
   8.3234496e-02
   7.0527263e-02
   1.8773759e-02
   9.4251290e-02
   4.3100979e-02
   8.1307337e-02
   4.5121573e-02
   1.0321116e-01
   4.2687371e-02
   1.7157707e-02
   3.9347694e-03
   1.7816769e-01
   5.9027076e-02
   1.9262619e-02
   6.5001282e-03
   7.2148845e-02
   8.1291795e-02
   9.5342927e-02
   1.8864905e-02
   9.5107876e-02
   3.3662673e-02
   7.5364567e-02
   7.5833544e-02
   1.9541425e-01
   6.2337145e-02
   1.8441001e-02
   4.5517222e-03
   1.6720361e-01
   4.4178084e-02
   3.3295549e-02
   1.2204035e-02
