   6.2162159e-03
   7.2546285e-03
   6.2978677e-03
   3.5502665e-02
   6.4816726e-03
   7.3281582e-03
   5.5287913e-03
   3.3861529e-02
   8.6002164e-03
   9.7377859e-03
   8.0190003e-03
   3.9758638e-02
   1.4766496e-02
   1.3883742e-02
   1.0425142e-02
   5.1763438e-02
   5.7248161e-03
   6.7810346e-03
   5.5783424e-03
   3.5166465e-02
   6.3928827e-03
   6.6746767e-03
   5.4742596e-03
   3.2995474e-02
   8.4160473e-03
   9.2207212e-03
   7.5974497e-03
   4.0276386e-02
   1.3901041e-02
   1.3737629e-02
   1.0314719e-02
   5.2117683e-02
   5.1131258e-03
   6.4062406e-03
   5.4371851e-03
   3.6178563e-02
   5.7530054e-03
   6.3899262e-03
   5.1356009e-03
   3.3372741e-02
   7.6243440e-03
   8.9621572e-03
   6.8856543e-03
   3.9827105e-02
   1.4255225e-02
   1.3056530e-02
   9.4235754e-03
   5.1822644e-02
   5.7605482e-03
   6.4509348e-03
   6.0173864e-03
   3.9689694e-02
   6.1037890e-03
   6.9347247e-03
   5.9596752e-03
   3.9213005e-02
   8.0882171e-03
   8.4560364e-03
   7.6146093e-03
   4.4677842e-02
   1.4043180e-02
   1.3182350e-02
   1.2536657e-02
   5.2027345e-02
   7.7214893e-03
   7.1748709e-03
   7.5102481e-03
   5.3594876e-02
   8.1441952e-03
   7.3856823e-03
   7.9954276e-03
   5.2835446e-02
   9.8876003e-03
   8.6655924e-03
   1.0350369e-02
   5.4621354e-02
   1.4407257e-02
   1.3218641e-02
   1.8971330e-02
   6.0220663e-02
   5.8769435e-03
   6.9512129e-03
   6.3465023e-03
   4.1305602e-02
   6.6199880e-03
   7.0223659e-03
   6.0553201e-03
   3.9923441e-02
   8.3934246e-03
   8.9612519e-03
   8.0428841e-03
   4.5671046e-02
   1.3731954e-02
   1.3093311e-02
   1.3068631e-02
   5.4736149e-02
   5.2637826e-03
   6.5909671e-03
   5.7276897e-03
   3.4345977e-02
   6.1960095e-03
   6.8009663e-03
   5.1799244e-03
   3.3236343e-02
   7.9342043e-03
   9.0543218e-03
   6.9961976e-03
   4.0817566e-02
   1.3882315e-02
   1.2871860e-02
   1.0037543e-02
   5.2324485e-02
   5.5161258e-03
   6.6437088e-03
   6.0898745e-03
   3.5215728e-02
   6.1892481e-03
   6.8879789e-03
   5.2573802e-03
   3.3373464e-02
   8.5437195e-03
   9.4103450e-03
   7.4347919e-03
   3.9747018e-02
   1.3974368e-02
   1.3484221e-02
   9.9850437e-03
   5.2971195e-02
   4.1964739e-03
   4.7521717e-03
   4.0459288e-03
   1.9113302e-02
   3.6064975e-03
   4.3128817e-03
   3.3704049e-03
   1.8283019e-02
   4.3330193e-03
   5.6916992e-03
   4.7154473e-03
   2.2098860e-02
   9.0259369e-03
   8.0155497e-03
   5.8389287e-03
   2.8319746e-02
   3.4483068e-03
   3.6253810e-03
   3.4943803e-03
   1.9286690e-02
   3.4468698e-03
   4.2273873e-03
   3.1025962e-03
   1.7785151e-02
   4.4126813e-03
   5.6963181e-03
   4.7356146e-03
   2.1078974e-02
   7.6596760e-03
   7.7103470e-03
   5.8363103e-03
   2.7345028e-02
   2.9041166e-03
   3.5227088e-03
   3.2744498e-03
   1.8442199e-02
   3.0081477e-03
   3.7640603e-03
   2.9096731e-03
   1.8392865e-02
   4.1505736e-03
   4.9148859e-03
   4.2323852e-03
   2.0850344e-02
   7.8023304e-03
   7.2049648e-03
   5.6927060e-03
   2.6966477e-02
   4.1301711e-03
   3.6757542e-03
   4.2301463e-03
   2.9472504e-02
   4.1806903e-03
   3.9301706e-03
   5.1130257e-03
   2.8697360e-02
   4.9667764e-03
   4.9332031e-03
   6.8405652e-03
   2.7463842e-02
   8.4870923e-03
   7.2294106e-03
   1.0970944e-02
   3.3437628e-02
   6.9293468e-03
   4.2659361e-03
   6.1214543e-03
   5.4572329e-02
   7.1801385e-03
   4.4392785e-03
   9.2797847e-03
   5.0409842e-02
   7.9642013e-03
   5.3111059e-03
   1.3510416e-02
   4.7334965e-02
   1.0695728e-02
   7.2148577e-03
   2.2061046e-02
   4.5604695e-02
   4.0209517e-03
   3.9830892e-03
   4.4073160e-03
   3.2934371e-02
   4.4653378e-03
   4.4686762e-03
   5.2462346e-03
   3.1456746e-02
   5.3402334e-03
   5.5790860e-03
   8.0487542e-03
   3.1230409e-02
   8.9005260e-03
   7.3657408e-03
   1.1412162e-02
   3.3696007e-02
   2.8606912e-03
   3.7725731e-03
   3.3908824e-03
   2.0065429e-02
   3.2567102e-03
   4.1711754e-03
   3.2584986e-03
   1.9536149e-02
   3.9856187e-03
   5.3874040e-03
   4.3667778e-03
   2.2074070e-02
   8.1285527e-03
   7.6680351e-03
   5.5283131e-03
   2.8167954e-02
   3.3763219e-03
   3.9938428e-03
   3.6516807e-03
   1.9105105e-02
   3.3112578e-03
   3.8857900e-03
   3.2959545e-03
   1.7978735e-02
   3.7272731e-03
   5.6526023e-03
   4.1305367e-03
   2.1861039e-02
   8.2034841e-03
   7.1115345e-03
   5.5070641e-03
   2.9315477e-02
   4.0514325e-03
   4.2760810e-03
   3.5446645e-03
   1.0492434e-02
   2.0358597e-03
   2.5407635e-03
   2.3691931e-03
   9.0042613e-03
   2.9706955e-03
   3.8987279e-03
   2.8956430e-03
   1.1637044e-02
   4.8719021e-03
   5.7598553e-03
   4.5205099e-03
   1.6479343e-02
   2.7722481e-03
   3.0169140e-03
   2.5569682e-03
   1.0557378e-02
   1.7113835e-03
   2.3669442e-03
   2.1015715e-03
   9.3145818e-03
   2.9977232e-03
   3.2863538e-03
   2.6486050e-03
   1.1725400e-02
   4.8029292e-03
   5.0862688e-03
   4.3502864e-03
   1.6458292e-02
   1.8775028e-03
   2.6788486e-03
   2.3354024e-03
   1.1361596e-02
   1.7580483e-03
   1.9992604e-03
   2.1199579e-03
   1.0772640e-02
   2.9567711e-03
   2.9934880e-03
   3.0424299e-03
   1.0346964e-02
   4.6047545e-03
   4.4225114e-03
   4.3657790e-03
   1.6392477e-02
   4.2450689e-03
   2.7992588e-03
   5.5711023e-03
   2.9134940e-02
   4.2512966e-03
   2.6798851e-03
   8.8512907e-03
   2.8818747e-02
   4.9983319e-03
   3.1394544e-03
   1.0546505e-02
   2.3164680e-02
   6.6518076e-03
   4.6933745e-03
   1.3725719e-02
   2.8849971e-02
   8.9237187e-03
   2.9473733e-03
   1.3341472e-02
   7.2693981e-02
   9.1654668e-03
   3.1138591e-03
   2.1378212e-02
   6.2850706e-02
   9.3752043e-03
   3.7018054e-03
   2.5859460e-02
   5.6675091e-02
   1.1288955e-02
   4.6903747e-03
   3.4660287e-02
   5.5726826e-02
   4.1844537e-03
   2.7237744e-03
   6.9803437e-03
   3.6062166e-02
   4.5391093e-03
   2.8139213e-03
   1.0058222e-02
   2.9945387e-02
   5.2053975e-03
   3.6405667e-03
   1.2046226e-02
   3.1473987e-02
   7.2744070e-03
   4.3231673e-03
   1.6145786e-02
   2.9796142e-02
   2.0357603e-03
   2.5039965e-03
   2.6675486e-03
   1.1611213e-02
   2.3429198e-03
   2.6831597e-03
   2.6940533e-03
   1.1886546e-02
   2.8534986e-03
   3.6461875e-03
   3.6323229e-03
   1.5731214e-02
   5.7564401e-03
   4.9052904e-03
   4.0303534e-03
   1.6973667e-02
   2.5266944e-03
   2.9968636e-03
   2.7028897e-03
   1.0427467e-02
   2.1216602e-03
   2.5035550e-03
   2.4703445e-03
   9.8820226e-03
   2.4059354e-03
   3.9041082e-03
   3.1846936e-03
   1.3484174e-02
   5.0669112e-03
   5.1457831e-03
   3.9771157e-03
   1.6651118e-02
   6.1503206e-03
   6.4924252e-03
   5.5119013e-03
   8.8696610e-03
   1.4558729e-03
   2.4026951e-03
   2.6531520e-03
   8.5541159e-03
   3.0928885e-03
   3.1633268e-03
   2.4833963e-03
   9.6737901e-03
   4.2682495e-03
   5.7613207e-03
   4.8608901e-03
   1.2914834e-02
   3.3361793e-03
   3.4585437e-03
   3.4375736e-03
   7.2215404e-03
   1.2236359e-03
   1.7292426e-03
   2.4714672e-03
   7.0559261e-03
   2.7770789e-03
   2.9122457e-03
   2.6391670e-03
   7.0425700e-03
   3.6812644e-03
   4.3429886e-03
   3.8294669e-03
   1.1094489e-02
   1.6579498e-03
   2.3799592e-03
   2.8002972e-03
   6.2203133e-03
   1.4751353e-03
   1.8415900e-03
   2.7593165e-03
   7.7736061e-03
   2.2566468e-03
   2.0696407e-03
   3.5719557e-03
   8.1848893e-03
   3.1529048e-03
   3.7269858e-03
   4.3621482e-03
   1.1552040e-02
   7.8765741e-03
   2.7317856e-03
   1.4361026e-02
   3.5931412e-02
   7.4239541e-03
   2.3884852e-03
   1.7633991e-02
   3.6569856e-02
   9.1133686e-03
   2.1861419e-03
   1.9502806e-02
   3.2522690e-02
   8.9253010e-03
   3.5445797e-03
   2.1420551e-02
   3.6062501e-02
   1.7967496e-02
   2.7402730e-03
   3.7952039e-02
   1.0017955e-01
   1.8053878e-02
   2.9841610e-03
   4.6859838e-02
   9.6324228e-02
   1.9024814e-02
   3.2598325e-03
   5.1809117e-02
   9.0495609e-02
   1.9418173e-02
   3.5890385e-03
   6.0378954e-02
   8.7766565e-02
   6.9833086e-03
   2.3612757e-03
   1.7233020e-02
   4.2288683e-02
   7.2994302e-03
   2.5302926e-03
   2.0300079e-02
   4.0894113e-02
   8.2251290e-03
   2.9756539e-03
   2.2028822e-02
   4.0828194e-02
   9.0329964e-03
   2.6980368e-03
   2.6599424e-02
   3.8839683e-02
   1.8107835e-03
   1.9196586e-03
   3.1787849e-03
   8.1350775e-03
   1.6753586e-03
   2.5425055e-03
   3.4582054e-03
   8.5795075e-03
   2.3307411e-03
   3.9034670e-03
   3.2784224e-03
   1.0315492e-02
   3.8139296e-03
   3.1396751e-03
   4.1366625e-03
   1.2205806e-02
   3.0297560e-03
   3.3922521e-03
   3.7445843e-03
   7.5541642e-03
   1.3335862e-03
   2.5205335e-03
   2.6550472e-03
   8.1992587e-03
   2.1673990e-03
   3.5851868e-03
   2.6839774e-03
   8.8710655e-03
   4.3821116e-03
   3.6553072e-03
   3.9431094e-03
   1.3593919e-02
