   9.8618083e-03
   7.3923669e-03
   3.7595831e-02
   6.4923666e-02
   7.1239360e-02
   3.2248955e-02
   6.7800485e-02
   2.3924800e-02
   7.8948826e-02
   2.7439127e-02
   3.1834230e-02
   1.0042589e-02
   5.0818745e-02
   7.4322015e-02
   7.1004875e-02
   1.6418951e-02
   2.1788960e-02
   6.7529720e-03
   3.7328858e-02
   6.1543096e-02
   8.6354189e-02
   3.2974035e-02
   5.6220971e-02
   2.2156907e-02
   4.3840695e-02
   1.9869484e-02
   2.0376613e-02
   1.0417487e-02
   3.8850460e-02
   3.7285555e-02
   3.8272347e-02
   1.4058874e-02
   1.9868810e-02
   6.4107655e-03
   3.6454819e-02
   5.7343114e-02
   5.2744906e-02
   2.9744243e-02
   5.3532351e-02
   2.1227609e-02
   3.6814440e-02
   1.6144771e-02
   1.6024871e-02
   1.0172392e-02
   3.2884337e-02
   1.5011590e-02
   2.1662952e-02
   1.3803565e-02
   8.6113596e-03
   6.3414904e-03
   3.7367906e-02
   5.8990035e-02
   4.9920861e-02
   3.2625996e-02
   5.4261513e-02
   2.1886507e-02
   4.3334030e-02
   2.6145376e-02
   3.2778710e-02
   1.1069717e-02
   3.5806350e-02
   1.6250545e-02
   3.4380335e-02
   1.4474549e-02
   7.4516870e-03
   6.9290041e-03
   3.7545566e-02
   6.4369179e-02
   6.5497547e-02
   3.9238743e-02
   6.1463717e-02
   2.3977242e-02
   6.0184225e-02
   4.5724295e-02
   5.1245071e-02
   1.2954975e-02
   4.0553462e-02
   2.0942297e-02
   4.0467080e-02
   1.5374969e-02
   7.1291607e-03
   5.6418618e-03
   3.9816730e-02
   6.3347891e-02
   4.8438512e-02
   2.9836826e-02
   5.8330752e-02
   2.5198903e-02
   4.6791468e-02
   2.8078290e-02
   2.4693632e-02
   1.0409266e-02
   4.7791358e-02
   2.1849165e-02
   2.2735756e-02
   1.3230971e-02
   7.6356395e-03
   5.5240854e-03
   3.9719809e-02
   7.7502765e-02
   3.7603233e-02
   2.3792814e-02
   5.6670982e-02
   2.4259873e-02
   4.9458418e-02
   2.1741472e-02
   1.3390705e-02
   9.9182529e-03
   8.3895057e-02
   2.1566950e-02
   1.7386558e-02
   1.2669952e-02
   8.2277441e-03
   6.2849107e-03
   3.7803564e-02
   7.3641889e-02
   4.1691620e-02
   2.4506740e-02
   6.5816768e-02
   2.2592289e-02
   8.7506734e-02
   2.6159350e-02
   1.9034946e-02
   1.0186106e-02
   6.9108404e-02
   3.7362285e-02
   3.5823073e-02
   1.3564355e-02
   1.1925295e-02
   6.8989927e-03
   3.4718219e-02
   5.6028016e-02
   1.0909318e-01
   4.4753246e-02
   6.0317013e-02
   2.2105340e-02
   1.1645082e-01
   3.9785288e-02
   3.8408980e-02
   6.1401073e-03
   6.2629931e-02
   1.0935777e-01
   9.9660851e-02
   1.5194184e-02
   3.1297252e-02
   6.2078391e-03
   3.0993717e-02
   4.6625596e-02
   1.4073221e-01
   4.3077819e-02
   4.9437504e-02
   2.0505959e-02
   5.1719010e-02
   2.9082932e-02
   2.5576921e-02
   6.5374519e-03
   4.1533835e-02
   5.2944258e-02
   5.2854378e-02
   1.0687174e-02
   2.9023040e-02
   5.3566867e-03
   2.9952869e-02
   4.1982774e-02
   7.6263964e-02
   3.6349706e-02
   4.5424029e-02
   1.7177623e-02
   3.9930336e-02
   2.0200931e-02
   2.0020615e-02
   6.3962596e-03
   3.4191657e-02
   1.8168153e-02
   2.9167062e-02
   9.3356594e-03
   1.0312929e-02
   6.1514121e-03
   3.0333340e-02
   4.2183980e-02
   6.6527329e-02
   3.4309305e-02
   4.9552068e-02
   1.8304536e-02
   4.9942419e-02
   2.6887938e-02
   4.4362750e-02
   8.0053695e-03
   3.6671419e-02
   1.9060057e-02
   5.0345995e-02
   9.9534579e-03
   7.0925062e-03
   7.0923851e-03
   3.2149028e-02
   5.2039426e-02
   8.0808461e-02
   4.4193316e-02
   6.1224110e-02
   2.4463344e-02
   7.3093399e-02
   5.3475738e-02
   6.4408012e-02
   1.1604846e-02
   4.3768570e-02
   2.6661178e-02
   6.5121412e-02
   1.1347028e-02
   6.7981211e-03
   5.2201240e-03
   3.5104237e-02
   5.8678616e-02
   5.8308654e-02
   3.2838579e-02
   5.8837764e-02
   2.6268339e-02
   6.0099691e-02
   3.4110103e-02
   3.0329565e-02
   7.2082011e-03
   6.8745762e-02
   2.8295603e-02
   3.4310006e-02
   8.4342817e-03
   7.1731494e-03
   4.3498594e-03
   3.6513966e-02
   7.5308561e-02
   4.5169387e-02
   2.9206187e-02
   5.7850353e-02
   2.2935882e-02
   7.0503116e-02
   3.2686181e-02
   1.5090257e-02
   5.5619990e-03
   1.3645180e-01
   3.1103324e-02
   2.2198118e-02
   8.0256574e-03
   7.7687055e-03
   5.1646186e-03
   3.2875203e-02
   6.5252304e-02
   4.7791738e-02
   3.2578591e-02
   5.5799402e-02
   2.1190336e-02
   1.3541310e-01
   3.9086606e-02
   2.1589166e-02
   5.4553626e-03
   1.0158782e-01
   5.4783139e-02
   4.6037991e-02
   9.6473200e-03
   2.2369096e-02
   9.1191446e-03
   3.3230703e-02
   5.2191313e-02
   1.6590403e-01
   6.1789934e-02
   6.4451814e-02
   2.5899276e-02
   1.8442230e-01
   5.7879779e-02
   5.4727897e-02
   4.6799593e-03
   8.6134054e-02
   9.7664811e-02
   1.1986565e-01
   1.9024167e-02
   6.4215839e-02
   7.7070086e-03
   3.0723698e-02
   4.4507336e-02
   2.3292944e-01
   5.7719186e-02
   5.1084943e-02
   1.7583722e-02
   8.9272693e-02
   4.6293527e-02
   3.9676353e-02
   5.2406043e-03
   5.9972052e-02
   5.1165048e-02
   6.3587777e-02
   1.1914791e-02
   5.6841232e-02
   5.5016526e-03
   2.9116504e-02
   3.2749042e-02
   1.2921646e-01
   4.5300599e-02
   4.7642816e-02
   1.8802671e-02
   6.4491697e-02
   2.8590459e-02
   2.9056415e-02
   5.2690576e-03
   5.4656602e-02
   2.4981797e-02
   3.4204599e-02
   8.5894959e-03
   1.7355947e-02
   6.1784294e-03
   2.8721206e-02
   3.8870562e-02
   9.0887249e-02
   3.6727488e-02
   3.9900962e-02
   2.2637663e-02
   7.3712267e-02
   3.6509957e-02
   5.8516376e-02
   7.6929918e-03
   6.0606930e-02
   2.6561409e-02
   5.8078993e-02
   1.0112748e-02
   9.2916843e-03
   8.7022735e-03
   3.9711684e-02
   5.4573491e-02
   1.0207456e-01
   5.0697032e-02
   5.4230779e-02
   3.2885846e-02
   9.3164220e-02
   7.4215621e-02
   7.9988293e-02
   1.4322078e-02
   6.4826772e-02
   3.5485812e-02
   8.5210755e-02
   1.2000019e-02
   1.0606683e-02
   5.0935708e-03
   4.0546130e-02
   6.4378917e-02
   7.5188011e-02
   4.0236417e-02
   6.0894154e-02
   2.3834862e-02
   8.7438114e-02
   4.2798225e-02
   3.8684510e-02
   7.2138165e-03
   1.1467810e-01
   3.7511986e-02
   4.4378825e-02
   7.7636419e-03
   1.2672497e-02
   4.4760122e-03
   3.8644776e-02
   8.4750995e-02
   7.8416601e-02
   3.7758775e-02
   5.4992016e-02
   2.3875603e-02
   1.1171300e-01
   3.8388349e-02
   2.0767748e-02
   4.7442708e-03
   2.3988965e-01
   4.7519304e-02
   3.1540245e-02
   6.6035865e-03
   1.2880294e-02
   6.3627781e-03
   3.2624863e-02
   6.8932235e-02
   8.3219156e-02
   5.0111521e-02
   6.0564812e-02
   2.9416790e-02
   2.1466416e-01
   5.6369770e-02
   3.1724226e-02
   4.1274731e-03
   1.6596232e-01
   6.4252242e-02
   6.1731223e-02
   1.0651760e-02
   3.9784722e-02
   1.6148595e-02
   4.7142312e-02
   6.9111966e-02
   1.9505349e-01
   6.2847652e-02
   8.7332308e-02
   3.1054515e-02
   2.0849520e-01
   3.6304630e-02
   7.1301840e-02
   5.2957009e-03
   1.3220650e-01
   1.3887422e-01
   1.5239774e-01
   2.4960354e-02
   8.4812760e-02
   1.1210508e-02
   4.3740343e-02
   5.9896372e-02
   2.2508989e-01
   5.2740064e-02
   4.6759333e-02
   2.3641054e-02
   1.0123226e-01
   2.7945150e-02
   5.8399867e-02
   5.7469327e-03
   8.5183270e-02
   8.0641933e-02
   7.2638959e-02
   1.4774752e-02
   6.1456356e-02
   7.8149755e-03
   3.2196924e-02
   5.2766252e-02
   1.0749117e-01
   4.4435777e-02
   3.9960917e-02
   2.7040802e-02
   8.6270519e-02
   2.4354007e-02
   3.8989801e-02
   4.1803773e-03
   8.6033806e-02
   2.9185385e-02
   3.8206719e-02
   9.7483024e-03
   1.9826965e-02
   8.1140613e-03
   3.6031995e-02
   6.2797092e-02
   8.3721198e-02
   4.9529977e-02
   4.0556725e-02
   2.8778661e-02
   8.5855305e-02
   5.2936547e-02
   6.7314081e-02
   9.8211691e-03
   8.0693103e-02
   4.0002204e-02
   6.0039531e-02
   1.5898956e-02
   1.4866808e-02
   1.5916497e-02
   6.1692595e-02
   8.3160512e-02
   1.2157078e-01
   9.5296316e-02
   6.2432863e-02
   4.4265557e-02
   1.1997627e-01
   1.2688223e-01
   9.1273956e-02
   2.5062341e-02
   9.2986129e-02
   5.7560723e-02
   1.0126957e-01
   2.3383649e-02
   1.3629428e-02
   7.7318135e-03
   6.1657943e-02
   8.2117215e-02
   8.7621093e-02
   5.2604903e-02
   7.0218153e-02
   2.8455801e-02
   8.1142321e-02
   5.8952726e-02
   4.9088247e-02
   1.0961736e-02
   1.0152075e-01
   6.2102318e-02
   5.0076585e-02
   1.1026121e-02
   1.8523650e-02
   5.0318241e-03
   4.7852073e-02
   1.0708813e-01
   8.8360012e-02
   3.2180768e-02
   6.9197454e-02
   3.4503970e-02
   1.0188886e-01
   3.2926954e-02
   3.3232234e-02
   4.3139593e-03
   1.6649666e-01
   5.3967010e-02
   3.1969976e-02
   6.2550972e-03
   2.5912259e-02
   1.0440010e-02
   4.3762282e-02
   8.1307672e-02
   9.7254552e-02
   4.5396198e-02
   9.8724872e-02
   3.7357230e-02
   2.1329778e-01
   4.0078413e-02
   4.6922896e-02
   5.1728124e-03
   1.5987645e-01
   8.4172860e-02
   8.1851602e-02
   1.3291087e-02
