   1.5258607e-02
   8.8651609e-03
   1.8551091e-02
   2.6059791e-02
   1.1551196e-02
   8.8860365e-03
   1.2209578e-02
   2.7832219e-02
   1.0858153e-02
   8.1025902e-03
   1.0502050e-02
   2.8980397e-02
   1.3207826e-02
   7.3958193e-03
   1.2483035e-02
   2.9868696e-02
   1.4511555e-02
   8.6625554e-03
   1.8077744e-02
   2.4482081e-02
   1.0924835e-02
   7.7427668e-03
   9.6766660e-03
   2.6185984e-02
   1.0245737e-02
   6.5741171e-03
   8.5696736e-03
   2.8626252e-02
   1.2380477e-02
   6.7473804e-03
   1.1683134e-02
   3.0440267e-02
   1.5452472e-02
   9.0121236e-03
   1.4358071e-02
   2.4088992e-02
   1.1180161e-02
   7.7807177e-03
   9.2145074e-03
   2.7818114e-02
   1.0409914e-02
   6.0655773e-03
   8.9184400e-03
   3.1545307e-02
   1.2521802e-02
   6.8655517e-03
   1.1999683e-02
   3.6196001e-02
   1.6154859e-02
   1.0776239e-02
   1.5278493e-02
   2.8752251e-02
   1.2435932e-02
   9.9987797e-03
   1.2180217e-02
   3.6882829e-02
   1.1581350e-02
   7.4373810e-03
   1.2216522e-02
   4.0708352e-02
   1.4494110e-02
   7.4739940e-03
   1.5475156e-02
   4.6646703e-02
   1.7437175e-02
   1.0868973e-02
   1.9198516e-02
   3.5109308e-02
   1.3452784e-02
   1.3225207e-02
   1.6421057e-02
   4.7294952e-02
   1.2454356e-02
   9.5378812e-03
   1.4424633e-02
   4.8506003e-02
   1.6558893e-02
   7.8402208e-03
   1.7322730e-02
   4.9842637e-02
   1.5808629e-02
   7.9928450e-03
   1.8541379e-02
   3.4888826e-02
   1.2515795e-02
   9.0982243e-03
   1.2800080e-02
   4.1801829e-02
   1.1567019e-02
   7.6004448e-03
   9.7133480e-03
   4.0575907e-02
   1.4839266e-02
   7.3303948e-03
   1.3533591e-02
   3.8348489e-02
   1.4194203e-02
   6.5622241e-03
   1.4238817e-02
   3.1520460e-02
   1.1160182e-02
   6.9335322e-03
   1.0047751e-02
   3.2087095e-02
   1.0367089e-02
   6.5346491e-03
   7.9419389e-03
   3.1290356e-02
   1.3251074e-02
   6.7240275e-03
   1.1587962e-02
   3.0069441e-02
   1.4184454e-02
   7.1448353e-03
   1.4099481e-02
   2.5996642e-02
   1.0938276e-02
   7.6406058e-03
   1.0332523e-02
   2.8173167e-02
   1.0221479e-02
   6.8949591e-03
   8.6549325e-03
   2.8330641e-02
   1.2565692e-02
   6.7105386e-03
   1.1493976e-02
   2.8510790e-02
   1.6068175e-02
   1.0838770e-02
   2.7929779e-02
   3.2567259e-02
   1.2537188e-02
   1.1798114e-02
   1.7396849e-02
   3.8363617e-02
   1.1703760e-02
   1.0266190e-02
   1.3683747e-02
   4.1124195e-02
   1.4195504e-02
   8.2661826e-03
   1.3779911e-02
   3.8550980e-02
   1.6290674e-02
   1.1403692e-02
   2.9165754e-02
   3.0622609e-02
   1.2197981e-02
   9.9844895e-03
   1.2969667e-02
   3.6477681e-02
   1.1495377e-02
   8.0347387e-03
   1.1388157e-02
   4.2708777e-02
   1.3800067e-02
   7.7739200e-03
   1.3301251e-02
   4.1584391e-02
   1.8097349e-02
   1.1697877e-02
   2.0190267e-02
   2.9924039e-02
   1.2433262e-02
   9.8095052e-03
   1.2031758e-02
   3.9256204e-02
   1.1641913e-02
   7.3521803e-03
   1.2206928e-02
   4.7109134e-02
   1.3827035e-02
   7.8755179e-03
   1.3838856e-02
   5.1827449e-02
   1.6938834e-02
   1.4086846e-02
   1.9707149e-02
   3.4952182e-02
   1.3241358e-02
   1.3191054e-02
   1.5616459e-02
   5.0568938e-02
   1.2414240e-02
   9.4841374e-03
   1.5916083e-02
   5.6751378e-02
   1.5659824e-02
   8.3102463e-03
   1.7340334e-02
   6.4179838e-02
   1.7253255e-02
   1.4364002e-02
   2.7031835e-02
   4.2957488e-02
   1.3799964e-02
   1.8556282e-02
   2.1316759e-02
   6.3439094e-02
   1.3100077e-02
   1.2865491e-02
   1.8286563e-02
   6.5589011e-02
   1.8273868e-02
   8.6342720e-03
   1.9058069e-02
   6.5889075e-02
   1.6244076e-02
   9.5621571e-03
   2.7184194e-02
   4.6366923e-02
   1.3204006e-02
   1.1722447e-02
   1.6763886e-02
   5.8169916e-02
   1.2363998e-02
   9.3853222e-03
   1.2430290e-02
   5.7137568e-02
   1.6208407e-02
   8.2554501e-03
   1.4871511e-02
   5.0255466e-02
   1.5534950e-02
   7.7824136e-03
   1.9717468e-02
   4.5217015e-02
   1.2347623e-02
   8.6978199e-03
   1.3470026e-02
   4.7139909e-02
   1.1522944e-02
   7.9062479e-03
   1.0171374e-02
   4.6268310e-02
   1.5020775e-02
   7.7848169e-03
   1.3160382e-02
   3.9651986e-02
   1.5606611e-02
   8.7061692e-03
   1.9352816e-02
   3.4593713e-02
   1.2247760e-02
   9.8453322e-03
   1.4394601e-02
   4.1277777e-02
   1.1477603e-02
   8.6091179e-03
   1.1184947e-02
   4.1233014e-02
   1.3832671e-02
   7.7192206e-03
   1.3033765e-02
   3.6983933e-02
   1.3306948e-02
   1.2939516e-02
   4.0863112e-02
   3.6803346e-02
   1.0513120e-02
   1.5420441e-02
   2.4492454e-02
   4.3603774e-02
   9.9586360e-03
   1.3386945e-02
   1.7248649e-02
   4.6271581e-02
   1.2047788e-02
   8.1100194e-03
   1.3369225e-02
   4.1709576e-02
   1.5449435e-02
   1.4378707e-02
   4.2485692e-02
   3.5222642e-02
   1.0367875e-02
   1.2403182e-02
   1.6408244e-02
   4.0300775e-02
   9.8436987e-03
   9.5757665e-03
   1.3767817e-02
   4.9640637e-02
   1.1787628e-02
   7.4382732e-03
   1.2811340e-02
   4.4755004e-02
   1.9743968e-02
   1.4727119e-02
   2.7428910e-02
   3.3011399e-02
   1.0432358e-02
   1.1630630e-02
   1.3905690e-02
   4.2886760e-02
   9.7475825e-03
   8.2757585e-03
   1.5451543e-02
   5.0605256e-02
   1.1661506e-02
   7.4448758e-03
   1.4453247e-02
   5.3540457e-02
   1.4738024e-02
   1.8202517e-02
   2.5155354e-02
   3.5429906e-02
   1.0777250e-02
   1.7562507e-02
   1.8366084e-02
   4.9860515e-02
   1.0292675e-02
   1.1796812e-02
   2.0012254e-02
   5.4516885e-02
   1.3638911e-02
   7.5593307e-03
   1.8471776e-02
   6.1597012e-02
   1.3559428e-02
   1.8273069e-02
   3.6218103e-02
   4.1318867e-02
   1.0972473e-02
   2.7555231e-02
   2.6347132e-02
   5.7781607e-02
   1.0753203e-02
   1.7664660e-02
   2.2270834e-02
   5.9392557e-02
   1.6982034e-02
   7.8220479e-03
   1.9334132e-02
   6.2093161e-02
   1.3063662e-02
   1.0602634e-02
   3.7191834e-02
   4.8196781e-02
   1.0774493e-02
   1.5239915e-02
   1.9869778e-02
   5.4221552e-02
   1.0355310e-02
   1.1615714e-02
   1.4168262e-02
   5.3506695e-02
   1.4789474e-02
   7.4988138e-03
   1.3890315e-02
   4.9795598e-02
   1.2790122e-02
   8.2750255e-03
   2.6193514e-02
   5.2692432e-02
   1.0560021e-02
   1.0077764e-02
   1.5887773e-02
   4.9334049e-02
   9.8101273e-03
   9.0842731e-03
   1.1332933e-02
   4.7844697e-02
   1.3791456e-02
   7.1687223e-03
   1.2405806e-02
   4.2521127e-02
   1.2906458e-02
   9.6357642e-03
   2.5988409e-02
   3.9641581e-02
   1.0359551e-02
   1.2216938e-02
   1.8747367e-02
   4.7861740e-02
   9.8558459e-03
   1.0415553e-02
   1.3173760e-02
   4.5875866e-02
   1.1931314e-02
   7.3261554e-03
   1.2768102e-02
   4.0237334e-02
   1.0401700e-02
   1.5731532e-02
   5.4646876e-02
   3.7834335e-02
   7.5088195e-03
   1.9229991e-02
   3.3081383e-02
   3.7380468e-02
   7.0548127e-03
   1.6752902e-02
   2.1610824e-02
   3.5566915e-02
   9.1433488e-03
   7.8958161e-03
   1.3039678e-02
   3.4317140e-02
   1.6065091e-02
   1.7875440e-02
   5.6626916e-02
   3.6757410e-02
   7.4770940e-03
   1.5043439e-02
   1.9016804e-02
   3.2959159e-02
   7.3582409e-03
   1.1316082e-02
   1.5789757e-02
   4.0201720e-02
   9.0411408e-03
   6.6505228e-03
   1.1581568e-02
   3.5207283e-02
   2.4363384e-02
   1.8968048e-02
   3.8718663e-02
   3.2734785e-02
   7.9236524e-03
   1.4053199e-02
   1.4488378e-02
   3.4912638e-02
   7.3893904e-03
   9.3115848e-03
   1.8301044e-02
   4.0005825e-02
   8.7806266e-03
   6.5074805e-03
   1.4095950e-02
   4.3460939e-02
   1.3742616e-02
   2.6142711e-02
   3.5497572e-02
   3.1750426e-02
   8.3236871e-03
   2.0910705e-02
   2.1421667e-02
   3.9797667e-02
   7.8654150e-03
   1.3415208e-02
   2.5181748e-02
   4.0133834e-02
   1.1668626e-02
   6.6840304e-03
   2.0767134e-02
   5.2066300e-02
   1.0212742e-02
   2.6339717e-02
   5.1145975e-02
   3.6879759e-02
   8.5438909e-03
   3.3705801e-02
   3.2649115e-02
   4.5090247e-02
   8.3895717e-03
   2.1197144e-02
   2.8120788e-02
   4.5761578e-02
   1.6734004e-02
   7.2045503e-03
   2.2091893e-02
   5.3712007e-02
   9.8912837e-03
   1.3264109e-02
   5.1943630e-02
   4.4132330e-02
   8.1872987e-03
   1.8098596e-02
   2.3176305e-02
   3.9746594e-02
   7.8288484e-03
   1.3448357e-02
   1.5570804e-02
   3.9530020e-02
   1.3843860e-02
   6.7460011e-03
   1.2948556e-02
   3.9970610e-02
   9.5143681e-03
   9.1601415e-03
   3.5479441e-02
   5.2346922e-02
   7.8314198e-03
   1.2018493e-02
   1.7821485e-02
   3.7261449e-02
   7.4498127e-03
   1.0144670e-02
   1.1378080e-02
   3.5880666e-02
   1.2570403e-02
   6.4028460e-03
   1.0788816e-02
   3.4195576e-02
   9.5989779e-03
   1.0988219e-02
   3.4864791e-02
   3.9162785e-02
   7.5120078e-03
   1.4840808e-02
   2.3523031e-02
   3.9003361e-02
   7.2420780e-03
   1.2350375e-02
   1.5071413e-02
   3.4505181e-02
   9.2616901e-03
   6.5585226e-03
   1.1543528e-02
   3.2966979e-02
