   3.2731667e-02
   1.4731032e-02
   4.6495255e-02
   1.8742209e-02
   2.8987894e-02
   3.6062013e-02
   5.2316308e-02
   1.4990266e-02
   2.8482011e-02
   2.6571402e-02
   2.7951775e-02
   1.0410994e-02
   3.0658919e-02
   3.1367805e-02
   3.0158799e-02
   7.7393618e-03
   2.9354401e-02
   1.9361200e-02
   4.4945497e-02
   1.8132789e-02
   3.0281957e-02
   3.5181414e-02
   4.3158583e-02
   1.5234722e-02
   2.8252976e-02
   2.6980566e-02
   2.5919177e-02
   1.0359479e-02
   3.2487631e-02
   3.0962288e-02
   2.7804120e-02
   8.0227470e-03
   4.9198769e-02
   2.1910867e-02
   4.3537538e-02
   1.8053453e-02
   5.8908470e-02
   4.0909585e-02
   3.8005527e-02
   1.5738212e-02
   6.6318803e-02
   3.9389417e-02
   2.7146192e-02
   9.9598011e-03
   7.6380961e-02
   5.0491422e-02
   2.7188512e-02
   8.8601261e-03
   1.6774005e-01
   2.4741760e-02
   4.5295935e-02
   1.9144662e-02
   1.6326419e-01
   7.6070935e-02
   5.2437052e-02
   1.6799368e-02
   1.4356939e-01
   9.5764481e-02
   3.4778908e-02
   1.1456140e-02
   1.0718340e-01
   1.1801084e-01
   3.3470325e-02
   1.0215805e-02
   1.2378578e-01
   2.7565107e-02
   5.6550395e-02
   2.1344213e-02
   1.0311098e-01
   7.7781670e-02
   6.4178698e-02
   2.0072347e-02
   7.1510077e-02
   8.4958293e-02
   5.8989868e-02
   1.6548259e-02
   4.9135353e-02
   9.0462066e-02
   5.3240374e-02
   1.3773826e-02
   3.2802638e-02
   2.1268092e-02
   4.8419170e-02
   2.1510998e-02
   3.1430017e-02
   4.1411325e-02
   4.5463659e-02
   2.4827531e-02
   2.7191913e-02
   3.5179876e-02
   4.2809267e-02
   2.3732515e-02
   3.1411592e-02
   4.3705627e-02
   4.3342572e-02
   1.6651491e-02
   3.1412184e-02
   2.3198416e-02
   3.9947581e-02
   1.9783171e-02
   2.7834119e-02
   3.5399329e-02
   3.5986718e-02
   1.7942848e-02
   2.4973055e-02
   2.9230338e-02
   2.5978837e-02
   1.3946423e-02
   2.9976785e-02
   3.8510848e-02
   2.7248103e-02
   9.8062977e-03
   3.1120570e-02
   1.8303249e-02
   4.3644365e-02
   1.9148871e-02
   2.8666534e-02
   3.6736581e-02
   4.3865718e-02
   1.5371388e-02
   2.6597457e-02
   2.6876828e-02
   2.5347712e-02
   1.0258717e-02
   3.0291872e-02
   3.0853739e-02
   2.5909601e-02
   8.0517977e-03
   2.6898047e-02
   1.8695384e-02
   4.7220077e-02
   1.1923515e-02
   3.2645799e-02
   3.8996398e-02
   5.1208101e-02
   9.5476536e-03
   3.1800192e-02
   2.9458256e-02
   2.5450245e-02
   6.2712273e-03
   3.4666553e-02
   4.0388562e-02
   3.4148443e-02
   5.4841815e-03
   2.5522519e-02
   2.0329326e-02
   4.3036684e-02
   1.1618352e-02
   3.5820428e-02
   3.4789849e-02
   4.0663946e-02
   9.9152550e-03
   3.5857618e-02
   3.0516129e-02
   2.6639996e-02
   6.1358325e-03
   4.4600956e-02
   4.0449932e-02
   2.8386597e-02
   4.9592038e-03
   7.0244528e-02
   2.2823436e-02
   4.4684347e-02
   1.2211764e-02
   9.4650999e-02
   3.8652062e-02
   3.9386958e-02
   1.0389244e-02
   1.1482763e-01
   3.7583459e-02
   2.5684424e-02
   6.2506637e-03
   1.3178289e-01
   5.7772752e-02
   2.4471203e-02
   5.6789969e-03
   2.3782630e-01
   2.8459765e-02
   4.9897816e-02
   1.1548543e-02
   2.5327826e-01
   6.6671714e-02
   6.7130283e-02
   1.1055677e-02
   2.5147799e-01
   7.5009994e-02
   3.1947125e-02
   8.1449067e-03
   1.9258583e-01
   1.1644473e-01
   3.1625390e-02
   6.9777761e-03
   1.6888629e-01
   2.9962406e-02
   6.9143757e-02
   1.4810175e-02
   1.5338954e-01
   6.8078816e-02
   8.0404572e-02
   1.6129347e-02
   1.1967734e-01
   6.6349655e-02
   6.1640911e-02
   1.6857862e-02
   8.2255349e-02
   8.5095547e-02
   6.1175704e-02
   1.5890306e-02
   3.9335631e-02
   1.9699015e-02
   5.8433928e-02
   1.5226081e-02
   4.2968150e-02
   3.8419191e-02
   4.7442492e-02
   2.1550702e-02
   3.6050685e-02
   3.6616899e-02
   5.1511832e-02
   2.7777201e-02
   4.0297449e-02
   5.6290321e-02
   5.2696820e-02
   2.5454121e-02
   2.2734465e-02
   2.1724390e-02
   4.1011646e-02
   1.2581049e-02
   3.0090755e-02
   3.2348543e-02
   3.4445383e-02
   1.3265335e-02
   2.9106796e-02
   3.2393962e-02
   3.1293005e-02
   1.2464414e-02
   3.5833970e-02
   5.6188647e-02
   3.0597152e-02
   1.1340323e-02
   2.3204248e-02
   2.0354021e-02
   4.0258154e-02
   1.1268469e-02
   2.8672893e-02
   3.7423186e-02
   4.6558388e-02
   9.4459737e-03
   2.8257262e-02
   2.9204711e-02
   2.5192702e-02
   6.1742426e-03
   3.4385465e-02
   4.1774392e-02
   2.8157616e-02
   5.6178849e-03
   3.6676005e-02
   2.2257460e-02
   6.5778300e-02
   1.0556864e-02
   4.4138122e-02
   3.4834135e-02
   5.0571360e-02
   6.0125883e-03
   4.7414660e-02
   3.2941874e-02
   3.3350810e-02
   4.0886090e-03
   5.4217886e-02
   5.4518681e-02
   4.1236769e-02
   3.9452608e-03
   3.6683436e-02
   1.8519565e-02
   5.0910626e-02
   8.3233099e-03
   5.3991165e-02
   3.1256761e-02
   4.7055855e-02
   6.0129766e-03
   5.8863029e-02
   3.2437757e-02
   2.7940333e-02
   4.6553514e-03
   7.5784646e-02
   4.8300061e-02
   2.9372307e-02
   3.5316045e-03
   7.8055143e-02
   1.9904858e-02
   4.6236221e-02
   9.0740463e-03
   1.1407115e-01
   3.1193262e-02
   4.3304440e-02
   7.2654756e-03
   1.5263440e-01
   3.3679176e-02
   2.7551403e-02
   4.5793247e-03
   2.0584926e-01
   4.1907523e-02
   2.3667956e-02
   5.0434000e-03
   2.1129429e-01
   3.3419814e-02
   5.2327964e-02
   1.0009379e-02
   2.3308039e-01
   6.5005079e-02
   7.9844005e-02
   1.0131645e-02
   2.8217250e-01
   6.4243555e-02
   3.3761714e-02
   7.1835439e-03
   2.7361745e-01
   7.3343888e-02
   4.2201202e-02
   8.4093297e-03
   1.4133587e-01
   3.1682733e-02
   7.8968063e-02
   1.6916661e-02
   1.2897135e-01
   7.2763734e-02
   8.7505884e-02
   2.0263685e-02
   1.1327628e-01
   6.4564846e-02
   7.2079673e-02
   2.7728030e-02
   1.0836038e-01
   7.0624299e-02
   8.2297377e-02
   2.5814518e-02
   5.1753376e-02
   2.1433439e-02
   6.1871223e-02
   1.3625134e-02
   6.5038562e-02
   3.4761753e-02
   6.0241710e-02
   2.9135169e-02
   5.5957451e-02
   3.4453463e-02
   7.2048388e-02
   5.0814718e-02
   6.6308223e-02
   6.0948472e-02
   7.4995957e-02
   4.4934772e-02
   3.1822007e-02
   2.0994667e-02
   4.6584334e-02
   8.9670829e-03
   4.4758938e-02
   3.2588430e-02
   4.1503593e-02
   1.3873301e-02
   5.0487716e-02
   3.0966988e-02
   3.6747202e-02
   1.8915894e-02
   6.3212492e-02
   7.0242129e-02
   4.0962238e-02
   1.7032543e-02
   3.0685052e-02
   2.0078378e-02
   5.0581265e-02
   8.1964312e-03
   4.0424436e-02
   3.5290737e-02
   5.6831934e-02
   6.2251971e-03
   4.4797506e-02
   3.3289120e-02
   2.9090919e-02
   4.5426688e-03
   5.2604731e-02
   5.6822039e-02
   4.0247574e-02
   4.5240107e-03
   5.2046072e-02
   3.3238512e-02
   9.0107039e-02
   1.6211366e-02
   6.8701968e-02
   3.0830562e-02
   5.0984096e-02
   4.6296366e-03
   5.5265173e-02
   3.2280579e-02
   4.3471225e-02
   4.1257166e-03
   6.1742324e-02
   6.4390808e-02
   5.4980360e-02
   4.7821426e-03
   5.5930894e-02
   2.1094535e-02
   6.5020919e-02
   9.4353147e-03
   6.6470705e-02
   3.0717360e-02
   5.0064687e-02
   5.9818039e-03
   6.0694993e-02
   2.3270760e-02
   3.0511659e-02
   4.9121180e-03
   7.6516375e-02
   6.2478360e-02
   3.8214941e-02
   4.2066043e-03
   5.6487050e-02
   2.3146529e-02
   5.6421630e-02
   9.4512515e-03
   6.5811053e-02
   2.8339818e-02
   4.1135285e-02
   9.2110485e-03
   1.0108697e-01
   3.4269661e-02
   3.5372600e-02
   3.7866430e-03
   1.5393524e-01
   4.8324171e-02
   3.5603341e-02
   6.5128533e-03
   8.7116487e-02
   4.9472760e-02
   7.5866245e-02
   9.3172276e-03
   8.5161261e-02
   1.0024083e-01
   8.4160298e-02
   1.4078705e-02
   1.1168430e-01
   9.6192315e-02
   4.7399513e-02
   9.0987422e-03
   1.5489262e-01
   7.8329317e-02
   6.6593274e-02
   1.3599459e-02
   7.5998776e-02
   5.0317504e-02
   1.1188604e-01
   2.6950950e-02
   6.4275727e-02
   1.2046117e-01
   1.1457480e-01
   3.1636894e-02
   4.9460005e-02
   9.6408322e-02
   6.2751457e-02
   4.8653774e-02
   8.5907482e-02
   6.9196984e-02
   1.1721935e-01
   4.5536179e-02
   4.9767282e-02
   3.3906952e-02
   8.7757759e-02
   1.9151855e-02
   6.8832658e-02
   5.1561035e-02
   8.7184861e-02
   4.5875400e-02
   6.8436556e-02
   4.2247090e-02
   6.6488087e-02
   9.2600785e-02
   8.8616259e-02
   6.8018377e-02
   9.8012134e-02
   7.4724652e-02
   4.5283739e-02
   2.5058256e-02
   6.7044616e-02
   1.0796931e-02
   5.1710423e-02
   3.6167439e-02
   5.6650475e-02
   1.9674761e-02
   5.4000001e-02
   2.6261631e-02
   4.5157317e-02
   3.1325899e-02
   8.2418591e-02
   9.8095410e-02
   7.7094264e-02
   2.6492940e-02
   4.4227324e-02
   2.7689060e-02
   7.7784710e-02
   1.0729325e-02
   5.3901773e-02
   3.8074844e-02
   7.5987041e-02
   6.9724987e-03
   6.6437319e-02
   3.4875505e-02
   4.0187106e-02
   4.3669986e-03
   7.3238082e-02
   6.4987466e-02
   7.5484090e-02
   5.7738195e-03
