   1.1262733e-02
   3.0413551e-02
   5.2650154e-02
   2.1130012e-02
   1.7971030e-02
   2.9497318e-02
   3.3586442e-02
   1.8871762e-02
   1.9086236e-02
   2.4292286e-02
   3.1232981e-02
   1.7807925e-02
   7.7211061e-03
   2.1875493e-02
   3.9473254e-02
   2.2395814e-02
   1.1443243e-02
   5.6873027e-02
   6.0293056e-02
   2.1751778e-02
   1.7854761e-02
   2.9241828e-02
   3.0792128e-02
   1.8028002e-02
   2.4767168e-02
   2.7932761e-02
   3.3381645e-02
   1.7845036e-02
   8.0752671e-03
   4.1070938e-02
   4.3920051e-02
   2.2156954e-02
   1.1749994e-02
   6.8595663e-02
   6.5770723e-02
   2.1757070e-02
   1.8906979e-02
   3.0718798e-02
   2.6770664e-02
   1.7227199e-02
   2.7572127e-02
   3.0845661e-02
   3.4096058e-02
   1.7580310e-02
   8.9957807e-03
   5.0048638e-02
   4.6913940e-02
   2.3960715e-02
   1.5099667e-02
   5.3285729e-02
   6.0154673e-02
   2.6467359e-02
   3.6758650e-02
   4.3693118e-02
   3.0183315e-02
   2.1806331e-02
   3.3659708e-02
   3.5732631e-02
   3.8450070e-02
   2.1346528e-02
   1.4428112e-02
   4.2491723e-02
   4.9100269e-02
   2.7961312e-02
   2.9769214e-02
   7.7032454e-02
   6.3570023e-02
   3.5520460e-02
   7.5404599e-02
   7.9392761e-02
   4.2657275e-02
   3.0797392e-02
   5.9455097e-02
   5.6880113e-02
   4.2634353e-02
   3.1476542e-02
   2.8818350e-02
   6.6077575e-02
   5.5803351e-02
   3.6188617e-02
   1.7250435e-02
   5.2829444e-02
   5.4074351e-02
   2.6526581e-02
   4.8355374e-02
   4.6217300e-02
   3.7144519e-02
   2.2499619e-02
   3.9597858e-02
   4.0010534e-02
   3.2136511e-02
   2.1706263e-02
   1.5821422e-02
   4.2908646e-02
   4.3185066e-02
   2.5473939e-02
   1.6777029e-02
   6.0378946e-02
   5.7118949e-02
   2.0577183e-02
   2.8654026e-02
   2.9097971e-02
   3.1972952e-02
   1.8825121e-02
   2.5005138e-02
   4.1171845e-02
   3.0259462e-02
   1.7306918e-02
   9.1634123e-03
   5.1225998e-02
   4.1833438e-02
   2.1118257e-02
   1.5892992e-02
   5.1013779e-02
   5.6201179e-02
   2.0799942e-02
   1.9900631e-02
   2.7829364e-02
   3.1831674e-02
   1.7828092e-02
   2.1038223e-02
   3.4484029e-02
   3.2002721e-02
   1.7252985e-02
   8.0407336e-03
   4.1315537e-02
   4.0154401e-02
   2.1432232e-02
   1.0463154e-02
   3.4270257e-02
   4.6639204e-02
   1.5001168e-02
   2.2917399e-02
   3.3508562e-02
   3.2471176e-02
   1.3593505e-02
   2.4963235e-02
   3.3146378e-02
   2.9092114e-02
   1.2618960e-02
   5.4402035e-03
   2.6744721e-02
   3.9731175e-02
   1.7094526e-02
   1.0085667e-02
   6.1367150e-02
   5.0180566e-02
   1.3408171e-02
   1.9738544e-02
   3.5301536e-02
   3.0134710e-02
   1.1979234e-02
   3.3239026e-02
   3.7395943e-02
   3.2885704e-02
   1.2288019e-02
   6.2899650e-03
   4.4186343e-02
   4.6977140e-02
   1.5510464e-02
   1.0000814e-02
   7.3276252e-02
   5.7202008e-02
   1.4053456e-02
   2.0220475e-02
   3.9323989e-02
   2.9015766e-02
   1.1603292e-02
   3.5516657e-02
   4.2228583e-02
   3.4043431e-02
   1.2643931e-02
   7.2695897e-03
   5.0245792e-02
   5.0474666e-02
   1.7030736e-02
   1.9613573e-02
   5.9168581e-02
   5.8815662e-02
   2.3882831e-02
   4.7762379e-02
   4.9710240e-02
   3.7574749e-02
   2.2528712e-02
   4.5359317e-02
   4.5576014e-02
   4.5914117e-02
   2.2747423e-02
   1.9181313e-02
   4.3459393e-02
   5.2337602e-02
   2.6795810e-02
   4.5097891e-02
   7.3900588e-02
   6.0262986e-02
   4.0615186e-02
   1.0589702e-01
   8.2010649e-02
   5.2813195e-02
   3.9520722e-02
   8.2220726e-02
   6.5750316e-02
   5.2405521e-02
   4.1068260e-02
   4.5162577e-02
   6.2896587e-02
   6.0120296e-02
   4.3867990e-02
   2.3596190e-02
   5.5876363e-02
   4.8854101e-02
   2.4278143e-02
   5.7909723e-02
   4.9661767e-02
   4.4885997e-02
   2.2418875e-02
   4.9485430e-02
   5.0647564e-02
   3.6422558e-02
   2.1020668e-02
   2.1215163e-02
   4.4656210e-02
   4.5386445e-02
   2.4687674e-02
   1.7088665e-02
   6.2142920e-02
   5.1132720e-02
   1.4430379e-02
   2.6502129e-02
   3.7607949e-02
   3.3333238e-02
   1.3262139e-02
   3.1077597e-02
   5.6915689e-02
   3.3036973e-02
   1.1762511e-02
   6.7084339e-03
   5.1827300e-02
   3.9146621e-02
   1.5108773e-02
   1.5699008e-02
   5.4244939e-02
   5.5045623e-02
   1.3529949e-02
   2.4113964e-02
   3.5927214e-02
   3.2829717e-02
   1.2646922e-02
   3.0077746e-02
   4.6825550e-02
   3.2250229e-02
   1.1313118e-02
   5.6931763e-03
   4.4676643e-02
   3.9656021e-02
   1.4733276e-02
   1.0838348e-02
   3.7303627e-02
   4.6374496e-02
   1.6984833e-02
   2.6407031e-02
   5.1574148e-02
   4.1562431e-02
   1.6536683e-02
   3.0619226e-02
   5.4781228e-02
   3.7565775e-02
   1.4164724e-02
   4.9606026e-03
   2.8897781e-02
   5.1589012e-02
   2.1227323e-02
   9.7959451e-03
   4.6697229e-02
   5.1541202e-02
   1.2273147e-02
   2.0565541e-02
   4.7096957e-02
   3.6499895e-02
   1.2537141e-02
   3.3605795e-02
   4.6841327e-02
   4.2273127e-02
   1.1973615e-02
   5.5342703e-03
   3.1477332e-02
   5.0094746e-02
   1.6229231e-02
   1.1356562e-02
   5.4956932e-02
   5.3243674e-02
   1.2399375e-02
   2.1165192e-02
   5.5016562e-02
   3.4564875e-02
   1.0383101e-02
   3.5904072e-02
   5.5015575e-02
   4.4616554e-02
   1.2103429e-02
   6.7587448e-03
   3.3739608e-02
   4.4952594e-02
   1.6965430e-02
   2.6178379e-02
   5.4899488e-02
   6.4032100e-02
   3.0276911e-02
   4.6676561e-02
   5.9427496e-02
   4.9208820e-02
   2.8934568e-02
   3.9953612e-02
   5.5961933e-02
   5.5892926e-02
   3.2609463e-02
   2.1142552e-02
   3.4215722e-02
   5.9245721e-02
   3.6630478e-02
   6.0220603e-02
   5.1299885e-02
   7.5970888e-02
   5.9460565e-02
   9.8932318e-02
   7.8677952e-02
   8.1084721e-02
   6.0433324e-02
   6.6477560e-02
   6.3250951e-02
   6.4838283e-02
   6.4221472e-02
   4.7803506e-02
   4.4133686e-02
   6.7932330e-02
   6.8569511e-02
   3.0160977e-02
   4.6572551e-02
   5.3674426e-02
   2.9764773e-02
   5.1622506e-02
   5.3732321e-02
   6.0081527e-02
   2.9195920e-02
   4.4188187e-02
   5.9577364e-02
   4.1112304e-02
   2.6927931e-02
   2.2803312e-02
   3.3631392e-02
   5.1466629e-02
   3.3314094e-02
   1.6348986e-02
   4.2403184e-02
   4.7454491e-02
   1.2641051e-02
   2.9180117e-02
   4.1778065e-02
   4.2318065e-02
   1.2730222e-02
   3.2516614e-02
   6.5654047e-02
   3.5921682e-02
   1.0413026e-02
   6.3441517e-03
   3.3385094e-02
   3.8842265e-02
   1.4689999e-02
   1.4578722e-02
   3.7982859e-02
   4.5457635e-02
   1.2321621e-02
   3.1298917e-02
   4.6464369e-02
   4.3726273e-02
   1.2938684e-02
   3.1270064e-02
   5.5765577e-02
   3.9398775e-02
   9.8893940e-03
   5.3359256e-03
   3.0086212e-02
   4.5218464e-02
   1.6338775e-02
   1.5938476e-02
   5.4110751e-02
   5.7010219e-02
   2.2188311e-02
   4.4564843e-02
   8.2354963e-02
   6.1088346e-02
   2.4392417e-02
   4.9400777e-02
   8.4772363e-02
   4.8275746e-02
   1.8298239e-02
   6.7708706e-03
   4.3673508e-02
   5.6056328e-02
   3.0801836e-02
   1.2257027e-02
   4.0512759e-02
   4.9375687e-02
   1.5867235e-02
   3.8473092e-02
   6.8742812e-02
   5.8707796e-02
   1.9566845e-02
   4.5852542e-02
   5.7780016e-02
   6.2944025e-02
   1.8326022e-02
   6.8486412e-03
   3.1182136e-02
   4.4713710e-02
   2.2802655e-02
   1.2688588e-02
   4.0537801e-02
   4.8213761e-02
   1.4611658e-02
   2.8605133e-02
   6.7402989e-02
   4.5235489e-02
   1.4396242e-02
   4.1470625e-02
   6.5032527e-02
   6.0057018e-02
   1.5847703e-02
   8.0722934e-03
   2.4592372e-02
   4.6318788e-02
   2.2817127e-02
   4.0031385e-02
   5.7260145e-02
   8.7991804e-02
   3.8497604e-02
   4.9706556e-02
   4.8361208e-02
   5.8264591e-02
   4.1059233e-02
   4.5213118e-02
   6.2346034e-02
   8.2631342e-02
   4.6923988e-02
   4.0755507e-02
   4.1254465e-02
   7.6735787e-02
   4.8385695e-02
   9.7307041e-02
   5.6367029e-02
   1.0416940e-01
   8.0437072e-02
   1.2454123e-01
   6.5955825e-02
   1.0580308e-01
   9.0831161e-02
   8.9784585e-02
   5.3883743e-02
   9.9165596e-02
   9.9195875e-02
   9.7289890e-02
   4.0053997e-02
   9.7670175e-02
   1.0076345e-01
   4.4902381e-02
   5.0439667e-02
   6.7003638e-02
   4.1205548e-02
   5.7012979e-02
   6.9824882e-02
   8.3041109e-02
   3.9639898e-02
   5.1503498e-02
   5.7441965e-02
   6.1500646e-02
   3.9614197e-02
   4.4036407e-02
   4.3894947e-02
   5.7636209e-02
   4.0500205e-02
   1.7170295e-02
   4.0177345e-02
   6.4217463e-02
   1.7474372e-02
   4.1141402e-02
   6.3192733e-02
   7.4044175e-02
   1.7303657e-02
   4.4294216e-02
   7.8800917e-02
   5.8856875e-02
   1.4016768e-02
   8.5296379e-03
   2.9244721e-02
   5.1850993e-02
   1.8706800e-02
   1.6386563e-02
   3.1558737e-02
   5.5838764e-02
   1.6105976e-02
   4.6865191e-02
   6.5312155e-02
   6.7085735e-02
   2.1273104e-02
   4.7809914e-02
   7.3605165e-02
   5.7505734e-02
   1.6219066e-02
   5.7695755e-03
   3.1886507e-02
   5.7906404e-02
   2.2811504e-02
