   3.5385575e-02
   4.7529627e-02
   3.8277682e-02
   9.0093547e-03
   3.2216582e-02
   2.9407397e-02
   3.1130657e-02
   7.7460092e-03
   3.4850910e-02
   4.8555728e-02
   4.2668674e-02
   1.0603108e-02
   4.0902756e-02
   1.6543118e-02
   4.3437958e-02
   1.1979815e-02
   3.3906206e-02
   4.1352540e-02
   3.2338988e-02
   9.1016432e-03
   3.0951481e-02
   3.0515973e-02
   2.7635070e-02
   8.0369730e-03
   3.4106821e-02
   4.3186307e-02
   3.6718801e-02
   1.0342413e-02
   4.1161768e-02
   1.5457419e-02
   4.3136645e-02
   1.1812706e-02
   3.3650111e-02
   4.7794677e-02
   3.1305563e-02
   9.9622309e-03
   2.8302822e-02
   3.3128098e-02
   2.7573697e-02
   8.4665036e-03
   3.0805295e-02
   4.0583801e-02
   3.5708461e-02
   9.8439669e-03
   3.8303223e-02
   1.6949724e-02
   4.1427083e-02
   1.2350540e-02
   3.8528737e-02
   5.0028067e-02
   3.8702480e-02
   1.0823311e-02
   2.9630814e-02
   3.3323422e-02
   4.6859372e-02
   9.6737929e-03
   2.9969890e-02
   4.2469420e-02
   4.7023717e-02
   1.1026808e-02
   3.8804758e-02
   1.7443653e-02
   4.4092689e-02
   1.3150278e-02
   4.9631499e-02
   9.1381326e-02
   4.9494438e-02
   1.2492054e-02
   6.3920811e-02
   7.9628319e-02
   5.6216404e-02
   1.0596718e-02
   9.7912870e-02
   7.4514307e-02
   7.0755497e-02
   1.2238489e-02
   1.2738389e-01
   2.2223728e-02
   5.8152523e-02
   1.3936439e-02
   1.0016789e-01
   1.3103776e-01
   3.9691262e-02
   1.1820213e-02
   1.3957198e-01
   9.8037556e-02
   3.3784594e-02
   9.4583705e-03
   1.7000659e-01
   7.7153549e-02
   4.5179740e-02
   1.1625233e-02
   1.7606026e-01
   2.4391212e-02
   5.0900880e-02
   1.2309967e-02
   8.6521000e-02
   6.1661970e-02
   2.9539494e-02
   9.7308429e-03
   7.5554736e-02
   3.7996326e-02
   2.7286746e-02
   7.6894178e-03
   6.4407840e-02
   4.5820441e-02
   3.6728289e-02
   1.0313595e-02
   5.5527642e-02
   1.9941488e-02
   3.7206594e-02
   1.2403427e-02
   3.9797477e-02
   4.1285641e-02
   3.1840902e-02
   9.1524636e-03
   3.1312350e-02
   3.0124836e-02
   2.7104329e-02
   7.8498553e-03
   3.1743344e-02
   4.5195084e-02
   4.1110087e-02
   1.0364642e-02
   3.7201129e-02
   1.8060822e-02
   3.7750673e-02
   1.2114083e-02
   4.1458372e-02
   4.7286067e-02
   3.9977092e-02
   5.8496366e-03
   3.2483302e-02
   2.6264645e-02
   2.7940245e-02
   5.0639249e-03
   3.1961955e-02
   4.3323390e-02
   4.0625695e-02
   7.9133213e-03
   2.3926923e-02
   1.6115226e-02
   3.7566781e-02
   8.4465761e-03
   3.9653122e-02
   4.7319464e-02
   3.6033474e-02
   6.2850574e-03
   3.0054966e-02
   2.5736935e-02
   2.3782233e-02
   5.0716042e-03
   2.8121052e-02
   3.8408197e-02
   3.2351062e-02
   7.3959380e-03
   2.1969872e-02
   1.5562928e-02
   3.8213417e-02
   7.7409297e-03
   4.1097958e-02
   5.8270868e-02
   3.5642557e-02
   6.6793910e-03
   2.9688803e-02
   2.9368613e-02
   2.9939912e-02
   5.3959559e-03
   2.6410742e-02
   3.6421571e-02
   3.2004431e-02
   7.0382264e-03
   2.5036199e-02
   1.5399670e-02
   3.6664061e-02
   6.9811358e-03
   4.5491654e-02
   5.4879017e-02
   4.3948688e-02
   8.1832660e-03
   3.6764018e-02
   3.4843650e-02
   6.6444695e-02
   7.7096461e-03
   3.6414091e-02
   4.3060258e-02
   5.3246100e-02
   8.7773409e-03
   4.1801989e-02
   1.7220480e-02
   4.4759154e-02
   9.3088960e-03
   7.3741883e-02
   8.3375052e-02
   6.3623004e-02
   1.0973577e-02
   1.0534829e-01
   6.1563518e-02
   6.7199804e-02
   8.8587822e-03
   1.4220870e-01
   6.0479362e-02
   8.5233472e-02
   1.0270355e-02
   1.6117975e-01
   2.6138550e-02
   7.1448736e-02
   1.1084667e-02
   1.6802664e-01
   1.2481392e-01
   4.5484971e-02
   8.8128885e-03
   2.3940493e-01
   7.2115488e-02
   2.7536163e-02
   7.2347531e-03
   2.5986397e-01
   5.8731567e-02
   4.8301827e-02
   8.6035412e-03
   2.3628911e-01
   2.9750288e-02
   5.9607722e-02
   8.6313440e-03
   1.4179413e-01
   6.7875110e-02
   2.9050423e-02
   6.5121450e-03
   1.2724423e-01
   3.2748800e-02
   2.2349479e-02
   5.2511827e-03
   1.0163178e-01
   4.2865515e-02
   3.2814246e-02
   7.1329228e-03
   7.9549298e-02
   2.2713916e-02
   3.1944957e-02
   8.5498830e-03
   5.5888742e-02
   4.4705093e-02
   3.1772818e-02
   5.9178909e-03
   3.8842995e-02
   2.6550917e-02
   2.4395056e-02
   4.8999563e-03
   3.4929041e-02
   4.1980661e-02
   3.7580848e-02
   7.0934067e-03
   2.7536202e-02
   1.9241296e-02
   3.3142045e-02
   7.9383068e-03
   6.7490377e-02
   5.8133595e-02
   5.5805478e-02
   5.2019749e-03
   4.9654480e-02
   2.4384283e-02
   2.7018588e-02
   3.6527379e-03
   4.4379935e-02
   5.0534904e-02
   4.1975193e-02
   8.6307693e-03
   2.8511042e-02
   2.2943646e-02
   4.3200310e-02
   8.4154271e-03
   5.8032047e-02
   6.3088641e-02
   4.9184531e-02
   5.3795120e-03
   4.5257248e-02
   2.8105529e-02
   2.7176071e-02
   3.9434135e-03
   4.0366057e-02
   4.2087473e-02
   3.5417531e-02
   7.6758042e-03
   2.7960507e-02
   1.8987089e-02
   4.3746307e-02
   7.3136855e-03
   6.8921216e-02
   6.6790342e-02
   5.0296042e-02
   6.2949783e-03
   4.9661305e-02
   3.1871844e-02
   4.1775830e-02
   5.1223952e-03
   3.9561722e-02
   4.1498147e-02
   3.4537651e-02
   6.6068401e-03
   3.6465313e-02
   1.9885993e-02
   4.3477092e-02
   6.8712570e-03
   6.7857154e-02
   6.0806300e-02
   5.6520272e-02
   8.7596746e-03
   5.7218254e-02
   3.5021842e-02
   1.0009129e-01
   1.0771330e-02
   5.2813046e-02
   4.2814463e-02
   6.1279360e-02
   9.6064536e-03
   6.1869889e-02
   2.0651480e-02
   5.8828443e-02
   8.7637445e-03
   9.0015635e-02
   7.6516956e-02
   9.5046371e-02
   1.3129500e-02
   1.0139218e-01
   6.2165204e-02
   9.0025321e-02
   1.1715715e-02
   1.1225858e-01
   6.1424095e-02
   9.9570490e-02
   1.3177012e-02
   1.3638811e-01
   3.5704408e-02
   8.6620748e-02
   1.2814770e-02
   2.4643441e-01
   7.8908406e-02
   6.4736083e-02
   8.7930057e-03
   2.7283624e-01
   6.1898034e-02
   3.3718470e-02
   7.0466520e-03
   2.3118663e-01
   6.3255318e-02
   5.3898837e-02
   1.0012039e-02
   2.0154281e-01
   3.8955756e-02
   7.0386052e-02
   8.5570961e-03
   2.3042168e-01
   4.8514582e-02
   3.4744531e-02
   5.9982985e-03
   1.7056374e-01
   2.6024655e-02
   2.0522881e-02
   3.7271008e-03
   1.1671944e-01
   4.1130878e-02
   3.1152977e-02
   7.3182941e-03
   8.3462499e-02
   2.9909629e-02
   4.1250389e-02
   8.2191834e-03
   9.6856870e-02
   4.9515452e-02
   4.4216450e-02
   5.5000209e-03
   6.2821381e-02
   2.2962566e-02
   2.1842986e-02
   3.6026868e-03
   5.2289411e-02
   4.4484481e-02
   3.3722669e-02
   8.1911441e-03
   3.6998305e-02
   2.3460617e-02
   4.0505059e-02
   7.6215458e-03
   7.7580146e-02
   8.4950447e-02
   9.3493514e-02
   8.1637194e-03
   5.8008704e-02
   1.9681832e-02
   3.6674857e-02
   3.2139849e-03
   5.6636989e-02
   6.1818186e-02
   5.1780611e-02
   1.3291804e-02
   4.1373003e-02
   2.8228264e-02
   5.8104478e-02
   1.4791756e-02
   7.0397131e-02
   7.9232477e-02
   8.0690883e-02
   5.5378913e-03
   6.5052770e-02
   2.7427409e-02
   3.9433155e-02
   3.2783756e-03
   5.3788904e-02
   5.6761056e-02
   5.6058012e-02
   1.0653574e-02
   3.0295670e-02
   3.1457800e-02
   6.6073820e-02
   1.2294470e-02
   7.2736166e-02
   8.5006349e-02
   7.2655700e-02
   6.3749533e-03
   5.7163328e-02
   3.3582486e-02
   5.8357168e-02
   7.2132270e-03
   3.7289988e-02
   3.9631896e-02
   4.7097061e-02
   7.5500808e-03
   3.7885047e-02
   3.2089505e-02
   6.6247977e-02
   7.5043598e-03
   7.5227201e-02
   6.3315071e-02
   7.4011259e-02
   1.0837213e-02
   6.4192437e-02
   3.7687089e-02
   1.0217617e-01
   1.9441683e-02
   5.8536720e-02
   3.8333498e-02
   6.4334132e-02
   1.5778320e-02
   6.0032107e-02
   3.2514617e-02
   9.1935486e-02
   1.0396082e-02
   7.3601790e-02
   8.5360579e-02
   1.3601969e-01
   2.2054052e-02
   4.8690740e-02
   8.9088894e-02
   1.0543907e-01
   2.1768766e-02
   4.6262469e-02
   9.2113957e-02
   1.0186398e-01
   2.2482591e-02
   8.5049793e-02
   6.7306489e-02
   8.9581855e-02
   2.5357032e-02
   1.4584354e-01
   8.7940022e-02
   8.9015439e-02
   1.2310822e-02
   9.8738343e-02
   9.2773907e-02
   4.6494253e-02
   9.8360442e-03
   7.7346779e-02
   1.0176866e-01
   5.3837739e-02
   1.1947598e-02
   9.2036791e-02
   5.7998713e-02
   6.9425546e-02
   1.5263486e-02
   1.6825765e-01
   5.9624959e-02
   4.4554811e-02
   7.7550346e-03
   1.0840347e-01
   2.8695602e-02
   3.0687230e-02
   3.9128731e-03
   6.3806444e-02
   4.8306651e-02
   3.4004029e-02
   7.5498912e-03
   5.9611771e-02
   3.7306022e-02
   5.4420292e-02
   1.2022120e-02
   8.7557785e-02
   5.7731811e-02
   6.4149834e-02
   7.0024817e-03
   6.6488050e-02
   1.6806649e-02
   3.0804418e-02
   3.0515965e-03
   5.8341313e-02
   4.9009856e-02
   3.7181124e-02
   1.3658781e-02
   4.9349766e-02
   2.9517546e-02
   5.3706311e-02
   1.2560088e-02
