   6.1717223e-02
   1.2057409e-01
   9.3769491e-02
   7.3500713e-03
   7.2771795e-02
   1.1843345e-01
   8.8486135e-02
   8.6808885e-03
   8.3595566e-02
   8.0532424e-02
   6.1576959e-02
   1.8006764e-02
   4.2912170e-02
   1.9615248e-02
   2.6324304e-02
   1.9946193e-02
   5.2802395e-02
   5.2427419e-02
   4.1891977e-02
   5.6223231e-03
   5.9790667e-02
   5.0817456e-02
   4.1501403e-02
   6.9664032e-03
   4.5243159e-02
   3.6169194e-02
   3.1124115e-02
   1.9999459e-02
   3.7856415e-02
   1.3743598e-02
   2.0736080e-02
   2.1568108e-02
   5.5210941e-02
   1.0128342e-02
   1.2609392e-02
   5.0903908e-03
   2.9634902e-02
   8.2642352e-03
   1.3708328e-02
   6.6935024e-03
   3.0347807e-02
   1.2301767e-02
   1.3663623e-02
   1.1959217e-02
   3.6111165e-02
   1.0410837e-02
   1.7533297e-02
   2.1860447e-02
   3.6308557e-02
   9.4749751e-03
   1.3128931e-02
   5.8581200e-03
   2.4703566e-02
   7.4364431e-03
   1.6259348e-02
   7.8712115e-03
   3.3860002e-02
   1.5066306e-02
   2.4140114e-02
   1.2552355e-02
   3.7352435e-02
   1.5416451e-02
   3.5417210e-02
   2.1111457e-02
   3.0048694e-02
   9.3251057e-03
   2.0983648e-02
   8.3948048e-03
   3.1741120e-02
   7.6085194e-03
   2.6049685e-02
   1.0180807e-02
   4.3820217e-02
   2.1789601e-02
   3.7537105e-02
   1.3922488e-02
   4.7589898e-02
   2.6268639e-02
   7.1533948e-02
   2.2259105e-02
   2.4920881e-02
   9.3527436e-03
   1.5377890e-02
   6.3886414e-03
   2.5543874e-02
   7.7930102e-03
   1.8807145e-02
   7.7432361e-03
   3.6698177e-02
   1.5131435e-02
   2.1496432e-02
   1.2132984e-02
   6.7393810e-02
   1.7491102e-02
   3.5343949e-02
   2.1753514e-02
   2.3275202e-02
   1.0265498e-02
   1.2197653e-02
   5.4892004e-03
   2.2457549e-02
   8.7159937e-03
   1.4677480e-02
   6.5043140e-03
   4.0219050e-02
   1.3521105e-02
   1.3591922e-02
   1.2451174e-02
   1.1045465e-01
   1.4370905e-02
   1.7727608e-02
   1.9627390e-02
   3.5917249e-02
   4.4840779e-02
   3.9889324e-02
   5.7085999e-03
   3.5606027e-02
   4.3284550e-02
   3.8984198e-02
   7.1098576e-03
   7.8616172e-02
   3.6562975e-02
   2.9516976e-02
   1.3293457e-02
   7.3853493e-02
   1.5037701e-02
   1.9418882e-02
   1.9835908e-02
   8.8594958e-02
   1.8324570e-01
   1.3596675e-01
   8.6269341e-03
   1.0053576e-01
   1.4810850e-01
   1.0857847e-01
   9.1278609e-03
   1.2377510e-01
   1.2945472e-01
   8.9011833e-02
   1.9586209e-02
   5.6596413e-02
   2.0780381e-02
   2.6420288e-02
   1.2652139e-02
   7.8479916e-02
   7.9007939e-02
   6.2100753e-02
   4.9943929e-03
   8.9143902e-02
   6.4427212e-02
   5.5983886e-02
   5.5586537e-03
   6.1426628e-02
   5.6194942e-02
   4.6470251e-02
   2.0863155e-02
   4.2663217e-02
   1.5146356e-02
   1.9104151e-02
   1.3543946e-02
   8.2221985e-02
   8.9312056e-03
   1.8607726e-02
   3.5641480e-03
   4.2240087e-02
   8.1032682e-03
   2.1715075e-02
   3.7093074e-03
   3.2899596e-02
   1.3034352e-02
   1.7438157e-02
   8.4902653e-03
   3.9447125e-02
   1.4264552e-02
   1.9242205e-02
   1.3980287e-02
   5.0223965e-02
   6.3287276e-03
   1.8506149e-02
   4.6885586e-03
   2.8294636e-02
   6.5021869e-03
   2.4360327e-02
   5.4035014e-03
   3.9428808e-02
   1.7210597e-02
   3.0851040e-02
   6.6903918e-03
   4.3225244e-02
   1.9954951e-02
   3.7126444e-02
   1.2670648e-02
   3.6347367e-02
   6.3406881e-03
   3.3639979e-02
   7.5578946e-03
   3.4860421e-02
   6.3728355e-03
   4.6237495e-02
   8.6880196e-03
   5.1930435e-02
   2.7732696e-02
   5.1160995e-02
   9.2432648e-03
   5.6064092e-02
   3.7070978e-02
   7.6544479e-02
   1.2475005e-02
   2.6029393e-02
   6.6196672e-03
   2.2721373e-02
   5.1609161e-03
   2.7654927e-02
   6.6139870e-03
   2.7423603e-02
   5.8904360e-03
   4.8058070e-02
   1.7265189e-02
   2.7750365e-02
   7.0743789e-03
   9.7100332e-02
   2.3080008e-02
   3.7198223e-02
   1.2445405e-02
   2.5345135e-02
   8.5227396e-03
   1.6467990e-02
   3.8063144e-03
   2.3694044e-02
   8.1781968e-03
   2.0156352e-02
   4.2502340e-03
   6.0907289e-02
   1.5750408e-02
   1.4871129e-02
   6.6530635e-03
   1.7171809e-01
   1.9580292e-02
   1.8798860e-02
   1.2150828e-02
   4.6515789e-02
   6.4511403e-02
   5.6888353e-02
   4.8463228e-03
   4.5714062e-02
   5.3429421e-02
   5.0490391e-02
   5.4586842e-03
   1.2876484e-01
   5.4802570e-02
   3.6626704e-02
   7.8034578e-03
   1.1760493e-01
   2.0563716e-02
   2.0505371e-02
   1.2906189e-02
   1.4802711e-01
   3.1588373e-01
   2.5277618e-01
   1.6017206e-02
   1.9023857e-01
   2.9465944e-01
   2.1482155e-01
   1.6966855e-02
   1.8557683e-01
   1.6259766e-01
   1.1066689e-01
   3.3591110e-02
   9.4916485e-02
   2.5116203e-02
   2.6708212e-02
   7.0592803e-03
   1.3605781e-01
   1.3937421e-01
   1.2430993e-01
   7.0922519e-03
   1.4864169e-01
   1.2960924e-01
   1.1151593e-01
   7.5709592e-03
   1.0634480e-01
   7.6707371e-02
   6.3559771e-02
   3.6426749e-02
   6.7674361e-02
   1.9786172e-02
   2.0867312e-02
   8.3936751e-03
   1.1557005e-01
   1.2634647e-02
   3.6790919e-02
   3.2973639e-03
   7.2457120e-02
   1.2181487e-02
   4.0272359e-02
   2.4963038e-03
   5.4688726e-02
   1.7148577e-02
   2.9775111e-02
   1.0851922e-02
   6.6816010e-02
   1.8716088e-02
   2.0854944e-02
   8.5162800e-03
   7.5971894e-02
   5.4800604e-03
   2.6738644e-02
   4.8140003e-03
   4.5922168e-02
   6.6379355e-03
   3.5525762e-02
   5.5745612e-03
   6.3101284e-02
   2.4523746e-02
   4.4421844e-02
   5.7341075e-03
   7.1571805e-02
   2.5948737e-02
   4.4206701e-02
   7.7032661e-03
   5.7163760e-02
   5.1451307e-03
   5.5628218e-02
   9.2437631e-03
   5.1709697e-02
   6.3089328e-03
   7.5871646e-02
   9.8057315e-03
   7.0647039e-02
   4.0457271e-02
   7.8161471e-02
   9.4768815e-03
   8.3531834e-02
   5.3395715e-02
   9.4621316e-02
   9.5764957e-03
   4.1476186e-02
   5.2941609e-03
   2.5925318e-02
   5.6908797e-03
   4.0381942e-02
   6.7432183e-03
   3.4704324e-02
   5.5586798e-03
   6.9617309e-02
   2.4069121e-02
   3.9204687e-02
   5.5759200e-03
   1.2978524e-01
   2.8970318e-02
   4.3030683e-02
   8.0102840e-03
   3.7399612e-02
   9.7177904e-03
   2.2796324e-02
   3.2053266e-03
   4.1885823e-02
   1.0342019e-02
   2.2386393e-02
   3.6614868e-03
   9.6277960e-02
   1.9485664e-02
   2.3433322e-02
   4.1906675e-03
   2.6160464e-01
   2.5873110e-02
   1.9550418e-02
   7.3848409e-03
   7.9538882e-02
   1.0453700e-01
   9.9294253e-02
   7.1235681e-03
   9.0243936e-02
   9.9541165e-02
   8.0486752e-02
   7.0104315e-03
   1.9105011e-01
   6.9581643e-02
   4.8570637e-02
   8.4671341e-03
   1.8998276e-01
   2.8678931e-02
   2.2898477e-02
   7.3365481e-03
   1.9254720e-01
   3.5945073e-01
   2.9415035e-01
   2.2267671e-02
   2.4276651e-01
   3.7623069e-01
   2.6985267e-01
   2.3313958e-02
   1.9171649e-01
   2.0255093e-01
   1.6040500e-01
   6.2245727e-02
   1.0784221e-01
   2.2966314e-02
   1.7939193e-02
   6.4400751e-03
   1.6378675e-01
   1.6294673e-01
   1.4302662e-01
   1.0282982e-02
   1.6290063e-01
   1.6435088e-01
   1.3304138e-01
   9.7505702e-03
   1.1490525e-01
   9.5555097e-02
   9.5719457e-02
   6.9922157e-02
   9.0853140e-02
   2.7764054e-02
   2.2135520e-02
   5.7376120e-03
   1.0801101e-01
   1.6346479e-02
   2.4553753e-02
   4.7944337e-03
   7.6660566e-02
   1.5846347e-02
   2.7088203e-02
   2.8164827e-03
   7.2923891e-02
   2.6213408e-02
   3.7945542e-02
   2.2181680e-02
   8.6137570e-02
   3.0057427e-02
   2.5899071e-02
   4.8387237e-03
   7.6359719e-02
   6.1196019e-03
   3.2514278e-02
   7.4325823e-03
   6.1304398e-02
   9.6895630e-03
   4.3072231e-02
   9.5037781e-03
   8.0132954e-02
   4.8535444e-02
   6.3806035e-02
   7.3744017e-03
   8.0528073e-02
   4.6289641e-02
   5.6554209e-02
   6.6834013e-03
   9.0473317e-02
   6.4106449e-03
   8.2526259e-02
   1.6662272e-02
   1.0914744e-01
   7.5899465e-03
   1.0162321e-01
   1.7707666e-02
   1.1273830e-01
   7.9174213e-02
   1.0776189e-01
   1.4377052e-02
   1.0622131e-01
   1.0905347e-01
   1.2753898e-01
   1.2391559e-02
   5.0439131e-02
   7.1699610e-03
   3.4026120e-02
   9.7046178e-03
   6.1157126e-02
   7.5064707e-03
   4.3288141e-02
   8.2804058e-03
   6.6123739e-02
   4.5997892e-02
   6.2347792e-02
   7.3635490e-03
   9.1461629e-02
   4.7188923e-02
   5.8568027e-02
   6.9870376e-03
   5.5638969e-02
   1.2392737e-02
   1.4527548e-02
   3.5418035e-03
   5.5541489e-02
   1.1506516e-02
   1.3949120e-02
   4.2173164e-03
   8.4990039e-02
   2.3641249e-02
   2.7454209e-02
   4.7656195e-03
   1.6094057e-01
   2.5425982e-02
   2.0107798e-02
   5.7558464e-03
   1.0714591e-01
   1.1634899e-01
   1.1257823e-01
   1.0199522e-02
   1.3009773e-01
   1.2682791e-01
   9.5892906e-02
   9.4356025e-03
   1.8663402e-01
   8.7636195e-02
   6.3975155e-02
   1.2903688e-02
   1.5592659e-01
   2.6105247e-02
   1.7220940e-02
   5.7107517e-03
