   3.9064918e-02
   1.8302383e-02
   5.4298978e-02
   2.5218980e-02
   2.7124679e-02
   5.7573169e-03
   3.8652368e-02
   1.3368837e-02
   3.2031834e-02
   7.2343969e-03
   3.8421262e-02
   9.5848534e-03
   3.1243064e-02
   3.6886688e-02
   5.6870606e-02
   1.2620422e-02
   3.5049628e-02
   1.6883710e-02
   5.1939499e-02
   2.1919753e-02
   2.4098009e-02
   5.0557652e-03
   3.7671518e-02
   1.3345822e-02
   3.0165907e-02
   6.3976240e-03
   3.6622118e-02
   9.4960397e-03
   3.3712000e-02
   2.9822029e-02
   3.6954779e-02
   1.2229719e-02
   4.8972446e-02
   1.8096572e-02
   5.0334509e-02
   2.1556305e-02
   4.7325473e-02
   5.0399303e-03
   3.9116893e-02
   1.3809816e-02
   6.4123005e-02
   9.4394879e-03
   3.5432328e-02
   1.0085542e-02
   7.7777624e-02
   4.4310842e-02
   2.7701644e-02
   1.1761679e-02
   1.3362187e-01
   1.8245976e-02
   4.8302412e-02
   2.2427285e-02
   1.2403841e-01
   5.6056366e-03
   4.2338278e-02
   1.4127277e-02
   1.3806550e-01
   2.3687562e-02
   3.9880805e-02
   1.1660689e-02
   1.0736924e-01
   1.0311585e-01
   3.5799015e-02
   1.3363310e-02
   9.7510383e-02
   2.5363322e-02
   5.3976871e-02
   2.5330214e-02
   6.5738484e-02
   5.6338585e-03
   4.7607102e-02
   1.4220177e-02
   6.7411885e-02
   1.6961433e-02
   4.7766972e-02
   1.1926318e-02
   4.6476267e-02
   7.3710412e-02
   4.9609017e-02
   1.4057859e-02
   3.5323367e-02
   2.6430193e-02
   4.9625538e-02
   2.9377870e-02
   2.3087284e-02
   5.1596621e-03
   4.4221293e-02
   1.3994599e-02
   2.8754981e-02
   6.9121458e-03
   4.0943444e-02
   1.0868298e-02
   3.1421728e-02
   3.5263594e-02
   3.5881151e-02
   1.1557743e-02
   3.6700126e-02
   1.6939539e-02
   4.6487376e-02
   2.8008226e-02
   2.3320252e-02
   4.5791743e-03
   3.9253592e-02
   1.3014964e-02
   2.7644625e-02
   6.7342748e-03
   3.3605434e-02
   9.7824093e-03
   2.8960191e-02
   2.7446982e-02
   3.0097814e-02
   1.1056241e-02
   3.6665637e-02
   1.6007414e-02
   5.3245142e-02
   2.5463525e-02
   2.5572313e-02
   4.8969993e-03
   3.9493550e-02
   1.2992843e-02
   3.0487442e-02
   6.7443126e-03
   3.4516327e-02
   9.7772209e-03
   2.9910654e-02
   3.1068016e-02
   3.9886709e-02
   1.1248955e-02
   3.5746172e-02
   1.8933365e-02
   4.5233678e-02
   1.9088978e-02
   2.1671467e-02
   5.3946758e-03
   4.1226294e-02
   9.5295049e-03
   3.2921206e-02
   6.3837771e-03
   4.3965992e-02
   6.5929848e-03
   3.4085341e-02
   4.1133478e-02
   5.8724187e-02
   9.9390121e-03
   3.5203200e-02
   1.4867444e-02
   4.4803068e-02
   1.7230470e-02
   2.3307089e-02
   4.4701947e-03
   3.6429334e-02
   1.0581513e-02
   3.7132360e-02
   6.4324830e-03
   3.7641075e-02
   6.3827126e-03
   4.3314930e-02
   3.6118984e-02
   3.9148115e-02
   9.0077873e-03
   7.5190797e-02
   1.7810464e-02
   4.4283465e-02
   1.7265704e-02
   7.9715945e-02
   4.3195039e-03
   3.9925020e-02
   1.1683792e-02
   1.1370551e-01
   1.2274785e-02
   3.6631346e-02
   6.5841684e-03
   1.3466123e-01
   6.0841903e-02
   2.9010359e-02
   8.7150149e-03
   2.0140271e-01
   2.0029098e-02
   4.6017628e-02
   1.7347259e-02
   2.1331444e-01
   5.1076016e-03
   4.1604299e-02
   1.1523312e-02
   2.4036767e-01
   3.3487249e-02
   4.4411413e-02
   9.0040211e-03
   1.9088989e-01
   1.3300477e-01
   4.0486824e-02
   1.1607132e-02
   1.4312688e-01
   3.2853805e-02
   5.2301630e-02
   2.1416489e-02
   1.0920733e-01
   5.4450487e-03
   5.5876445e-02
   1.2634691e-02
   1.1110455e-01
   2.3031497e-02
   6.0891602e-02
   1.0731780e-02
   7.3775962e-02
   9.0538472e-02
   5.7767816e-02
   1.2272088e-02
   4.2387139e-02
   3.5128325e-02
   4.3911852e-02
   3.2195579e-02
   2.7618794e-02
   4.7725583e-03
   4.8097782e-02
   1.0861793e-02
   3.6626536e-02
   8.0096098e-03
   4.6938967e-02
   7.8370618e-03
   3.9015420e-02
   4.4903956e-02
   3.6630988e-02
   8.9823361e-03
   2.9723765e-02
   1.8353594e-02
   3.9655242e-02
   3.1313915e-02
   1.9366315e-02
   4.0264083e-03
   4.0346105e-02
   9.2384191e-03
   2.9534314e-02
   6.4256918e-03
   3.4899630e-02
   6.3631553e-03
   3.5548180e-02
   3.2406088e-02
   2.8508885e-02
   7.6084179e-03
   2.7858919e-02
   1.6106216e-02
   4.4638932e-02
   2.3577882e-02
   1.8670086e-02
   4.4146124e-03
   4.1378323e-02
   8.8883284e-03
   2.9998640e-02
   5.9667309e-03
   3.8966179e-02
   6.0396446e-03
   3.3366486e-02
   3.3903893e-02
   3.8367674e-02
   7.7814660e-03
   4.5733463e-02
   2.4701199e-02
   4.8209537e-02
   2.5874620e-02
   3.2644358e-02
   7.7652144e-03
   5.6633722e-02
   9.4532985e-03
   4.9329069e-02
   9.1535933e-03
   6.2888958e-02
   6.7411303e-03
   5.2575406e-02
   4.4485003e-02
   6.1762154e-02
   1.3441934e-02
   4.8660304e-02
   1.7767316e-02
   4.1557953e-02
   2.0354075e-02
   3.4434229e-02
   6.1390642e-03
   4.6712853e-02
   9.5777437e-03
   6.0474340e-02
   7.7704280e-03
   5.5164184e-02
   5.7528950e-03
   7.0740156e-02
   4.0681090e-02
   4.6236992e-02
   1.1719034e-02
   9.2513017e-02
   1.9993119e-02
   4.1272778e-02
   1.7433185e-02
   1.1553079e-01
   5.7877945e-03
   5.1153339e-02
   9.8926127e-03
   1.5963455e-01
   1.4033511e-02
   4.9837749e-02
   7.0924950e-03
   2.2797181e-01
   3.9180934e-02
   3.4012977e-02
   8.5654585e-03
   2.1597514e-01
   2.1824447e-02
   4.5939345e-02
   1.7908830e-02
   2.9161942e-01
   6.5361331e-03
   5.3385098e-02
   1.2009920e-02
   2.9502329e-01
   4.1454293e-02
   4.8874680e-02
   9.1870930e-03
   2.8699684e-01
   7.2264165e-02
   3.9458815e-02
   1.2675845e-02
   1.5062864e-01
   4.7848601e-02
   6.2156733e-02
   2.5048984e-02
   1.3992041e-01
   6.8567069e-03
   7.8886345e-02
   1.7608784e-02
   1.2462935e-01
   2.9217184e-02
   7.1939543e-02
   1.1781166e-02
   9.7999662e-02
   8.5418619e-02
   5.6902159e-02
   1.3912633e-02
   5.8789685e-02
   5.1694304e-02
   4.9831003e-02
   3.8836487e-02
   4.5539901e-02
   6.7032236e-03
   6.4553834e-02
   1.1861023e-02
   6.2678911e-02
   9.6499333e-03
   5.7461154e-02
   8.9896517e-03
   6.0687236e-02
   5.8730785e-02
   4.3164656e-02
   9.8208049e-03
   4.6432775e-02
   2.5615470e-02
   3.6700841e-02
   3.9419509e-02
   3.1446122e-02
   5.3826254e-03
   5.1413123e-02
   8.5514691e-03
   5.2941576e-02
   8.2131699e-03
   4.4962008e-02
   7.0672506e-03
   6.2442314e-02
   3.6784459e-02
   3.1707540e-02
   7.6011675e-03
   3.4861330e-02
   2.1595571e-02
   4.6837818e-02
   3.4993324e-02
   2.7299671e-02
   6.7412392e-03
   5.2666631e-02
   7.5762207e-03
   4.4991653e-02
   8.3067482e-03
   5.4753572e-02
   5.5855946e-03
   5.1756345e-02
   4.5737840e-02
   4.8990201e-02
   7.6576322e-03
   6.4889058e-02
   3.6440112e-02
   5.5845186e-02
   3.4177113e-02
   3.9339807e-02
   1.1294268e-02
   6.9862634e-02
   1.6326778e-02
   6.7785576e-02
   1.3108443e-02
   8.8497266e-02
   1.1326958e-02
   5.5732608e-02
   4.5874227e-02
   8.6923793e-02
   1.6204584e-02
   6.4070031e-02
   2.6942801e-02
   5.9332803e-02
   2.8044296e-02
   4.2294566e-02
   1.0370152e-02
   5.7352588e-02
   1.3164300e-02
   6.3152060e-02
   9.8776678e-03
   6.6869542e-02
   9.0145115e-03
   8.1501245e-02
   4.3383669e-02
   6.3498154e-02
   1.7697351e-02
   6.9929443e-02
   2.5856180e-02
   6.4485244e-02
   2.7013490e-02
   7.1147598e-02
   9.0308841e-03
   6.6628419e-02
   1.3780499e-02
   1.0297400e-01
   1.9119909e-02
   6.1211407e-02
   1.0863963e-02
   1.8263166e-01
   3.5684533e-02
   3.5895742e-02
   1.3481857e-02
   1.2237644e-01
   3.9472215e-02
   5.5618145e-02
   2.6473129e-02
   1.3294227e-01
   1.4341289e-02
   6.7260519e-02
   1.5715139e-02
   1.3124308e-01
   6.3118100e-02
   5.8120284e-02
   1.2251372e-02
   1.7522153e-01
   7.6585613e-02
   5.3180013e-02
   1.6585520e-02
   8.7525465e-02
   8.6699121e-02
   6.3720144e-02
   4.0226299e-02
   7.8029700e-02
   1.3396324e-02
   1.1054537e-01
   2.9310785e-02
   7.3189735e-02
   4.2928588e-02
   9.3414634e-02
   1.8763714e-02
   7.0316672e-02
   1.1396948e-01
   7.0086315e-02
   2.1509305e-02
   5.3567156e-02
   8.6022757e-02
   6.0964528e-02
   4.0639482e-02
   5.3574607e-02
   1.1983375e-02
   9.0658858e-02
   2.0284506e-02
   6.9568239e-02
   1.2104927e-02
   6.2882133e-02
   1.6515391e-02
   6.7089677e-02
   6.8036601e-02
   5.5098794e-02
   1.4026932e-02
   5.4206882e-02
   3.8304422e-02
   4.0179629e-02
   6.0450695e-02
   4.4455603e-02
   9.4526215e-03
   7.0518434e-02
   1.0405850e-02
   5.2575387e-02
   9.9865943e-03
   5.2046593e-02
   1.0992425e-02
   8.1438705e-02
   3.6912195e-02
   4.4239823e-02
   9.5267631e-03
   4.7418233e-02
   2.9024672e-02
   6.0820285e-02
   4.7758788e-02
   4.3715630e-02
   9.1555957e-03
   8.3146229e-02
   1.0275497e-02
   6.5903991e-02
   1.1097312e-02
   6.8110242e-02
   6.7658280e-03
   6.8521768e-02
   4.9743198e-02
   6.5212555e-02
   1.3041163e-02
