   3.2016162e-02
   4.5177847e-02
   4.8207738e-02
   9.3971333e-03
   5.8034744e-02
   9.9989086e-02
   6.5366074e-02
   7.6895650e-03
   8.3665676e-02
   1.3132708e-01
   1.0309815e-01
   1.0865486e-02
   6.1116397e-02
   6.0839400e-02
   5.2579738e-02
   1.5284314e-02
   5.5042103e-02
   4.8542850e-02
   3.6431551e-02
   9.2809424e-03
   8.2186848e-02
   1.0527785e-01
   3.0560683e-02
   7.7240411e-03
   4.7740124e-02
   6.6795096e-02
   4.7011107e-02
   8.4305890e-03
   2.6803885e-02
   2.5588302e-02
   2.3310540e-02
   1.1106866e-02
   9.3569770e-02
   9.8934881e-02
   3.1494617e-02
   9.4783492e-03
   4.9507413e-02
   1.1119265e-01
   1.4192829e-02
   8.0169272e-03
   3.8320858e-02
   4.0030792e-02
   1.8200235e-02
   7.0589795e-03
   9.5760534e-03
   6.2779472e-03
   7.6565188e-03
   1.3948292e-02
   5.7925493e-02
   1.4207767e-01
   3.6985148e-02
   1.1025526e-02
   3.8677108e-02
   9.2105910e-02
   2.3278704e-02
   1.0156080e-02
   4.3306414e-02
   4.4686370e-02
   2.6249912e-02
   9.8823979e-03
   9.8204156e-03
   6.1248643e-03
   1.2162287e-02
   1.4939497e-02
   3.8370185e-02
   7.6053552e-02
   5.4348756e-02
   1.3898023e-02
   4.9060974e-02
   7.6355815e-02
   4.7812041e-02
   1.3765780e-02
   5.4521136e-02
   5.8493424e-02
   3.8698599e-02
   1.2772704e-02
   1.2083805e-02
   1.0903720e-02
   1.5016778e-02
   1.1730836e-02
   3.1918470e-02
   5.0422225e-02
   4.6746086e-02
   1.1925835e-02
   3.8452614e-02
   6.3189246e-02
   2.5517134e-02
   1.0473997e-02
   4.4040412e-02
   5.2138485e-02
   2.1907704e-02
   8.6176628e-03
   1.5487404e-02
   1.3171466e-02
   8.5600428e-03
   7.8741228e-03
   2.9495092e-02
   4.2908203e-02
   3.3586863e-02
   1.0228888e-02
   3.3001181e-02
   5.1086470e-02
   1.6762692e-02
   8.5124271e-03
   4.4118583e-02
   4.9894247e-02
   1.8094199e-02
   6.6777994e-03
   2.5559394e-02
   8.7720091e-03
   6.6996827e-03
   6.2659392e-03
   3.0655105e-02
   4.4174306e-02
   3.8878951e-02
   9.2322035e-03
   3.4075819e-02
   6.4933881e-02
   3.4849953e-02
   8.2847932e-03
   8.3607465e-02
   9.8745361e-02
   4.8626270e-02
   7.7283313e-03
   3.5918031e-02
   2.4644490e-02
   2.1863986e-02
   8.9768386e-03
   4.0140618e-02
   4.9356908e-02
   5.3279057e-02
   7.0766816e-03
   9.2581287e-02
   1.2398119e-01
   7.8186654e-02
   6.1363424e-03
   1.2313522e-01
   1.5290810e-01
   1.0764084e-01
   8.8195261e-03
   1.0131636e-01
   9.8439433e-02
   8.9027256e-02
   2.2443607e-02
   8.6168654e-02
   5.7470348e-02
   3.4833252e-02
   5.8971308e-03
   1.3461506e-01
   1.4683117e-01
   3.4660432e-02
   5.6803068e-03
   5.1684335e-02
   7.2510608e-02
   4.9730383e-02
   6.8556406e-03
   4.3372333e-02
   3.9216228e-02
   3.8140468e-02
   1.5811408e-02
   1.4839719e-01
   1.0962103e-01
   3.2978229e-02
   5.8649788e-03
   7.7785119e-02
   1.4108789e-01
   1.3417842e-02
   5.9956922e-03
   3.9752707e-02
   4.2134061e-02
   2.4337450e-02
   6.4043282e-03
   1.2040908e-02
   7.6335780e-03
   1.1390809e-02
   2.1748802e-02
   9.1891937e-02
   1.2628140e-01
   4.1703261e-02
   7.8511974e-03
   5.3951666e-02
   8.9802608e-02
   2.9897569e-02
   8.3714314e-03
   4.6541680e-02
   4.6335623e-02
   3.7085891e-02
   1.0061851e-02
   1.2312436e-02
   8.0029024e-03
   2.0124117e-02
   2.1642750e-02
   4.9317367e-02
   7.6565601e-02
   6.6433810e-02
   1.1901069e-02
   6.2978074e-02
   7.9719730e-02
   6.6666141e-02
   1.2619948e-02
   6.1668649e-02
   5.8240343e-02
   5.3598352e-02
   1.3757696e-02
   1.5812542e-02
   1.7813887e-02
   2.5239035e-02
   1.3818202e-02
   3.7837788e-02
   5.7005957e-02
   5.9572030e-02
   9.1636339e-03
   4.8492402e-02
   6.9904990e-02
   3.2085266e-02
   7.8846281e-03
   5.2577402e-02
   5.9203420e-02
   2.6925655e-02
   7.7959299e-03
   2.0943372e-02
   2.3943704e-02
   1.2581447e-02
   8.4269680e-03
   3.3435203e-02
   4.5202624e-02
   3.7231896e-02
   6.9025825e-03
   3.6388755e-02
   5.9012502e-02
   1.5387634e-02
   5.8604036e-03
   6.2249068e-02
   6.2049344e-02
   1.7482968e-02
   5.1969439e-03
   3.5431720e-02
   1.4854795e-02
   8.2548372e-03
   6.6374452e-03
   3.5348505e-02
   4.3654073e-02
   4.4648293e-02
   6.1521544e-03
   3.9244220e-02
   7.1391739e-02
   4.0345039e-02
   6.2073194e-03
   1.3333227e-01
   1.2087049e-01
   5.2198000e-02
   5.9884251e-03
   5.5973180e-02
   3.9228771e-02
   3.4959197e-02
   1.1598949e-02
   6.5814421e-02
   6.2996216e-02
   7.3294401e-02
   7.7651208e-03
   1.5433548e-01
   7.5639032e-02
   3.0042578e-02
   4.7057937e-03
   1.8672991e-01
   1.1775274e-01
   6.1405450e-02
   1.2877478e-02
   1.4093289e-01
   1.3907133e-01
   1.3471270e-01
   3.2537255e-02
   1.5831670e-01
   5.3442676e-02
   4.7863778e-02
   5.7646926e-03
   2.2736172e-01
   1.2610622e-01
   2.0112205e-02
   4.2502997e-03
   8.2025252e-02
   6.1336465e-02
   3.9613407e-02
   9.1704288e-03
   5.8777981e-02
   5.5242773e-02
   5.7140045e-02
   2.4266055e-02
   2.5711489e-01
   6.2629558e-02
   4.0136959e-02
   4.6973247e-03
   1.4126447e-01
   1.0289400e-01
   1.6203336e-02
   4.8995325e-03
   6.2554590e-02
   4.4214234e-02
   3.5732128e-02
   7.6611154e-03
   1.7519891e-02
   1.1416691e-02
   2.0329243e-02
   3.8126964e-02
   1.3659582e-01
   8.0578558e-02
   6.0474556e-02
   7.2501102e-03
   8.2642823e-02
   6.2328111e-02
   3.9914422e-02
   8.8948729e-03
   6.4861767e-02
   4.4034101e-02
   4.9951319e-02
   1.5725546e-02
   2.0377740e-02
   1.0907430e-02
   3.0823886e-02
   3.9414845e-02
   7.5723447e-02
   7.7435710e-02
   1.0091417e-01
   1.2249806e-02
   7.3454320e-02
   8.3497599e-02
   8.3226688e-02
   1.4139771e-02
   6.8981566e-02
   6.4276546e-02
   6.7413323e-02
   2.2862397e-02
   2.9043766e-02
   2.5959946e-02
   3.6413249e-02
   2.2823308e-02
   6.5067768e-02
   5.2995339e-02
   8.5584708e-02
   9.2835212e-03
   7.1688347e-02
   6.2946483e-02
   4.3578431e-02
   6.8908860e-03
   7.4255273e-02
   5.6329999e-02
   3.4404855e-02
   1.2234533e-02
   3.6728609e-02
   3.4601320e-02
   2.0948661e-02
   1.4868665e-02
   5.5500407e-02
   4.7655646e-02
   5.3595696e-02
   6.1255307e-03
   6.2965527e-02
   6.0358427e-02
   1.7840547e-02
   5.0485879e-03
   9.3898311e-02
   6.1547253e-02
   2.0934662e-02
   6.7847902e-03
   4.9544822e-02
   2.2616418e-02
   1.3632828e-02
   1.0610153e-02
   5.4581609e-02
   5.8446910e-02
   6.0645878e-02
   6.3471561e-03
   6.8235919e-02
   5.1763520e-02
   2.1769756e-02
   5.3112023e-03
   1.9175747e-01
   1.1004504e-01
   3.3911433e-02
   7.3923087e-03
   7.5444616e-02
   5.5340130e-02
   5.1545244e-02
   1.5637664e-02
   8.0763295e-02
   6.1622359e-02
   1.0282249e-01
   1.1399739e-02
   1.6014552e-01
   3.7843693e-02
   3.8189054e-02
   4.1011348e-03
   1.8038152e-01
   9.7043000e-02
   8.7584652e-02
   2.2522800e-02
   1.9138071e-01
   1.6277467e-01
   1.5034798e-01
   4.2329203e-02
   1.3428983e-01
   4.0033069e-02
   5.8090787e-02
   6.9177025e-03
   2.2048929e-01
   5.6506734e-02
   2.5728485e-02
   3.5984870e-03
   8.9507192e-02
   4.7874767e-02
   6.1892174e-02
   1.5817886e-02
   7.3429398e-02
   6.6694580e-02
   6.8659030e-02
   3.3764437e-02
   1.6336840e-01
   5.1543269e-02
   5.8699187e-02
   4.4444609e-03
   1.0966332e-01
   4.6633109e-02
   2.3244848e-02
   5.0950702e-03
   7.2703645e-02
   3.2622486e-02
   4.8024591e-02
   1.0604046e-02
   2.5654506e-02
   1.7495930e-02
   3.6997266e-02
   4.7644559e-02
   9.8955549e-02
   8.4251568e-02
   9.0788722e-02
   1.0938521e-02
   8.0776364e-02
   3.7035037e-02
   6.2487636e-02
   1.4969693e-02
   6.8971559e-02
   3.8290277e-02
   6.2137414e-02
   2.3633869e-02
   2.7663046e-02
   1.5378199e-02
   4.3965537e-02
   5.4217607e-02
   1.0312597e-01
   7.1508370e-02
   1.3515405e-01
   2.0316975e-02
   1.2360194e-01
   6.4724162e-02
   1.3534732e-01
   2.0892700e-02
   9.9864766e-02
   5.2503128e-02
   9.6311286e-02
   4.3031972e-02
   3.9436493e-02
   2.7901515e-02
   4.9779639e-02
   4.0780798e-02
   6.7837231e-02
   3.7276391e-02
   1.0092152e-01
   1.5642013e-02
   8.2618028e-02
   4.2324401e-02
   6.1704502e-02
   8.1304936e-03
   7.9342216e-02
   4.2963192e-02
   5.0404768e-02
   2.3928452e-02
   4.7161005e-02
   3.6502767e-02
   3.7713125e-02
   2.5088880e-02
   6.9966003e-02
   4.0534444e-02
   6.9412217e-02
   9.5980521e-03
   8.5497469e-02
   4.5106627e-02
   2.9298211e-02
   4.5980364e-03
   9.9923126e-02
   5.5749290e-02
   2.4971165e-02
   1.2613692e-02
   6.0904592e-02
   2.4988048e-02
   2.2832537e-02
   1.9969240e-02
   7.5876348e-02
   5.8299873e-02
   1.0346486e-01
   1.0130291e-02
   8.4703565e-02
   3.1927057e-02
   3.5385575e-02
   5.2533727e-03
   1.8706177e-01
   8.2880788e-02
   3.9487947e-02
   1.2963687e-02
   1.0031918e-01
   6.5471627e-02
   5.7915445e-02
   2.3425495e-02
