   3.5660077e-02
   4.1427311e-02
   5.0454497e-02
   1.3483121e-02
   6.3916698e-02
   1.0813166e-01
   6.6294812e-02
   1.1349566e-02
   8.6590655e-02
   1.2659232e-01
   7.0857726e-02
   9.5820017e-03
   1.0197948e-01
   1.1635221e-01
   1.4113037e-01
   2.1003025e-02
   5.9970561e-02
   4.7144208e-02
   3.5795595e-02
   1.3186899e-02
   8.7369941e-02
   9.8416001e-02
   3.3694342e-02
   1.1460976e-02
   5.2394941e-02
   6.0030468e-02
   3.3377998e-02
   9.7536724e-03
   4.8974972e-02
   5.2187681e-02
   6.4968243e-02
   1.4867376e-02
   1.0238588e-01
   1.0077041e-01
   3.2107741e-02
   1.3299614e-02
   5.4409605e-02
   9.6110575e-02
   1.7860606e-02
   1.2360611e-02
   4.3624472e-02
   3.1534325e-02
   1.3877514e-02
   1.0194154e-02
   2.0401560e-02
   1.6640235e-02
   2.4973920e-02
   1.4089562e-02
   6.4573668e-02
   1.4524603e-01
   4.5022395e-02
   1.7777860e-02
   4.4563316e-02
   8.1255570e-02
   2.9289208e-02
   1.7355651e-02
   4.8341163e-02
   3.4665771e-02
   2.4554137e-02
   1.6492421e-02
   2.0442693e-02
   1.7198898e-02
   2.9049424e-02
   1.9898571e-02
   4.3193832e-02
   7.6529011e-02
   6.7698367e-02
   2.7762638e-02
   5.4120261e-02
   7.0382915e-02
   5.8309555e-02
   2.6634431e-02
   6.1893255e-02
   4.8981223e-02
   4.3409441e-02
   2.6811320e-02
   2.1332199e-02
   2.5753800e-02
   2.5796253e-02
   2.5108242e-02
   3.3251584e-02
   4.3779887e-02
   4.6776745e-02
   1.8821722e-02
   4.1736796e-02
   5.5553645e-02
   3.2149516e-02
   1.6249228e-02
   5.0207462e-02
   4.1001417e-02
   2.3332050e-02
   1.5548782e-02
   2.7440382e-02
   3.7250448e-02
   1.8723547e-02
   1.4311278e-02
   3.2348987e-02
   3.9290529e-02
   3.0879688e-02
   1.4224267e-02
   3.4702249e-02
   4.5973372e-02
   2.0321114e-02
   1.1490092e-02
   5.3250086e-02
   4.2361770e-02
   1.5548112e-02
   9.8235859e-03
   4.5421015e-02
   2.6945693e-02
   1.8285668e-02
   9.1759199e-03
   3.3059232e-02
   3.9022192e-02
   3.7097022e-02
   1.3159983e-02
   3.6084849e-02
   6.3558467e-02
   3.5423290e-02
   1.1589205e-02
   9.4060488e-02
   8.7127030e-02
   3.3796147e-02
   9.4835442e-03
   6.6333577e-02
   5.3011741e-02
   6.1939403e-02
   1.2465724e-02
   3.7529219e-02
   4.0378466e-02
   5.0073672e-02
   8.0987206e-03
   9.4019003e-02
   1.7202875e-01
   1.1269610e-01
   7.7027073e-03
   1.2889296e-01
   1.9240646e-01
   1.2837826e-01
   6.4671314e-03
   1.3258010e-01
   1.6897875e-01
   1.6907901e-01
   2.6178451e-02
   8.8620164e-02
   5.3213064e-02
   3.4587961e-02
   7.4517988e-03
   1.3828066e-01
   1.5594688e-01
   4.9572900e-02
   7.5694975e-03
   5.3737000e-02
   8.5869476e-02
   5.7158697e-02
   6.5193688e-03
   6.1544895e-02
   7.8013696e-02
   7.9264790e-02
   1.6738543e-02
   1.6616720e-01
   1.0793459e-01
   3.2685876e-02
   8.1878882e-03
   7.7509038e-02
   1.3375106e-01
   1.8729128e-02
   8.0538560e-03
   4.2596780e-02
   3.9611753e-02
   1.7106486e-02
   6.6919765e-03
   2.1626817e-02
   2.3081493e-02
   3.8063906e-02
   1.5739374e-02
   9.6693665e-02
   1.2662794e-01
   4.4639599e-02
   1.6906230e-02
   5.2567411e-02
   8.6805902e-02
   3.3281319e-02
   1.6744660e-02
   5.0694842e-02
   4.1556552e-02
   3.2329112e-02
   1.6048925e-02
   2.0172352e-02
   2.0881468e-02
   4.5711756e-02
   2.3849428e-02
   4.8527434e-02
   7.3509760e-02
   6.8172909e-02
   3.4903016e-02
   6.5970704e-02
   7.1528651e-02
   7.3161431e-02
   3.3341363e-02
   6.5440677e-02
   4.7540069e-02
   6.0356572e-02
   3.3088420e-02
   2.3892231e-02
   3.2242905e-02
   3.3000760e-02
   2.9784365e-02
   3.8007036e-02
   4.6576202e-02
   4.6339415e-02
   1.7885230e-02
   4.8036817e-02
   6.4491250e-02
   3.6259670e-02
   1.5787726e-02
   5.2282475e-02
   4.6542600e-02
   2.9887104e-02
   1.5424771e-02
   3.1962458e-02
   4.8776530e-02
   2.0485800e-02
   1.4671389e-02
   3.0533791e-02
   3.9749604e-02
   3.2966215e-02
   9.1999182e-03
   3.6612283e-02
   5.6653097e-02
   2.1254234e-02
   7.4441195e-03
   7.0398867e-02
   5.0399248e-02
   1.8063363e-02
   6.3912836e-03
   5.7961687e-02
   3.4592021e-02
   2.2335291e-02
   9.0500545e-03
   3.1479407e-02
   3.7274502e-02
   4.0468115e-02
   8.1391381e-03
   3.8555197e-02
   9.2376575e-02
   5.6579437e-02
   7.5356453e-03
   1.4831935e-01
   1.2237817e-01
   5.8359381e-02
   5.5444036e-03
   8.6745918e-02
   7.3874243e-02
   7.5495139e-02
   1.4035047e-02
   6.0927480e-02
   3.8641158e-02
   4.7987193e-02
   7.2915028e-03
   1.6099259e-01
   9.1530941e-02
   3.6083423e-02
   4.8663896e-03
   1.9891600e-01
   1.6018164e-01
   8.3194338e-02
   6.3481871e-03
   1.7259413e-01
   2.4039800e-01
   2.4564415e-01
   4.2526189e-02
   1.5563042e-01
   4.3996919e-02
   3.8644511e-02
   5.1116450e-03
   2.4270979e-01
   1.2707609e-01
   2.1845471e-02
   5.4704128e-03
   8.4549204e-02
   7.1561255e-02
   3.9080784e-02
   4.4431649e-03
   8.2063653e-02
   1.0321182e-01
   1.1333991e-01
   2.4391549e-02
   2.7980214e-01
   5.5602819e-02
   3.5414886e-02
   5.1787440e-03
   1.3928054e-01
   1.0406490e-01
   1.8549351e-02
   5.6919907e-03
   5.8305804e-02
   3.7761949e-02
   1.8618813e-02
   4.7362624e-03
   3.0303420e-02
   2.5135569e-02
   5.6866545e-02
   2.3625456e-02
   1.4027637e-01
   7.3976755e-02
   5.5577349e-02
   2.3606854e-02
   6.9193795e-02
   6.3057490e-02
   4.0412974e-02
   2.4856312e-02
   5.6602642e-02
   4.0056173e-02
   4.2052791e-02
   2.4580831e-02
   2.8441509e-02
   2.3513544e-02
   7.1483552e-02
   3.8835753e-02
   6.3011363e-02
   7.7275902e-02
   9.2994228e-02
   5.8318213e-02
   7.4136198e-02
   8.6311132e-02
   9.4004564e-02
   5.9120726e-02
   7.7194825e-02
   5.0944686e-02
   8.1218205e-02
   5.6440100e-02
   3.5564870e-02
   4.6120133e-02
   4.6805527e-02
   4.8072450e-02
   5.7145908e-02
   4.1306000e-02
   5.1892858e-02
   2.4123624e-02
   5.7990838e-02
   6.5245800e-02
   4.7025137e-02
   2.3666678e-02
   6.7662023e-02
   4.6427760e-02
   3.9787054e-02
   2.3100415e-02
   4.3843053e-02
   7.2237693e-02
   2.6824007e-02
   2.1917477e-02
   5.0716344e-02
   3.4833416e-02
   4.1245889e-02
   5.4569719e-03
   5.3016819e-02
   6.6887714e-02
   1.6668292e-02
   5.3200908e-03
   9.6416682e-02
   4.6668541e-02
   1.6167637e-02
   5.6375088e-03
   8.6151481e-02
   5.0155427e-02
   2.5352826e-02
   1.1686735e-02
   5.1743738e-02
   3.8085781e-02
   4.8668884e-02
   5.8979345e-03
   6.8717450e-02
   6.0565688e-02
   2.5109250e-02
   4.8284493e-03
   2.1365313e-01
   1.0446690e-01
   3.9282981e-02
   4.4350782e-03
   1.1500116e-01
   1.0387192e-01
   1.0441483e-01
   2.2385430e-02
   8.5752100e-02
   3.7689909e-02
   5.4080307e-02
   8.9131994e-03
   1.9417992e-01
   3.6878794e-02
   3.6419816e-02
   4.2879139e-03
   2.1703875e-01
   1.0383084e-01
   5.9385471e-02
   7.4035437e-03
   2.2051966e-01
   2.0312676e-01
   2.2484212e-01
   6.3336045e-02
   1.5201989e-01
   3.2088697e-02
   4.6187498e-02
   5.5929185e-03
   2.4924113e-01
   5.9886843e-02
   2.7366133e-02
   3.8802647e-03
   9.9276409e-02
   5.1824164e-02
   3.4156051e-02
   4.5840028e-03
   1.0158267e-01
   8.5123427e-02
   1.1033352e-01
   3.2533500e-02
   1.8696515e-01
   4.6426434e-02
   4.3387100e-02
   4.9285009e-03
   1.1726255e-01
   4.3720633e-02
   2.6613751e-02
   4.3894667e-03
   6.2290892e-02
   2.4763407e-02
   2.0889372e-02
   5.7779849e-03
   4.3513540e-02
   2.1780830e-02
   7.7947944e-02
   3.7436847e-02
   8.1939407e-02
   8.1506781e-02
   7.4871466e-02
   3.9381959e-02
   5.8204893e-02
   3.8981643e-02
   5.5768024e-02
   3.9605521e-02
   5.7878189e-02
   3.1739287e-02
   5.5001464e-02
   3.8879830e-02
   4.1677468e-02
   2.1263648e-02
   8.6996168e-02
   6.1776757e-02
   7.6885864e-02
   8.5472077e-02
   1.2371240e-01
   9.9441648e-02
   9.5383905e-02
   6.9936521e-02
   1.1668780e-01
   9.9201962e-02
   1.0280937e-01
   5.2588716e-02
   1.0978030e-01
   9.8155215e-02
   5.1234234e-02
   6.2721916e-02
   5.0648071e-02
   8.0859907e-02
   6.0063437e-02
   3.5486080e-02
   7.9709522e-02
   3.8415913e-02
   5.4710064e-02
   4.8624333e-02
   6.0276974e-02
   3.7686475e-02
   6.5243788e-02
   4.5250461e-02
   5.1018111e-02
   3.8697295e-02
   5.2579526e-02
   1.0161582e-01
   2.7663495e-02
   3.9902601e-02
   7.1109019e-02
   2.7407188e-02
   6.4787917e-02
   6.4359130e-03
   7.3676862e-02
   5.0223377e-02
   2.6241999e-02
   4.8612501e-03
   9.7036958e-02
   4.1754268e-02
   1.7537743e-02
   6.9604968e-03
   1.0353246e-01
   5.8797412e-02
   3.0096706e-02
   1.8670855e-02
   7.1237676e-02
   3.4496196e-02
   5.3495675e-02
   6.1376160e-03
   8.7225698e-02
   3.3478748e-02
   2.7630681e-02
   4.1465326e-03
   2.1400899e-01
   7.2897650e-02
   2.9263392e-02
   4.0958291e-03
   1.4594682e-01
   8.5265487e-02
   1.0358321e-01
   2.9517461e-02
