   1.6370693e-02
   4.3055743e-02
   1.0127483e-01
   5.4451700e-02
   1.2509365e-02
   1.6582839e-02
   1.9317487e-02
   4.0508911e-02
   9.8568331e-03
   7.3016547e-03
   8.3889998e-03
   2.7792817e-02
   9.2526274e-03
   8.0697890e-03
   7.2242846e-03
   2.8717959e-02
   1.5627244e-02
   3.1367574e-02
   5.0369859e-02
   5.6119908e-02
   1.0753384e-02
   1.1147907e-02
   1.4512652e-02
   2.9076437e-02
   9.1826562e-03
   7.1782088e-03
   8.3668632e-03
   2.7261047e-02
   9.0986770e-03
   8.1787566e-03
   6.6683115e-03
   2.9508051e-02
   1.6308498e-02
   2.1752860e-02
   2.7404089e-02
   5.7979222e-02
   1.0975997e-02
   8.4522832e-03
   1.2822181e-02
   2.4655923e-02
   9.0610199e-03
   6.8438402e-03
   8.5311206e-03
   2.7530031e-02
   9.2734704e-03
   7.8197401e-03
   6.9658225e-03
   2.9112132e-02
   3.0637547e-02
   2.7816480e-02
   3.3993769e-02
   5.9832305e-02
   1.4210660e-02
   8.9336764e-03
   1.9244991e-02
   2.4441214e-02
   9.4698118e-03
   7.5102211e-03
   1.8718338e-02
   2.6081888e-02
   9.5654707e-03
   7.9536680e-03
   1.3543556e-02
   3.2713450e-02
   2.6691122e-02
   4.1631337e-02
   5.9829000e-02
   6.8288743e-02
   1.3867196e-02
   9.6981134e-03
   2.5135262e-02
   2.4311339e-02
   1.0741024e-02
   7.8000054e-03
   2.0445077e-02
   2.6323942e-02
   1.0452406e-02
   8.2231788e-03
   1.4629693e-02
   3.3836246e-02
   1.5363283e-02
   2.4317553e-02
   4.4468682e-02
   6.7339055e-02
   1.1221454e-02
   9.1012642e-03
   1.6056249e-02
   2.4479723e-02
   1.0202743e-02
   7.7601513e-03
   1.0412511e-02
   2.7065791e-02
   9.3207266e-03
   7.9437736e-03
   8.1716143e-03
   2.8409010e-02
   1.5809866e-02
   2.3867313e-02
   2.5008274e-02
   5.7893958e-02
   1.1219425e-02
   8.6873034e-03
   1.2737474e-02
   2.4486292e-02
   9.0985103e-03
   6.8894443e-03
   9.0539167e-03
   2.6627293e-02
   9.2215398e-03
   7.5706444e-03
   7.6219630e-03
   2.7867785e-02
   1.5958151e-02
   3.3352077e-02
   5.2287057e-02
   5.5225994e-02
   1.1751846e-02
   1.1621929e-02
   1.5073010e-02
   2.9743919e-02
   9.4900317e-03
   6.7520728e-03
   8.1826625e-03
   2.6551828e-02
   9.4668260e-03
   7.7126287e-03
   6.9521545e-03
   2.8672624e-02
   9.9655036e-03
   2.6309861e-02
   5.4287829e-02
   3.7343685e-02
   9.3930624e-03
   2.1269726e-02
   2.1807974e-02
   4.2908281e-02
   5.3355717e-03
   4.4994396e-03
   5.6818519e-03
   1.7016096e-02
   5.0543365e-03
   4.9382793e-03
   4.5068739e-03
   1.5327333e-02
   8.7434296e-03
   1.8132327e-02
   3.0392999e-02
   3.3353042e-02
   7.3740333e-03
   1.3021622e-02
   1.4349680e-02
   2.2413434e-02
   5.1714005e-03
   4.1770847e-03
   5.0896439e-03
   1.5637100e-02
   5.1062931e-03
   4.7777365e-03
   4.0012016e-03
   1.6006107e-02
   1.1191319e-02
   1.4955062e-02
   1.7793730e-02
   3.2296374e-02
   7.4333977e-03
   8.5517019e-03
   1.1654538e-02
   1.4338509e-02
   5.0337361e-03
   4.0203827e-03
   7.0775435e-03
   1.5047048e-02
   4.6809446e-03
   4.6743071e-03
   5.1967688e-03
   1.5526293e-02
   3.1497128e-02
   2.4791123e-02
   2.6879109e-02
   3.7573088e-02
   1.2574102e-02
   8.1346445e-03
   2.7162641e-02
   1.4798031e-02
   5.8241873e-03
   4.3504355e-03
   2.6819890e-02
   1.5042645e-02
   5.2816719e-03
   4.9906294e-03
   1.8190784e-02
   2.4356242e-02
   2.6312895e-02
   3.7554123e-02
   5.3096965e-02
   4.8154879e-02
   1.2140155e-02
   1.0426076e-02
   3.8389966e-02
   1.4982096e-02
   8.0311792e-03
   4.3129032e-03
   2.9957790e-02
   1.7289430e-02
   7.7711870e-03
   4.8338980e-03
   2.0206563e-02
   2.7018074e-02
   9.6592177e-03
   1.9946147e-02
   4.0896144e-02
   4.7883615e-02
   7.2554797e-03
   1.0470660e-02
   1.9144287e-02
   1.5927833e-02
   6.3101826e-03
   4.4788462e-03
   7.9232091e-03
   1.4324163e-02
   6.1703096e-03
   4.6767932e-03
   6.3762022e-03
   1.7394215e-02
   7.9505425e-03
   1.4141232e-02
   2.0814216e-02
   3.5271622e-02
   6.7736250e-03
   9.2905927e-03
   1.1405883e-02
   1.5578920e-02
   4.9807439e-03
   4.7517815e-03
   5.0743907e-03
   1.4593514e-02
   5.0663240e-03
   4.4412347e-03
   4.6088379e-03
   1.6624719e-02
   8.4271161e-03
   1.7593473e-02
   3.1580638e-02
   3.2434374e-02
   7.9075955e-03
   1.3563075e-02
   1.6126908e-02
   2.4408562e-02
   5.2835676e-03
   4.4441088e-03
   5.6063021e-03
   1.5020210e-02
   5.0963513e-03
   4.6663820e-03
   4.4548051e-03
   1.5399081e-02
   7.0760376e-03
   2.5560901e-02
   5.9816029e-02
   1.7954636e-02
   9.4196396e-03
   3.1311244e-02
   2.9323610e-02
   6.1876882e-02
   3.3783959e-03
   3.5139804e-03
   3.6617056e-03
   8.7445695e-03
   3.0057712e-03
   2.8344812e-03
   2.7136661e-03
   8.0904709e-03
   5.9467135e-03
   2.0037202e-02
   3.1313170e-02
   1.9459248e-02
   6.7305472e-03
   1.6994897e-02
   2.1370020e-02
   2.5525277e-02
   3.0508637e-03
   2.7378572e-03
   3.7172309e-03
   7.2790100e-03
   2.7584562e-03
   2.6264656e-03
   2.8769779e-03
   8.7513952e-03
   1.0856154e-02
   1.4565211e-02
   1.9217974e-02
   1.9364925e-02
   7.1433093e-03
   9.5981117e-03
   1.7153895e-02
   8.8491309e-03
   2.7129296e-03
   2.8620875e-03
   8.0544055e-03
   8.1407605e-03
   2.8613284e-03
   3.3294791e-03
   5.5071870e-03
   1.1782721e-02
   3.9606169e-02
   2.4564324e-02
   3.1684693e-02
   2.5200224e-02
   1.4308108e-02
   1.1173517e-02
   4.4703037e-02
   1.0064719e-02
   4.8719286e-03
   3.3677041e-03
   4.5503434e-02
   1.0070086e-02
   4.5835744e-03
   3.6521864e-03
   2.9484428e-02
   2.7889287e-02
   3.3211011e-02
   3.6712520e-02
   6.9369420e-02
   4.1869964e-02
   1.4322583e-02
   1.6133416e-02
   6.1211344e-02
   1.3816174e-02
   9.1753285e-03
   3.2737586e-03
   5.1198449e-02
   1.4486734e-02
   8.9490619e-03
   3.7095444e-03
   3.3574589e-02
   3.5308387e-02
   8.4554963e-03
   1.9942950e-02
   5.2413389e-02
   3.9252177e-02
   7.2252951e-03
   1.4018621e-02
   2.8345890e-02
   1.3063977e-02
   5.4330062e-03
   2.8700521e-03
   9.8328386e-03
   1.0073703e-02
   5.5481624e-03
   3.3681034e-03
   7.7627730e-03
   1.4694287e-02
   5.6604305e-03
   1.3484896e-02
   2.6760669e-02
   2.2461159e-02
   5.9217867e-03
   1.1457849e-02
   1.4745384e-02
   1.1203199e-02
   3.0030222e-03
   2.9132413e-03
   3.6346558e-03
   8.5230321e-03
   3.5000264e-03
   3.1976011e-03
   3.5727413e-03
   9.7849919e-03
   5.3963130e-03
   1.9736642e-02
   3.7077382e-02
   1.7087299e-02
   7.4889627e-03
   1.9592244e-02
   2.3846276e-02
   2.9598894e-02
   3.0393545e-03
   3.1829274e-03
   3.5709508e-03
   8.2868021e-03
   2.9436355e-03
   3.2708354e-03
   3.0458986e-03
   9.1644507e-03
   8.7594120e-03
   5.1510721e-02
   8.0734648e-02
   1.3557095e-02
   1.3543531e-02
   5.2187640e-02
   4.0564802e-02
   1.0638781e-01
   3.1094388e-03
   2.3614066e-03
   2.8033126e-03
   7.5255488e-03
   2.1908954e-03
   2.2360557e-03
   2.5357080e-03
   6.9810827e-03
   6.8513649e-03
   3.5902347e-02
   4.0957287e-02
   1.5035906e-02
   9.1314670e-03
   2.8597463e-02
   4.2524155e-02
   4.2202830e-02
   1.9905330e-03
   2.2545222e-03
   3.3206579e-03
   6.1816438e-03
   2.4877696e-03
   1.8644723e-03
   3.3700140e-03
   7.0679178e-03
   1.1644420e-02
   2.1765133e-02
   2.4546156e-02
   1.4253578e-02
   1.0151134e-02
   1.5113657e-02
   3.1858597e-02
   6.5156678e-03
   2.1610584e-03
   2.4041450e-03
   1.1069606e-02
   5.8681392e-03
   1.9919893e-03
   2.8584257e-03
   8.0190133e-03
   1.0736911e-02
   4.5235749e-02
   4.8795506e-02
   4.2729497e-02
   2.3041202e-02
   1.7920522e-02
   1.6643807e-02
   7.1414843e-02
   9.1072926e-03
   7.3399195e-03
   2.5969867e-03
   7.5929597e-02
   1.3303353e-02
   6.2664379e-03
   4.3981201e-03
   4.7347583e-02
   4.3170657e-02
   4.1173197e-02
   7.0617348e-02
   8.7473236e-02
   5.2799199e-02
   1.9515483e-02
   2.1676404e-02
   8.9233018e-02
   1.7448686e-02
   1.6833818e-02
   3.0251788e-03
   8.6914420e-02
   2.3519166e-02
   1.6313899e-02
   4.0926640e-03
   5.6065418e-02
   6.4537093e-02
   9.6994573e-03
   3.5415571e-02
   7.2618946e-02
   4.7243182e-02
   1.1225870e-02
   1.7787993e-02
   4.2433295e-02
   1.3421159e-02
   8.0764247e-03
   3.1239111e-03
   1.5046822e-02
   9.3923267e-03
   8.4285727e-03
   2.7374462e-03
   1.2414957e-02
   1.8193582e-02
   6.4192736e-03
   1.8070120e-02
   3.7151452e-02
   1.7230334e-02
   8.4150322e-03
   1.3863756e-02
   2.7555281e-02
   8.0859391e-03
   3.4459634e-03
   3.4489138e-03
   3.4190917e-03
   4.8884843e-03
   3.2921196e-03
   2.3199487e-03
   4.2866864e-03
   6.1214147e-03
   6.1169108e-03
   3.7228361e-02
   5.3724516e-02
   1.1720493e-02
   8.0131833e-03
   2.8985761e-02
   4.1990161e-02
   4.7346741e-02
   3.5810408e-03
   2.5942388e-03
   2.8292320e-03
   5.0565433e-03
   2.2100913e-03
   2.2889574e-03
   3.1156726e-03
   6.0693230e-03
