   8.8020302e-02
   9.1139130e-02
   1.5226477e-01
   9.4261676e-02
   3.8538337e-02
   5.7988167e-02
   7.7012494e-02
   6.5773740e-02
   3.3291407e-02
   8.7571532e-02
   1.0091467e-01
   8.4569007e-02
   1.5762145e-02
   5.2892413e-02
   6.1413523e-02
   1.7568124e-02
   4.4344146e-02
   4.5715891e-02
   6.4052172e-02
   4.8513550e-02
   2.7899269e-02
   2.9639991e-02
   4.0702578e-02
   3.4494177e-02
   2.2142094e-02
   4.6033036e-02
   5.4889057e-02
   4.2858027e-02
   1.5529939e-02
   4.0166035e-02
   5.6367993e-02
   1.8525476e-02
   2.3246896e-02
   2.1002870e-02
   2.2027729e-02
   3.7789382e-02
   2.0571645e-02
   1.2961273e-02
   2.1149589e-02
   1.6720148e-02
   1.6400691e-02
   1.9534692e-02
   2.6020756e-02
   1.8634064e-02
   1.6085936e-02
   3.4055237e-02
   5.0033916e-02
   1.8465813e-02
   2.2895094e-02
   2.1105798e-02
   2.2547770e-02
   3.3955846e-02
   2.0381738e-02
   1.3315339e-02
   2.9348172e-02
   1.6818475e-02
   1.7183114e-02
   1.8537346e-02
   3.7191618e-02
   2.1126937e-02
   1.3471821e-02
   3.6863532e-02
   5.8572177e-02
   2.9681439e-02
   2.5188722e-02
   2.4860723e-02
   2.3250112e-02
   2.7843772e-02
   2.7308706e-02
   1.8053897e-02
   3.3565473e-02
   2.1114789e-02
   2.3468301e-02
   2.3600474e-02
   4.2090021e-02
   2.3505494e-02
   2.5267767e-02
   5.7338931e-02
   7.1840569e-02
   3.1837430e-02
   3.7191167e-02
   3.2758478e-02
   2.1323206e-02
   2.6955528e-02
   5.6826409e-02
   1.8432191e-02
   2.3237089e-02
   2.1768836e-02
   3.6633451e-02
   2.3671109e-02
   2.8922901e-02
   2.1309184e-02
   3.2191291e-02
   4.9412504e-02
   5.6844801e-02
   2.1338243e-02
   3.3879504e-02
   2.4858590e-02
   2.1528099e-02
   2.5495436e-02
   3.7995413e-02
   1.4775801e-02
   2.0811962e-02
   1.6891759e-02
   2.2964146e-02
   1.7797822e-02
   2.6510768e-02
   2.0577302e-02
   1.3368940e-02
   3.3007361e-02
   4.7475263e-02
   1.9281179e-02
   4.7344349e-02
   4.3810342e-02
   6.6389844e-02
   4.7931373e-02
   2.6843544e-02
   2.9728994e-02
   3.8695294e-02
   3.3255711e-02
   2.1196313e-02
   4.1216664e-02
   5.0670389e-02
   3.9107092e-02
   1.3585091e-02
   3.9426982e-02
   5.2594729e-02
   1.7548067e-02
   1.2039976e-01
   1.2503619e-01
   2.0379135e-01
   1.1229172e-01
   4.2874757e-02
   7.4052446e-02
   1.1026681e-01
   1.0200925e-01
   3.7985194e-02
   1.1479108e-01
   1.3304697e-01
   1.2311966e-01
   6.7361211e-03
   4.0927663e-02
   5.5764295e-02
   1.1234424e-02
   5.5606861e-02
   5.8410689e-02
   8.1475958e-02
   5.1955447e-02
   2.5649436e-02
   3.5228070e-02
   5.2851364e-02
   4.9451351e-02
   2.1802334e-02
   5.4476485e-02
   6.9701433e-02
   5.6676812e-02
   6.4171157e-03
   3.1486996e-02
   5.2960962e-02
   1.1288109e-02
   2.0435233e-02
   1.9287754e-02
   1.8790865e-02
   3.0073211e-02
   1.3619918e-02
   1.1983896e-02
   2.1874173e-02
   1.5467403e-02
   1.2192279e-02
   1.6511869e-02
   2.6993761e-02
   1.6513029e-02
   7.7936910e-03
   2.7383976e-02
   4.4242516e-02
   1.3882023e-02
   1.6012834e-02
   2.2566900e-02
   1.9582577e-02
   2.7839810e-02
   1.4193001e-02
   1.3128274e-02
   3.6638286e-02
   1.4368698e-02
   1.3771194e-02
   1.8425439e-02
   4.0781092e-02
   2.0429876e-02
   1.1760666e-02
   2.9209442e-02
   5.5911154e-02
   3.4110080e-02
   2.1458840e-02
   3.0947430e-02
   2.0758143e-02
   2.3345025e-02
   2.7748134e-02
   2.0363219e-02
   4.2976420e-02
   1.8428361e-02
   2.4257326e-02
   2.7194113e-02
   4.6302777e-02
   2.1657048e-02
   3.4332145e-02
   6.4218760e-02
   6.9492154e-02
   3.7307106e-02
   4.3008532e-02
   4.0850520e-02
   1.5754802e-02
   2.2726420e-02
   7.2843418e-02
   2.2113044e-02
   2.2687713e-02
   2.0267058e-02
   4.8242901e-02
   2.6228458e-02
   2.2102254e-02
   1.7089892e-02
   4.4295430e-02
   5.5919684e-02
   4.9464516e-02
   1.5822748e-02
   4.1368369e-02
   3.0571673e-02
   1.7933613e-02
   2.1225005e-02
   4.7407061e-02
   1.7384106e-02
   1.9141691e-02
   1.5269133e-02
   2.6762323e-02
   1.8333429e-02
   2.1294922e-02
   1.6624680e-02
   1.4137428e-02
   2.9416895e-02
   3.8614031e-02
   9.4913486e-03
   5.9872448e-02
   5.7974394e-02
   8.6656488e-02
   5.3416610e-02
   2.7167460e-02
   3.5997726e-02
   4.9065415e-02
   4.2740490e-02
   2.0910269e-02
   4.7132574e-02
   5.9955444e-02
   4.8296224e-02
   6.5426305e-03
   2.9597467e-02
   4.7938053e-02
   1.0143586e-02
   1.6416565e-01
   1.8133314e-01
   1.9242014e-01
   1.4064796e-01
   6.3850358e-02
   1.1045096e-01
   1.7341688e-01
   1.6754693e-01
   3.6688384e-02
   1.4300837e-01
   1.5454049e-01
   1.3830382e-01
   7.3402184e-03
   4.9674604e-02
   6.2649585e-02
   1.1466209e-02
   7.8159481e-02
   8.5669279e-02
   7.7821948e-02
   7.1737543e-02
   3.5938632e-02
   5.3103089e-02
   8.0912642e-02
   8.0766626e-02
   2.1575950e-02
   6.9687031e-02
   8.4710665e-02
   6.7087092e-02
   7.5038695e-03
   3.1602133e-02
   5.1102884e-02
   1.1879775e-02
   2.3638090e-02
   2.8399035e-02
   2.0295989e-02
   3.9487444e-02
   1.6315687e-02
   1.5727155e-02
   3.0442709e-02
   1.9685470e-02
   1.3330783e-02
   1.9503307e-02
   2.8498417e-02
   1.6610740e-02
   9.9648321e-03
   3.3016015e-02
   4.8663091e-02
   1.5943153e-02
   1.9225489e-02
   3.0042903e-02
   2.1725902e-02
   3.4182016e-02
   1.6290948e-02
   1.7275479e-02
   5.0769214e-02
   1.6979802e-02
   1.6215211e-02
   2.0561516e-02
   5.7741895e-02
   2.5516042e-02
   1.8438399e-02
   3.3781823e-02
   7.6990366e-02
   4.0735696e-02
   2.7092138e-02
   4.2715386e-02
   2.6950886e-02
   2.6339941e-02
   4.3399774e-02
   3.4365285e-02
   5.5134494e-02
   1.9698437e-02
   3.7854660e-02
   3.5271402e-02
   6.5516129e-02
   2.6876282e-02
   5.9773419e-02
   7.3925808e-02
   8.2666017e-02
   4.6656292e-02
   5.3234257e-02
   5.7087097e-02
   1.8598367e-02
   2.5247844e-02
   1.2522148e-01
   3.8253054e-02
   2.8148245e-02
   2.2012072e-02
   8.3920673e-02
   3.9470401e-02
   2.5559012e-02
   1.7525371e-02
   7.3115237e-02
   6.8736963e-02
   5.3483129e-02
   1.7622855e-02
   4.3959346e-02
   4.3022137e-02
   2.0265086e-02
   2.7362648e-02
   8.3255142e-02
   2.7513238e-02
   2.5741521e-02
   1.7710410e-02
   4.3727830e-02
   2.5574908e-02
   2.6128225e-02
   1.5386568e-02
   2.2034349e-02
   3.4944002e-02
   4.0121701e-02
   8.8415509e-03
   8.3562262e-02
   8.9418493e-02
   8.0488376e-02
   6.9056354e-02
   4.4216782e-02
   5.2688740e-02
   7.4328057e-02
   6.5606140e-02
   2.4551164e-02
   5.7744306e-02
   6.8219669e-02
   5.3967863e-02
   6.7542423e-03
   2.8860165e-02
   5.5279974e-02
   9.3552982e-03
   2.0143610e-01
   2.2706035e-01
   2.0035991e-01
   2.0377453e-01
   1.0459855e-01
   1.3036485e-01
   1.7227289e-01
   1.6577882e-01
   6.8068422e-02
   1.4875303e-01
   1.3260078e-01
   1.0745972e-01
   1.2119458e-02
   8.1722207e-02
   5.6991711e-02
   1.6492084e-02
   9.7266868e-02
   1.0730194e-01
   7.8276969e-02
   1.0815249e-01
   6.3174337e-02
   6.8031937e-02
   7.5257495e-02
   7.7535175e-02
   4.1541543e-02
   8.2670316e-02
   6.4205021e-02
   6.1242200e-02
   1.3769564e-02
   4.7387648e-02
   5.4480955e-02
   1.8213935e-02
   3.3177007e-02
   3.3553824e-02
   3.0384384e-02
   6.1254609e-02
   3.0281993e-02
   1.9696014e-02
   4.6395626e-02
   2.2187119e-02
   2.2318346e-02
   2.7461177e-02
   3.8086534e-02
   2.0751897e-02
   1.8426251e-02
   2.1969274e-02
   6.2389228e-02
   2.6045570e-02
   2.6086375e-02
   4.4550616e-02
   3.6572728e-02
   5.5278681e-02
   2.8287996e-02
   1.9928154e-02
   7.5689100e-02
   1.7539412e-02
   3.0447813e-02
   2.0248709e-02
   8.3087303e-02
   3.5189252e-02
   3.5143293e-02
   3.4074403e-02
   8.1307478e-02
   5.5991009e-02
   2.5264660e-02
   5.1106673e-02
   4.5953456e-02
   4.0968176e-02
   5.8611050e-02
   4.5386996e-02
   9.0688415e-02
   2.5543381e-02
   6.3752152e-02
   4.7159109e-02
   9.2867434e-02
   4.0578287e-02
   1.0296718e-01
   9.1909878e-02
   9.2947163e-02
   8.1042893e-02
   5.0613333e-02
   7.3406532e-02
   2.8251350e-02
   3.9852522e-02
   1.5978287e-01
   6.0019124e-02
   4.9993809e-02
   3.1031379e-02
   1.2568453e-01
   6.2487844e-02
   4.3025825e-02
   2.5108103e-02
   1.1737736e-01
   9.6808515e-02
   7.0615254e-02
   3.2197043e-02
   5.2000105e-02
   5.3834558e-02
   2.5797453e-02
   3.9535724e-02
   1.1450834e-01
   4.2632818e-02
   3.8375944e-02
   2.5349470e-02
   6.8649337e-02
   3.4731966e-02
   2.8879723e-02
   2.2110574e-02
   3.5834331e-02
   3.4558035e-02
   5.1637691e-02
   1.4399290e-02
   1.2048698e-01
   1.2299059e-01
   7.8207165e-02
   1.0167647e-01
   7.9980634e-02
   6.8950459e-02
   7.5173303e-02
   7.2300069e-02
   4.5210477e-02
   6.8663463e-02
   5.5837739e-02
   5.6159489e-02
   1.0976546e-02
   3.8344529e-02
   5.1421806e-02
   1.4302398e-02
