   2.9819375e-02
   8.0963768e-02
   5.2940197e-02
   1.0586092e-02
   7.1408220e-02
   1.4089346e-01
   8.8007241e-02
   8.6452942e-03
   8.1724025e-02
   7.5869381e-02
   3.7077338e-02
   1.4520326e-02
   3.8195498e-02
   3.5968162e-02
   3.9189223e-02
   3.8796909e-02
   5.8838259e-02
   4.8949260e-02
   2.8493226e-02
   8.4315436e-03
   9.9281952e-02
   1.1688306e-01
   5.2176166e-02
   8.2629649e-03
   4.0858030e-02
   5.1129773e-02
   4.3772701e-02
   2.6151102e-02
   3.3604559e-02
   3.6991164e-02
   3.5028122e-02
   4.5200225e-02
   1.2426887e-01
   8.0630623e-02
   1.4342365e-02
   7.0402082e-03
   6.3305132e-02
   9.7144023e-02
   2.6090806e-02
   8.7090721e-03
   3.4368694e-02
   4.3743469e-02
   4.6516370e-02
   2.4027070e-02
   3.2479521e-02
   3.7713833e-02
   4.9139131e-02
   7.8398988e-02
   8.0659382e-02
   1.2498415e-01
   2.1718595e-02
   7.9988521e-03
   4.3143198e-02
   7.2591856e-02
   2.6752500e-02
   9.9955508e-03
   3.8546599e-02
   5.8802377e-02
   4.2987034e-02
   1.6101211e-02
   3.5245959e-02
   3.7503641e-02
   5.6407597e-02
   7.7697441e-02
   3.8404282e-02
   6.1660767e-02
   4.5865797e-02
   1.0573872e-02
   4.9807195e-02
   6.3088916e-02
   4.3218825e-02
   1.2136579e-02
   4.6129666e-02
   7.5759664e-02
   5.0019007e-02
   1.7199825e-02
   4.0493172e-02
   5.2887645e-02
   4.9804732e-02
   5.5123635e-02
   2.9043885e-02
   2.7803548e-02
   3.0144012e-02
   1.0154757e-02
   4.1521233e-02
   4.8554257e-02
   2.9545605e-02
   1.0244511e-02
   3.9931316e-02
   7.0522852e-02
   3.5779703e-02
   1.5381562e-02
   6.5844640e-02
   8.1072129e-02
   3.3843271e-02
   4.1921444e-02
   2.6347093e-02
   2.2707539e-02
   1.4066926e-02
   1.0867795e-02
   3.6820520e-02
   3.8840797e-02
   2.4224261e-02
   9.7437194e-03
   4.8614185e-02
   8.6978108e-02
   2.9143384e-02
   1.3259447e-02
   1.1299314e-01
   7.1928307e-02
   2.8218962e-02
   3.5079498e-02
   2.8363787e-02
   4.2555906e-02
   2.6012857e-02
   9.1289552e-03
   3.9791267e-02
   7.0625849e-02
   4.5573838e-02
   9.9762483e-03
   9.2061430e-02
   9.0687729e-02
   3.1222114e-02
   1.2746114e-02
   7.3351957e-02
   4.0976081e-02
   3.0382462e-02
   3.6593314e-02
   3.5408095e-02
   1.3037653e-01
   8.8582747e-02
   1.3448461e-02
   1.1267998e-01
   2.0807716e-01
   1.3677627e-01
   6.5076486e-03
   1.2168657e-01
   9.3272604e-02
   3.6920384e-02
   1.2989777e-02
   4.9005028e-02
   4.1473575e-02
   4.2581189e-02
   3.3927642e-02
   9.5078535e-02
   7.4170083e-02
   4.4603840e-02
   8.7097269e-03
   1.6956386e-01
   1.5845117e-01
   8.0889367e-02
   5.5639991e-03
   5.1352199e-02
   5.9591331e-02
   5.0072268e-02
   2.9525159e-02
   3.5835944e-02
   4.3725386e-02
   3.5248183e-02
   3.9623186e-02
   2.1551345e-01
   9.0548873e-02
   1.5567398e-02
   5.5973353e-03
   1.0333211e-01
   1.2079394e-01
   3.4189757e-02
   5.7603684e-03
   3.7805364e-02
   4.9626954e-02
   5.4843433e-02
   2.7813930e-02
   3.3706427e-02
   4.9044833e-02
   4.3952167e-02
   8.6352132e-02
   1.3101371e-01
   1.1976769e-01
   2.7666874e-02
   6.0217245e-03
   6.1365549e-02
   7.9703785e-02
   3.4050290e-02
   7.2678798e-03
   4.8148643e-02
   6.5553173e-02
   4.9153406e-02
   1.5596053e-02
   3.9761141e-02
   4.8480500e-02
   5.0849259e-02
   8.5295588e-02
   4.9881645e-02
   6.7957744e-02
   6.1977107e-02
   8.3275046e-03
   6.2038586e-02
   6.2576465e-02
   5.8821652e-02
   1.0635834e-02
   5.9947606e-02
   6.8655200e-02
   5.6670416e-02
   1.4891173e-02
   4.9393862e-02
   5.6043200e-02
   4.4394493e-02
   5.5463664e-02
   3.4296442e-02
   3.2993969e-02
   3.6539391e-02
   9.1815563e-03
   5.2434064e-02
   5.9561819e-02
   3.6919218e-02
   8.1465673e-03
   5.3683963e-02
   7.4399501e-02
   3.5567433e-02
   1.1023627e-02
   1.0490146e-01
   8.3439894e-02
   3.0434353e-02
   3.7880842e-02
   3.0950874e-02
   2.7444812e-02
   1.5012741e-02
   1.1900807e-02
   4.6010263e-02
   5.1860675e-02
   2.8209912e-02
   7.3814336e-03
   7.0134051e-02
   1.1520897e-01
   2.7926508e-02
   9.1882590e-03
   1.8198165e-01
   8.9047216e-02
   2.7239794e-02
   2.8438803e-02
   3.2396380e-02
   6.1777681e-02
   4.0530547e-02
   9.7890673e-03
   5.0042186e-02
   9.8657407e-02
   6.3732237e-02
   7.6400884e-03
   1.3399111e-01
   1.2497968e-01
   3.1179676e-02
   9.0447841e-03
   1.1129113e-01
   4.7306143e-02
   2.9380156e-02
   2.9519144e-02
   5.4238465e-02
   7.6512262e-02
   4.9222451e-02
   1.3038934e-02
   1.5159138e-01
   6.8216518e-02
   6.6958666e-02
   5.9583145e-03
   1.9776216e-01
   1.0374101e-01
   5.4048698e-02
   1.5253081e-02
   7.7260427e-02
   5.8958970e-02
   6.4613722e-02
   3.2673128e-02
   1.4547133e-01
   4.6694964e-02
   2.6699547e-02
   8.3700502e-03
   2.3897217e-01
   8.7459296e-02
   5.0668143e-02
   5.3417706e-03
   8.6947203e-02
   6.7629449e-02
   6.9770478e-02
   3.3476148e-02
   5.7563208e-02
   6.6108234e-02
   5.6977455e-02
   4.5276210e-02
   2.9151037e-01
   4.0926289e-02
   1.4253267e-02
   5.2169068e-03
   1.5999283e-01
   8.7821916e-02
   3.7202932e-02
   4.9166554e-03
   6.5394066e-02
   5.7348810e-02
   8.1435747e-02
   3.0566102e-02
   5.8557827e-02
   7.0485912e-02
   6.5864667e-02
   1.0090634e-01
   1.5877287e-01
   6.4524241e-02
   3.4327734e-02
   5.3866967e-03
   9.6109927e-02
   5.5439923e-02
   4.4671215e-02
   6.3338163e-03
   7.1484096e-02
   6.3939132e-02
   6.8600245e-02
   1.5162988e-02
   6.6416502e-02
   6.0443599e-02
   6.7518122e-02
   9.4578296e-02
   6.8849921e-02
   5.6603368e-02
   8.2451858e-02
   9.0931980e-03
   8.2707420e-02
   6.0505830e-02
   7.9578668e-02
   1.0058266e-02
   7.1778193e-02
   8.2576476e-02
   7.6109089e-02
   1.5467403e-02
   6.8963811e-02
   6.3781597e-02
   4.6056468e-02
   5.7720087e-02
   5.0908487e-02
   3.2433726e-02
   4.7561828e-02
   8.7893521e-03
   7.7805772e-02
   5.1432636e-02
   4.4536885e-02
   7.2217113e-03
   7.7831827e-02
   6.5612555e-02
   4.5928966e-02
   1.0053166e-02
   1.4260817e-01
   6.2130388e-02
   3.2890037e-02
   3.5061996e-02
   4.8598491e-02
   3.2780599e-02
   1.5818613e-02
   8.2492251e-03
   6.7704946e-02
   5.4886829e-02
   3.6515210e-02
   5.7531525e-03
   1.2145339e-01
   9.5452540e-02
   3.5882853e-02
   8.9518288e-03
   2.9094553e-01
   5.6854133e-02
   3.4302104e-02
   2.7060086e-02
   5.1304910e-02
   4.7450848e-02
   2.8213298e-02
   8.4231775e-03
   7.8747585e-02
   4.9773488e-02
   4.7977362e-02
   6.5039056e-03
   2.2216477e-01
   1.2530434e-01
   4.0531710e-02
   8.4316488e-03
   1.9127548e-01
   4.8562929e-02
   4.2677425e-02
   2.6536543e-02
   7.5242631e-02
   7.7399395e-02
   6.0649477e-02
   2.0046150e-02
   1.2896512e-01
   3.5136711e-02
   9.4177462e-02
   8.9892950e-03
   1.9964580e-01
   6.4685531e-02
   9.3481712e-02
   2.7336134e-02
   7.7470019e-02
   5.9875190e-02
   1.1153401e-01
   2.9301494e-02
   1.1884794e-01
   4.1218359e-02
   3.1080967e-02
   1.2324526e-02
   1.9234599e-01
   4.1300084e-02
   7.1597390e-02
   6.7663128e-03
   8.9904673e-02
   4.7693215e-02
   9.4950661e-02
   5.9110414e-02
   7.0778921e-02
   8.3239444e-02
   8.9558773e-02
   5.2256517e-02
   1.6401003e-01
   3.1128190e-02
   1.8383777e-02
   6.3404925e-03
   1.2569095e-01
   3.3444699e-02
   4.2510722e-02
   5.4501123e-03
   8.2389206e-02
   4.2816762e-02
   8.7985054e-02
   5.3649392e-02
   7.2526343e-02
   8.6494841e-02
   9.7810470e-02
   1.4050873e-01
   9.5112763e-02
   6.4465567e-02
   4.6877455e-02
   9.5160082e-03
   1.0050189e-01
   3.2230582e-02
   5.3048685e-02
   9.3644615e-03
   7.5396001e-02
   3.8332053e-02
   8.1160262e-02
   2.3081221e-02
   6.5823473e-02
   7.4145198e-02
   9.4770543e-02
   1.3356870e-01
   9.6226737e-02
   5.3007457e-02
   1.0525543e-01
   2.1472882e-02
   1.2532656e-01
   4.8182476e-02
   1.0321476e-01
   1.8265491e-02
   1.0721058e-01
   6.0610257e-02
   9.5011525e-02
   2.1997593e-02
   8.3373919e-02
   6.4682007e-02
   6.4408928e-02
   6.8841107e-02
   6.5043680e-02
   2.7045256e-02
   6.2679149e-02
   1.5829900e-02
   8.6715192e-02
   2.7910206e-02
   6.2279712e-02
   9.0711946e-03
   7.4153252e-02
   5.8270551e-02
   6.0126204e-02
   1.3981730e-02
   8.3040029e-02
   6.3692778e-02
   5.2763171e-02
   3.9657936e-02
   6.5023676e-02
   2.1609701e-02
   2.3056231e-02
   1.1014875e-02
   9.1062739e-02
   3.5022322e-02
   3.9173793e-02
   6.4983983e-03
   9.9999227e-02
   5.3119373e-02
   3.9803091e-02
   8.4278667e-03
   1.5942881e-01
   7.1457267e-02
   5.1548429e-02
   3.6472656e-02
   7.2682433e-02
   5.3145226e-02
   3.3326264e-02
   1.2863544e-02
   9.7270392e-02
   3.3330251e-02
   6.7279190e-02
   7.7955960e-03
   1.9696444e-01
   6.7674316e-02
   7.0713192e-02
   9.2684720e-03
   1.3781895e-01
   5.8990534e-02
   7.5496778e-02
   2.6742661e-02
