   2.9921798e-02
   6.8648621e-02
   3.5423890e-02
   5.9429645e-03
   3.1891335e-02
   3.8805451e-02
   2.6131678e-02
   6.3385596e-03
   3.5027709e-02
   3.6323663e-02
   3.1842466e-02
   7.0223268e-03
   3.1707652e-02
   2.2788055e-02
   3.6166407e-02
   8.4254537e-03
   2.7971061e-02
   4.1424029e-02
   1.9397438e-02
   5.9901443e-03
   2.9211165e-02
   3.6206793e-02
   2.3052633e-02
   6.0449559e-03
   3.3348143e-02
   3.8125716e-02
   2.9370336e-02
   6.8153716e-03
   3.2772977e-02
   2.1719644e-02
   3.4562793e-02
   8.4174927e-03
   2.9956521e-02
   2.8606685e-02
   1.2754783e-02
   6.2573082e-03
   2.7894083e-02
   3.6001846e-02
   2.4149226e-02
   6.4150370e-03
   3.1947300e-02
   4.0847816e-02
   2.9673792e-02
   7.3376177e-03
   3.3728343e-02
   2.6356503e-02
   3.4116492e-02
   9.8871430e-03
   3.2320421e-02
   3.7757292e-02
   2.5922911e-02
   6.8090660e-03
   3.0842615e-02
   4.0763438e-02
   3.8724672e-02
   7.8891777e-03
   3.3134833e-02
   3.9873578e-02
   4.0348534e-02
   1.3396311e-02
   3.6602490e-02
   3.6190249e-02
   4.7446869e-02
   1.9057067e-02
   4.7159120e-02
   7.7399358e-02
   3.9927103e-02
   9.5043173e-03
   6.8900332e-02
   1.0150936e-01
   4.6504855e-02
   9.0378653e-03
   1.0017025e-01
   6.8065085e-02
   4.8453428e-02
   1.3269549e-02
   1.1662941e-01
   4.7231447e-02
   4.9569875e-02
   1.8120766e-02
   1.0820486e-01
   1.0628778e-01
   2.2131795e-02
   8.2116732e-03
   1.4099246e-01
   1.1528065e-01
   2.8483426e-02
   8.7050349e-03
   1.5818083e-01
   6.6822208e-02
   3.3669148e-02
   8.7208515e-03
   1.5580387e-01
   3.8005076e-02
   3.7894607e-02
   9.9739293e-03
   8.7041602e-02
   4.5173980e-02
   1.3362192e-02
   5.9435964e-03
   7.2955772e-02
   4.1528706e-02
   2.3106381e-02
   6.8808533e-03
   6.0128808e-02
   4.2193603e-02
   2.9168574e-02
   7.3915543e-03
   5.2810621e-02
   2.3021478e-02
   3.1785656e-02
   9.4284806e-03
   3.3797443e-02
   4.2109359e-02
   2.1142958e-02
   5.3987070e-03
   3.2381814e-02
   3.5431333e-02
   2.2949321e-02
   6.1435471e-03
   3.2643408e-02
   4.0998470e-02
   2.8042408e-02
   7.0511191e-03
   3.1661402e-02
   2.1692405e-02
   3.2621250e-02
   8.8597676e-03
   3.6383074e-02
   8.8749379e-02
   3.9824042e-02
   4.6946337e-03
   3.6661942e-02
   4.1739535e-02
   2.7798239e-02
   4.4409214e-03
   3.4471564e-02
   5.3344365e-02
   4.1280899e-02
   5.6128530e-03
   2.9104823e-02
   2.5638951e-02
   3.8646303e-02
   5.6994585e-03
   3.2837737e-02
   5.2402001e-02
   2.1079604e-02
   4.6365093e-03
   3.2522116e-02
   3.6765631e-02
   2.4419395e-02
   4.4266437e-03
   2.9125210e-02
   4.3765277e-02
   3.7577916e-02
   5.3224415e-03
   2.7949298e-02
   2.2634480e-02
   3.5512462e-02
   5.5805682e-03
   3.8683046e-02
   3.4576926e-02
   1.6463354e-02
   4.5164917e-03
   3.4046408e-02
   3.5820693e-02
   2.7782567e-02
   4.8863399e-03
   3.2558568e-02
   3.9784376e-02
   3.4667216e-02
   6.8210983e-03
   2.7796173e-02
   3.0887203e-02
   3.5607759e-02
   9.2919879e-03
   4.2494461e-02
   4.6499416e-02
   3.5817057e-02
   5.1221456e-03
   4.3764126e-02
   4.2860452e-02
   5.3658143e-02
   6.4887241e-03
   4.4873461e-02
   3.7875816e-02
   5.2067224e-02
   1.7606763e-02
   4.5020591e-02
   4.8358791e-02
   5.4289438e-02
   2.7396230e-02
   7.6921128e-02
   7.8040577e-02
   5.2437268e-02
   8.1846304e-03
   1.0599000e-01
   7.5878799e-02
   6.4458624e-02
   7.9385340e-03
   1.4131762e-01
   5.9360530e-02
   6.4941242e-02
   1.6968407e-02
   1.5749806e-01
   5.8032844e-02
   5.6970216e-02
   2.5756603e-02
   1.7997152e-01
   9.4189472e-02
   2.7249655e-02
   6.8881041e-03
   2.3460943e-01
   8.1783541e-02
   3.2616299e-02
   7.2188037e-03
   2.3530899e-01
   6.0081203e-02
   3.9456770e-02
   7.2091324e-03
   2.2007756e-01
   4.2989209e-02
   3.8526561e-02
   9.0598008e-03
   1.4246070e-01
   5.1940180e-02
   1.3742123e-02
   4.6932325e-03
   1.2436280e-01
   3.9653074e-02
   2.3310430e-02
   4.9901726e-03
   9.6583381e-02
   4.5464072e-02
   3.2927550e-02
   4.8076059e-03
   7.9085678e-02
   2.4330795e-02
   3.2317895e-02
   6.1082132e-03
   5.0738640e-02
   5.2834269e-02
   2.2233285e-02
   3.7875958e-03
   4.4400942e-02
   3.5931509e-02
   2.2696014e-02
   4.0688100e-03
   3.9729036e-02
   4.9444884e-02
   3.3609759e-02
   4.5884494e-03
   3.3325158e-02
   2.1636155e-02
   3.5558920e-02
   5.5861846e-03
   6.3383549e-02
   9.1697074e-02
   4.3837048e-02
   4.6820766e-03
   5.2710861e-02
   4.3565523e-02
   2.9392941e-02
   4.3331981e-03
   5.0007984e-02
   6.2911935e-02
   5.1904831e-02
   6.3295714e-03
   4.3733712e-02
   3.6388382e-02
   5.1761214e-02
   5.5191773e-03
   5.3644370e-02
   6.2216338e-02
   2.5985556e-02
   4.3138950e-03
   5.2240048e-02
   3.9935742e-02
   3.3975143e-02
   3.7276752e-03
   4.6206620e-02
   4.5026384e-02
   4.7226679e-02
   5.4043918e-03
   3.6948103e-02
   2.7983692e-02
   4.8142418e-02
   5.5264840e-03
   7.2988838e-02
   4.1464947e-02
   2.4734145e-02
   4.2173327e-03
   5.6206346e-02
   4.2153273e-02
   3.9499376e-02
   4.3418529e-03
   5.1162064e-02
   3.9149795e-02
   5.4325398e-02
   8.5056508e-03
   4.0265452e-02
   4.1486893e-02
   4.9251243e-02
   1.1984286e-02
   6.4382389e-02
   6.0990971e-02
   5.3798493e-02
   5.7514431e-03
   6.6936947e-02
   4.5662828e-02
   7.5928703e-02
   7.5252079e-03
   6.8527766e-02
   4.2661425e-02
   7.7458344e-02
   2.8795093e-02
   6.6750482e-02
   7.1881488e-02
   6.6935591e-02
   4.5429744e-02
   9.8518580e-02
   8.1635758e-02
   7.8760006e-02
   1.0675893e-02
   1.0059831e-01
   7.5854324e-02
   9.3998767e-02
   1.0190154e-02
   1.0980829e-01
   7.1216173e-02
   9.3737088e-02
   2.7559029e-02
   1.1548737e-01
   8.8965267e-02
   6.2853098e-02
   4.3682072e-02
   2.4727529e-01
   4.5597002e-02
   3.9844483e-02
   7.2606029e-03
   2.4584702e-01
   7.1830057e-02
   4.2813696e-02
   7.3159123e-03
   2.0426677e-01
   7.7016555e-02
   5.0774779e-02
   8.6153410e-03
   1.6611989e-01
   6.8106614e-02
   4.1930489e-02
   1.2264132e-02
   2.2370802e-01
   2.9174073e-02
   1.6709264e-02
   3.9165891e-03
   1.5669093e-01
   4.2843070e-02
   3.1649105e-02
   4.1413074e-03
   1.0873366e-01
   4.6970036e-02
   4.4616882e-02
   4.1671079e-03
   8.1908293e-02
   3.2381352e-02
   3.3974912e-02
   6.1960714e-03
   8.6450599e-02
   4.8884898e-02
   2.4218692e-02
   3.8934588e-03
   7.1128234e-02
   3.9242323e-02
   2.4995539e-02
   3.8041114e-03
   5.9120692e-02
   4.7433779e-02
   4.5038261e-02
   4.5822999e-03
   4.6685249e-02
   2.5915153e-02
   4.6554584e-02
   4.9425992e-03
   8.4610052e-02
   1.0459535e-01
   5.2791383e-02
   6.9534713e-03
   5.6565773e-02
   4.4608168e-02
   4.2132631e-02
   4.7775609e-03
   7.0846625e-02
   4.6074301e-02
   7.6005079e-02
   5.0058216e-03
   4.8909441e-02
   4.4365045e-02
   7.3744267e-02
   7.4640606e-03
   7.0097491e-02
   6.3373230e-02
   3.6744300e-02
   6.1485707e-03
   7.4810378e-02
   4.4853948e-02
   6.1892401e-02
   4.8963078e-03
   5.8706794e-02
   3.4097463e-02
   7.0020601e-02
   4.0869638e-03
   3.1425994e-02
   3.6441281e-02
   6.4509682e-02
   6.1435970e-03
   8.7741815e-02
   3.8009003e-02
   3.6577195e-02
   5.2253469e-03
   6.1672896e-02
   4.1081700e-02
   7.4014865e-02
   4.5325044e-03
   4.9469959e-02
   2.9853141e-02
   6.8245798e-02
   1.1605666e-02
   4.2891305e-02
   4.8950683e-02
   5.2415766e-02
   1.7324841e-02
   8.3613835e-02
   8.5127592e-02
   8.5520133e-02
   8.5703349e-03
   7.2723418e-02
   5.5091400e-02
   1.1907499e-01
   1.3100239e-02
   7.3942490e-02
   5.0740913e-02
   1.1055584e-01
   4.7632288e-02
   6.9308892e-02
   1.0247946e-01
   7.8145832e-02
   7.5828105e-02
   9.4851404e-02
   1.1482394e-01
   1.2407477e-01
   1.6809629e-02
   5.3644754e-02
   9.8253615e-02
   1.1889577e-01
   1.7897872e-02
   6.3409209e-02
   1.0491139e-01
   1.4647891e-01
   4.8689112e-02
   4.9088880e-02
   1.2853467e-01
   9.4921611e-02
   7.9031013e-02
   1.4555261e-01
   5.3072192e-02
   5.2704405e-02
   9.8879412e-03
   1.0767328e-01
   9.7263746e-02
   6.0059298e-02
   8.7358141e-03
   7.1691275e-02
   1.0448269e-01
   6.7260265e-02
   1.3325498e-02
   6.7792781e-02
   8.6059570e-02
   5.3300414e-02
   1.9075479e-02
   1.7642598e-01
   2.8771665e-02
   1.8019691e-02
   4.3229130e-03
   1.0487629e-01
   4.5541678e-02
   4.4489481e-02
   4.7070454e-03
   5.6951296e-02
   4.3707766e-02
   5.6669351e-02
   4.6466389e-03
   5.9153441e-02
   4.9100976e-02
   3.0321833e-02
   8.2338396e-03
   9.2691921e-02
   5.9468996e-02
   2.7937138e-02
   4.8210775e-03
   7.3608510e-02
   3.6746159e-02
   2.6916360e-02
   4.5242105e-03
   5.9476104e-02
   3.0361230e-02
   5.7757109e-02
   4.7536502e-03
   5.4173902e-02
   3.1016331e-02
   4.9716365e-02
   7.0242509e-03
