   1.0854314e-02
   1.1169682e-02
   5.0970364e-02
   3.5921391e-02
   1.0086264e-02
   1.3269227e-02
   2.8180897e-02
   2.4796618e-02
   1.0973460e-02
   1.4640247e-02
   2.8170051e-02
   2.5187809e-02
   1.1488852e-02
   1.2130000e-02
   3.0551078e-02
   2.8584301e-02
   1.0113725e-02
   1.0023220e-02
   5.0036673e-02
   3.3758875e-02
   1.0681155e-02
   1.1205902e-02
   2.8271239e-02
   2.4466738e-02
   1.0628584e-02
   1.2417937e-02
   2.7155984e-02
   2.3635317e-02
   1.1518261e-02
   1.1349845e-02
   3.0898023e-02
   2.6661841e-02
   1.0106451e-02
   9.9318372e-03
   5.1413856e-02
   2.9600468e-02
   1.0325185e-02
   1.1126483e-02
   2.9849580e-02
   2.5478560e-02
   1.0241430e-02
   1.2375579e-02
   2.7267851e-02
   2.2941239e-02
   1.1389758e-02
   1.1668079e-02
   3.0191762e-02
   2.6222393e-02
   1.0983839e-02
   1.1034228e-02
   5.2957620e-02
   3.3240639e-02
   1.1044844e-02
   1.3484546e-02
   2.8758781e-02
   2.9480083e-02
   1.1096438e-02
   1.3607337e-02
   2.6990009e-02
   2.5712859e-02
   1.2179973e-02
   1.2260302e-02
   3.1146975e-02
   2.8166736e-02
   1.2660768e-02
   1.3398546e-02
   5.5361804e-02
   3.9208747e-02
   1.2610598e-02
   1.9632682e-02
   2.9729083e-02
   3.4588102e-02
   1.2546330e-02
   1.7416961e-02
   2.9710770e-02
   2.8317114e-02
   1.3985955e-02
   1.3787679e-02
   2.9934928e-02
   3.5747971e-02
   1.0869754e-02
   1.1363321e-02
   5.2664299e-02
   3.5625190e-02
   1.0336196e-02
   1.4023568e-02
   2.5850890e-02
   2.9916305e-02
   1.0991490e-02
   1.4447773e-02
   2.8445864e-02
   2.3870545e-02
   1.2242058e-02
   1.2658893e-02
   2.7398650e-02
   2.8839188e-02
   1.0686948e-02
   9.8235002e-03
   4.9951781e-02
   3.0496886e-02
   9.9176681e-03
   1.0694753e-02
   2.3878742e-02
   2.5621682e-02
   1.0387216e-02
   1.2766765e-02
   2.5124289e-02
   2.3390882e-02
   1.2100738e-02
   1.1927314e-02
   2.5523154e-02
   2.5517642e-02
   1.0790182e-02
   1.0380807e-02
   4.9750153e-02
   3.3425350e-02
   1.0018977e-02
   1.0817685e-02
   2.6130380e-02
   2.3281679e-02
   1.0640395e-02
   1.2605872e-02
   2.6112346e-02
   2.4221675e-02
   1.1582119e-02
   1.2036584e-02
   2.7723880e-02
   2.6460528e-02
   8.4176240e-03
   1.1349910e-02
   4.0326126e-02
   3.1601869e-02
   6.9914437e-03
   1.5681745e-02
   3.2723382e-02
   2.0556547e-02
   6.9449050e-03
   1.4972410e-02
   2.5536081e-02
   2.5665356e-02
   9.0144612e-03
   1.1332565e-02
   2.8870862e-02
   2.4337998e-02
   7.1582347e-03
   8.3710523e-03
   3.9875470e-02
   2.9941825e-02
   6.9259945e-03
   1.1511540e-02
   3.0695632e-02
   1.9861136e-02
   6.7920773e-03
   1.1632798e-02
   2.5500195e-02
   2.0951720e-02
   8.8621592e-03
   9.6713686e-03
   2.8402017e-02
   1.9580161e-02
   7.3646083e-03
   7.7173798e-03
   4.1319251e-02
   2.4416512e-02
   6.8425075e-03
   9.8171234e-03
   3.2470714e-02
   2.2574050e-02
   6.4408300e-03
   1.0623307e-02
   2.4977485e-02
   1.9262763e-02
   8.1154620e-03
   1.0405922e-02
   2.6311290e-02
   2.0578478e-02
   8.1552900e-03
   9.7944513e-03
   4.1988526e-02
   2.8320011e-02
   8.0552511e-03
   1.5104842e-02
   3.5439961e-02
   3.1668060e-02
   8.2319742e-03
   1.2326114e-02
   2.4832046e-02
   2.5120335e-02
   9.3084211e-03
   1.0616122e-02
   2.8279394e-02
   2.6096417e-02
   1.1194638e-02
   1.4187644e-02
   5.0406903e-02
   4.0924624e-02
   1.1499578e-02
   2.5100410e-02
   3.2989759e-02
   4.2403031e-02
   1.0522082e-02
   1.7342800e-02
   3.0785929e-02
   2.9220251e-02
   1.1537983e-02
   1.1579501e-02
   2.7484970e-02
   3.5821401e-02
   8.6624473e-03
   9.9458825e-03
   5.0552890e-02
   3.5657678e-02
   7.8365989e-03
   1.5058419e-02
   2.7131202e-02
   3.2103829e-02
   7.3731770e-03
   1.2712739e-02
   2.7975056e-02
   2.2673599e-02
   9.1020744e-03
   1.0862067e-02
   2.6451772e-02
   2.5154866e-02
   7.0033581e-03
   7.5276615e-03
   4.4114478e-02
   2.3931878e-02
   6.6412115e-03
   1.0127238e-02
   2.5533330e-02
   2.3147449e-02
   7.0772236e-03
   1.0722586e-02
   2.2331521e-02
   1.9087764e-02
   8.6311866e-03
   1.1048663e-02
   2.4663428e-02
   2.0168291e-02
   7.1133184e-03
   9.2119118e-03
   4.1762624e-02
   2.6110442e-02
   6.9148471e-03
   1.1899792e-02
   2.7297376e-02
   2.0000711e-02
   7.0499713e-03
   1.1166895e-02
   2.3494132e-02
   2.3385022e-02
   8.8199405e-03
   1.0359697e-02
   2.3857981e-02
   2.1925399e-02
   5.9385002e-03
   1.3889799e-02
   3.1389594e-02
   4.4118240e-02
   5.8836495e-03
   2.2305181e-02
   4.5829799e-02
   2.5635149e-02
   5.4531195e-03
   1.8562984e-02
   3.2057401e-02
   3.7752874e-02
   6.4863246e-03
   1.2099366e-02
   3.0952580e-02
   3.1251263e-02
   5.1218313e-03
   9.0003833e-03
   2.6457869e-02
   3.2921750e-02
   5.0637950e-03
   1.4797082e-02
   3.5780776e-02
   2.3274634e-02
   5.2846321e-03
   1.2164276e-02
   2.6276441e-02
   2.9384153e-02
   5.8190860e-03
   1.0034346e-02
   2.9229047e-02
   2.1735314e-02
   5.2466099e-03
   8.1060985e-03
   3.1253196e-02
   2.5504922e-02
   5.3357435e-03
   1.0892756e-02
   3.4952559e-02
   2.9033916e-02
   4.3352973e-03
   1.0553569e-02
   2.7894732e-02
   1.9774085e-02
   6.6762534e-03
   9.0354243e-03
   3.1963330e-02
   2.0508096e-02
   7.1666837e-03
   1.0654427e-02
   4.1328225e-02
   3.8766123e-02
   7.9002222e-03
   1.6255600e-02
   4.3550391e-02
   4.0628530e-02
   6.8017403e-03
   1.1265934e-02
   3.3351757e-02
   2.7320309e-02
   7.1585560e-03
   9.1049299e-03
   3.5414357e-02
   3.0232573e-02
   1.1693170e-02
   1.6932765e-02
   5.7830300e-02
   5.3320333e-02
   1.1673869e-02
   3.1620819e-02
   4.8931841e-02
   5.2749489e-02
   1.0369333e-02
   1.8736435e-02
   4.4961199e-02
   3.7408371e-02
   1.0512634e-02
   1.0394275e-02
   3.2561049e-02
   4.0490985e-02
   7.2540864e-03
   9.9242032e-03
   5.0047964e-02
   4.7067389e-02
   7.6755160e-03
   1.5939336e-02
   3.8163930e-02
   4.2247552e-02
   6.5537994e-03
   1.2725524e-02
   4.1646775e-02
   3.4872673e-02
   6.4547909e-03
   9.7857974e-03
   2.6278989e-02
   2.7934914e-02
   5.2315625e-03
   7.0683621e-03
   4.2574294e-02
   2.8506940e-02
   5.7439683e-03
   9.8513057e-03
   3.1207539e-02
   2.8707635e-02
   5.3413096e-03
   9.5949797e-03
   2.8265201e-02
   2.4036935e-02
   6.2022572e-03
   1.0323026e-02
   2.2129122e-02
   1.9802416e-02
   4.9000150e-03
   9.7546689e-03
   3.0690927e-02
   3.0275580e-02
   5.3669647e-03
   1.3858665e-02
   3.5295602e-02
   2.3820989e-02
   5.1016831e-03
   1.1602979e-02
   2.5945578e-02
   2.8903592e-02
   6.5949513e-03
   1.0254836e-02
   2.2627864e-02
   2.3900624e-02
   4.4224006e-03
   2.5278931e-02
   3.4734316e-02
   6.9791600e-02
   5.3341463e-03
   2.7012641e-02
   5.5384669e-02
   4.5561776e-02
   5.1198490e-03
   2.2651581e-02
   3.4948591e-02
   5.0601769e-02
   7.5779008e-03
   1.4239124e-02
   4.5234077e-02
   4.8984516e-02
   4.2971591e-03
   1.2473204e-02
   3.2901622e-02
   5.3782430e-02
   4.3125628e-03
   1.8200349e-02
   4.6431791e-02
   4.0978979e-02
   3.9773094e-03
   1.2184758e-02
   3.7629478e-02
   4.6827935e-02
   5.4111793e-03
   9.2148967e-03
   4.6781596e-02
   3.8960230e-02
   4.2919549e-03
   7.3809037e-03
   4.2350754e-02
   4.1064631e-02
   4.3278513e-03
   1.1172917e-02
   4.0321387e-02
   4.0053580e-02
   3.9310949e-03
   9.2407884e-03
   4.4739805e-02
   3.5993025e-02
   5.5080685e-03
   8.5685439e-03
   5.2434865e-02
   3.0899422e-02
   8.9666424e-03
   8.7043634e-03
   6.2348060e-02
   5.7354353e-02
   1.0533065e-02
   1.4252332e-02
   6.7625709e-02
   5.0165877e-02
   7.8529930e-03
   1.0635840e-02
   3.9845202e-02
   4.5704834e-02
   7.5261481e-03
   9.1322539e-03
   5.2788064e-02
   4.0612124e-02
   1.6117346e-02
   1.7211083e-02
   8.8249691e-02
   7.0953406e-02
   1.8964043e-02
   3.1104825e-02
   8.5985839e-02
   7.9454757e-02
   1.5998336e-02
   2.1973867e-02
   7.4823290e-02
   6.0041301e-02
   1.5394885e-02
   1.0299828e-02
   4.6857152e-02
   6.8303272e-02
   7.6371119e-03
   1.0729974e-02
   6.4201809e-02
   6.5957420e-02
   9.9727632e-03
   1.4511744e-02
   4.5765378e-02
   6.3271068e-02
   8.8989921e-03
   1.3229880e-02
   6.1353233e-02
   4.8851229e-02
   7.8356331e-03
   1.0187797e-02
   3.3603787e-02
   4.4605929e-02
   5.0174603e-03
   8.7433737e-03
   5.9011441e-02
   3.7970185e-02
   4.9066059e-03
   9.9656908e-03
   4.2772349e-02
   4.1269399e-02
   4.2596399e-03
   1.0406264e-02
   4.5129109e-02
   3.0631341e-02
   4.8062503e-03
   9.8530911e-03
   2.9084180e-02
   3.6346707e-02
   5.2189003e-03
   1.6423535e-02
   3.6817010e-02
   4.5569107e-02
   4.2008264e-03
   1.3692303e-02
   4.3369044e-02
   3.5458878e-02
   4.3034647e-03
   1.5129688e-02
   4.0594976e-02
   4.3636907e-02
   5.1061446e-03
   1.0318551e-02
   3.0028820e-02
   3.6386456e-02
