   5.1891081e-02
   2.3512425e-02
   1.2384937e-02
   3.9779246e-02
   5.0152853e-02
   1.8875264e-02
   7.6544699e-03
   3.2368656e-02
   4.2935263e-02
   1.4717860e-02
   7.5635300e-03
   3.5572790e-02
   2.6637958e-02
   1.1939141e-02
   9.7462265e-03
   2.3816854e-02
   5.6248430e-02
   2.5097158e-02
   1.2159787e-02
   4.0386967e-02
   5.0401952e-02
   2.0362306e-02
   7.7573117e-03
   3.2124337e-02
   2.8248927e-02
   1.0916094e-02
   6.9790976e-03
   3.3261437e-02
   2.2620903e-02
   9.5109427e-03
   8.9316182e-03
   3.1842198e-02
   5.3155478e-02
   2.0606728e-02
   1.2444114e-02
   3.9208215e-02
   4.3897141e-02
   1.7195789e-02
   8.1721516e-03
   3.0075977e-02
   1.7660914e-02
   8.8469423e-03
   7.3117246e-03
   3.3331145e-02
   1.7275736e-02
   8.3794491e-03
   8.7074088e-03
   5.8643457e-02
   7.6102450e-02
   3.2029800e-02
   1.7541276e-02
   3.8523063e-02
   7.6095380e-02
   3.4796126e-02
   1.3853037e-02
   2.9692434e-02
   2.4153903e-02
   1.5305771e-02
   1.2866986e-02
   3.4260899e-02
   2.3826117e-02
   1.0117918e-02
   1.4207331e-02
   4.3800186e-02
   1.1570165e-01
   5.3266179e-02
   3.0997690e-02
   3.9847512e-02
   1.2925872e-01
   6.0945734e-02
   2.7117571e-02
   3.0887663e-02
   4.1654974e-02
   2.2756081e-02
   2.5396753e-02
   3.8063101e-02
   3.3475235e-02
   1.5111038e-02
   2.6676325e-02
   3.1434305e-02
   7.2765738e-02
   3.4200896e-02
   1.8998215e-02
   3.7977841e-02
   6.9671825e-02
   2.9961091e-02
   1.4506049e-02
   3.1960018e-02
   2.4813548e-02
   1.2258711e-02
   1.3685381e-02
   3.8821921e-02
   1.9895732e-02
   1.0231871e-02
   1.5021574e-02
   2.5781866e-02
   5.1720753e-02
   2.1253942e-02
   1.2856783e-02
   3.9627172e-02
   4.4112910e-02
   1.6780097e-02
   7.9109576e-03
   3.0881865e-02
   1.7917888e-02
   8.7840874e-03
   7.7616391e-03
   3.6639657e-02
   1.7610561e-02
   8.6635249e-03
   8.9517450e-03
   2.3167318e-02
   5.8435198e-02
   2.4294764e-02
   1.2306389e-02
   3.9774209e-02
   5.5599708e-02
   2.2200178e-02
   7.5778342e-03
   3.1299382e-02
   2.7287988e-02
   1.1138402e-02
   7.8974748e-03
   3.8476162e-02
   2.2126732e-02
   1.0007545e-02
   9.3338238e-03
   2.2783477e-02
   3.9213344e-02
   1.7535601e-02
   8.6054290e-03
   2.3066301e-02
   3.8129382e-02
   1.4321969e-02
   4.9881986e-03
   1.9374710e-02
   4.6669308e-02
   1.6049817e-02
   4.8568235e-03
   3.1851083e-02
   3.0265052e-02
   1.3649066e-02
   7.2762282e-03
   2.3046039e-02
   3.1591866e-02
   1.2543879e-02
   7.8061237e-03
   2.1867100e-02
   2.6440462e-02
   9.8218834e-03
   4.9237427e-03
   1.7248176e-02
   2.7059797e-02
   1.1051996e-02
   4.4969977e-03
   2.8673913e-02
   1.8619066e-02
   8.6607067e-03
   6.9658635e-03
   3.2948833e-02
   2.6484326e-02
   1.1257052e-02
   7.8879492e-03
   2.1746652e-02
   2.2411734e-02
   8.8295061e-03
   5.0130663e-03
   1.5931720e-02
   1.4742451e-02
   7.9621533e-03
   5.2164481e-03
   3.0144269e-02
   9.4625680e-03
   5.8539244e-03
   6.1850762e-03
   7.0157252e-02
   3.1596925e-02
   2.4698276e-02
   1.7652372e-02
   2.1745533e-02
   3.2563217e-02
   1.9372409e-02
   1.6887486e-02
   1.7515492e-02
   1.5180928e-02
   1.2600185e-02
   1.6055938e-02
   3.3002786e-02
   1.1985371e-02
   7.6804343e-03
   1.6851462e-02
   5.1597029e-02
   4.5354821e-02
   4.8833992e-02
   4.2714201e-02
   2.1685621e-02
   4.7341615e-02
   4.0764824e-02
   4.1943852e-02
   1.8034218e-02
   2.2837669e-02
   1.5875984e-02
   3.7951481e-02
   4.2686336e-02
   1.7244352e-02
   9.6433880e-03
   3.8186289e-02
   3.3749178e-02
   3.2975849e-02
   2.2699231e-02
   2.1221966e-02
   2.1909466e-02
   3.0043965e-02
   1.9632569e-02
   1.8618250e-02
   1.7596066e-02
   1.9003375e-02
   9.5445001e-03
   1.6783947e-02
   4.0990751e-02
   1.2153050e-02
   6.4511308e-03
   1.7470883e-02
   2.4664590e-02
   2.7868878e-02
   1.2637439e-02
   6.9366908e-03
   2.1988159e-02
   2.2870200e-02
   8.5832933e-03
   5.1420680e-03
   1.6363945e-02
   1.3014178e-02
   7.3853396e-03
   4.8241266e-03
   3.5416812e-02
   1.0619658e-02
   5.6335004e-03
   5.5726934e-03
   1.9397844e-02
   2.9279107e-02
   1.3367858e-02
   6.3075209e-03
   2.2062939e-02
   2.7413940e-02
   1.2265623e-02
   5.2728099e-03
   1.8362571e-02
   2.3585832e-02
   1.0156210e-02
   4.6148640e-03
   3.6289752e-02
   1.6271504e-02
   8.3896462e-03
   6.0614990e-03
   1.9277433e-02
   4.2774588e-02
   2.0119281e-02
   8.2644671e-03
   1.2681244e-02
   5.4254629e-02
   2.1316849e-02
   3.8209998e-03
   1.4247973e-02
   6.4185426e-02
   2.6012629e-02
   4.5556258e-03
   3.4529727e-02
   5.0524920e-02
   2.0704236e-02
   5.4187756e-03
   2.6623596e-02
   2.7847132e-02
   1.3379398e-02
   5.5785989e-03
   1.2572256e-02
   2.9361414e-02
   1.2825335e-02
   4.1595693e-03
   1.1472799e-02
   3.3813108e-02
   1.5931351e-02
   4.2313784e-03
   2.9376373e-02
   2.7389405e-02
   1.2551608e-02
   5.1736776e-03
   3.3619013e-02
   1.6463256e-02
   9.9538658e-03
   6.4262026e-03
   1.3867203e-02
   1.7015552e-02
   7.6097916e-03
   4.3362691e-03
   9.5196012e-03
   1.3272624e-02
   9.6967360e-03
   5.3275973e-03
   2.9071605e-02
   9.2433887e-03
   7.1341149e-03
   5.8507710e-03
   5.6202941e-02
   2.7771177e-02
   2.9537749e-02
   2.4650568e-02
   1.2853451e-02
   2.4720076e-02
   2.4132576e-02
   2.5674868e-02
   9.5581887e-03
   1.6735045e-02
   1.7487423e-02
   2.5666576e-02
   4.3334279e-02
   9.8739620e-03
   1.0810690e-02
   2.5428327e-02
   4.8690606e-02
   4.6655834e-02
   6.6513941e-02
   6.6161454e-02
   1.4552616e-02
   4.3020904e-02
   6.1394144e-02
   6.8608642e-02
   1.2008604e-02
   2.3832293e-02
   2.3383051e-02
   6.4748257e-02
   5.6063328e-02
   1.5067172e-02
   1.5352562e-02
   6.3360006e-02
   4.5510609e-02
   2.4885248e-02
   2.6713187e-02
   2.9680971e-02
   1.2474583e-02
   2.6237713e-02
   2.5907218e-02
   2.8999195e-02
   1.2068423e-02
   1.9681314e-02
   1.3080350e-02
   2.5951672e-02
   4.4677295e-02
   1.1167738e-02
   1.0186675e-02
   2.7001588e-02
   3.0700039e-02
   1.8684676e-02
   1.1086092e-02
   5.7350136e-03
   1.2809941e-02
   1.8748702e-02
   9.0319114e-03
   4.1450467e-03
   1.1506395e-02
   1.4104457e-02
   9.3689412e-03
   4.2976905e-03
   3.2910686e-02
   1.1432823e-02
   7.2868317e-03
   4.9182521e-03
   2.3010880e-02
   2.4518272e-02
   1.5416647e-02
   5.0295508e-03
   1.1480761e-02
   3.0951636e-02
   1.4533173e-02
   3.3903033e-03
   1.4508191e-02
   2.9908072e-02
   1.5729276e-02
   4.2813113e-03
   3.7517432e-02
   2.0436203e-02
   1.1810857e-02
   4.4601723e-03
   2.4454307e-02
   4.6820045e-02
   2.7580451e-02
   1.1895142e-02
   1.2896488e-02
   5.3733591e-02
   2.5795002e-02
   3.1172177e-03
   1.7741632e-02
   5.9236735e-02
   2.7821004e-02
   5.6034601e-03
   4.4569626e-02
   8.6003512e-02
   3.1693242e-02
   6.4840210e-03
   4.0974759e-02
   2.9901456e-02
   1.7451946e-02
   5.8411453e-03
   9.0312036e-03
   2.7064783e-02
   1.5356062e-02
   3.2295957e-03
   1.2008009e-02
   3.3633932e-02
   1.9782944e-02
   5.2952552e-03
   3.6457587e-02
   4.5399018e-02
   2.0718418e-02
   5.9815389e-03
   3.7057251e-02
   1.3035036e-02
   1.2292371e-02
   6.0935561e-03
   8.4504029e-03
   1.3439925e-02
   6.8339393e-03
   4.2734514e-03
   8.1627751e-03
   1.8437410e-02
   1.5843282e-02
   5.7174959e-03
   3.3159267e-02
   1.3282765e-02
   1.2759778e-02
   7.7739796e-03
   5.3131517e-02
   3.3983376e-02
   3.9049800e-02
   4.0387448e-02
   9.7097876e-03
   2.8190447e-02
   3.5459399e-02
   3.9823540e-02
   7.7711074e-03
   2.3404997e-02
   2.8106956e-02
   4.1461837e-02
   4.9857888e-02
   1.3228184e-02
   1.9469963e-02
   3.9544206e-02
   5.9969310e-02
   6.6875815e-02
   9.6285604e-02
   1.1178890e-01
   1.2286007e-02
   5.5364057e-02
   9.2597514e-02
   1.1091664e-01
   9.3616610e-03
   2.5593018e-02
   3.7309978e-02
   1.0672877e-01
   7.0981249e-02
   1.8174978e-02
   2.4487738e-02
   1.0775055e-01
   6.9912121e-02
   2.8506968e-02
   3.7739132e-02
   4.6655811e-02
   8.4004020e-03
   2.8039703e-02
   3.6465365e-02
   4.5840036e-02
   1.1650634e-02
   2.2205640e-02
   2.2835907e-02
   4.0788919e-02
   6.1807968e-02
   1.2336051e-02
   1.9141061e-02
   4.5939047e-02
   5.0031696e-02
   1.2291928e-02
   1.0912092e-02
   6.9716787e-03
   7.5025111e-03
   1.4539777e-02
   9.5154159e-03
   4.7353897e-03
   1.2569769e-02
   2.1304026e-02
   1.2285411e-02
   4.6293382e-03
   4.4332910e-02
   1.3054525e-02
   1.5144926e-02
   7.3608421e-03
   2.7520748e-02
   2.5837475e-02
   1.7298980e-02
   6.0111061e-03
   7.7737379e-03
   3.7237901e-02
   2.0997519e-02
   3.0862105e-03
   1.7303089e-02
   3.4291565e-02
   1.9933360e-02
   3.4992471e-03
   3.9861783e-02
   3.1379879e-02
   2.0018529e-02
   5.8329403e-03
   2.9427772e-02
