   1.0618865e-01
   9.4236962e-02
   1.2631544e-01
   5.6486003e-02
   5.1416516e-02
   3.8300205e-02
   3.6212359e-02
   4.3171011e-02
   1.9095592e-02
   4.6673905e-02
   3.2069448e-02
   3.2093611e-02
   4.5216769e-02
   5.6091994e-02
   5.1255945e-02
   4.3387089e-02
   4.8864428e-02
   4.2998042e-02
   5.7397582e-02
   3.4209527e-02
   2.8923012e-02
   2.0982618e-02
   1.9566882e-02
   2.5720835e-02
   1.5102519e-02
   3.0781854e-02
   2.6258767e-02
   2.0830940e-02
   2.5859471e-02
   3.1841610e-02
   3.3934627e-02
   2.4649499e-02
   2.2211418e-02
   1.8166231e-02
   2.1800220e-02
   2.7902177e-02
   1.9708319e-02
   1.3030376e-02
   1.1595591e-02
   1.8836090e-02
   1.3273727e-02
   1.9150941e-02
   2.3671992e-02
   1.7096633e-02
   1.3573842e-02
   1.8456062e-02
   2.3048079e-02
   1.1919090e-02
   2.2225685e-02
   1.7437970e-02
   2.5372693e-02
   3.3513989e-02
   1.8880872e-02
   1.3669882e-02
   1.2619836e-02
   1.7712288e-02
   1.1924698e-02
   1.7096030e-02
   3.7499268e-02
   2.3974262e-02
   1.3037977e-02
   1.8485073e-02
   3.5428546e-02
   1.4486592e-02
   2.4060702e-02
   2.5145033e-02
   2.9657217e-02
   2.9163186e-02
   2.0063786e-02
   1.3961005e-02
   1.3720814e-02
   1.7764628e-02
   2.2539930e-02
   2.9792948e-02
   4.7703154e-02
   1.7682062e-02
   2.5934614e-02
   2.9380087e-02
   4.7598742e-02
   1.4656737e-02
   3.4670413e-02
   2.7484076e-02
   2.4555899e-02
   2.5578527e-02
   1.9813538e-02
   1.2849640e-02
   1.3236757e-02
   1.8278355e-02
   2.9808430e-02
   3.0246522e-02
   2.9173406e-02
   1.4114886e-02
   3.2948568e-02
   2.6872108e-02
   3.0467015e-02
   1.1514375e-02
   3.5210077e-02
   1.9079659e-02
   2.2408439e-02
   2.3141844e-02
   1.9044628e-02
   1.2945670e-02
   1.1590712e-02
   1.8200019e-02
   1.4460017e-02
   1.8105488e-02
   2.4024714e-02
   1.4299146e-02
   1.5617933e-02
   1.8184958e-02
   2.4512012e-02
   1.1071337e-02
   5.3560309e-02
   4.4537354e-02
   5.9555385e-02
   3.4342971e-02
   2.9108925e-02
   2.1243542e-02
   1.9420575e-02
   2.5741685e-02
   1.4245402e-02
   2.7686371e-02
   2.6736921e-02
   2.0210542e-02
   2.2663759e-02
   2.9364364e-02
   3.1856831e-02
   2.0365637e-02
   1.4654033e-01
   1.2983459e-01
   1.5152743e-01
   6.4514123e-02
   4.4199832e-02
   5.1464770e-02
   4.9607500e-02
   5.2476011e-02
   1.7560454e-02
   4.6887726e-02
   3.1241357e-02
   3.7016619e-02
   6.3832097e-02
   7.9854839e-02
   7.2020575e-02
   6.4598083e-02
   6.2343642e-02
   5.5207595e-02
   6.5016381e-02
   3.5840977e-02
   2.2600399e-02
   2.3408763e-02
   2.2420190e-02
   2.3864852e-02
   1.1333825e-02
   2.7548503e-02
   2.3755660e-02
   2.2312731e-02
   3.0831112e-02
   3.9128602e-02
   3.9713938e-02
   3.1426750e-02
   1.8291658e-02
   1.7093102e-02
   2.3819739e-02
   2.7960971e-02
   1.1401638e-02
   9.2180064e-03
   8.0820927e-03
   1.1136300e-02
   8.3463667e-03
   1.3973699e-02
   2.2259746e-02
   1.7213475e-02
   1.0218847e-02
   1.3764960e-02
   2.1601584e-02
   8.3755534e-03
   1.7326320e-02
   1.8680893e-02
   2.9560188e-02
   3.5192098e-02
   1.0774520e-02
   9.5997779e-03
   8.1788572e-03
   1.0973397e-02
   8.9943418e-03
   1.4307518e-02
   4.5631118e-02
   2.6836768e-02
   1.2385610e-02
   1.5576129e-02
   4.4471812e-02
   1.4048731e-02
   2.1526130e-02
   3.2901991e-02
   3.6246683e-02
   3.0244660e-02
   1.1316793e-02
   9.8938420e-03
   8.9763924e-03
   1.1430247e-02
   2.4959741e-02
   2.9814206e-02
   5.9986409e-02
   1.7860029e-02
   3.1533100e-02
   3.5428427e-02
   6.2465247e-02
   1.5202464e-02
   3.3658445e-02
   3.5398219e-02
   2.5228078e-02
   2.3026852e-02
   1.0789693e-02
   9.3531003e-03
   8.0369990e-03
   1.2014317e-02
   3.4965158e-02
   3.0241160e-02
   2.7168723e-02
   1.3243511e-02
   4.2030480e-02
   3.3376165e-02
   2.8891243e-02
   1.0092969e-02
   3.5724223e-02
   2.3186844e-02
   2.5267666e-02
   2.0136500e-02
   1.1515358e-02
   9.0131648e-03
   7.8956569e-03
   1.1222651e-02
   1.3753899e-02
   1.6131464e-02
   2.0527592e-02
   1.1951343e-02
   1.8255062e-02
   1.6217729e-02
   1.8709263e-02
   8.4342277e-03
   6.8725981e-02
   5.9989560e-02
   7.1485370e-02
   3.5832800e-02
   2.1968110e-02
   2.3808623e-02
   2.1987341e-02
   2.4825478e-02
   1.2078201e-02
   2.6023939e-02
   2.6414108e-02
   2.0100789e-02
   2.6069270e-02
   3.3066653e-02
   3.3756524e-02
   2.4439551e-02
   2.0645818e-01
   1.9839153e-01
   1.8467727e-01
   9.3437389e-02
   7.5318918e-02
   8.3567232e-02
   8.0292113e-02
   8.1596144e-02
   2.4707209e-02
   6.8294577e-02
   3.8612865e-02
   5.3217188e-02
   1.0659545e-01
   1.3333029e-01
   1.1223666e-01
   1.0557670e-01
   8.4190674e-02
   8.1913486e-02
   7.8109242e-02
   5.5297535e-02
   3.1074714e-02
   3.4992754e-02
   3.3196449e-02
   3.1266950e-02
   1.3899758e-02
   3.6487490e-02
   2.8540570e-02
   3.4191743e-02
   4.9843330e-02
   6.1084405e-02
   5.8488294e-02
   4.9259026e-02
   2.3034267e-02
   2.4023615e-02
   2.8110141e-02
   4.6065383e-02
   8.3428537e-03
   7.4798814e-03
   5.9504835e-03
   7.5684339e-03
   9.2114545e-03
   1.7368071e-02
   2.7505619e-02
   1.9863360e-02
   1.6068278e-02
   1.8358210e-02
   3.0501222e-02
   1.0049483e-02
   2.1809496e-02
   2.8503036e-02
   3.9364446e-02
   6.3225999e-02
   7.5475560e-03
   8.4338291e-03
   6.5709916e-03
   8.1147095e-03
   1.2332385e-02
   1.9401200e-02
   7.8468502e-02
   2.8520202e-02
   2.2951476e-02
   1.7468240e-02
   7.2494134e-02
   1.9265046e-02
   3.0747589e-02
   5.1783584e-02
   5.5531945e-02
   4.6418179e-02
   7.4105398e-03
   1.0516373e-02
   7.6275826e-03
   7.5393980e-03
   4.5785520e-02
   5.1609371e-02
   1.0759521e-01
   2.6973203e-02
   5.9612572e-02
   4.3072578e-02
   1.0603341e-01
   2.1022800e-02
   4.4877455e-02
   5.6069322e-02
   3.3872657e-02
   2.9281896e-02
   7.9882527e-03
   9.9722613e-03
   7.2520333e-03
   7.2142761e-03
   6.4994484e-02
   5.5659689e-02
   4.3614965e-02
   1.7602285e-02
   8.1246935e-02
   4.3658890e-02
   4.5941956e-02
   1.0946291e-02
   4.7329623e-02
   3.3899404e-02
   3.0459430e-02
   2.3691183e-02
   7.8816116e-03
   9.0025961e-03
   7.5216279e-03
   6.7357747e-03
   2.1638149e-02
   2.5592506e-02
   2.4984246e-02
   1.6410498e-02
   3.5656441e-02
   2.1564694e-02
   2.5261741e-02
   1.0029492e-02
   9.5568247e-02
   9.4462395e-02
   8.8347301e-02
   4.9955666e-02
   3.0640988e-02
   3.4334667e-02
   3.1800907e-02
   3.4274604e-02
   1.6591333e-02
   3.5301011e-02
   3.2539215e-02
   2.9710611e-02
   4.2462859e-02
   5.0366815e-02
   4.4904806e-02
   3.7460655e-02
   3.1155550e-01
   2.9158995e-01
   2.8759679e-01
   1.5250254e-01
   1.3239895e-01
   1.4496435e-01
   1.3924965e-01
   1.3096179e-01
   3.6309816e-02
   5.4274235e-02
   3.9254148e-02
   4.8855301e-02
   1.5884443e-01
   2.0513089e-01
   1.7197447e-01
   2.0054756e-01
   1.1944146e-01
   1.1751866e-01
   1.1600269e-01
   7.0940703e-02
   5.2501328e-02
   5.6621850e-02
   5.4902103e-02
   4.9906861e-02
   2.1785975e-02
   3.2859147e-02
   3.5856821e-02
   4.2558312e-02
   7.2966270e-02
   9.5543519e-02
   8.7390356e-02
   9.1611683e-02
   2.8905496e-02
   3.5720218e-02
   3.3502910e-02
   6.2193681e-02
   9.3683852e-03
   8.6301733e-03
   5.9528006e-03
   7.3864772e-03
   1.4442806e-02
   1.8123176e-02
   3.2788649e-02
   2.8480791e-02
   3.1054115e-02
   1.6314739e-02
   4.6479698e-02
   1.4709735e-02
   3.3259977e-02
   3.3324718e-02
   4.0692165e-02
   1.0196928e-01
   6.9052395e-03
   7.4200616e-03
   5.9361574e-03
   8.9747878e-03
   1.7937124e-02
   2.7950013e-02
   9.7594455e-02
   4.8865568e-02
   4.8663065e-02
   1.8762099e-02
   1.0023052e-01
   2.8041255e-02
   3.4737766e-02
   7.8392789e-02
   5.5053685e-02
   7.0889078e-02
   8.5481452e-03
   1.2443883e-02
   7.6083159e-03
   5.6029027e-03
   6.8874247e-02
   9.3911976e-02
   1.3807563e-01
   4.3465681e-02
   1.0582675e-01
   5.6005675e-02
   1.4431293e-01
   2.8950544e-02
   5.8313388e-02
   7.8263551e-02
   3.7343126e-02
   3.3585060e-02
   8.6899363e-03
   1.1985688e-02
   7.9809744e-03
   6.1174175e-03
   9.5450655e-02
   9.7730860e-02
   6.0501628e-02
   2.9935103e-02
   1.4141385e-01
   6.1589368e-02
   6.1530903e-02
   1.3623859e-02
   5.4781660e-02
   3.4688149e-02
   2.6031196e-02
   3.1160809e-02
   7.7711060e-03
   1.0439105e-02
   7.7688470e-03
   6.6901706e-03
   3.2906067e-02
   3.4905326e-02
   3.1823408e-02
   2.7033774e-02
   6.4082965e-02
   2.3449693e-02
   3.9764166e-02
   9.9823298e-03
   1.2512784e-01
   1.2407707e-01
   1.3316680e-01
   6.8661973e-02
   5.0175324e-02
   5.7204869e-02
   5.3817544e-02
   5.1703166e-02
   2.6079547e-02
   3.2827754e-02
   3.9068058e-02
   3.7903469e-02
   6.7477159e-02
   7.6527923e-02
   6.6840976e-02
   7.2094463e-02
