   2.3833027e-02
   3.2434959e-02
   3.1177165e-02
   1.3172793e-02
   2.8508183e-02
   2.3507262e-02
   4.6470739e-02
   1.1737805e-02
   2.5979413e-02
   1.6650092e-02
   4.3795925e-02
   1.2175525e-02
   2.9448407e-02
   3.9006159e-02
   5.5467658e-02
   1.5360880e-02
   2.2418981e-02
   3.9242618e-02
   3.0145375e-02
   1.2460769e-02
   2.6125139e-02
   3.2011662e-02
   4.5859966e-02
   1.0967748e-02
   2.6064314e-02
   1.7380763e-02
   4.0631078e-02
   1.1996895e-02
   2.9307241e-02
   3.7350088e-02
   5.2791312e-02
   1.6340697e-02
   2.2674251e-02
   4.3354556e-02
   3.2232564e-02
   1.2737172e-02
   2.5620878e-02
   3.4511451e-02
   4.1307308e-02
   1.1141703e-02
   2.6531301e-02
   1.9400587e-02
   4.1175701e-02
   1.1362886e-02
   3.0257175e-02
   3.9442290e-02
   5.0736554e-02
   1.6366949e-02
   6.3380063e-02
   5.0578129e-02
   4.1232459e-02
   1.6794911e-02
   7.1703628e-02
   3.4516279e-02
   4.2465337e-02
   1.7781448e-02
   7.8015365e-02
   2.6874084e-02
   5.1951226e-02
   1.6910525e-02
   8.5032247e-02
   4.2692803e-02
   6.8205968e-02
   1.9407779e-02
   1.4858037e-01
   7.9466917e-02
   5.8160342e-02
   2.5696522e-02
   1.6520491e-01
   4.4389747e-02
   5.2686434e-02
   2.8721027e-02
   1.8735173e-01
   3.1294409e-02
   5.2143931e-02
   2.6638253e-02
   2.0639196e-01
   5.1418599e-02
   9.2989452e-02
   2.8790245e-02
   6.5468408e-02
   5.5866826e-02
   4.1992046e-02
   1.6581295e-02
   7.4850187e-02
   3.2627873e-02
   4.3297201e-02
   1.6416823e-02
   8.4729262e-02
   2.1617016e-02
   3.9317898e-02
   1.6265361e-02
   9.2227198e-02
   4.5687448e-02
   5.6946050e-02
   1.9287227e-02
   2.2169234e-02
   4.8754763e-02
   3.3808421e-02
   1.2620997e-02
   2.4865894e-02
   3.2828704e-02
   3.9713841e-02
   1.2246481e-02
   2.8758032e-02
   1.5766256e-02
   3.4107171e-02
   1.2064852e-02
   3.0796381e-02
   4.0481567e-02
   4.6490286e-02
   1.4794336e-02
   2.2581929e-02
   4.0540967e-02
   3.1763166e-02
   1.2613061e-02
   2.5279848e-02
   2.9924838e-02
   4.2236816e-02
   1.2072504e-02
   2.7017403e-02
   1.5350348e-02
   3.9619092e-02
   1.1428756e-02
   2.9766912e-02
   3.8720351e-02
   4.8760969e-02
   1.4761477e-02
   2.2934532e-02
   4.0912658e-02
   3.4571759e-02
   7.4860444e-03
   2.7860101e-02
   2.3656178e-02
   4.6381179e-02
   7.5941561e-03
   2.1794742e-02
   1.8304074e-02
   4.3087635e-02
   7.5583560e-03
   2.3474770e-02
   4.0252369e-02
   4.7849160e-02
   1.0611516e-02
   1.9996930e-02
   4.4649679e-02
   3.0977245e-02
   8.0734035e-03
   2.5769338e-02
   2.6332604e-02
   3.8017526e-02
   7.4479999e-03
   2.2213038e-02
   1.7519087e-02
   4.0908732e-02
   7.8447349e-03
   2.2947820e-02
   3.6350664e-02
   4.4929158e-02
   1.0599368e-02
   2.5250452e-02
   4.9284901e-02
   3.4385059e-02
   7.7427705e-03
   2.8509801e-02
   3.0376107e-02
   3.7222277e-02
   7.6076612e-03
   2.7036553e-02
   2.2438249e-02
   4.3389615e-02
   7.8693181e-03
   2.6427794e-02
   4.0112749e-02
   4.1940007e-02
   1.0147191e-02
   9.6429437e-02
   5.0326712e-02
   4.8589934e-02
   1.5468764e-02
   1.0363128e-01
   3.4749281e-02
   4.5632198e-02
   1.5789362e-02
   1.1053226e-01
   3.1879511e-02
   7.0044465e-02
   1.6483834e-02
   1.1138077e-01
   4.3279659e-02
   7.3349282e-02
   1.8062402e-02
   2.2191113e-01
   6.9504105e-02
   7.4486807e-02
   2.9835327e-02
   2.4115393e-01
   4.1674949e-02
   6.5652587e-02
   2.9934492e-02
   2.6174682e-01
   4.1075431e-02
   6.7193486e-02
   3.0651538e-02
   2.6847154e-01
   5.2997582e-02
   1.0603235e-01
   3.2566071e-02
   9.8540939e-02
   5.1739376e-02
   4.4549737e-02
   1.4600522e-02
   1.1126513e-01
   2.9674705e-02
   4.7083396e-02
   1.3722735e-02
   1.2049403e-01
   2.2880452e-02
   3.9336063e-02
   1.3861869e-02
   1.1916786e-01
   4.2246301e-02
   5.6600321e-02
   1.6034123e-02
   2.4400590e-02
   5.3502552e-02
   3.3458874e-02
   7.6419534e-03
   2.9421883e-02
   2.8966084e-02
   3.4817643e-02
   7.6486603e-03
   2.7860947e-02
   1.4778283e-02
   3.2830957e-02
   7.3759221e-03
   2.9388217e-02
   3.8277473e-02
   4.0387273e-02
   1.0209020e-02
   2.2640809e-02
   4.8315391e-02
   3.4207936e-02
   7.3727258e-03
   2.3781657e-02
   2.7083848e-02
   3.8923923e-02
   7.0364675e-03
   2.4683259e-02
   1.3813307e-02
   3.9430026e-02
   7.5654131e-03
   2.4383457e-02
   3.7381064e-02
   4.4051368e-02
   9.9885110e-03
   3.1468697e-02
   6.5662779e-02
   4.4455513e-02
   5.2894983e-03
   4.1148800e-02
   3.2969445e-02
   5.6457113e-02
   5.7753581e-03
   2.2054322e-02
   1.8328100e-02
   5.1350828e-02
   5.9320210e-03
   2.1552473e-02
   4.7862910e-02
   4.6710826e-02
   8.6204084e-03
   2.6917191e-02
   5.3059369e-02
   4.2493459e-02
   5.3728214e-03
   3.7542980e-02
   2.2220951e-02
   3.8867202e-02
   6.5144366e-03
   2.4466837e-02
   1.8325362e-02
   5.4234747e-02
   5.6658452e-03
   2.6557390e-02
   3.6740065e-02
   4.4830322e-02
   8.4132673e-03
   3.9832205e-02
   5.3385384e-02
   3.6545575e-02
   5.6660795e-03
   4.0776752e-02
   2.5033534e-02
   3.9754659e-02
   6.3213692e-03
   3.4228966e-02
   2.5640262e-02
   6.4712338e-02
   5.8037746e-03
   3.1537414e-02
   3.4940541e-02
   4.8723329e-02
   9.8279016e-03
   9.6479349e-02
   5.0672486e-02
   6.2387999e-02
   2.3240633e-02
   9.9985704e-02
   3.8113929e-02
   4.9437199e-02
   2.3020932e-02
   9.6823670e-02
   4.0768608e-02
   9.2875101e-02
   2.3300419e-02
   8.6930759e-02
   4.5240059e-02
   9.3653515e-02
   2.7405348e-02
   2.1065331e-01
   5.8300044e-02
   1.0065061e-01
   5.1410388e-02
   2.0986837e-01
   3.9958846e-02
   7.3682301e-02
   4.9964968e-02
   2.1804591e-01
   5.6303725e-02
   7.0653625e-02
   5.0081827e-02
   1.9669628e-01
   5.8949471e-02
   1.1994387e-01
   5.4099634e-02
   9.8739751e-02
   4.9158610e-02
   5.3157404e-02
   2.0146791e-02
   1.0364292e-01
   3.3749614e-02
   5.2610442e-02
   1.8830303e-02
   1.0244058e-01
   2.7990678e-02
   4.4022821e-02
   1.9650493e-02
   9.3149342e-02
   4.1531447e-02
   5.4277368e-02
   2.1823782e-02
   3.5647463e-02
   5.7640348e-02
   3.9897971e-02
   5.9899674e-03
   4.1690376e-02
   2.4747949e-02
   3.9718032e-02
   6.1898259e-03
   2.9299326e-02
   1.8814141e-02
   3.4177825e-02
   7.0852647e-03
   3.0038672e-02
   3.9707359e-02
   3.7849233e-02
   1.0919403e-02
   3.2525565e-02
   5.8363266e-02
   4.0909939e-02
   4.7105076e-03
   3.1620838e-02
   2.5347238e-02
   4.8451032e-02
   4.7173253e-03
   3.4013968e-02
   1.8304674e-02
   4.5997869e-02
   5.8144988e-03
   2.8006159e-02
   4.2478576e-02
   4.5152124e-02
   9.4508883e-03
   3.5458677e-02
   8.3625972e-02
   5.5237979e-02
   6.1767064e-03
   5.8465283e-02
   4.9740896e-02
   7.0689313e-02
   6.5042782e-03
   2.7130200e-02
   2.3362953e-02
   6.6961706e-02
   7.7105095e-03
   1.8006584e-02
   4.4758279e-02
   6.7399003e-02
   9.6194828e-03
   3.1423021e-02
   5.5168271e-02
   6.3233882e-02
   6.1540511e-03
   5.1900271e-02
   3.1109145e-02
   6.5700918e-02
   6.2728534e-03
   1.9372035e-02
   1.8426828e-02
   6.0048543e-02
   5.8001187e-03
   2.7913157e-02
   4.0543467e-02
   6.7644097e-02
   1.0354482e-02
   4.8871618e-02
   5.6479905e-02
   5.7969857e-02
   6.0547171e-03
   3.4828395e-02
   2.8420139e-02
   5.4986179e-02
   5.9428224e-03
   2.4363570e-02
   2.8537521e-02
   6.7135222e-02
   6.7444658e-03
   3.1224813e-02
   2.7355123e-02
   4.9899638e-02
   1.0313949e-02
   5.9828281e-02
   6.5493137e-02
   9.2945881e-02
   3.9653338e-02
   5.7103951e-02
   4.7182489e-02
   6.0374159e-02
   3.8636502e-02
   4.9212217e-02
   5.5879887e-02
   7.6651849e-02
   4.1080017e-02
   5.9042230e-02
   4.8955753e-02
   7.7396192e-02
   3.9726701e-02
   1.1961935e-01
   7.0810542e-02
   1.4150162e-01
   9.2145219e-02
   1.0073584e-01
   5.4483458e-02
   1.0820244e-01
   8.9189120e-02
   9.8474003e-02
   8.9586206e-02
   8.3104268e-02
   8.9971282e-02
   1.2077587e-01
   8.9544706e-02
   9.6164539e-02
   8.9254238e-02
   7.3001549e-02
   6.1458219e-02
   6.8382084e-02
   3.4207311e-02
   6.7802832e-02
   4.4342570e-02
   7.5116016e-02
   3.2038201e-02
   4.4449773e-02
   4.9146805e-02
   5.5620715e-02
   3.1842411e-02
   5.4932289e-02
   6.0979798e-02
   7.2770961e-02
   3.3096973e-02
   4.3250695e-02
   5.6648623e-02
   6.1808981e-02
   6.0672592e-03
   3.9273795e-02
   3.1339236e-02
   5.8864973e-02
   6.6806469e-03
   2.4251278e-02
   3.0985264e-02
   3.6079139e-02
   8.4254798e-03
   2.5962738e-02
   3.7102547e-02
   5.4159541e-02
   1.1613119e-02
   4.2810090e-02
   6.1146680e-02
   6.0028192e-02
   6.1941668e-03
   3.8150348e-02
   3.3949960e-02
   6.3931808e-02
   5.5144015e-03
   3.4934159e-02
   2.8528951e-02
   5.8557305e-02
   7.8658694e-03
   3.2440271e-02
   3.4458473e-02
   7.0658520e-02
   1.0644132e-02
