   2.7306091e-02
   1.4484110e-02
   1.4288296e-02
   2.3894366e-02
   6.7738062e-03
   5.6652031e-03
   4.6436493e-03
   2.5013657e-02
   9.8761749e-03
   7.8362450e-03
   5.8474778e-03
   2.8518181e-02
   1.6714074e-02
   1.2942145e-02
   9.4469413e-03
   3.8972650e-02
   2.7272558e-02
   1.0244359e-02
   1.0768414e-02
   2.2673246e-02
   6.4661768e-03
   5.2478528e-03
   4.1415202e-03
   2.3903048e-02
   9.3111545e-03
   7.3700007e-03
   5.3738989e-03
   2.7151166e-02
   1.5586786e-02
   1.1885232e-02
   8.9795580e-03
   3.6985103e-02
   2.4802160e-02
   8.3187725e-03
   9.3016941e-03
   2.3234360e-02
   6.3677672e-03
   5.1987739e-03
   4.0674582e-03
   2.4212657e-02
   9.3260854e-03
   7.3427046e-03
   5.4333960e-03
   2.7711609e-02
   1.5496898e-02
   1.1841084e-02
   9.2030847e-03
   3.7396178e-02
   2.3006536e-02
   9.0697529e-03
   1.0035996e-02
   2.5778888e-02
   7.2869333e-03
   5.5848677e-03
   5.2572167e-03
   2.7100809e-02
   1.0469424e-02
   7.8654513e-03
   7.0508053e-03
   3.0910825e-02
   1.7326830e-02
   1.2820554e-02
   1.1009252e-02
   4.2021859e-02
   2.4054173e-02
   9.6443156e-03
   1.1071032e-02
   2.8323883e-02
   8.4273070e-03
   5.9314244e-03
   8.2690734e-03
   3.0480227e-02
   1.2026700e-02
   8.2580550e-03
   1.0490269e-02
   3.3944517e-02
   1.9225165e-02
   1.3622144e-02
   1.4157633e-02
   4.6636693e-02
   2.2262659e-02
   9.0656728e-03
   1.0532239e-02
   2.5984466e-02
   7.1545830e-03
   5.8188285e-03
   6.1220443e-03
   2.7367961e-02
   1.0545277e-02
   8.0136610e-03
   7.4346480e-03
   3.0962393e-02
   1.7516017e-02
   1.2925370e-02
   1.1100756e-02
   4.2062610e-02
   2.3065954e-02
   8.3530983e-03
   9.5808748e-03
   2.3145625e-02
   6.3021318e-03
   5.3652590e-03
   4.3201675e-03
   2.4106011e-02
   9.3776332e-03
   7.4681956e-03
   5.5311527e-03
   2.7699757e-02
   1.5678462e-02
   1.1962822e-02
   9.0311915e-03
   3.7318964e-02
   2.4973180e-02
   9.6997172e-03
   1.0979705e-02
   2.2586212e-02
   6.3522751e-03
   5.3156046e-03
   4.2498135e-03
   2.3736211e-02
   9.3332706e-03
   7.4533210e-03
   5.5198530e-03
   2.7302556e-02
   1.5718868e-02
   1.2013400e-02
   8.9495713e-03
   3.6678564e-02
   3.6833934e-02
   1.7264307e-02
   1.6820813e-02
   2.5505478e-02
   7.2403806e-03
   6.2551079e-03
   5.2932184e-03
   2.4728142e-02
   1.0302313e-02
   8.5143056e-03
   6.5594837e-03
   2.8127309e-02
   1.6655432e-02
   1.3930043e-02
   9.9742776e-03
   3.7315913e-02
   4.1922826e-02
   1.1829249e-02
   1.2255369e-02
   2.4296923e-02
   7.1100080e-03
   5.9315744e-03
   4.6881400e-03
   2.4274135e-02
   9.9080596e-03
   8.2429107e-03
   6.0078609e-03
   2.7330386e-02
   1.5892100e-02
   1.2983396e-02
   9.7490605e-03
   3.6322098e-02
   3.7307393e-02
   9.0840114e-03
   1.0320331e-02
   2.4609439e-02
   6.9284122e-03
   5.8637066e-03
   4.5783673e-03
   2.4752146e-02
   9.9690668e-03
   8.3336877e-03
   6.0653738e-03
   2.8147319e-02
   1.5888099e-02
   1.3042854e-02
   1.0024558e-02
   3.6786240e-02
   2.8517788e-02
   9.5645608e-03
   1.0861408e-02
   2.6356036e-02
   7.5832931e-03
   6.0816770e-03
   5.8614286e-03
   2.6856324e-02
   1.0751189e-02
   8.5948082e-03
   7.8634238e-03
   3.0375766e-02
   1.6820161e-02
   1.3585971e-02
   1.1897540e-02
   3.9268479e-02
   2.9636361e-02
   1.0121531e-02
   1.1898388e-02
   2.8483393e-02
   8.6965775e-03
   6.5785930e-03
   9.6092252e-03
   2.9709550e-02
   1.2095428e-02
   9.0402085e-03
   1.2215635e-02
   3.2114126e-02
   1.8091980e-02
   1.4190708e-02
   1.5875790e-02
   4.2049747e-02
   2.7642570e-02
   9.7045470e-03
   1.1414689e-02
   2.7239757e-02
   7.5139082e-03
   6.5659224e-03
   7.0456639e-03
   2.7533052e-02
   1.0871732e-02
   8.9325253e-03
   8.5239168e-03
   3.0446744e-02
   1.6964832e-02
   1.3679845e-02
   1.2220310e-02
   3.9688289e-02
   3.3344209e-02
   9.2269555e-03
   1.0675911e-02
   2.4936656e-02
   6.8782698e-03
   6.2623951e-03
   5.0390842e-03
   2.5396479e-02
   1.0068770e-02
   8.6163627e-03
   6.3196053e-03
   2.8547581e-02
   1.6029580e-02
   1.3041902e-02
   9.9426005e-03
   3.7098952e-02
   3.7117925e-02
   1.1237662e-02
   1.2584395e-02
   2.4183301e-02
   6.8901018e-03
   6.1578075e-03
   4.9007824e-03
   2.4300389e-02
   1.0002256e-02
   8.4862448e-03
   6.2794075e-03
   2.7761104e-02
   1.6138799e-02
   1.3080809e-02
   9.8349946e-03
   3.6242947e-02
   4.2823922e-02
   1.8163458e-02
   1.8016007e-02
   2.2908516e-02
   6.1431262e-03
   5.9560579e-03
   4.8568589e-03
   2.1129722e-02
   8.6291498e-03
   7.8023286e-03
   6.1282855e-03
   2.4012044e-02
   1.2897153e-02
   1.1795666e-02
   8.7794382e-03
   2.9570315e-02
   5.7599016e-02
   1.1690213e-02
   1.2055254e-02
   2.1316547e-02
   6.1758840e-03
   5.5949390e-03
   4.4027520e-03
   2.0906044e-02
   8.4675653e-03
   7.5736274e-03
   5.7180733e-03
   2.3579821e-02
   1.2598404e-02
   1.1340169e-02
   8.7419366e-03
   2.9584687e-02
   4.6564009e-02
   7.9084216e-03
   9.3154805e-03
   2.1281645e-02
   5.8787395e-03
   5.4473472e-03
   4.3094847e-03
   2.1524617e-02
   8.4896181e-03
   7.7010971e-03
   5.6630620e-03
   2.4028992e-02
   1.2552795e-02
   1.1328611e-02
   8.8852039e-03
   3.0308120e-02
   3.2668784e-02
   8.1289923e-03
   9.6831145e-03
   2.2124222e-02
   6.4428989e-03
   5.5185002e-03
   5.9521026e-03
   2.3276327e-02
   8.8881170e-03
   7.6793334e-03
   7.8055621e-03
   2.5874645e-02
   1.3125899e-02
   1.1600175e-02
   1.1142382e-02
   3.2596286e-02
   3.3595957e-02
   8.6378893e-03
   1.0400085e-02
   2.4330417e-02
   7.5384420e-03
   5.9252521e-03
   1.0615987e-02
   2.6218509e-02
   1.0192051e-02
   7.8397458e-03
   1.3436393e-02
   2.7428580e-02
   1.3956113e-02
   1.1639426e-02
   1.6247392e-02
   3.3880949e-02
   3.1284891e-02
   8.5394494e-03
   1.0134924e-02
   2.3569781e-02
   6.3654887e-03
   5.9762537e-03
   7.2870771e-03
   2.4347521e-02
   9.0884333e-03
   8.0456063e-03
   8.7011121e-03
   2.6711386e-02
   1.3309485e-02
   1.1499777e-02
   1.1764435e-02
   3.2855336e-02
   4.0674169e-02
   8.2519371e-03
   9.7235618e-03
   2.1703247e-02
   5.9100785e-03
   5.9737624e-03
   4.8232153e-03
   2.2617541e-02
   8.5195238e-03
   7.9724258e-03
   5.9189401e-03
   2.5494959e-02
   1.2929534e-02
   1.1315138e-02
   9.0858452e-03
   3.1350590e-02
   4.9977910e-02
   1.0856941e-02
   1.2486535e-02
   2.1618703e-02
   5.8513787e-03
   5.8157719e-03
   4.6938150e-03
   2.1345248e-02
   8.6266333e-03
   7.8882920e-03
   6.0041859e-03
   2.4388801e-02
   1.2850218e-02
   1.1349475e-02
   8.7808613e-03
   2.9922174e-02
   4.4730607e-02
   1.9420316e-02
   1.9850053e-02
   1.8903594e-02
   4.4460441e-03
   4.5853914e-03
   3.8160172e-03
   1.6364248e-02
   6.1707441e-03
   6.0635046e-03
   4.6635703e-03
   1.8025499e-02
   8.7840063e-03
   8.4245792e-03
   6.7192586e-03
   2.1324065e-02
   7.1590170e-02
   1.1174431e-02
   1.1728220e-02
   1.6407400e-02
   4.6701394e-03
   4.3136664e-03
   3.4846414e-03
   1.6076831e-02
   6.2181950e-03
   5.9377640e-03
   4.4969693e-03
   1.7466616e-02
   8.7647075e-03
   8.3216727e-03
   6.8283845e-03
   2.1708580e-02
   4.6376176e-02
   6.1263912e-03
   7.2872755e-03
   1.6034348e-02
   4.4823494e-03
   4.2261239e-03
   3.5790838e-03
   1.6567202e-02
   6.3603376e-03
   5.9764804e-03
   4.6113315e-03
   1.7960520e-02
   8.8992417e-03
   8.5845022e-03
   7.1079475e-03
   2.2201022e-02
   3.4059614e-02
   6.2266183e-03
   7.5023780e-03
   1.7020365e-02
   5.3395308e-03
   4.3246080e-03
   6.2304530e-03
   1.8287316e-02
   6.7272517e-03
   5.8501153e-03
   8.2051205e-03
   1.9420551e-02
   9.1481861e-03
   8.9854402e-03
   1.0654250e-02
   2.3658732e-02
   4.5281455e-02
   6.8320604e-03
   8.3025396e-03
   1.9513257e-02
   6.5283841e-03
   4.7523580e-03
   1.3103423e-02
   2.2100057e-02
   8.3000800e-03
   6.0623516e-03
   1.6841166e-02
   2.2151362e-02
   1.0379547e-02
   8.6489422e-03
   1.8952720e-02
   2.4888651e-02
   3.2834299e-02
   6.6351253e-03
   8.1466008e-03
   1.8286578e-02
   4.8439526e-03
   4.8467116e-03
   7.8243976e-03
   1.9259511e-02
   6.7352415e-03
   6.0644434e-03
   9.4623081e-03
   2.0683585e-02
   1.0129351e-02
   8.5820751e-03
   1.1479817e-02
   2.3419136e-02
   3.8109176e-02
   6.3094799e-03
   7.8200279e-03
   1.6791610e-02
   4.2644460e-03
   4.5828205e-03
   3.9106566e-03
   1.7031914e-02
   6.1673480e-03
   5.8918856e-03
   4.8658359e-03
   1.8753566e-02
   9.1106798e-03
   8.2923872e-03
   6.9677546e-03
   2.2792349e-02
   6.1344560e-02
   9.8003056e-03
   1.2038098e-02
   1.6479008e-02
   4.2633880e-03
   4.4055255e-03
   3.9232452e-03
   1.5831610e-02
   6.1714565e-03
   6.0276301e-03
   4.7246362e-03
   1.8337507e-02
   8.6719478e-03
   8.1201047e-03
   6.6835224e-03
   2.1390565e-02
