   3.5767168e-02
   5.2393571e-02
   3.5044938e-02
   7.9703899e-03
   3.5075087e-02
   3.3524938e-02
   2.6120180e-02
   7.7007213e-03
   3.7021227e-02
   4.5991849e-02
   3.6089003e-02
   9.5224595e-03
   4.5076728e-02
   1.2322630e-02
   3.9856229e-02
   1.1391389e-02
   3.4615923e-02
   4.8297480e-02
   3.0167665e-02
   8.1856688e-03
   3.3375319e-02
   3.3236481e-02
   2.1079337e-02
   7.3285070e-03
   3.6098745e-02
   4.3124016e-02
   3.2913167e-02
   9.0797022e-03
   4.3847516e-02
   1.1647908e-02
   3.7356406e-02
   1.1062552e-02
   3.5398703e-02
   5.4199994e-02
   2.8065633e-02
   9.1398600e-03
   3.1924691e-02
   3.7544385e-02
   2.3555268e-02
   7.0142192e-03
   3.2712433e-02
   4.4399198e-02
   3.1311583e-02
   8.3970949e-03
   4.2545173e-02
   1.3270115e-02
   3.6484744e-02
   1.0967892e-02
   4.0970836e-02
   5.5582982e-02
   3.4611221e-02
   9.4413646e-03
   3.3069883e-02
   3.8547698e-02
   3.8136452e-02
   8.1751756e-03
   3.1369101e-02
   4.6069957e-02
   3.7868995e-02
   9.8092314e-03
   3.8390420e-02
   1.4169623e-02
   4.0061615e-02
   1.2980931e-02
   4.9678683e-02
   9.3819119e-02
   4.4194579e-02
   1.1080054e-02
   6.7432471e-02
   8.4063403e-02
   4.7289126e-02
   1.0086576e-02
   9.6389987e-02
   7.4617185e-02
   5.5848140e-02
   1.0800513e-02
   1.1395299e-01
   2.4105359e-02
   4.3083787e-02
   1.4574884e-02
   9.7594135e-02
   1.2663993e-01
   3.4157336e-02
   9.3534691e-03
   1.3552445e-01
   9.7089767e-02
   2.7571399e-02
   9.1709727e-03
   1.6569073e-01
   7.5117685e-02
   4.1980252e-02
   1.0307245e-02
   1.5759568e-01
   2.5079580e-02
   3.7827801e-02
   1.3761668e-02
   8.6063132e-02
   6.4641602e-02
   2.6720254e-02
   7.9112034e-03
   7.2333679e-02
   4.0533584e-02
   2.2489099e-02
   7.0063830e-03
   6.2837534e-02
   4.6157185e-02
   3.2092992e-02
   9.4646644e-03
   5.4659240e-02
   1.3320460e-02
   3.6921836e-02
   1.2324954e-02
   4.0964305e-02
   4.8555359e-02
   2.8864119e-02
   8.1645362e-03
   3.4126207e-02
   3.2754712e-02
   2.2740120e-02
   7.2382814e-03
   3.3691972e-02
   4.6080302e-02
   3.6125232e-02
   9.3779927e-03
   3.9369706e-02
   1.2056272e-02
   3.7255649e-02
   1.1766539e-02
   4.0342167e-02
   5.3455427e-02
   3.6139920e-02
   4.7497014e-03
   3.7676502e-02
   3.0726904e-02
   2.2609463e-02
   4.4047595e-03
   3.0522874e-02
   4.1810486e-02
   3.5568789e-02
   7.5669875e-03
   3.2605693e-02
   1.4196682e-02
   4.1163594e-02
   6.8222140e-03
   3.9311897e-02
   5.1597171e-02
   3.2670069e-02
   4.7170338e-03
   3.3769935e-02
   2.9243901e-02
   2.0429485e-02
   4.3309014e-03
   2.6555164e-02
   3.5942566e-02
   3.1084305e-02
   7.0140250e-03
   2.9675309e-02
   1.1330828e-02
   3.8245019e-02
   7.0190667e-03
   4.4775710e-02
   5.9510436e-02
   3.1585589e-02
   6.1690090e-03
   3.3109333e-02
   3.3376705e-02
   2.6103010e-02
   4.5107207e-03
   2.8722303e-02
   3.8567606e-02
   3.2203533e-02
   6.3428190e-03
   2.8471345e-02
   1.0551856e-02
   3.6084469e-02
   7.5913747e-03
   5.0644413e-02
   5.7896741e-02
   4.2486869e-02
   7.0936768e-03
   4.1482460e-02
   3.7305087e-02
   5.0193157e-02
   6.8660975e-03
   3.7391994e-02
   4.0468626e-02
   4.1640624e-02
   8.4170485e-03
   4.2582046e-02
   1.3743998e-02
   4.0355865e-02
   1.0018419e-02
   7.2234906e-02
   8.3316490e-02
   5.6126386e-02
   9.2617022e-03
   1.0666391e-01
   6.2896177e-02
   5.3807259e-02
   8.5896114e-03
   1.4095703e-01
   5.9832286e-02
   6.5789364e-02
   9.4334269e-03
   1.5473041e-01
   2.8930817e-02
   4.4973925e-02
   1.2259915e-02
   1.6262944e-01
   1.1779042e-01
   3.8550440e-02
   7.1252775e-03
   2.2523712e-01
   6.8997793e-02
   2.4164492e-02
   6.9345548e-03
   2.5531742e-01
   5.9182975e-02
   4.8660506e-02
   7.3017222e-03
   2.1720779e-01
   2.9813025e-02
   3.6701318e-02
   1.0173921e-02
   1.3163505e-01
   6.6832781e-02
   2.6131278e-02
   5.5328384e-03
   1.1953575e-01
   3.4933943e-02
   1.8359138e-02
   4.4705500e-03
   9.7781420e-02
   4.4802830e-02
   3.1426232e-02
   6.4314469e-03
   7.6484062e-02
   1.6023288e-02
   3.4646008e-02
   8.2112281e-03
   5.3519852e-02
   5.2109178e-02
   2.9454298e-02
   5.2266377e-03
   4.1247461e-02
   2.9810378e-02
   1.9842295e-02
   4.1736453e-03
   3.3519592e-02
   4.3665744e-02
   3.2774743e-02
   6.8758638e-03
   3.4054656e-02
   1.3339877e-02
   3.3221994e-02
   7.3270379e-03
   6.0722452e-02
   6.3014530e-02
   5.1710758e-02
   4.2138621e-03
   5.5351984e-02
   2.6962681e-02
   2.4169767e-02
   3.2035899e-03
   3.7764989e-02
   4.5779575e-02
   4.4182092e-02
   7.8047761e-03
   4.1066322e-02
   1.7080726e-02
   4.7579106e-02
   6.1432314e-03
   5.7160523e-02
   6.4436011e-02
   4.3473717e-02
   4.3190187e-03
   4.7809519e-02
   3.1026358e-02
   2.5590690e-02
   2.6022678e-03
   3.9355405e-02
   4.3033011e-02
   3.8925447e-02
   6.7074425e-03
   3.8854934e-02
   1.5452810e-02
   5.0916437e-02
   5.7917153e-03
   7.1447082e-02
   6.7171901e-02
   4.2614568e-02
   4.9311859e-03
   5.5292822e-02
   3.5005257e-02
   3.5565846e-02
   3.5258078e-03
   3.8197927e-02
   3.8007528e-02
   3.9502047e-02
   5.9372741e-03
   3.8567383e-02
   1.4605646e-02
   5.3007875e-02
   7.3291264e-03
   6.5986253e-02
   5.8916166e-02
   5.4683030e-02
   7.7004759e-03
   6.4186417e-02
   3.6042385e-02
   7.3754013e-02
   8.0469353e-03
   5.0988715e-02
   4.4488475e-02
   5.2410234e-02
   8.2211401e-03
   5.7813264e-02
   1.8094715e-02
   5.2269515e-02
   1.2172921e-02
   9.3833923e-02
   7.8642271e-02
   9.3330622e-02
   1.1222110e-02
   9.9738620e-02
   6.6544332e-02
   7.4128576e-02
   1.0201777e-02
   1.1055828e-01
   7.4847981e-02
   6.7456789e-02
   1.1363742e-02
   1.1497553e-01
   4.5011241e-02
   5.9986167e-02
   1.3334384e-02
   2.3167624e-01
   7.8489907e-02
   5.3205479e-02
   6.6487980e-03
   2.4577141e-01
   6.2971041e-02
   3.1364143e-02
   6.1982120e-03
   2.3424876e-01
   7.1628079e-02
   4.8520561e-02
   7.1481322e-03
   1.6658472e-01
   4.6498038e-02
   4.0940002e-02
   1.0474509e-02
   2.0838031e-01
   4.7560044e-02
   3.2858122e-02
   4.4146869e-03
   1.5548816e-01
   3.0056134e-02
   1.9811325e-02
   2.9534923e-03
   1.1155116e-01
   4.2899780e-02
   3.1703778e-02
   5.7930453e-03
   8.3900169e-02
   2.0946091e-02
   4.5217235e-02
   7.4707968e-03
   9.0564512e-02
   5.1977362e-02
   3.8252678e-02
   4.4294386e-03
   6.2898859e-02
   2.5706057e-02
   1.9489855e-02
   2.8242234e-03
   4.4439241e-02
   4.3040618e-02
   3.9042566e-02
   7.1006157e-03
   4.7270838e-02
   1.7238140e-02
   3.6881506e-02
   7.0004049e-03
   7.5379737e-02
   8.8448144e-02
   8.8698655e-02
   5.6650178e-03
   6.0271155e-02
   2.7364051e-02
   3.1441286e-02
   4.1110781e-03
   5.3277567e-02
   5.7723187e-02
   5.8304597e-02
   1.4628885e-02
   5.8530796e-02
   2.7462902e-02
   6.4216696e-02
   1.1401027e-02
   7.9184435e-02
   7.3626064e-02
   6.4903848e-02
   4.8306948e-03
   6.9209494e-02
   2.9656773e-02
   3.2182001e-02
   3.1968118e-03
   4.5708939e-02
   5.4853495e-02
   5.7937324e-02
   1.0196830e-02
   4.8043460e-02
   2.8251046e-02
   7.9586029e-02
   9.7568892e-03
   7.5987838e-02
   8.1653923e-02
   6.1208472e-02
   5.4981261e-03
   5.4658577e-02
   3.6902949e-02
   5.1024497e-02
   5.1175263e-03
   3.1122504e-02
   3.7397657e-02
   5.3623535e-02
   7.2310320e-03
   5.6705963e-02
   2.3135154e-02
   8.0776773e-02
   1.0604354e-02
   8.0312997e-02
   5.9629314e-02
   8.3954088e-02
   1.0554137e-02
   7.3236629e-02
   4.3249227e-02
   7.4018933e-02
   1.4887924e-02
   4.5249317e-02
   4.5802280e-02
   9.4621114e-02
   1.2315670e-02
   5.5298373e-02
   2.4644541e-02
   7.1669914e-02
   1.6967859e-02
   8.5515954e-02
   7.4097425e-02
   1.3706852e-01
   2.0131912e-02
   5.5238087e-02
   8.6737759e-02
   8.5918747e-02
   1.9878155e-02
   3.5608560e-02
   1.1685612e-01
   1.2937714e-01
   2.0281464e-02
   6.2298786e-02
   7.0082121e-02
   8.7003343e-02
   2.1452930e-02
   1.4174430e-01
   8.3807714e-02
   7.6632850e-02
   1.0106669e-02
   1.0119771e-01
   8.7789230e-02
   3.8994648e-02
   1.0085744e-02
   5.8237158e-02
   1.0736636e-01
   7.7889033e-02
   1.0783491e-02
   6.7749970e-02
   7.0391156e-02
   5.8607787e-02
   1.5860038e-02
   1.7145777e-01
   5.5850577e-02
   3.6171690e-02
   4.2212070e-03
   1.0454433e-01
   3.0675614e-02
   2.8044058e-02
   3.2384756e-03
   6.0361926e-02
   4.7383018e-02
   3.8740329e-02
   9.4655529e-03
   7.4303694e-02
   2.9223002e-02
   7.3327385e-02
   1.1121345e-02
   9.7460561e-02
   5.6820169e-02
   5.5820238e-02
   4.4587767e-03
   6.5454334e-02
   2.2520212e-02
   2.7535317e-02
   3.5158789e-03
   5.4234471e-02
   4.7337778e-02
   4.4490889e-02
   1.3227027e-02
   5.1875386e-02
   2.7597342e-02
   6.1151315e-02
   1.2025617e-02
