   1.8547788e-02
   1.5813759e-02
   2.0666722e-02
   3.4916066e-02
   1.0510021e-02
   1.3313094e-02
   2.4791077e-02
   4.7586676e-02
   1.2066059e-02
   1.7434595e-02
   2.1550301e-02
   3.8197927e-02
   2.0708472e-02
   2.5483368e-02
   2.1919467e-02
   3.1231370e-02
   1.8492585e-02
   1.0672128e-02
   1.6544528e-02
   3.2746729e-02
   1.0225362e-02
   1.2473111e-02
   2.1293113e-02
   4.6692342e-02
   1.1379134e-02
   1.1241169e-02
   1.7358458e-02
   3.9239127e-02
   1.8924976e-02
   1.7653698e-02
   1.8962393e-02
   3.1220239e-02
   1.8335184e-02
   7.4425940e-03
   1.5436312e-02
   3.4520436e-02
   1.0088223e-02
   1.2499343e-02
   2.2095451e-02
   5.2249927e-02
   1.1038643e-02
   7.8708436e-03
   1.7328717e-02
   4.4928715e-02
   1.8445231e-02
   1.4630969e-02
   1.8969029e-02
   3.2868356e-02
   1.6485091e-02
   7.3570060e-03
   1.6954146e-02
   4.2886760e-02
   1.4120210e-02
   1.6933247e-02
   3.3186905e-02
   6.8861000e-02
   1.2817695e-02
   9.1933673e-03
   2.1968585e-02
   5.7193615e-02
   2.0138279e-02
   1.6674818e-02
   2.5933070e-02
   3.4656320e-02
   1.6777862e-02
   7.0798029e-03
   1.9456424e-02
   5.2714214e-02
   2.0126874e-02
   2.5041977e-02
   5.0874554e-02
   8.4668547e-02
   1.5096400e-02
   1.2217383e-02
   2.7624065e-02
   6.3917570e-02
   2.2021558e-02
   2.2145374e-02
   2.5615273e-02
   3.6457367e-02
   1.5783228e-02
   6.7873052e-03
   1.9006671e-02
   5.1399812e-02
   1.3321612e-02
   1.6694589e-02
   3.3149015e-02
   7.4333325e-02
   1.3025471e-02
   1.0060281e-02
   1.9986667e-02
   5.2039806e-02
   2.2504115e-02
   2.4431551e-02
   2.0243242e-02
   3.3282779e-02
   1.4912087e-02
   6.4906105e-03
   1.6743790e-02
   4.3770339e-02
   9.8830061e-03
   1.2069860e-02
   2.1772303e-02
   5.6855850e-02
   1.3171338e-02
   9.2365080e-03
   1.5332261e-02
   3.9997272e-02
   2.0836238e-02
   1.8736115e-02
   1.7702805e-02
   3.0196002e-02
   1.5949547e-02
   1.0131098e-02
   1.7397361e-02
   3.6430717e-02
   9.9273799e-03
   1.1933498e-02
   2.1499500e-02
   4.8955899e-02
   1.2716914e-02
   1.2642268e-02
   1.6978731e-02
   3.6631163e-02
   1.9614615e-02
   1.9969793e-02
   1.8837789e-02
   2.9873362e-02
   1.9879522e-02
   1.9855494e-02
   2.4816407e-02
   4.1246042e-02
   1.0226136e-02
   1.4904556e-02
   3.3076085e-02
   6.5214887e-02
   1.1603955e-02
   2.3669668e-02
   2.7775144e-02
   5.1796727e-02
   2.0714328e-02
   3.5024211e-02
   2.6230689e-02
   3.0870888e-02
   2.0537971e-02
   1.2347491e-02
   1.7728070e-02
   3.7447065e-02
   1.0294789e-02
   1.3893760e-02
   2.7296841e-02
   6.3010581e-02
   1.0967380e-02
   1.3407866e-02
   2.1577034e-02
   5.2736450e-02
   1.7917708e-02
   2.1365922e-02
   2.1192053e-02
   3.2369707e-02
   2.0377906e-02
   8.2698576e-03
   1.5933501e-02
   3.9658107e-02
   1.0112091e-02
   1.3739123e-02
   2.7527476e-02
   6.8695314e-02
   1.0667213e-02
   8.7833824e-03
   2.1655571e-02
   5.8574993e-02
   1.6808175e-02
   1.5929028e-02
   2.0704480e-02
   3.4934066e-02
   1.5463735e-02
   8.1716636e-03
   1.7223937e-02
   4.8033662e-02
   1.6103948e-02
   2.0633781e-02
   4.3949835e-02
   8.1677735e-02
   1.2771714e-02
   1.1007247e-02
   2.7047170e-02
   6.7902595e-02
   1.7711019e-02
   1.7954057e-02
   3.0614868e-02
   3.4556825e-02
   1.4832275e-02
   7.2136810e-03
   2.0619992e-02
   5.8232054e-02
   2.5389463e-02
   3.3900648e-02
   7.1996756e-02
   9.4966508e-02
   1.5790273e-02
   1.6209580e-02
   3.4975737e-02
   7.2989993e-02
   1.9144446e-02
   2.5343521e-02
   2.8617671e-02
   3.4777958e-02
   1.4308744e-02
   6.7680096e-03
   2.0582348e-02
   5.9510782e-02
   1.4650679e-02
   2.0201813e-02
   4.3642186e-02
   8.8025399e-02
   1.2986576e-02
   1.2444313e-02
   2.3995509e-02
   6.3327655e-02
   2.2098307e-02
   3.0072287e-02
   2.0740928e-02
   3.1996291e-02
   1.4144169e-02
   6.7239455e-03
   1.8324606e-02
   5.6139294e-02
   9.6706515e-03
   1.3060697e-02
   2.7204402e-02
   7.6037042e-02
   1.4625519e-02
   1.0987787e-02
   1.7640192e-02
   5.2846354e-02
   2.1422917e-02
   2.2069605e-02
   1.8859388e-02
   2.9905763e-02
   1.5987827e-02
   1.1666778e-02
   1.9469228e-02
   4.5714095e-02
   9.6698580e-03
   1.3088278e-02
   2.7515676e-02
   6.7397825e-02
   1.3711377e-02
   1.6226353e-02
   2.0532181e-02
   4.8768647e-02
   1.9606330e-02
   2.4908878e-02
   2.1047782e-02
   2.9516038e-02
   2.0850852e-02
   2.4142591e-02
   3.0510791e-02
   4.1732542e-02
   8.6296294e-03
   1.5501559e-02
   3.6610682e-02
   6.1726071e-02
   1.0141780e-02
   2.2409974e-02
   3.0836148e-02
   5.0141927e-02
   1.7202845e-02
   3.8547929e-02
   2.7752591e-02
   2.8336665e-02
   2.1820784e-02
   1.4036004e-02
   1.8832184e-02
   3.5922155e-02
   9.3268659e-03
   1.4258918e-02
   2.9232997e-02
   5.7277877e-02
   9.4002923e-03
   1.3643723e-02
   2.3523819e-02
   4.8600595e-02
   1.3806196e-02
   2.2014035e-02
   2.0783575e-02
   3.1010754e-02
   2.1301460e-02
   9.0554869e-03
   1.5093284e-02
   3.5919793e-02
   9.1901682e-03
   1.3633250e-02
   2.8124822e-02
   5.7317995e-02
   8.9926701e-03
   9.1074063e-03
   2.3799434e-02
   4.9958434e-02
   1.2804151e-02
   1.3903835e-02
   1.9780599e-02
   3.4779817e-02
   1.3285193e-02
   9.3681682e-03
   1.6529823e-02
   4.0841099e-02
   1.6012797e-02
   2.2891620e-02
   4.7438987e-02
   6.2495712e-02
   1.0950656e-02
   1.2159636e-02
   2.9384030e-02
   5.1084559e-02
   1.3158795e-02
   1.4822622e-02
   3.3158619e-02
   3.1410784e-02
   1.1436157e-02
   7.3911813e-03
   2.0922547e-02
   4.6463721e-02
   2.6816487e-02
   4.0400896e-02
   8.2428038e-02
   6.9827884e-02
   1.4354431e-02
   1.8935902e-02
   3.8848773e-02
   5.4366011e-02
   1.4684640e-02
   2.2807885e-02
   2.9635658e-02
   2.9853666e-02
   1.1092896e-02
   6.4409445e-03
   2.1208566e-02
   4.8472039e-02
   1.3957934e-02
   2.1947134e-02
   4.7594476e-02
   6.5809898e-02
   1.1585960e-02
   1.4577013e-02
   2.4759647e-02
   4.9859818e-02
   1.9870482e-02
   3.0085374e-02
   1.8237537e-02
   2.7136825e-02
   1.1223455e-02
   6.2652412e-03
   1.8977227e-02
   5.3752180e-02
   8.3023096e-03
   1.2699430e-02
   2.8376967e-02
   6.2118985e-02
   1.5561574e-02
   1.2110063e-02
   1.7499136e-02
   4.5726109e-02
   2.0046204e-02
   2.0956917e-02
   1.6442480e-02
   2.6049368e-02
   1.4385511e-02
   1.3119997e-02
   2.1496696e-02
   4.5688383e-02
   8.1846593e-03
   1.3241514e-02
   2.9586269e-02
   6.0757268e-02
   1.4187097e-02
   1.5331198e-02
   2.1510424e-02
   4.6208043e-02
   1.6685301e-02
   2.5335671e-02
   2.0484840e-02
   2.6132157e-02
   2.3693964e-02
   3.1918474e-02
   4.0197939e-02
   3.7576232e-02
   7.0726275e-03
   1.4498397e-02
   3.5483945e-02
   4.3669384e-02
   8.4791379e-03
   2.4179889e-02
   3.0019261e-02
   3.4347784e-02
   1.6522586e-02
   3.8894769e-02
   2.7579997e-02
   2.6863396e-02
   2.5778528e-02
   1.8139470e-02
   2.0511966e-02
   2.9212158e-02
   8.4900446e-03
   1.3681876e-02
   2.9337326e-02
   3.8126003e-02
   7.5692674e-03
   1.3884405e-02
   2.3541778e-02
   3.5009068e-02
   1.1007880e-02
   2.0826180e-02
   1.9478085e-02
   3.1067975e-02
   2.4495732e-02
   1.0609187e-02
   1.2653853e-02
   2.7056951e-02
   7.7842018e-03
   1.3276187e-02
   2.9036088e-02
   3.7285924e-02
   7.2196936e-03
   8.6240834e-03
   2.5875222e-02
   3.5376824e-02
   8.5763382e-03
   1.2289986e-02
   2.0080296e-02
   3.6909379e-02
   1.1826464e-02
   1.1443110e-02
   1.4822163e-02
   2.9417649e-02
   1.4592130e-02
   2.5248922e-02
   4.8994813e-02
   4.0850569e-02
   8.6767292e-03
   1.3401178e-02
   3.2607064e-02
   3.4690663e-02
   8.9151561e-03
   1.2937555e-02
   3.9055221e-02
   2.7940394e-02
   8.5500218e-03
   7.8591686e-03
   2.1289792e-02
   3.3511050e-02
   2.5700167e-02
   4.8892844e-02
   8.6479656e-02
   4.5534231e-02
   1.1690682e-02
   2.1821320e-02
   4.3806773e-02
   3.7776988e-02
   1.1179054e-02
   2.7501391e-02
   3.3831056e-02
   2.4272807e-02
   8.4264148e-03
   5.7871956e-03
   2.1408366e-02
   3.5599120e-02
   1.2609216e-02
   2.3822058e-02
   4.8457127e-02
   4.2365383e-02
   9.9561615e-03
   1.5396922e-02
   2.4537882e-02
   3.2540094e-02
   1.8478274e-02
   3.7714865e-02
   1.5960863e-02
   2.1283682e-02
   8.5934838e-03
   5.7968916e-03
   1.8364448e-02
   4.8669994e-02
   6.9054654e-03
   1.1852157e-02
   2.9402852e-02
   3.9844275e-02
   1.7598277e-02
   1.2808163e-02
   1.6138570e-02
   3.0631160e-02
   1.9635795e-02
   2.1896390e-02
   1.3704441e-02
   2.0192344e-02
   1.4054479e-02
   1.6164826e-02
   2.5455162e-02
   4.0517893e-02
   6.7670136e-03
   1.2037016e-02
   2.9179219e-02
   4.0274706e-02
   1.5332720e-02
   1.6238024e-02
   2.0861398e-02
   3.1349260e-02
   1.5740382e-02
   2.4003159e-02
   1.9150825e-02
   2.2226494e-02
