   6.0759824e-02
   5.8627091e-02
   5.7690613e-02
   5.4760247e-02
   4.6430163e-02
   4.2320713e-02
   3.8875598e-02
   4.1397773e-02
   4.9423479e-02
   5.7924755e-02
   5.7668928e-02
   5.7122003e-02
   5.1919911e-02
   4.4094626e-02
   4.7248561e-02
   4.9497381e-02
   2.8348980e-02
   2.4974480e-02
   2.5114903e-02
   2.5085822e-02
   2.1298509e-02
   1.7175557e-02
   1.5023436e-02
   1.7408084e-02
   2.0683963e-02
   2.2165623e-02
   2.3004338e-02
   2.3471316e-02
   2.2319192e-02
   1.7860802e-02
   2.0312859e-02
   2.1486783e-02
   1.4485979e-02
   9.0273879e-03
   9.1977092e-03
   1.2545255e-02
   9.5205307e-03
   5.5913427e-03
   4.4944547e-03
   7.1961991e-03
   8.9837005e-03
   6.2525044e-03
   6.4755692e-03
   8.2182232e-03
   8.9303115e-03
   6.0666525e-03
   7.0859147e-03
   8.2689663e-03
   1.4018470e-02
   8.2473829e-03
   8.4261065e-03
   1.2800918e-02
   8.6917067e-03
   5.3205951e-03
   4.7394810e-03
   7.4273716e-03
   8.7157674e-03
   5.8666128e-03
   6.4742453e-03
   7.5529991e-03
   8.9510707e-03
   6.1655431e-03
   6.5753716e-03
   8.0769220e-03
   1.4866781e-02
   8.3745308e-03
   8.4306318e-03
   1.4575027e-02
   8.6286478e-03
   5.5729253e-03
   5.0418256e-03
   8.1683313e-03
   8.7781176e-03
   6.2503181e-03
   6.6464972e-03
   7.8791985e-03
   9.0624187e-03
   6.2843673e-03
   7.3868679e-03
   8.2921777e-03
   1.3968819e-02
   8.4194569e-03
   8.5686259e-03
   1.2716855e-02
   8.1395954e-03
   5.6405934e-03
   4.4954102e-03
   7.2070751e-03
   9.1214962e-03
   5.9415009e-03
   6.3219583e-03
   7.8449007e-03
   9.0128817e-03
   5.8032325e-03
   6.8046506e-03
   7.9338197e-03
   1.3894353e-02
   8.8876551e-03
   9.6476413e-03
   1.2789970e-02
   9.3696397e-03
   5.6228274e-03
   4.7270264e-03
   7.2098281e-03
   9.4818976e-03
   6.0431617e-03
   6.7559411e-03
   8.1602512e-03
   9.3003167e-03
   6.1785262e-03
   7.1941009e-03
   8.0758221e-03
   3.1633820e-02
   2.8534440e-02
   2.8836317e-02
   2.9760195e-02
   2.2871654e-02
   1.8963259e-02
   1.8285261e-02
   2.0287167e-02
   2.3858614e-02
   2.4879659e-02
   2.5109963e-02
   2.5460526e-02
   2.3580631e-02
   1.9231908e-02
   2.0212371e-02
   2.0997616e-02
   9.0968296e-02
   8.3865188e-02
   7.9380281e-02
   7.7170961e-02
   5.8156777e-02
   5.1138960e-02
   4.8051041e-02
   4.6428751e-02
   7.4201256e-02
   8.5351050e-02
   8.4699884e-02
   8.6119525e-02
   7.6629035e-02
   7.0034817e-02
   7.0199013e-02
   7.0510238e-02
   3.5207216e-02
   3.1122023e-02
   2.9587450e-02
   2.9322065e-02
   2.4568697e-02
   2.0376397e-02
   1.7453665e-02
   1.7589008e-02
   2.6892537e-02
   3.1012522e-02
   3.1370953e-02
   3.1529576e-02
   2.8400056e-02
   2.5639953e-02
   2.7477112e-02
   2.7846472e-02
   1.2550366e-02
   8.1467610e-03
   8.6869784e-03
   9.8585514e-03
   8.3072325e-03
   4.9974881e-03
   4.6319063e-03
   5.7062446e-03
   6.4777797e-03
   5.2218479e-03
   5.2218349e-03
   5.4758899e-03
   5.4334579e-03
   4.2767501e-03
   5.4500746e-03
   5.2193608e-03
   1.0977416e-02
   6.6631990e-03
   6.1929994e-03
   9.0114931e-03
   7.2772135e-03
   4.5670923e-03
   4.1380199e-03
   6.1769616e-03
   6.1720153e-03
   4.5108343e-03
   5.1343003e-03
   4.7667692e-03
   4.8318901e-03
   4.0266206e-03
   4.6229172e-03
   4.5661614e-03
   1.2332196e-02
   6.6757901e-03
   5.7951882e-03
   1.1557381e-02
   7.8543304e-03
   4.9957321e-03
   4.1914769e-03
   7.9021184e-03
   6.2989919e-03
   5.0995629e-03
   5.5597024e-03
   5.1944135e-03
   5.4434920e-03
   4.3295012e-03
   5.2886102e-03
   4.9036318e-03
   1.0443190e-02
   6.2448666e-03
   5.9577832e-03
   1.0348349e-02
   7.5012343e-03
   4.4857734e-03
   4.1510812e-03
   5.5836863e-03
   5.6695165e-03
   4.4012060e-03
   5.1872167e-03
   4.9979566e-03
   5.4466156e-03
   3.8338192e-03
   5.2506397e-03
   4.9082953e-03
   1.2797575e-02
   7.4279811e-03
   8.6389352e-03
   1.0829930e-02
   8.5851755e-03
   4.6376493e-03
   4.4476320e-03
   5.6493520e-03
   6.3118148e-03
   4.8910421e-03
   5.4602837e-03
   5.9029120e-03
   6.1068060e-03
   4.2595058e-03
   5.0550709e-03
   5.4471721e-03
   4.5009900e-02
   3.8385183e-02
   3.8170598e-02
   3.8840383e-02
   2.6764097e-02
   2.2435477e-02
   2.2166101e-02
   2.1643562e-02
   3.2593980e-02
   3.5754759e-02
   3.5098884e-02
   3.6248989e-02
   3.1795770e-02
   2.8599536e-02
   2.8058039e-02
   2.7233467e-02
   1.3728328e-01
   1.2214729e-01
   1.1755666e-01
   1.1616557e-01
   8.5844815e-02
   7.9798549e-02
   7.7221453e-02
   7.2978958e-02
   1.1831342e-01
   1.2820774e-01
   1.2814459e-01
   1.2708600e-01
   1.3523549e-01
   1.2829992e-01
   1.2241356e-01
   1.2553303e-01
   4.8457213e-02
   4.3028239e-02
   3.9271247e-02
   4.0306453e-02
   3.3454247e-02
   2.8418649e-02
   2.7126087e-02
   2.6298271e-02
   4.1544743e-02
   4.5977667e-02
   4.6339530e-02
   4.5339357e-02
   4.8493847e-02
   4.6422876e-02
   4.6384789e-02
   4.8212480e-02
   1.3147283e-02
   1.1394843e-02
   1.0498673e-02
   1.1197344e-02
   9.7310953e-03
   5.7132328e-03
   6.8633431e-03
   6.7122993e-03
   6.3583478e-03
   6.3651348e-03
   5.7766368e-03
   5.7729911e-03
   4.1446430e-03
   4.5018140e-03
   4.6444568e-03
   5.0118049e-03
   1.2343733e-02
   8.5469242e-03
   7.0214318e-03
   1.1035884e-02
   8.1163868e-03
   4.5964825e-03
   5.4297503e-03
   7.4990955e-03
   5.2376962e-03
   4.9754274e-03
   5.2372855e-03
   4.0402915e-03
   3.3731977e-03
   3.9362893e-03
   4.0067355e-03
   3.6838865e-03
   1.3410182e-02
   7.9288883e-03
   6.0442672e-03
   1.4979795e-02
   9.9528311e-03
   4.8128869e-03
   4.9920799e-03
   9.8097734e-03
   5.1109735e-03
   5.1997295e-03
   5.4432312e-03
   4.3047275e-03
   3.3501678e-03
   4.5426995e-03
   4.7809551e-03
   3.9686360e-03
   1.2191435e-02
   7.5308452e-03
   5.4216874e-03
   1.0883601e-02
   9.8249651e-03
   5.2443692e-03
   5.0668134e-03
   7.1738926e-03
   4.5470311e-03
   4.2675287e-03
   5.0876774e-03
   4.0651658e-03
   2.9315942e-03
   3.4225567e-03
   4.8036105e-03
   3.5796009e-03
   1.4208135e-02
   9.3818717e-03
   9.5395204e-03
   1.2169055e-02
   9.9684400e-03
   5.8319997e-03
   6.5978733e-03
   6.9470550e-03
   6.9451095e-03
   5.9520099e-03
   6.4232876e-03
   6.2267580e-03
   5.1176869e-03
   4.4131591e-03
   5.8240318e-03
   4.5903283e-03
   6.4406462e-02
   5.5514667e-02
   5.5021644e-02
   5.6411292e-02
   3.6465116e-02
   3.4853023e-02
   3.4916420e-02
   3.2840341e-02
   5.0937355e-02
   5.3337842e-02
   5.2629489e-02
   5.3474884e-02
   5.4922547e-02
   5.1538501e-02
   4.7076736e-02
   4.7839113e-02
   1.8298458e-01
   1.5349266e-01
   1.5479745e-01
   1.5280974e-01
   1.5043843e-01
   1.4709486e-01
   1.4821482e-01
   1.4395285e-01
   1.6109818e-01
   1.6511615e-01
   1.6562742e-01
   1.6124578e-01
   2.0149346e-01
   1.9335608e-01
   1.9153629e-01
   1.9762895e-01
   6.6999532e-02
   5.0981294e-02
   4.8695698e-02
   5.2807059e-02
   5.6966171e-02
   5.1356371e-02
   4.8847176e-02
   5.0617773e-02
   5.6637470e-02
   5.7677485e-02
   5.9734419e-02
   5.8529727e-02
   7.2504379e-02
   6.9553353e-02
   7.2403893e-02
   7.5147644e-02
   1.1647660e-02
   1.0036699e-02
   7.0731547e-03
   1.1459503e-02
   1.3744701e-02
   8.4448960e-03
   6.6935499e-03
   1.0889465e-02
   8.3146840e-03
   7.9609537e-03
   6.9525624e-03
   6.9880341e-03
   5.1871734e-03
   5.3493525e-03
   5.0502568e-03
   5.1074657e-03
   1.1725982e-02
   8.0581512e-03
   7.4464893e-03
   1.3670810e-02
   8.9817308e-03
   6.0857637e-03
   5.4591545e-03
   9.0894531e-03
   7.2651817e-03
   7.0794821e-03
   5.2987975e-03
   4.1681039e-03
   3.6617769e-03
   4.1289846e-03
   3.6286379e-03
   3.7384050e-03
   1.3494501e-02
   7.5299456e-03
   8.0501745e-03
   1.7707659e-02
   1.0686575e-02
   7.1087582e-03
   5.5250912e-03
   8.8042477e-03
   6.3027400e-03
   7.0615816e-03
   4.9037868e-03
   4.1770260e-03
   4.1251630e-03
   4.9761208e-03
   3.9493619e-03
   4.1788984e-03
   1.2126468e-02
   8.9533189e-03
   6.0895230e-03
   1.4227656e-02
   9.4153965e-03
   6.8901237e-03
   6.6599501e-03
   9.7406516e-03
   6.2685823e-03
   6.8531861e-03
   5.6048026e-03
   4.8832148e-03
   3.6083357e-03
   4.7828937e-03
   4.3032728e-03
   3.8903267e-03
   1.2860330e-02
   9.9607324e-03
   7.3992102e-03
   1.2293486e-02
   1.2406214e-02
   8.3329771e-03
   8.1137521e-03
   1.1733683e-02
   1.0145050e-02
   8.2992613e-03
   7.8223050e-03
   8.8236602e-03
   6.7025032e-03
   6.6670449e-03
   5.9986054e-03
   5.9050019e-03
   8.1354082e-02
   6.9601305e-02
   7.1997792e-02
   7.3064998e-02
   6.3775837e-02
   6.1568595e-02
   6.5299839e-02
   6.4646453e-02
   6.9741398e-02
   7.0449643e-02
   6.7547843e-02
   6.7589588e-02
   8.1516892e-02
   7.7979356e-02
   7.3114730e-02
   7.6782994e-02
