   8.9769056e-03
   5.4511051e-03
   1.0814159e-02
   1.9364886e-02
   7.9049645e-03
   6.5207244e-03
   1.4242958e-02
   1.9329786e-02
   7.9318369e-03
   6.7605623e-03
   1.5445045e-02
   2.0463388e-02
   1.0383132e-02
   1.4687078e-02
   1.5627842e-02
   2.3992663e-02
   8.8022826e-03
   4.9563940e-03
   9.5845181e-03
   1.7943067e-02
   7.5762984e-03
   5.8829831e-03
   1.1499806e-02
   1.8142078e-02
   7.5391000e-03
   5.9679742e-03
   1.2659772e-02
   1.9921951e-02
   7.8546861e-03
   9.5749488e-03
   1.2690813e-02
   2.2530185e-02
   9.0668174e-03
   4.9299877e-03
   9.7473115e-03
   1.8218488e-02
   7.8374306e-03
   6.2468816e-03
   1.1942501e-02
   1.9525724e-02
   7.7447193e-03
   6.0538342e-03
   1.1797222e-02
   2.1649450e-02
   7.0899422e-03
   7.5190971e-03
   1.2328447e-02
   2.3620011e-02
   9.6043693e-03
   6.4413073e-03
   1.3884421e-02
   2.1890763e-02
   8.9804372e-03
   9.4701825e-03
   1.9989019e-02
   2.6552849e-02
   8.8806301e-03
   9.3524018e-03
   1.8822202e-02
   2.7373489e-02
   8.0537172e-03
   7.9559749e-03
   1.4500702e-02
   2.6124239e-02
   1.0237708e-02
   9.1788759e-03
   2.1191198e-02
   2.6545968e-02
   1.0145389e-02
   1.5837906e-02
   3.5794172e-02
   3.4261405e-02
   1.0091900e-02
   1.4914930e-02
   3.1690925e-02
   3.2444324e-02
   8.7523535e-03
   9.1738533e-03
   1.5518372e-02
   2.8250501e-02
   9.4400113e-03
   6.5537002e-03
   1.4616083e-02
   2.5200104e-02
   8.8458834e-03
   9.4540743e-03
   2.0696856e-02
   3.1382807e-02
   8.8605704e-03
   8.8042123e-03
   1.8622620e-02
   2.8304357e-02
   9.0101073e-03
   8.8639027e-03
   1.2988434e-02
   2.5231956e-02
   8.4353574e-03
   4.9132602e-03
   1.0222894e-02
   2.2130076e-02
   7.8306925e-03
   6.2444825e-03
   1.1997979e-02
   2.4005860e-02
   8.0205938e-03
   5.8147362e-03
   1.1332102e-02
   2.2116976e-02
   9.2337653e-03
   7.8944508e-03
   1.1547985e-02
   2.2097785e-02
   8.5375672e-03
   4.7756042e-03
   1.0100855e-02
   1.9562138e-02
   7.5779175e-03
   5.9427749e-03
   1.1865031e-02
   1.9900728e-02
   7.7177654e-03
   5.8403220e-03
   1.1735133e-02
   2.0042090e-02
   8.8658761e-03
   1.0274588e-02
   1.2314986e-02
   2.1982800e-02
   1.0040409e-02
   6.4050113e-03
   1.3434458e-02
   2.3164060e-02
   8.7302476e-03
   9.0183178e-03
   2.3131279e-02
   2.9959025e-02
   8.9145470e-03
   9.3795564e-03
   2.4827240e-02
   3.0887095e-02
   1.3385902e-02
   2.0875772e-02
   2.0499721e-02
   2.6782127e-02
   1.0510728e-02
   5.8814823e-03
   1.1672931e-02
   2.1705063e-02
   8.6264620e-03
   7.7324230e-03
   1.7068468e-02
   2.7736407e-02
   8.6955912e-03
   7.8231776e-03
   1.9015871e-02
   3.1388968e-02
   9.4909733e-03
   1.2627566e-02
   1.5531230e-02
   2.6216876e-02
   1.0828773e-02
   5.8559505e-03
   1.1748743e-02
   2.2335868e-02
   8.9943483e-03
   7.8349756e-03
   1.6606448e-02
   3.0605374e-02
   8.8456832e-03
   7.3738289e-03
   1.6623124e-02
   3.4766227e-02
   8.1619760e-03
   9.4698137e-03
   1.4692731e-02
   2.8482255e-02
   1.0460502e-02
   8.3194738e-03
   1.8171903e-02
   2.7028877e-02
   1.0291511e-02
   1.3537006e-02
   3.0797681e-02
   4.1170105e-02
   1.0137764e-02
   1.3076699e-02
   2.8710783e-02
   4.2483542e-02
   8.7582776e-03
   9.5303431e-03
   1.7861130e-02
   2.9684473e-02
   1.0866537e-02
   1.3131686e-02
   3.0068837e-02
   3.3603195e-02
   1.2111621e-02
   2.4663066e-02
   5.8700349e-02
   5.1540419e-02
   1.2154861e-02
   2.3060158e-02
   5.1526841e-02
   4.8340730e-02
   9.3635265e-03
   1.2092821e-02
   1.8438365e-02
   3.0181183e-02
   1.0199742e-02
   8.5168593e-03
   1.9464362e-02
   3.3557158e-02
   1.0043788e-02
   1.3503695e-02
   3.2029957e-02
   4.8919883e-02
   1.0150279e-02
   1.2332346e-02
   2.8497843e-02
   4.3364644e-02
   1.0342274e-02
   1.1922414e-02
   1.4860988e-02
   2.7691931e-02
   9.4867814e-03
   5.8458787e-03
   1.2472847e-02
   3.0786127e-02
   8.9218523e-03
   7.9087103e-03
   1.6690128e-02
   3.9266631e-02
   9.5169852e-03
   7.1093445e-03
   1.5540238e-02
   3.5024241e-02
   1.1697363e-02
   1.0261126e-02
   1.3415689e-02
   2.5105428e-02
   9.6572414e-03
   5.7828422e-03
   1.2366552e-02
   2.5625717e-02
   8.6349146e-03
   7.8694290e-03
   1.7984703e-02
   3.2243524e-02
   9.0481881e-03
   7.6259510e-03
   1.7513674e-02
   3.1281859e-02
   1.1080519e-02
   1.4793264e-02
   1.5274765e-02
   2.4892069e-02
   9.2253648e-03
   7.0988997e-03
   1.5771622e-02
   2.4296140e-02
   7.7597937e-03
   1.1460961e-02
   3.2430150e-02
   3.8620021e-02
   7.9125725e-03
   1.1799780e-02
   3.4243010e-02
   3.8255408e-02
   1.8476987e-02
   3.3100680e-02
   2.7684137e-02
   2.6644845e-02
   1.0858611e-02
   6.1570536e-03
   1.2698712e-02
   2.2946643e-02
   7.6921452e-03
   9.2580309e-03
   2.2899585e-02
   3.5779934e-02
   7.7136792e-03
   9.2161587e-03
   2.5741089e-02
   3.9351691e-02
   1.0859330e-02
   1.7332889e-02
   1.8591126e-02
   2.6695272e-02
   1.1315960e-02
   5.9137135e-03
   1.2544666e-02
   2.3857202e-02
   7.9885181e-03
   8.7250238e-03
   2.1313068e-02
   3.8697261e-02
   7.9378495e-03
   7.8552477e-03
   2.0965640e-02
   4.2885207e-02
   7.7607376e-03
   1.1521323e-02
   1.6169492e-02
   3.1317331e-02
   9.2484877e-03
   9.8776780e-03
   2.1733118e-02
   2.8255921e-02
   9.6914684e-03
   1.8605284e-02
   4.2614218e-02
   4.7264382e-02
   9.9844830e-03
   1.7347857e-02
   3.8417090e-02
   4.6832770e-02
   8.2124472e-03
   1.0911638e-02
   2.0679511e-02
   2.9535851e-02
   9.3376385e-03
   1.7268177e-02
   3.9051708e-02
   3.3658084e-02
   1.2555616e-02
   3.6752764e-02
   8.3535083e-02
   5.3995073e-02
   1.3305507e-02
   3.3759676e-02
   7.1527258e-02
   5.0321143e-02
   8.9831632e-03
   1.6003253e-02
   2.0617150e-02
   2.7600611e-02
   8.8425623e-03
   9.9767121e-03
   2.3732228e-02
   3.5155594e-02
   9.2079593e-03
   1.8640932e-02
   4.4207714e-02
   5.2135259e-02
   9.8643452e-03
   1.6428769e-02
   3.7725430e-02
   4.7155000e-02
   1.1216289e-02
   1.6295118e-02
   1.5223622e-02
   2.5509842e-02
   8.3456831e-03
   5.7465462e-03
   1.3284635e-02
   3.6433067e-02
   7.8834156e-03
   8.8191880e-03
   2.0741196e-02
   4.5115657e-02
   9.1328975e-03
   7.4796570e-03
   1.8339083e-02
   4.1943692e-02
   1.4676808e-02
   1.3152499e-02
   1.3835799e-02
   2.3931231e-02
   8.5935090e-03
   5.9996508e-03
   1.3968050e-02
   2.8782146e-02
   7.7212830e-03
   9.2878416e-03
   2.3864377e-02
   3.9331462e-02
   8.5880430e-03
   8.7333322e-03
   2.2433644e-02
   3.8340412e-02
   1.4137181e-02
   2.2572523e-02
   1.7795492e-02
   2.4168869e-02
   7.7792611e-03
   8.0588777e-03
   1.8603027e-02
   2.2567810e-02
   5.8465311e-03
   1.2957868e-02
   3.9476346e-02
   3.7483007e-02
   5.9872754e-03
   1.4216246e-02
   4.5917057e-02
   3.4792654e-02
   2.5527688e-02
   5.0426614e-02
   4.0052984e-02
   2.5603211e-02
   1.1071580e-02
   6.4907908e-03
   1.3645566e-02
   2.0881690e-02
   5.9289671e-03
   1.0082938e-02
   2.8391566e-02
   3.3827826e-02
   5.9269574e-03
   1.0627058e-02
   3.2573175e-02
   3.5194490e-02
   1.3175678e-02
   2.6929390e-02
   2.4820460e-02
   2.6562696e-02
   1.1561783e-02
   5.8093625e-03
   1.2852672e-02
   2.2185368e-02
   6.3535678e-03
   9.4496114e-03
   2.7115501e-02
   3.5058826e-02
   6.3014366e-03
   8.7667145e-03
   2.6366681e-02
   3.9864920e-02
   7.8412276e-03
   1.7272305e-02
   1.9025624e-02
   3.5254203e-02
   7.8447852e-03
   1.0570210e-02
   2.3402087e-02
   2.5327139e-02
   8.5239056e-03
   2.3639308e-02
   5.2984752e-02
   4.1954957e-02
   9.1739083e-03
   2.1346858e-02
   5.0560720e-02
   4.0735915e-02
   8.1149340e-03
   1.3781326e-02
   2.6510196e-02
   2.7695145e-02
   8.2552880e-03
   1.8713942e-02
   4.4099879e-02
   3.0197190e-02
   1.2357594e-02
   4.8363119e-02
   1.0301048e-01
   4.7154088e-02
   1.4021404e-02
   4.1757300e-02
   9.5689155e-02
   4.3907762e-02
   8.7413080e-03
   2.3535741e-02
   2.5862867e-02
   2.2024322e-02
   7.3367883e-03
   1.0317314e-02
   2.6878648e-02
   3.3381548e-02
   7.8070657e-03
   2.3211574e-02
   5.4655239e-02
   4.3773487e-02
   8.9814831e-03
   1.9610772e-02
   4.7402933e-02
   3.9563142e-02
   1.2663463e-02
   2.2382500e-02
   1.5487392e-02
   2.0486299e-02
   6.7022783e-03
   5.6435396e-03
   1.3979230e-02
   3.9862309e-02
   6.0391412e-03
   1.0361344e-02
   2.5719112e-02
   3.6428045e-02
   8.3380574e-03
   7.9145189e-03
   2.1317886e-02
   3.4804117e-02
   1.8934861e-02
   1.7705791e-02
   1.4688427e-02
   1.9982513e-02
   7.0279115e-03
   6.0916659e-03
   1.6085261e-02
   2.8952476e-02
   5.7829763e-03
   1.0636439e-02
   2.9142426e-02
   3.4563743e-02
   7.4431980e-03
   9.8696928e-03
   2.8457223e-02
   3.3874836e-02
   1.8980326e-02
   3.5323542e-02
   2.2173548e-02
   2.0777285e-02
