   6.3774034e-02
   8.5258409e-02
   1.4050557e-01
   6.3287586e-02
   8.2626358e-02
   9.1092512e-02
   7.0352778e-02
   5.7677613e-03
   7.5790234e-02
   8.1739351e-02
   6.1061356e-02
   5.6530191e-03
   8.6273387e-02
   9.7231276e-02
   7.6006494e-02
   9.5870402e-03
   3.9578609e-02
   4.2554982e-02
   6.3281298e-02
   3.2098185e-02
   4.5814585e-02
   4.1497052e-02
   3.4236640e-02
   4.9285553e-03
   3.9120838e-02
   3.5029113e-02
   3.2242056e-02
   5.0038467e-03
   4.2675484e-02
   4.1716147e-02
   3.9470851e-02
   8.5001402e-03
   2.6068080e-02
   1.6797686e-02
   1.4657918e-02
   1.2897161e-02
   1.7695531e-02
   9.4925398e-03
   1.1602319e-02
   5.4385471e-03
   1.6989321e-02
   6.4907316e-03
   1.1969320e-02
   5.1312167e-03
   1.8962933e-02
   9.2781596e-03
   1.5239776e-02
   8.5552093e-03
   1.7939441e-02
   1.7833805e-02
   1.5354740e-02
   1.3399555e-02
   1.6245959e-02
   8.1302170e-03
   1.4357573e-02
   6.9031729e-03
   1.8828761e-02
   5.8814948e-03
   1.4764496e-02
   6.5705348e-03
   1.8113825e-02
   8.6927805e-03
   1.8037532e-02
   1.0120659e-02
   1.3334977e-02
   1.2555934e-02
   2.2260405e-02
   1.6130760e-02
   1.9115619e-02
   7.6243137e-03
   2.2255169e-02
   8.6896410e-03
   2.4470108e-02
   6.0144505e-03
   2.3936525e-02
   9.6808607e-03
   2.2095859e-02
   8.8952016e-03
   2.5394984e-02
   1.2980401e-02
   1.0214136e-02
   1.0827312e-02
   1.9490572e-02
   2.1151612e-02
   1.5519151e-02
   7.4500050e-03
   1.8748458e-02
   6.7949058e-03
   1.9578854e-02
   6.1740596e-03
   1.5754376e-02
   6.6363281e-03
   2.0907288e-02
   8.6086383e-03
   1.8325740e-02
   9.7336695e-03
   9.9171493e-03
   9.9557489e-03
   1.5419027e-02
   3.7695147e-02
   1.4725287e-02
   8.2049239e-03
   1.4895919e-02
   5.8789612e-03
   1.8667812e-02
   6.6552958e-03
   1.1345818e-02
   4.9458807e-03
   2.5580032e-02
   9.0563223e-03
   1.4459915e-02
   7.9960059e-03
   2.6721710e-02
   3.4015663e-02
   5.5644546e-02
   3.9191399e-02
   3.5780083e-02
   3.5863936e-02
   3.2604877e-02
   5.9517506e-03
   4.0005602e-02
   3.1152137e-02
   2.8701635e-02
   4.9917665e-03
   4.5515385e-02
   3.7375260e-02
   3.5519414e-02
   8.3872359e-03
   9.7463183e-02
   1.2192568e-01
   1.8727042e-01
   6.1992977e-02
   1.1857993e-01
   1.2613344e-01
   9.6331090e-02
   6.9005555e-03
   1.0482565e-01
   1.2477427e-01
   8.9885689e-02
   5.2849287e-03
   1.0996318e-01
   1.3269104e-01
   1.0023125e-01
   9.6228179e-03
   5.6864548e-02
   6.1747830e-02
   8.4827490e-02
   3.4631569e-02
   6.4221710e-02
   5.7576090e-02
   4.9110249e-02
   4.5845476e-03
   5.4500308e-02
   5.3140551e-02
   4.8444506e-02
   3.8362883e-03
   5.1795106e-02
   5.6355476e-02
   5.4608859e-02
   5.8987644e-03
   3.7290160e-02
   2.4842974e-02
   1.9733429e-02
   1.4427372e-02
   2.1995889e-02
   1.1370014e-02
   1.8444851e-02
   4.8938775e-03
   1.8699503e-02
   6.2571010e-03
   1.8045843e-02
   3.4027735e-03
   1.6282428e-02
   8.5662054e-03
   2.1902433e-02
   5.2962238e-03
   2.5860099e-02
   2.6451387e-02
   1.9149195e-02
   1.2585958e-02
   1.7199764e-02
   9.0006432e-03
   2.0788349e-02
   7.1659726e-03
   2.0843273e-02
   4.5754923e-03
   2.2958541e-02
   5.3247493e-03
   1.5904140e-02
   7.1933875e-03
   2.7109992e-02
   7.2326437e-03
   1.5275030e-02
   1.6605161e-02
   3.0370271e-02
   1.4821968e-02
   2.1586504e-02
   7.7202050e-03
   3.7130352e-02
   9.5956810e-03
   2.9987415e-02
   4.5493529e-03
   4.2928040e-02
   9.0581626e-03
   2.1203185e-02
   7.5741624e-03
   4.3382276e-02
   1.0155453e-02
   1.0945504e-02
   1.2419953e-02
   2.7021872e-02
   2.3877850e-02
   1.7751940e-02
   8.4616737e-03
   3.2553039e-02
   7.7678519e-03
   2.1231785e-02
   4.3138564e-03
   2.6831767e-02
   4.9804496e-03
   2.1648416e-02
   7.1565658e-03
   2.8941924e-02
   6.5383976e-03
   1.1885253e-02
   1.2550053e-02
   1.9783819e-02
   4.3825556e-02
   1.6356654e-02
   1.1342318e-02
   2.2947352e-02
   7.1932226e-03
   2.1061685e-02
   6.1296043e-03
   1.8378837e-02
   3.1360516e-03
   3.0004865e-02
   8.1186304e-03
   2.0984428e-02
   4.7507291e-03
   3.7674032e-02
   4.6927419e-02
   7.0125699e-02
   4.4334032e-02
   4.7847390e-02
   4.7462095e-02
   4.4752985e-02
   6.4990679e-03
   5.3483494e-02
   4.4602819e-02
   4.0165290e-02
   3.6585252e-03
   5.7392858e-02
   4.8530579e-02
   4.4706404e-02
   5.4332465e-03
   1.4241591e-01
   1.5681493e-01
   2.1048979e-01
   8.2586788e-02
   1.9480136e-01
   2.1338874e-01
   1.5593533e-01
   9.7935628e-03
   2.0778236e-01
   2.6851985e-01
   1.8803349e-01
   8.9436667e-03
   1.9802651e-01
   2.5284666e-01
   1.8789805e-01
   1.5988560e-02
   7.8091845e-02
   7.9488248e-02
   9.7072214e-02
   4.8415985e-02
   1.0011849e-01
   9.4010286e-02
   8.3767958e-02
   6.5069348e-03
   1.1101744e-01
   1.1334600e-01
   1.0514916e-01
   3.8377664e-03
   9.8246165e-02
   1.0523140e-01
   1.0628060e-01
   8.0330223e-03
   4.6878025e-02
   3.9788131e-02
   2.6895812e-02
   2.3212146e-02
   3.8291339e-02
   1.6130835e-02
   2.8067954e-02
   7.5273179e-03
   3.1215241e-02
   8.9985859e-03
   3.5676103e-02
   3.0048462e-03
   2.7353400e-02
   1.1952817e-02
   4.6570208e-02
   4.8393942e-03
   3.3460498e-02
   4.2009614e-02
   2.5674285e-02
   1.6672814e-02
   2.4554657e-02
   1.3811585e-02
   3.5455607e-02
   1.1424694e-02
   2.3744058e-02
   4.4123922e-03
   3.4978747e-02
   5.9683481e-03
   1.6967796e-02
   8.0277286e-03
   4.0851485e-02
   7.4618547e-03
   2.2367649e-02
   2.2380954e-02
   4.3748867e-02
   1.8915301e-02
   2.7492886e-02
   1.0474479e-02
   7.0202641e-02
   1.4167512e-02
   3.6594734e-02
   4.2745764e-03
   8.0151968e-02
   1.1661528e-02
   2.3721412e-02
   8.7540466e-03
   7.9324603e-02
   1.2334282e-02
   1.7709155e-02
   1.4849681e-02
   3.8585827e-02
   3.9878774e-02
   2.1835851e-02
   1.0348678e-02
   4.7757853e-02
   1.0628475e-02
   2.3574866e-02
   4.0186872e-03
   3.7354413e-02
   5.8338684e-03
   3.2039680e-02
   7.7268793e-03
   4.2228516e-02
   6.0978048e-03
   2.0795295e-02
   1.9397760e-02
   2.7651517e-02
   8.0784693e-02
   2.6652845e-02
   1.4244933e-02
   3.4451097e-02
   1.1224745e-02
   3.7912812e-02
   8.0816932e-03
   3.0260429e-02
   2.5354389e-03
   5.7385497e-02
   1.1279169e-02
   4.1942850e-02
   3.7007097e-03
   5.6546759e-02
   6.2507592e-02
   8.0309398e-02
   6.8972602e-02
   8.1354000e-02
   7.3893398e-02
   6.8457730e-02
   8.6161708e-03
   1.0959174e-01
   9.3108073e-02
   7.5675525e-02
   3.8740849e-03
   9.3467906e-02
   9.1450520e-02
   7.8058369e-02
   6.8402337e-03
   2.2782077e-01
   2.3391882e-01
   2.4284810e-01
   1.5025932e-01
   3.3366746e-01
   3.8506541e-01
   2.8593227e-01
   1.9298473e-02
   3.3391792e-01
   4.7354364e-01
   3.4150535e-01
   1.6732773e-02
   3.8107401e-01
   4.7149876e-01
   3.2637784e-01
   2.4223527e-02
   1.1739995e-01
   1.1265639e-01
   1.0690039e-01
   8.3235070e-02
   1.5352568e-01
   1.6684891e-01
   1.5368894e-01
   1.2878751e-02
   1.9234824e-01
   1.9923225e-01
   1.8470787e-01
   5.8584618e-03
   1.7784576e-01
   1.9211102e-01
   1.7629637e-01
   1.0920131e-02
   7.7633917e-02
   5.8569614e-02
   3.0157786e-02
   3.4047898e-02
   4.4183914e-02
   2.4458578e-02
   3.5469323e-02
   1.3734840e-02
   4.1815892e-02
   1.3984610e-02
   3.6668617e-02
   3.8336420e-03
   3.8409617e-02
   1.8119741e-02
   4.7000442e-02
   6.5558888e-03
   5.0271843e-02
   6.3738592e-02
   3.4302332e-02
   2.3323542e-02
   3.4213379e-02
   2.3041785e-02
   4.9395159e-02
   1.9242484e-02
   2.8518811e-02
   5.4781190e-03
   4.1292198e-02
   9.7348094e-03
   1.9239377e-02
   1.0955462e-02
   4.4846259e-02
   1.2209093e-02
   3.9551638e-02
   3.0085729e-02
   5.1656254e-02
   2.8720388e-02
   3.8386703e-02
   1.3589206e-02
   1.0046451e-01
   2.3453701e-02
   3.6842857e-02
   6.2029506e-03
   1.0998610e-01
   2.1717971e-02
   3.7580095e-02
   1.0333880e-02
   1.0466474e-01
   2.2124533e-02
   2.7060611e-02
   1.6654162e-02
   4.2940184e-02
   6.7250177e-02
   2.5416823e-02
   1.3875552e-02
   6.2826209e-02
   1.5810050e-02
   2.4456996e-02
   4.9693189e-03
   4.6341918e-02
   8.7528676e-03
   2.5156515e-02
   1.1022799e-02
   4.7918621e-02
   8.1334021e-03
   3.4402490e-02
   2.2214502e-02
   3.9180912e-02
   1.4549054e-01
   2.6289977e-02
   1.1968122e-02
   3.1613439e-02
   1.8940907e-02
   5.0057165e-02
   1.2145668e-02
   2.2693262e-02
   3.5580841e-03
   5.6575228e-02
   1.7891694e-02
   3.4782771e-02
   3.9135865e-03
   9.3111433e-02
   9.1574371e-02
   8.8864148e-02
   1.1054841e-01
   1.3650711e-01
   1.2794910e-01
   1.1022663e-01
   1.6476089e-02
   1.8748753e-01
   1.6334508e-01
   1.2000661e-01
   6.6013983e-03
   1.5592383e-01
   1.7005290e-01
   1.2215478e-01
   1.0722080e-02
