   6.8764433e-02
   6.1835721e-02
   6.5639749e-02
   2.5965296e-02
   5.5406857e-02
   5.7503104e-02
   5.9477717e-02
   2.2764517e-02
   7.4352026e-02
   7.3372662e-02
   7.3759116e-02
   2.4173811e-02
   7.5734377e-02
   7.6751776e-02
   7.4469618e-02
   2.4500171e-02
   2.7704211e-02
   2.5128955e-02
   2.7766654e-02
   1.6995411e-02
   2.3051018e-02
   2.4799589e-02
   2.4652230e-02
   1.4624488e-02
   3.0818295e-02
   2.9744403e-02
   3.0325823e-02
   1.5036250e-02
   3.2267496e-02
   3.0810244e-02
   3.1251796e-02
   1.5744498e-02
   9.6220309e-03
   8.5925804e-03
   9.7794393e-03
   1.2772021e-02
   8.6528575e-03
   8.5970340e-03
   7.5747506e-03
   1.1318103e-02
   9.6778963e-03
   7.8273602e-03
   6.3921777e-03
   9.9501563e-03
   1.0588861e-02
   6.5306928e-03
   6.4466628e-03
   1.0066913e-02
   9.2893764e-03
   8.4625576e-03
   1.0718719e-02
   1.7059395e-02
   8.3896490e-03
   9.1721425e-03
   8.0861589e-03
   1.5395554e-02
   9.6127111e-03
   8.0113560e-03
   6.0131052e-03
   1.4621056e-02
   1.0539629e-02
   6.3466700e-03
   5.8673928e-03
   1.2936048e-02
   9.7403247e-03
   8.9093903e-03
   1.3281136e-02
   2.7185732e-02
   9.0850871e-03
   1.0592632e-02
   1.0514989e-02
   2.5777025e-02
   1.0171156e-02
   8.3828708e-03
   6.0385778e-03
   2.4559079e-02
   1.1170706e-02
   6.5774950e-03
   6.0876217e-03
   1.9741697e-02
   9.3944510e-03
   7.7118659e-03
   1.1767752e-02
   1.7203717e-02
   8.9965379e-03
   9.2516029e-03
   8.7141749e-03
   1.5061394e-02
   9.3996758e-03
   7.5931773e-03
   5.8888355e-03
   1.3481104e-02
   1.0838129e-02
   6.3463054e-03
   6.0888487e-03
   1.0977278e-02
   9.4273742e-03
   7.8441966e-03
   1.1349843e-02
   1.3015470e-02
   9.0041300e-03
   9.1842292e-03
   7.4387193e-03
   1.1399442e-02
   9.7064432e-03
   7.7913776e-03
   6.1413264e-03
   9.6501149e-03
   1.0754880e-02
   6.8436740e-03
   5.8841719e-03
   8.2759885e-03
   3.0013813e-02
   2.7579065e-02
   3.1812523e-02
   1.9087993e-02
   2.4206417e-02
   2.6082395e-02
   2.6774721e-02
   1.6180184e-02
   3.0431077e-02
   2.9682739e-02
   2.8341068e-02
   1.4773659e-02
   3.0904526e-02
   2.9655721e-02
   2.8706493e-02
   1.4174918e-02
   1.0104280e-01
   9.0659544e-02
   9.5122643e-02
   3.0658258e-02
   9.3712002e-02
   8.8761576e-02
   8.3097331e-02
   2.8767815e-02
   1.1162087e-01
   1.1533226e-01
   1.1377230e-01
   3.4358185e-02
   1.1853749e-01
   1.1740370e-01
   1.1490251e-01
   3.5995793e-02
   3.7617102e-02
   3.5613380e-02
   3.8993809e-02
   2.0359751e-02
   3.5104040e-02
   3.6407959e-02
   3.4151196e-02
   1.8284554e-02
   4.3633368e-02
   4.4005882e-02
   4.6173494e-02
   2.1173915e-02
   4.7507614e-02
   4.6304669e-02
   4.7225986e-02
   2.4293071e-02
   6.3230707e-03
   9.1534844e-03
   1.1966350e-02
   1.5231503e-02
   6.5777465e-03
   1.0844323e-02
   8.3570732e-03
   1.4706882e-02
   6.5423292e-03
   7.0905485e-03
   6.1675194e-03
   1.5790598e-02
   7.0911748e-03
   4.9643563e-03
   5.2588517e-03
   1.6731022e-02
   5.6559104e-03
   8.1417020e-03
   1.2799600e-02
   2.2516625e-02
   6.5109404e-03
   1.1428288e-02
   8.2125440e-03
   2.2421192e-02
   6.4971065e-03
   7.2849193e-03
   5.0262045e-03
   2.4988646e-02
   6.6474583e-03
   4.2457622e-03
   3.9578122e-03
   2.2063734e-02
   6.6293618e-03
   9.2715854e-03
   1.7785316e-02
   3.4313407e-02
   7.7115609e-03
   1.2584259e-02
   1.1067634e-02
   3.5432294e-02
   7.2393212e-03
   7.3574893e-03
   5.2219811e-03
   3.5517972e-02
   7.8695873e-03
   4.3438855e-03
   4.5174775e-03
   2.9980546e-02
   5.7754852e-03
   7.2461590e-03
   1.5279684e-02
   2.2339342e-02
   6.1750044e-03
   1.1306826e-02
   9.5289089e-03
   1.9842368e-02
   6.2028239e-03
   6.4964909e-03
   5.0100186e-03
   1.8214813e-02
   6.5212478e-03
   4.2187213e-03
   4.5258631e-03
   1.5158108e-02
   6.1538871e-03
   7.6599605e-03
   1.3639558e-02
   1.5044946e-02
   6.1815977e-03
   1.1650544e-02
   8.5986070e-03
   1.4124940e-02
   7.0434874e-03
   6.4785006e-03
   5.3609046e-03
   1.3063087e-02
   7.0128408e-03
   5.0015501e-03
   5.2023428e-03
   1.1577251e-02
   4.1716304e-02
   4.0158663e-02
   4.7330566e-02
   2.3812506e-02
   3.7859753e-02
   3.9185729e-02
   3.7129998e-02
   1.9796567e-02
   4.2878289e-02
   4.4940397e-02
   4.2307217e-02
   2.0709541e-02
   4.4340890e-02
   4.3532625e-02
   4.2544283e-02
   2.0519752e-02
   1.4721322e-01
   1.4191112e-01
   1.4013588e-01
   3.8678002e-02
   1.7395999e-01
   1.4211082e-01
   1.5462540e-01
   4.3379620e-02
   1.5021320e-01
   1.5028723e-01
   1.4403065e-01
   4.7571912e-02
   1.7182948e-01
   1.7328313e-01
   1.7466988e-01
   5.4788411e-02
   5.4376971e-02
   5.5097677e-02
   5.7339616e-02
   2.6290236e-02
   6.4307764e-02
   5.7957064e-02
   6.4227864e-02
   3.0646503e-02
   5.6874759e-02
   5.6436323e-02
   5.9422567e-02
   3.2551374e-02
   6.7788303e-02
   6.7879319e-02
   7.2418652e-02
   3.4290791e-02
   5.7493639e-03
   1.1812335e-02
   1.3864016e-02
   3.0116076e-02
   6.0965000e-03
   1.5976541e-02
   1.3026541e-02
   3.0899197e-02
   5.9292205e-03
   7.3071131e-03
   7.1208668e-03
   3.2225993e-02
   6.4140516e-03
   5.7998891e-03
   6.4516636e-03
   2.9996336e-02
   4.0256255e-03
   9.6953521e-03
   1.7090101e-02
   4.6660714e-02
   5.4071839e-03
   1.5593410e-02
   1.0907547e-02
   4.4163607e-02
   5.9294705e-03
   6.5714703e-03
   4.2059822e-03
   4.9000867e-02
   5.6014699e-03
   3.9597545e-03
   3.8036434e-03
   4.1234620e-02
   6.2273075e-03
   1.3501595e-02
   2.2916039e-02
   7.0564248e-02
   6.5091895e-03
   1.5459486e-02
   1.3231464e-02
   7.9986624e-02
   7.4709430e-03
   6.9875922e-03
   3.9991960e-03
   7.9448245e-02
   8.2157813e-03
   3.8611547e-03
   4.0027378e-03
   6.5743662e-02
   5.2105919e-03
   1.0120940e-02
   2.1245303e-02
   3.8043961e-02
   4.7330149e-03
   1.4197070e-02
   1.3602963e-02
   3.7037149e-02
   5.4628435e-03
   6.2367558e-03
   3.9818916e-03
   3.3966407e-02
   4.9456726e-03
   3.9550811e-03
   3.6319753e-03
   3.0413132e-02
   6.1895219e-03
   1.1493178e-02
   1.9244874e-02
   2.6830345e-02
   6.4031193e-03
   1.5977323e-02
   1.3855783e-02
   2.5963617e-02
   6.0435343e-03
   6.7353910e-03
   5.8116522e-03
   2.4935447e-02
   6.4393259e-03
   5.3152018e-03
   5.3923549e-03
   2.1833288e-02
   6.0594819e-02
   6.5665767e-02
   6.6390067e-02
   3.4459364e-02
   6.9952786e-02
   6.3066348e-02
   7.0125125e-02
   3.4164894e-02
   5.9090517e-02
   5.8864519e-02
   5.4761894e-02
   3.5744183e-02
   6.4424187e-02
   6.4331174e-02
   6.3615113e-02
   3.3983301e-02
   3.4628916e-01
   2.9781237e-01
   3.0050874e-01
   7.7442758e-02
   3.6201099e-01
   3.1436402e-01
   3.4267053e-01
   8.9352489e-02
   3.4522617e-01
   3.4000996e-01
   3.2669646e-01
   9.9360451e-02
   3.1830180e-01
   3.1368709e-01
   3.0332026e-01
   1.0558024e-01
   1.2753651e-01
   1.1006384e-01
   1.2341924e-01
   3.9970964e-02
   1.3420175e-01
   1.1896357e-01
   1.3734035e-01
   3.8379274e-02
   1.2922664e-01
   1.2599631e-01
   1.3472877e-01
   4.0486965e-02
   1.2121465e-01
   1.1928589e-01
   1.2938251e-01
   5.0200690e-02
   8.7964339e-03
   1.9831998e-02
   2.3349987e-02
   4.9237758e-02
   8.1485622e-03
   1.9210942e-02
   2.0563573e-02
   4.5221150e-02
   8.5473377e-03
   9.1727274e-03
   1.0422664e-02
   4.2497996e-02
   8.1007574e-03
   7.0547992e-03
   1.1068399e-02
   3.7512753e-02
   5.2278498e-03
   1.4487181e-02
   2.1894829e-02
   5.8250915e-02
   5.5284160e-03
   1.9602982e-02
   1.5110441e-02
   5.7373427e-02
   7.2167842e-03
   5.3100204e-03
   4.4212309e-03
   6.3111849e-02
   7.8816554e-03
   2.7291416e-03
   4.7272630e-03
   5.2957006e-02
   9.8159667e-03
   2.2059575e-02
   2.4127798e-02
   1.3342382e-01
   9.6601136e-03
   1.9005392e-02
   1.7058767e-02
   1.4591774e-01
   1.2634865e-02
   5.8898623e-03
   4.9614133e-03
   1.4628643e-01
   1.5313009e-02
   4.2320481e-03
   5.6449510e-03
   1.2859696e-01
   6.4161173e-03
   1.5476627e-02
   1.8831933e-02
   5.6783531e-02
   5.3640469e-03
   1.8606883e-02
   1.8145347e-02
   5.6340136e-02
   6.5410566e-03
   5.2760472e-03
   4.4198185e-03
   5.7315946e-02
   7.3033087e-03
   3.8452900e-03
   4.6814764e-03
   4.8580829e-02
   9.9104429e-03
   1.8918594e-02
   2.7176691e-02
   5.1688176e-02
   9.3511930e-03
   1.9463859e-02
   2.1271927e-02
   4.9023867e-02
   9.4657848e-03
   9.4293403e-03
   7.5944695e-03
   4.3114085e-02
   8.5829310e-03
   7.9211304e-03
   6.8783411e-03
   4.0447194e-02
   1.4288665e-01
   1.3347797e-01
   1.3611703e-01
   6.9357835e-02
   1.4662640e-01
   1.2722495e-01
   1.5095556e-01
   7.7603564e-02
   1.3676843e-01
   1.3225424e-01
   1.2509663e-01
   7.5213224e-02
   1.2433043e-01
   1.1892644e-01
   1.0971158e-01
   7.4572116e-02
