   1.0792707e-02
   3.0927083e-02
   3.4038033e-02
   6.1511282e-02
   8.4721902e-03
   4.7630336e-02
   7.2201177e-02
   7.0638604e-02
   9.3053821e-03
   3.4273650e-02
   7.6831922e-02
   6.3180804e-02
   1.2261107e-02
   1.8523211e-02
   4.4431921e-02
   4.3199286e-02
   1.1154358e-02
   2.9945405e-02
   2.9270204e-02
   5.4650955e-02
   8.4043294e-03
   3.3553950e-02
   5.8946908e-02
   6.7843631e-02
   8.9407265e-03
   3.3975903e-02
   6.8169340e-02
   5.6364175e-02
   1.5627855e-02
   1.2011361e-02
   2.4819944e-02
   3.7976045e-02
   1.0934858e-02
   2.7902436e-02
   2.4803709e-02
   4.2189106e-02
   8.4673725e-03
   2.5723165e-02
   3.9962851e-02
   4.4314377e-02
   8.5004866e-03
   2.5472093e-02
   4.1501448e-02
   3.6401145e-02
   3.3513661e-02
   9.4111701e-03
   1.6048031e-02
   3.5519969e-02
   1.5577341e-02
   6.7026332e-02
   3.4364238e-02
   4.0859539e-02
   9.2830993e-03
   5.2862212e-02
   4.4818860e-02
   3.8855851e-02
   8.7344870e-03
   5.1318828e-02
   4.5956910e-02
   3.3479992e-02
   2.3610348e-02
   1.1481834e-02
   1.8554693e-02
   3.8152292e-02
   1.5489103e-02
   1.0027760e-01
   7.2007306e-02
   6.8593204e-02
   8.9128315e-03
   7.0695624e-02
   6.1852939e-02
   4.7122575e-02
   9.1534294e-03
   6.5353349e-02
   6.7269929e-02
   4.1158821e-02
   1.2634224e-02
   1.2794226e-02
   2.8576743e-02
   4.1742183e-02
   1.0957291e-02
   4.4552084e-02
   5.4317906e-02
   8.2038410e-02
   8.6727003e-03
   3.4139257e-02
   5.2852523e-02
   6.3756488e-02
   8.8601131e-03
   2.9524179e-02
   5.8092281e-02
   5.6927413e-02
   1.2572452e-02
   7.3171314e-03
   2.3294220e-02
   5.8715966e-02
   1.1153312e-02
   2.7455794e-02
   2.7921829e-02
   4.7446188e-02
   8.2770064e-03
   2.1938302e-02
   4.1696865e-02
   5.0580449e-02
   8.8646999e-03
   2.2219293e-02
   4.4834454e-02
   4.7335766e-02
   1.1853814e-02
   7.6015559e-03
   1.8162072e-02
   5.2042779e-02
   1.0885878e-02
   2.7297601e-02
   2.9504362e-02
   4.8515752e-02
   8.7042740e-03
   3.1159149e-02
   5.0962839e-02
   5.1928148e-02
   8.8342112e-03
   2.5119795e-02
   4.9807332e-02
   4.4073086e-02
   1.1830896e-02
   1.3448115e-02
   2.6776504e-02
   3.8382884e-02
   6.3135303e-03
   2.8294105e-02
   3.4022830e-02
   6.1922900e-02
   5.4243063e-03
   6.3568011e-02
   9.1832094e-02
   8.5091479e-02
   5.9478781e-03
   3.6861323e-02
   8.6703449e-02
   7.5953767e-02
   8.6802868e-03
   1.8807579e-02
   3.8563736e-02
   3.2308660e-02
   6.3682320e-03
   2.9112345e-02
   3.0255245e-02
   5.0709695e-02
   5.2594631e-03
   4.2564571e-02
   7.5086877e-02
   8.5720450e-02
   5.7036965e-03
   3.9144788e-02
   8.3793044e-02
   6.8581931e-02
   1.1894773e-02
   1.1695335e-02
   2.1743115e-02
   2.4848413e-02
   7.2889528e-03
   2.9618889e-02
   2.4131345e-02
   3.5775222e-02
   5.2319160e-03
   3.5285592e-02
   4.6553276e-02
   5.6503169e-02
   5.1629776e-03
   2.9743122e-02
   4.8699860e-02
   4.1626722e-02
   2.7941262e-02
   7.5500407e-03
   1.3840143e-02
   2.2126464e-02
   1.8190576e-02
   9.4474129e-02
   3.5740491e-02
   4.0895887e-02
   5.9077782e-03
   7.7903874e-02
   4.7220986e-02
   4.2345479e-02
   5.2593993e-03
   6.7556493e-02
   4.4003911e-02
   3.3063300e-02
   1.8971130e-02
   1.0698125e-02
   1.6165443e-02
   2.5994996e-02
   1.7702814e-02
   1.4679746e-01
   9.8710887e-02
   8.3578244e-02
   5.8145626e-03
   1.0124448e-01
   7.7865615e-02
   5.2571263e-02
   5.7398472e-03
   8.6725689e-02
   7.4972801e-02
   4.2607859e-02
   8.7809991e-03
   1.1516242e-02
   3.2253906e-02
   2.9722165e-02
   8.3810659e-03
   5.2972894e-02
   7.7162407e-02
   1.0059090e-01
   4.9902280e-03
   4.1293524e-02
   6.9150627e-02
   6.6754036e-02
   5.4805372e-03
   3.0055339e-02
   6.2715091e-02
   6.2617183e-02
   7.4339150e-03
   5.5948808e-03
   2.5160139e-02
   5.2507833e-02
   6.4115613e-03
   2.3581062e-02
   2.9075280e-02
   5.5010546e-02
   5.0417241e-03
   2.2473624e-02
   4.2935070e-02
   5.7473540e-02
   5.4047094e-03
   1.7490881e-02
   3.6202539e-02
   5.1983349e-02
   8.0166114e-03
   5.5797948e-03
   1.6683605e-02
   4.3443635e-02
   5.6866058e-03
   2.4501832e-02
   2.8052673e-02
   4.6173971e-02
   5.0525968e-03
   3.6666717e-02
   5.4589089e-02
   5.6271452e-02
   5.4527912e-03
   2.2300405e-02
   4.7568917e-02
   4.2305712e-02
   8.3327321e-03
   1.1457652e-02
   2.3998115e-02
   2.7301762e-02
   5.9575951e-03
   2.4728026e-02
   3.9636765e-02
   7.4264295e-02
   3.5871752e-03
   6.5825179e-02
   1.0854241e-01
   1.0921556e-01
   4.3128198e-03
   3.9670520e-02
   9.9636883e-02
   9.5933348e-02
   6.9258283e-03
   2.6389858e-02
   3.8689587e-02
   3.2262031e-02
   5.5140830e-03
   2.7398501e-02
   3.6882136e-02
   6.3730128e-02
   3.6432513e-03
   5.4315440e-02
   8.9051493e-02
   1.0681361e-01
   4.2787050e-03
   4.2222660e-02
   8.7432951e-02
   7.4277766e-02
   1.4658422e-02
   1.4939929e-02
   2.3482250e-02
   2.0987730e-02
   7.0871888e-03
   3.9038062e-02
   2.5653439e-02
   4.7557019e-02
   3.5970747e-03
   5.3524271e-02
   6.5070689e-02
   8.4942617e-02
   4.4997199e-03
   4.0029742e-02
   5.5648696e-02
   5.0079364e-02
   3.9852213e-02
   1.0644087e-02
   1.4617494e-02
   1.6477922e-02
   2.2730535e-02
   1.2121445e-01
   5.0128277e-02
   4.8730399e-02
   5.3188214e-03
   1.0487045e-01
   6.0784943e-02
   6.4140119e-02
   4.5494139e-03
   9.8896660e-02
   5.4883599e-02
   4.5211889e-02
   2.7749525e-02
   1.3942458e-02
   1.9370643e-02
   1.7528074e-02
   2.4209218e-02
   1.6865873e-01
   1.4410767e-01
   9.5700413e-02
   5.6961547e-03
   1.1795784e-01
   9.4404854e-02
   7.9817191e-02
   5.1127300e-03
   1.1640686e-01
   9.5350906e-02
   5.8478877e-02
   1.0027059e-02
   1.2493265e-02
   4.5417055e-02
   2.3954039e-02
   8.1672641e-03
   5.8207653e-02
   1.0642730e-01
   9.7987406e-02
   3.2448545e-03
   5.1246468e-02
   7.8414597e-02
   9.1115974e-02
   3.9605056e-03
   3.5190511e-02
   7.5667158e-02
   7.3307082e-02
   8.4553873e-03
   6.8179998e-03
   3.2692637e-02
   5.6116480e-02
   5.8338139e-03
   2.5850452e-02
   3.1762481e-02
   6.2099494e-02
   3.0879900e-03
   2.6284425e-02
   4.6115607e-02
   7.4845053e-02
   4.1559520e-03
   1.9068791e-02
   3.7421629e-02
   6.0623135e-02
   7.3040756e-03
   8.2084779e-03
   1.9160334e-02
   4.6681251e-02
   5.3140526e-03
   2.3505453e-02
   3.3748768e-02
   5.5761021e-02
   3.1988954e-03
   4.0758982e-02
   6.4074151e-02
   7.2484434e-02
   4.3060784e-03
   2.8081769e-02
   5.2056346e-02
   5.5432726e-02
   6.9687995e-03
   1.7681170e-02
   2.5565011e-02
   2.6220389e-02
   8.4959213e-03
   2.8704694e-02
   3.4036234e-02
   7.6918952e-02
   5.2236528e-03
   6.7783281e-02
   1.2621997e-01
   1.3013610e-01
   5.8771553e-03
   4.6007466e-02
   8.6563170e-02
   1.1468639e-01
   1.0107850e-02
   4.8065193e-02
   5.8754932e-02
   2.5439484e-02
   7.1130409e-03
   2.5743863e-02
   3.5986841e-02
   6.7668714e-02
   5.0198911e-03
   6.7041956e-02
   1.0104166e-01
   9.5617950e-02
   3.9235693e-03
   4.5167007e-02
   7.2583482e-02
   8.2605138e-02
   2.4854654e-02
   3.1246195e-02
   3.2116521e-02
   1.8168857e-02
   1.1984876e-02
   4.3906372e-02
   2.9462738e-02
   6.5656252e-02
   5.2645844e-03
   8.1040233e-02
   7.1572937e-02
   8.6357862e-02
   5.4593515e-03
   6.1185297e-02
   8.6189725e-02
   6.1664205e-02
   6.2135823e-02
   2.0315770e-02
   2.0766798e-02
   1.7353414e-02
   5.1329434e-02
   1.4875129e-01
   5.9665129e-02
   6.9940053e-02
   1.1378966e-02
   1.6443892e-01
   6.7300826e-02
   8.4254362e-02
   5.9996452e-03
   1.6806585e-01
   7.0845939e-02
   6.0264383e-02
   4.7335003e-02
   2.3325542e-02
   2.9571056e-02
   2.2640936e-02
   5.7600163e-02
   1.8975361e-01
   1.5852547e-01
   1.2656306e-01
   1.4008241e-02
   1.6658074e-01
   1.0419783e-01
   9.6886799e-02
   7.2327233e-03
   1.6215734e-01
   1.0617223e-01
   8.8530146e-02
   1.5751380e-02
   2.0573139e-02
   7.2433800e-02
   3.0648258e-02
   1.4855566e-02
   5.5215087e-02
   9.9585451e-02
   1.3288561e-01
   5.7131010e-03
   7.5284563e-02
   7.3306642e-02
   1.2426974e-01
   4.9844319e-03
   4.7412179e-02
   9.2981510e-02
   9.7092919e-02
   1.4063655e-02
   1.3139477e-02
   4.4402067e-02
   5.3703371e-02
   8.0636134e-03
   1.9609110e-02
   3.3722296e-02
   6.3503295e-02
   3.5263889e-03
   3.5498448e-02
   4.5964457e-02
   8.1730977e-02
   5.2820453e-03
   2.3744879e-02
   5.3950734e-02
   8.3343707e-02
   1.1069175e-02
   1.7217079e-02
   2.5440937e-02
   4.5576591e-02
   6.2672100e-03
   2.4877137e-02
   2.8885989e-02
   6.9013879e-02
   4.3903762e-03
   4.7143023e-02
   7.6412559e-02
   9.2543207e-02
   5.0182026e-03
   3.3466913e-02
   5.5831935e-02
   8.1328221e-02
   1.0459597e-02
   3.5506599e-02
   4.0144019e-02
   2.9545726e-02
