   2.5282094e-02
   3.9631441e-02
   3.2579631e-02
   9.9919019e-03
   2.5956081e-02
   2.6064431e-02
   3.1856060e-02
   8.4317988e-03
   2.9359194e-02
   2.0711266e-02
   4.0953297e-02
   1.0114629e-02
   3.0527687e-02
   3.3069864e-02
   5.1139921e-02
   1.1492884e-02
   2.5220837e-02
   4.3778539e-02
   3.0226955e-02
   9.9733621e-03
   2.4798689e-02
   3.3683434e-02
   2.9979980e-02
   8.3352597e-03
   2.8143208e-02
   2.4457188e-02
   3.8803641e-02
   1.0345435e-02
   3.0291237e-02
   3.3653334e-02
   4.5182373e-02
   1.1472152e-02
   2.6555115e-02
   4.5618009e-02
   2.9958127e-02
   1.0242978e-02
   2.3854027e-02
   3.6654275e-02
   3.1577073e-02
   8.2519492e-03
   2.8845374e-02
   2.6251892e-02
   4.0437326e-02
   9.9029969e-03
   2.9334068e-02
   3.5252869e-02
   4.3342736e-02
   1.1651211e-02
   7.7145003e-02
   5.4163259e-02
   3.5190064e-02
   1.3103643e-02
   7.5265795e-02
   2.9635195e-02
   3.6986496e-02
   1.1951482e-02
   8.3130434e-02
   3.5078082e-02
   4.3737888e-02
   1.3365129e-02
   8.3731748e-02
   4.1583497e-02
   5.9468307e-02
   1.5347875e-02
   1.7684279e-01
   8.8594139e-02
   5.0710306e-02
   2.1218782e-02
   1.7601143e-01
   3.3727154e-02
   4.9526162e-02
   2.0907300e-02
   1.8968809e-01
   4.6089988e-02
   5.0206240e-02
   2.2015432e-02
   1.9376035e-01
   5.8560830e-02
   7.0754215e-02
   2.3230288e-02
   7.5680599e-02
   6.0884006e-02
   3.6347426e-02
   1.3170356e-02
   7.6050341e-02
   2.8801685e-02
   3.5745315e-02
   1.1818215e-02
   8.7192893e-02
   2.9771477e-02
   3.7537456e-02
   1.2598930e-02
   8.7679841e-02
   4.6527304e-02
   4.8186854e-02
   1.4194735e-02
   2.5441999e-02
   5.1133491e-02
   3.2339364e-02
   1.0963616e-02
   2.3097228e-02
   3.7440564e-02
   3.0753482e-02
   8.6157657e-03
   3.1915944e-02
   2.3309492e-02
   3.3512458e-02
   9.7076502e-03
   3.1242797e-02
   3.7095662e-02
   3.8193755e-02
   1.0862150e-02
   2.5284445e-02
   4.5942187e-02
   3.1341363e-02
   1.1163275e-02
   2.3628898e-02
   3.5538461e-02
   3.0555855e-02
   8.8087991e-03
   2.9706884e-02
   2.2504402e-02
   3.7962429e-02
   9.8802485e-03
   3.0129176e-02
   3.4615528e-02
   4.6159681e-02
   1.0897561e-02
   2.2579698e-02
   4.6876956e-02
   3.3244204e-02
   6.2516513e-03
   2.5168886e-02
   3.1872623e-02
   3.4832038e-02
   5.4531214e-03
   2.6155878e-02
   2.1557780e-02
   4.1246358e-02
   6.1569954e-03
   2.5072297e-02
   3.3390619e-02
   4.4807140e-02
   6.6441032e-03
   2.2045061e-02
   4.7853984e-02
   3.0794417e-02
   5.7087583e-03
   2.5681578e-02
   3.1555001e-02
   3.4347549e-02
   5.3375284e-03
   2.6343910e-02
   2.1797022e-02
   3.5646729e-02
   6.3592396e-03
   2.5473405e-02
   3.0777894e-02
   4.0411636e-02
   7.1702115e-03
   2.7993202e-02
   5.1504549e-02
   3.0515146e-02
   6.0702334e-03
   2.5553305e-02
   3.3446696e-02
   3.2644469e-02
   5.2025309e-03
   3.2303847e-02
   2.3943990e-02
   3.8202450e-02
   6.4617936e-03
   3.0092793e-02
   3.4044698e-02
   3.9649963e-02
   7.5582983e-03
   1.0867513e-01
   5.7479199e-02
   4.3276548e-02
   1.4815294e-02
   1.0618940e-01
   2.8671147e-02
   3.9497852e-02
   1.4560283e-02
   1.0803793e-01
   3.7645556e-02
   5.0498307e-02
   1.5259583e-02
   1.0811928e-01
   4.2568412e-02
   6.5921247e-02
   1.6024712e-02
   2.4884592e-01
   8.2268834e-02
   6.9546893e-02
   3.1547844e-02
   2.4346237e-01
   3.0338427e-02
   5.7267938e-02
   3.1739336e-02
   2.4334426e-01
   5.1534180e-02
   5.9204355e-02
   3.1756528e-02
   2.4419954e-01
   6.2491342e-02
   8.2065262e-02
   3.1465549e-02
   1.0694391e-01
   5.5309761e-02
   4.2095434e-02
   1.4524988e-02
   1.0732739e-01
   2.9604089e-02
   3.9240226e-02
   1.3652957e-02
   1.1442876e-01
   3.1396210e-02
   3.7298799e-02
   1.4255079e-02
   1.1141439e-01
   4.2554107e-02
   4.3702595e-02
   1.4314871e-02
   2.4818722e-02
   5.3330660e-02
   3.0923523e-02
   7.7050002e-03
   2.5988653e-02
   3.4121420e-02
   3.0770069e-02
   5.4575284e-03
   3.6226965e-02
   2.3069162e-02
   2.7874419e-02
   6.0486984e-03
   3.2596398e-02
   3.5509747e-02
   3.7505098e-02
   6.8119033e-03
   2.2256311e-02
   5.5120263e-02
   3.0609181e-02
   7.0094094e-03
   2.4022602e-02
   3.3210497e-02
   3.0622132e-02
   5.7930956e-03
   2.8227596e-02
   2.2262922e-02
   3.4705471e-02
   5.5772201e-03
   2.4371993e-02
   3.3465523e-02
   3.8956814e-02
   6.2938356e-03
   3.1019688e-02
   7.9601131e-02
   4.3452792e-02
   5.7990574e-03
   2.6744347e-02
   4.7009345e-02
   3.9979093e-02
   4.7642901e-03
   3.6663417e-02
   2.1929730e-02
   5.3155713e-02
   4.8069796e-03
   2.9989833e-02
   3.9870072e-02
   4.4119284e-02
   4.6473905e-03
   2.7815586e-02
   6.5037124e-02
   4.0572498e-02
   4.4611660e-03
   3.7663508e-02
   3.4134250e-02
   4.0515829e-02
   3.9401338e-03
   3.2544818e-02
   1.9064315e-02
   4.6931904e-02
   4.1131196e-03
   3.3485040e-02
   3.2998633e-02
   4.3621946e-02
   5.3979349e-03
   3.6055062e-02
   6.4424984e-02
   3.9653115e-02
   5.3977105e-03
   3.1744838e-02
   2.9736601e-02
   3.8098767e-02
   4.2979997e-03
   4.4284679e-02
   2.4554113e-02
   4.6356786e-02
   4.8129600e-03
   4.1605648e-02
   3.4674231e-02
   4.6966691e-02
   6.3790926e-03
   8.5422926e-02
   4.8911668e-02
   5.6503654e-02
   2.3315774e-02
   9.6912049e-02
   3.3197608e-02
   5.0539378e-02
   2.3200924e-02
   9.0198234e-02
   4.8681103e-02
   5.7932924e-02
   2.2931539e-02
   8.7458991e-02
   4.6248760e-02
   7.4676640e-02
   2.3398373e-02
   1.9827293e-01
   6.4472489e-02
   9.8155163e-02
   5.4738935e-02
   2.1033151e-01
   3.3919372e-02
   7.7993199e-02
   5.5062942e-02
   1.7054813e-01
   7.3156185e-02
   5.8724888e-02
   5.3041387e-02
   1.6995300e-01
   7.6242797e-02
   8.3689414e-02
   5.2678533e-02
   9.1487102e-02
   5.5458356e-02
   5.9077535e-02
   2.1242885e-02
   9.7160317e-02
   3.3744447e-02
   4.9411699e-02
   2.0921808e-02
   9.1286533e-02
   3.7910238e-02
   3.8101401e-02
   2.0498594e-02
   8.4152438e-02
   4.3036692e-02
   4.7585305e-02
   2.0782709e-02
   3.2994609e-02
   6.8249375e-02
   4.4039614e-02
   6.5786391e-03
   3.6847256e-02
   3.5083789e-02
   4.1149583e-02
   4.5712660e-03
   4.0009230e-02
   2.2417722e-02
   3.0511277e-02
   4.6723080e-03
   4.4863399e-02
   3.3231400e-02
   3.9825205e-02
   5.5181775e-03
   3.1689838e-02
   7.0562147e-02
   4.3948445e-02
   5.9745237e-03
   3.3272862e-02
   3.8099971e-02
   4.0340286e-02
   4.5167827e-03
   3.9740283e-02
   2.4437126e-02
   4.5095049e-02
   3.8822119e-03
   2.8690586e-02
   3.9964858e-02
   3.9733652e-02
   4.8457701e-03
   2.6186978e-02
   1.0190780e-01
   6.9975525e-02
   8.3609307e-03
   2.8600324e-02
   5.3709324e-02
   6.5848969e-02
   5.8553219e-03
   4.9711071e-02
   3.2567441e-02
   6.6639312e-02
   5.7354560e-03
   2.3216614e-02
   4.5242168e-02
   7.2130546e-02
   4.3813786e-03
   2.7485142e-02
   6.8168476e-02
   6.3181281e-02
   6.6384682e-03
   4.9487997e-02
   3.4857031e-02
   7.2789975e-02
   3.7335288e-03
   2.4716377e-02
   2.2666709e-02
   5.3374842e-02
   5.2344180e-03
   3.2457836e-02
   4.1166030e-02
   6.2098578e-02
   7.0757493e-03
   3.7651315e-02
   4.8152857e-02
   6.1568782e-02
   5.8392058e-03
   3.7297744e-02
   3.2393184e-02
   5.9324931e-02
   5.2783387e-03
   3.0627470e-02
   2.9820599e-02
   4.4626616e-02
   6.8239593e-03
   3.8335424e-02
   2.8213685e-02
   5.1536929e-02
   6.7805098e-03
   5.8483779e-02
   5.8188107e-02
   7.2242036e-02
   4.0862512e-02
   5.0458223e-02
   5.2512556e-02
   6.1536349e-02
   4.2378847e-02
   5.2053843e-02
   6.6839293e-02
   5.9934672e-02
   4.2527795e-02
   5.3198770e-02
   4.7567621e-02
   6.1868973e-02
   4.0577296e-02
   1.1085811e-01
   1.0493363e-01
   1.3822572e-01
   9.9402450e-02
   9.8135076e-02
   4.9930092e-02
   1.0874653e-01
   1.0320613e-01
   8.0124922e-02
   1.0553966e-01
   7.9373010e-02
   1.0189626e-01
   8.5047193e-02
   1.0615957e-01
   8.6857431e-02
   9.8285526e-02
   5.9868310e-02
   6.4085722e-02
   8.4789470e-02
   3.6317360e-02
   6.1666794e-02
   4.8758488e-02
   5.8704440e-02
   3.7438776e-02
   4.6296664e-02
   5.8250643e-02
   6.0942531e-02
   3.6437239e-02
   4.1956462e-02
   6.7108579e-02
   6.7395523e-02
   3.6465753e-02
   3.5870019e-02
   5.7476107e-02
   6.2850587e-02
   6.6638142e-03
   3.4535583e-02
   4.0654059e-02
   6.0595524e-02
   4.6936530e-03
   2.5465317e-02
   3.2165125e-02
   4.0901244e-02
   4.8525743e-03
   5.4909561e-02
   3.9846979e-02
   5.1269248e-02
   6.1074761e-03
   3.2958016e-02
   7.2221532e-02
   6.2851526e-02
   7.0570339e-03
   3.1004420e-02
   3.8577870e-02
   6.8308122e-02
   5.1993118e-03
   5.1886350e-02
   3.2803651e-02
   6.4037517e-02
   4.4809841e-03
   2.7756264e-02
   4.3956108e-02
   6.2683411e-02
   4.8157070e-03
