   2.7633533e-02
   2.1518856e-02
   4.6220817e-02
   2.0681126e-02
   3.9219216e-02
   2.7832394e-02
   6.5024428e-02
   1.9300358e-02
   3.2771613e-02
   5.5196799e-02
   5.7258110e-02
   2.1108784e-02
   3.5720084e-02
   2.8509846e-02
   3.8663536e-02
   2.2301363e-02
   2.0126292e-02
   3.9468367e-02
   4.5317963e-02
   2.0161396e-02
   3.6550745e-02
   3.1896494e-02
   6.0691293e-02
   1.8734954e-02
   3.0603414e-02
   5.1700577e-02
   5.1264297e-02
   2.0643938e-02
   3.6166485e-02
   2.8001862e-02
   3.5124358e-02
   2.4733366e-02
   2.4614459e-02
   4.3611638e-02
   4.4755038e-02
   2.1502269e-02
   6.1973196e-02
   3.4077432e-02
   5.6268875e-02
   1.8948125e-02
   6.8432257e-02
   5.3283665e-02
   4.7249153e-02
   2.2013849e-02
   7.6905146e-02
   4.2403009e-02
   3.6425214e-02
   2.5231184e-02
   6.7873582e-02
   4.2998660e-02
   4.6484821e-02
   2.1017101e-02
   1.7257968e-01
   3.2727100e-02
   5.9602268e-02
   1.7554957e-02
   1.6137172e-01
   9.2698030e-02
   5.9798967e-02
   2.5443086e-02
   1.1575038e-01
   1.0535593e-01
   4.8048250e-02
   2.7534179e-02
   4.6670023e-02
   5.0740737e-02
   4.9185649e-02
   2.9540598e-02
   1.1281999e-01
   3.1466313e-02
   6.2403895e-02
   2.3175076e-02
   8.6188577e-02
   8.7714866e-02
   7.6692864e-02
   2.2848038e-02
   5.3792857e-02
   8.2529612e-02
   8.0035329e-02
   2.6269130e-02
   1.6346131e-02
   3.2861255e-02
   4.4090010e-02
   2.8456373e-02
   3.8721267e-02
   2.8061764e-02
   5.7459507e-02
   2.4959201e-02
   3.1350888e-02
   5.7045963e-02
   5.3361639e-02
   2.2494543e-02
   3.5435207e-02
   3.7182145e-02
   5.7729855e-02
   2.9138839e-02
   1.6428985e-02
   4.4890314e-02
   4.5941368e-02
   2.0666085e-02
   4.0678699e-02
   3.2352827e-02
   5.6932844e-02
   1.8322257e-02
   3.1669728e-02
   5.1052514e-02
   4.7110613e-02
   1.9707536e-02
   3.4300633e-02
   3.3771157e-02
   3.4789402e-02
   2.4369562e-02
   2.0274729e-02
   3.3802956e-02
   4.7327444e-02
   2.0403106e-02
   3.8318124e-02
   3.0829402e-02
   5.9564158e-02
   1.8863045e-02
   3.5116661e-02
   5.2050602e-02
   5.2558891e-02
   1.9973608e-02
   3.4850802e-02
   3.0121880e-02
   3.2661259e-02
   2.2021882e-02
   2.7795212e-02
   2.4645774e-02
   4.3440524e-02
   1.4797430e-02
   3.3070792e-02
   2.7232094e-02
   5.7781875e-02
   1.0844199e-02
   2.8197994e-02
   4.5429531e-02
   5.6156509e-02
   1.4460368e-02
   3.9643645e-02
   2.5261182e-02
   3.6687132e-02
   1.5475073e-02
   1.8630072e-02
   4.0131196e-02
   4.2860847e-02
   1.3678974e-02
   3.6273990e-02
   2.7933970e-02
   5.2173961e-02
   1.0591750e-02
   3.2075666e-02
   4.6658944e-02
   4.5115151e-02
   1.5596977e-02
   4.7215112e-02
   2.7288994e-02
   3.1921834e-02
   1.7120663e-02
   3.3120245e-02
   4.2798344e-02
   3.9942835e-02
   1.2782831e-02
   8.9068517e-02
   3.3228416e-02
   5.1536970e-02
   1.1391894e-02
   1.1147891e-01
   4.7021441e-02
   3.9747071e-02
   1.7620675e-02
   1.2724631e-01
   4.5939527e-02
   3.0038554e-02
   1.8339131e-02
   9.8348096e-02
   4.1294996e-02
   4.5103669e-02
   1.4916953e-02
   2.2847112e-01
   3.5084739e-02
   6.4684480e-02
   1.1845007e-02
   2.5810272e-01
   7.3373303e-02
   6.6217415e-02
   1.9891018e-02
   2.0541525e-01
   1.0876951e-01
   4.2789478e-02
   1.8425329e-02
   6.4374506e-02
   4.9100973e-02
   4.8918817e-02
   3.4733091e-02
   1.4282069e-01
   3.3976454e-02
   6.6190735e-02
   2.3856353e-02
   1.2521407e-01
   6.9471560e-02
   9.0787545e-02
   1.7781163e-02
   9.1184855e-02
   7.8670427e-02
   8.0880284e-02
   1.7375637e-02
   1.7701838e-02
   3.0610058e-02
   4.0580124e-02
   3.4620516e-02
   4.6775289e-02
   2.4503052e-02
   5.5664420e-02
   2.6667608e-02
   3.7027862e-02
   5.1706016e-02
   5.0773278e-02
   1.7838445e-02
   4.3825131e-02
   3.9696217e-02
   6.4619541e-02
   2.2251200e-02
   1.2020388e-02
   4.2218044e-02
   3.8638387e-02
   1.5528243e-02
   3.1591330e-02
   2.9218908e-02
   5.1387101e-02
   1.2829559e-02
   2.6400158e-02
   4.4376340e-02
   4.3053385e-02
   1.4891723e-02
   3.9531823e-02
   3.7645362e-02
   3.8657568e-02
   1.8252645e-02
   1.6567264e-02
   3.5088047e-02
   3.8487833e-02
   1.3394286e-02
   2.9498221e-02
   2.8276026e-02
   5.5686537e-02
   1.0775771e-02
   2.5652289e-02
   4.2160716e-02
   5.1469740e-02
   1.4013594e-02
   3.7623812e-02
   2.8077755e-02
   3.1680778e-02
   1.5483480e-02
   4.4646896e-02
   2.4613686e-02
   4.3623690e-02
   1.8315459e-02
   4.5520585e-02
   2.7616590e-02
   6.6644736e-02
   9.0856692e-03
   4.4983447e-02
   4.1994169e-02
   6.3123778e-02
   9.4879083e-03
   6.3465320e-02
   2.8240178e-02
   4.4722032e-02
   1.3870306e-02
   2.9979521e-02
   2.1893334e-02
   4.3311045e-02
   1.3703614e-02
   5.3578492e-02
   2.8223785e-02
   6.1688785e-02
   9.6590184e-03
   5.1202621e-02
   4.2608574e-02
   5.1401582e-02
   1.1115490e-02
   7.7793635e-02
   3.2300059e-02
   3.5589963e-02
   1.2884029e-02
   4.2051610e-02
   2.4885723e-02
   4.1435748e-02
   1.1961602e-02
   1.1488549e-01
   3.3669546e-02
   5.7025485e-02
   9.3167387e-03
   1.5347908e-01
   4.2283915e-02
   4.2443771e-02
   1.3350487e-02
   1.9332547e-01
   3.4615058e-02
   3.2194160e-02
   1.2047937e-02
   1.1284002e-01
   3.1853318e-02
   4.3195110e-02
   1.6155863e-02
   2.7639040e-01
   3.9161041e-02
   7.8286074e-02
   1.0546311e-02
   3.1126988e-01
   6.9106735e-02
   8.2843095e-02
   1.4316091e-02
   2.9279211e-01
   5.9745237e-02
   4.6031520e-02
   1.2235661e-02
   7.3828913e-02
   3.2168575e-02
   6.2132213e-02
   5.2150231e-02
   1.5474507e-01
   3.9239101e-02
   7.4276581e-02
   3.3488568e-02
   1.3038762e-01
   6.7330413e-02
   9.5837928e-02
   1.7045580e-02
   1.1600783e-01
   5.7179730e-02
   1.0920271e-01
   1.2337797e-02
   2.7271818e-02
   2.6421286e-02
   5.1578477e-02
   5.2508939e-02
   6.9287725e-02
   2.5571400e-02
   6.2245186e-02
   3.7357666e-02
   5.4740664e-02
   4.3108329e-02
   5.7113118e-02
   1.6040539e-02
   7.0959970e-02
   3.8336519e-02
   9.6935064e-02
   1.4386901e-02
   1.7533178e-02
   2.6732359e-02
   4.0361650e-02
   1.9586446e-02
   4.4389952e-02
   2.6644301e-02
   5.6100108e-02
   1.1169513e-02
   4.1526981e-02
   4.2316493e-02
   4.3579113e-02
   1.1864117e-02
   6.5364189e-02
   4.2873960e-02
   5.5264059e-02
   1.5025719e-02
   2.6846828e-02
   2.3587553e-02
   3.8917359e-02
   1.5612087e-02
   4.0903464e-02
   2.6680475e-02
   6.5563522e-02
   8.2153594e-03
   3.8447216e-02
   4.9142554e-02
   5.7350535e-02
   1.0288766e-02
   5.9088562e-02
   3.2702319e-02
   3.8499989e-02
   1.2299025e-02
   7.8474499e-02
   3.6534831e-02
   4.7371294e-02
   2.4562053e-02
   5.5464394e-02
   2.3543166e-02
   9.6320331e-02
   1.2259855e-02
   5.5810388e-02
   4.4771723e-02
   8.0038317e-02
   1.1857656e-02
   8.0365509e-02
   2.9623579e-02
   5.3387929e-02
   9.8575307e-03
   6.0651943e-02
   2.1031892e-02
   4.4692516e-02
   1.7927879e-02
   5.1849525e-02
   2.3795730e-02
   5.9684124e-02
   1.0895474e-02
   5.7935599e-02
   3.1779084e-02
   5.8250263e-02
   1.0900162e-02
   8.2445964e-02
   4.0540770e-02
   4.5403123e-02
   9.7407335e-03
   4.9764633e-02
   2.3801219e-02
   5.2018665e-02
   1.9247472e-02
   7.2054364e-02
   2.9860916e-02
   5.4461244e-02
   1.0044178e-02
   1.0127055e-01
   3.5856780e-02
   5.0053239e-02
   9.6409842e-03
   1.3423184e-01
   3.5679784e-02
   4.3582555e-02
   1.0368411e-02
   7.5371027e-02
   3.4471594e-02
   6.3556314e-02
   2.5740488e-02
   1.0508680e-01
   5.7471786e-02
   5.7989102e-02
   1.4528535e-02
   1.2786929e-01
   8.4335901e-02
   7.9108335e-02
   1.7991969e-02
   1.5566602e-01
   9.1277570e-02
   4.3822307e-02
   1.1193424e-02
   6.6234179e-02
   2.5464276e-02
   8.6687975e-02
   6.9768973e-02
   7.6481171e-02
   6.1711185e-02
   7.9780698e-02
   5.1385321e-02
   5.9087563e-02
   9.3199588e-02
   9.3734927e-02
   2.6348015e-02
   8.0619909e-02
   8.4799655e-02
   8.8748679e-02
   1.6442334e-02
   3.6376685e-02
   3.2477342e-02
   7.2975010e-02
   7.4493408e-02
   5.6316908e-02
   3.9687525e-02
   8.0150828e-02
   5.3367723e-02
   6.7658246e-02
   5.4307576e-02
   7.0809193e-02
   1.9305443e-02
   8.6998351e-02
   5.0995152e-02
   9.8840244e-02
   1.0826427e-02
   3.3915013e-02
   1.7413009e-02
   6.5304264e-02
   2.9707156e-02
   5.2605219e-02
   3.5547320e-02
   7.9011045e-02
   1.4140396e-02
   5.1499818e-02
   4.8575494e-02
   4.5783423e-02
   9.5093017e-03
   7.3661819e-02
   4.5209445e-02
   6.6913478e-02
   9.1771828e-03
   5.4336581e-02
   2.1635912e-02
   5.2167397e-02
   2.5951119e-02
   5.2188516e-02
   3.7682328e-02
   9.8634534e-02
   1.1487965e-02
   5.4498557e-02
   6.1188210e-02
   5.9644166e-02
   1.0234226e-02
   6.9576420e-02
   3.4399930e-02
   5.0795484e-02
   8.0290604e-03
