   3.5322309e-02
   2.0918110e-02
   4.2296987e-02
   1.1076031e-02
   3.2888018e-02
   1.6999969e-02
   3.5909709e-02
   7.6611573e-03
   2.8189456e-02
   2.9895032e-02
   4.1023202e-02
   7.4384199e-03
   2.6653992e-02
   4.6169948e-02
   4.9741101e-02
   6.9024358e-03
   3.1521805e-02
   2.0041846e-02
   3.9420430e-02
   1.0443598e-02
   2.9362511e-02
   1.5216992e-02
   3.2488782e-02
   7.7992170e-03
   2.8024213e-02
   2.7066339e-02
   3.3293858e-02
   7.2220755e-03
   3.1157233e-02
   3.3664893e-02
   2.4765581e-02
   6.7797257e-03
   4.8803609e-02
   2.2194274e-02
   4.0506221e-02
   1.1482045e-02
   5.8080286e-02
   1.7505407e-02
   3.2412685e-02
   8.5184779e-03
   6.8679377e-02
   3.6663316e-02
   3.1345163e-02
   7.9294257e-03
   8.1070326e-02
   5.1721722e-02
   1.3006964e-02
   6.9807083e-03
   1.5298167e-01
   4.7330089e-02
   4.2741165e-02
   1.1790678e-02
   1.5941845e-01
   5.2706283e-02
   3.5282046e-02
   9.6628265e-03
   1.3521963e-01
   1.1750641e-01
   3.5064589e-02
   1.0363334e-02
   1.0390719e-01
   1.3787229e-01
   2.0904586e-02
   9.7692218e-03
   1.1052991e-01
   5.5290710e-02
   5.4178536e-02
   1.3036675e-02
   9.4076179e-02
   4.6797603e-02
   4.2150363e-02
   9.6437512e-03
   6.3611880e-02
   9.5215417e-02
   4.3583218e-02
   1.1259849e-02
   4.3712448e-02
   9.9240877e-02
   3.1896252e-02
   1.0534436e-02
   3.3037916e-02
   3.5382569e-02
   4.9800973e-02
   1.1858369e-02
   2.9340222e-02
   1.7548762e-02
   3.5208125e-02
   8.4432503e-03
   2.7643293e-02
   3.1734232e-02
   3.5622526e-02
   9.4878133e-03
   3.1823475e-02
   4.0434800e-02
   1.8864444e-02
   8.7171365e-03
   3.4847919e-02
   2.3197902e-02
   3.8519219e-02
   1.1123925e-02
   3.1578120e-02
   1.7031964e-02
   3.1546786e-02
   7.4183783e-03
   2.6378280e-02
   2.8733280e-02
   3.0236343e-02
   8.0616120e-03
   2.7840309e-02
   3.0799452e-02
   1.3306381e-02
   7.2962819e-03
   3.5851505e-02
   1.9240212e-02
   3.9209779e-02
   1.0562550e-02
   3.2958936e-02
   1.6009364e-02
   3.2049503e-02
   7.0963027e-03
   2.6886260e-02
   2.9832605e-02
   3.5108540e-02
   7.1135443e-03
   2.5419869e-02
   3.5289306e-02
   2.5692998e-02
   6.5763760e-03
   2.3956284e-02
   2.2114858e-02
   4.1108757e-02
   8.7390626e-03
   2.8231854e-02
   1.5535741e-02
   4.1973624e-02
   5.2754260e-03
   2.9870799e-02
   2.6175279e-02
   5.1497746e-02
   6.1057680e-03
   2.9359192e-02
   5.1430646e-02
   4.6920169e-02
   5.3552808e-03
   2.6074899e-02
   1.8984288e-02
   3.8544297e-02
   7.5040627e-03
   3.1228043e-02
   1.4529583e-02
   3.7368473e-02
   4.6521001e-03
   3.5611793e-02
   2.5464356e-02
   3.8905397e-02
   4.9551493e-03
   4.1960791e-02
   4.0681366e-02
   2.6119553e-02
   4.8388243e-03
   7.3798709e-02
   2.3122035e-02
   3.8099431e-02
   7.3810816e-03
   9.3747593e-02
   1.8487742e-02
   3.6464799e-02
   5.2609029e-03
   1.1736828e-01
   3.4952018e-02
   3.4233883e-02
   5.3527155e-03
   1.3398971e-01
   6.0847577e-02
   1.5211158e-02
   4.9601630e-03
   2.2964841e-01
   4.4132918e-02
   4.1178208e-02
   8.1275729e-03
   2.4730006e-01
   4.2243753e-02
   3.9300907e-02
   6.8022935e-03
   2.3074575e-01
   9.0232134e-02
   3.8010117e-02
   8.0347313e-03
   1.7460763e-01
   1.3097803e-01
   2.4609493e-02
   8.3170077e-03
   1.5765654e-01
   5.7659850e-02
   6.2268421e-02
   1.1334493e-02
   1.4157432e-01
   3.9431784e-02
   5.7043821e-02
   8.1639318e-03
   1.0388335e-01
   7.3820479e-02
   5.0648522e-02
   9.8094372e-03
   6.7330576e-02
   1.0068532e-01
   3.6633812e-02
   9.9093579e-03
   3.8789839e-02
   4.3584611e-02
   6.0294069e-02
   9.8215053e-03
   3.8823679e-02
   1.9151995e-02
   4.3528922e-02
   6.4647552e-03
   3.8934760e-02
   3.4116630e-02
   4.1246798e-02
   7.1092560e-03
   4.0023375e-02
   5.0613105e-02
   2.1667572e-02
   6.4520310e-03
   2.3789315e-02
   2.3312446e-02
   3.8572993e-02
   8.5757272e-03
   2.5266290e-02
   1.4202682e-02
   3.4214020e-02
   4.7491211e-03
   2.9899728e-02
   2.7491143e-02
   3.3853259e-02
   5.3169141e-03
   3.4026418e-02
   3.3233143e-02
   1.6503293e-02
   4.7438513e-03
   2.2530276e-02
   1.8048201e-02
   3.7087653e-02
   8.7656584e-03
   2.5181398e-02
   1.3071353e-02
   3.6752891e-02
   4.5951181e-03
   2.7311429e-02
   2.5143092e-02
   4.1696448e-02
   5.0257393e-03
   3.0064272e-02
   3.7966125e-02
   2.5624480e-02
   4.1872850e-03
   3.1878483e-02
   2.7281040e-02
   4.8295442e-02
   1.0146570e-02
   4.0488910e-02
   2.1543035e-02
   5.0224584e-02
   4.5676134e-03
   4.7682706e-02
   3.2507084e-02
   7.7823579e-02
   6.2026647e-03
   4.4054236e-02
   5.7062436e-02
   5.9117049e-02
   5.3480081e-03
   3.2321308e-02
   2.1881742e-02
   4.4442747e-02
   7.5052641e-03
   4.8924301e-02
   1.8452788e-02
   3.9795455e-02
   3.7427442e-03
   5.8554396e-02
   2.8734418e-02
   5.7232108e-02
   5.1918207e-03
   7.1201690e-02
   4.4073176e-02
   3.4658685e-02
   4.3911301e-03
   7.2973989e-02
   2.6161911e-02
   4.4347987e-02
   6.0081035e-03
   1.0747105e-01
   2.0561658e-02
   4.6296388e-02
   4.1478602e-03
   1.5823628e-01
   3.1893596e-02
   4.2388588e-02
   5.1462636e-03
   2.1744001e-01
   3.6714088e-02
   2.0110544e-02
   4.8385239e-03
   1.6735515e-01
   6.7396924e-02
   4.6411712e-02
   9.3188221e-03
   2.2885427e-01
   4.8080303e-02
   4.7904130e-02
   6.8992465e-03
   2.6611125e-01
   6.3585803e-02
   4.4433720e-02
   9.1992328e-03
   2.6895022e-01
   5.6801327e-02
   3.0630736e-02
   1.2667811e-02
   1.0707546e-01
   9.4691060e-02
   7.9626933e-02
   1.5471163e-02
   1.1533415e-01
   4.5564130e-02
   7.0483059e-02
   1.1391388e-02
   1.0750193e-01
   6.4277887e-02
   6.8454869e-02
   1.1694748e-02
   9.5733829e-02
   9.0156205e-02
   4.6346325e-02
   1.4759205e-02
   4.9013581e-02
   6.7493759e-02
   7.9017229e-02
   1.1412752e-02
   5.9724148e-02
   2.4568640e-02
   5.4790828e-02
   6.8861530e-03
   5.9215870e-02
   3.2880966e-02
   5.2152362e-02
   9.1001354e-03
   6.3183896e-02
   5.8708236e-02
   2.6250621e-02
   6.7848023e-03
   2.7683496e-02
   3.2909587e-02
   5.3602707e-02
   8.5047903e-03
   3.9589018e-02
   1.8651212e-02
   5.0180633e-02
   3.6863196e-03
   5.2602064e-02
   2.9299991e-02
   4.1030571e-02
   5.1613650e-03
   6.1023008e-02
   3.7231877e-02
   1.9453317e-02
   3.7806300e-03
   2.6550775e-02
   2.3587430e-02
   5.0086208e-02
   9.3606031e-03
   4.0869623e-02
   2.0153560e-02
   5.0697289e-02
   3.6042996e-03
   4.4140089e-02
   3.1874038e-02
   5.7347234e-02
   5.0875153e-03
   4.4068430e-02
   4.4801854e-02
   2.9449664e-02
   3.5068830e-03
   3.7431959e-02
   3.8563505e-02
   7.1794599e-02
   1.8621430e-02
   5.8157913e-02
   1.9235777e-02
   9.1976650e-02
   6.9929282e-03
   6.5253213e-02
   3.6326591e-02
   9.8826192e-02
   1.0023445e-02
   5.8239900e-02
   5.7606563e-02
   8.3651952e-02
   7.3840856e-03
   3.8969159e-02
   3.1599954e-02
   6.1028454e-02
   1.2251315e-02
   6.4733870e-02
   2.2486009e-02
   6.3128814e-02
   5.2410956e-03
   6.3588075e-02
   2.8857838e-02
   5.9219435e-02
   6.0401680e-03
   8.0713965e-02
   4.6914019e-02
   5.2177507e-02
   5.9318314e-03
   4.1121926e-02
   4.1243501e-02
   5.9769757e-02
   9.9204369e-03
   7.5958125e-02
   2.5958819e-02
   5.2014019e-02
   5.4647136e-03
   1.0693161e-01
   3.2147489e-02
   4.7810640e-02
   7.1710469e-03
   1.8868503e-01
   2.8359206e-02
   2.7717644e-02
   6.1461953e-03
   5.4123282e-02
   9.2897005e-02
   7.1836665e-02
   1.4526849e-02
   7.4636199e-02
   7.0129797e-02
   7.6703578e-02
   1.0114998e-02
   1.2698449e-01
   8.9539379e-02
   5.2252229e-02
   1.2624331e-02
   1.8406507e-01
   4.8630945e-02
   3.8984917e-02
   2.1061186e-02
   5.2460682e-02
   1.3562828e-01
   9.7553059e-02
   2.3702646e-02
   4.6281435e-02
   7.2588466e-02
   1.2454707e-01
   2.2350891e-02
   5.9255283e-02
   8.9286715e-02
   7.9920530e-02
   1.8856551e-02
   7.3131204e-02
   1.2659915e-01
   5.2690633e-02
   2.5177527e-02
   4.9180128e-02
   9.9771716e-02
   7.1515121e-02
   1.5879376e-02
   6.1298568e-02
   3.5586312e-02
   8.2488738e-02
   1.2120114e-02
   6.9587894e-02
   3.5315521e-02
   6.2043190e-02
   1.4080997e-02
   7.3430203e-02
   7.8074686e-02
   3.9306182e-02
   9.7570159e-03
   3.5238430e-02
   4.7684487e-02
   6.2417164e-02
   1.5347197e-02
   4.4530794e-02
   1.9544598e-02
   4.6878215e-02
   4.5016292e-03
   4.9274873e-02
   1.8837165e-02
   5.4716531e-02
   7.8622522e-03
   7.9989813e-02
   2.9230271e-02
   2.9724985e-02
   4.2122174e-03
   2.6598005e-02
   3.4160912e-02
   7.1637727e-02
   1.6674949e-02
   5.1230889e-02
   1.7759589e-02
   7.7511698e-02
   5.1336279e-03
   6.1093628e-02
   2.5095597e-02
   6.4655505e-02
   8.8114766e-03
   5.8604602e-02
   4.5132242e-02
   4.4581227e-02
   4.4057346e-03
