   3.0696468e-02
   4.3911330e-02
   4.6963561e-02
   9.8248990e-03
   3.4012228e-02
   3.1641360e-02
   3.2780550e-02
   8.7019727e-03
   3.5515077e-02
   4.4893671e-02
   4.5934506e-02
   1.4963532e-02
   3.4895275e-02
   2.2831941e-02
   3.9376736e-02
   1.5154375e-02
   2.9904388e-02
   4.1460529e-02
   3.9996576e-02
   1.0318786e-02
   3.1298097e-02
   2.9721634e-02
   3.0129217e-02
   8.7487046e-03
   3.7043337e-02
   3.8682517e-02
   3.9906889e-02
   1.5045641e-02
   4.0298343e-02
   1.8279981e-02
   3.6163028e-02
   1.4929673e-02
   3.0499149e-02
   4.7234546e-02
   3.7863176e-02
   1.0913394e-02
   2.9301433e-02
   2.8439706e-02
   3.2287713e-02
   8.6200936e-03
   3.3850409e-02
   4.0227517e-02
   3.7344988e-02
   1.4725787e-02
   4.1022722e-02
   1.8013176e-02
   3.6063563e-02
   1.3854593e-02
   3.2802481e-02
   4.9283642e-02
   5.0128754e-02
   1.1342322e-02
   3.0919516e-02
   2.9473854e-02
   5.8971547e-02
   1.0821012e-02
   3.1616680e-02
   3.9993744e-02
   5.4111220e-02
   1.7087108e-02
   3.5936508e-02
   1.9077305e-02
   4.2499300e-02
   1.5408621e-02
   4.2775899e-02
   8.4905028e-02
   5.6536783e-02
   1.2454301e-02
   6.6793725e-02
   6.3829407e-02
   6.5238617e-02
   1.1767898e-02
   1.0022496e-01
   5.6189544e-02
   7.0775844e-02
   2.1843679e-02
   1.1074851e-01
   2.1456221e-02
   5.4363880e-02
   2.1279167e-02
   9.8702632e-02
   1.1769671e-01
   4.2158347e-02
   1.1331556e-02
   1.3995954e-01
   8.2021676e-02
   3.6891058e-02
   1.0172806e-02
   1.7570943e-01
   6.0455061e-02
   4.7975671e-02
   1.7306225e-02
   1.5775566e-01
   2.2984054e-02
   4.8747800e-02
   1.8047724e-02
   8.6894318e-02
   5.8699589e-02
   3.6847487e-02
   1.0074405e-02
   7.4549191e-02
   3.2884739e-02
   3.2673344e-02
   8.6675202e-03
   6.4787485e-02
   4.5623422e-02
   3.9843615e-02
   1.4222813e-02
   5.4799892e-02
   2.0248376e-02
   3.5174735e-02
   1.4323134e-02
   3.7392266e-02
   3.9241873e-02
   3.7710104e-02
   1.0087384e-02
   3.4709048e-02
   2.9309781e-02
   3.0735143e-02
   8.3555812e-03
   3.0157764e-02
   4.5762051e-02
   4.5109354e-02
   1.4029608e-02
   3.3557642e-02
   1.9776933e-02
   3.4414332e-02
   1.4509287e-02
   3.4047376e-02
   4.6812765e-02
   4.6524893e-02
   6.6851815e-03
   3.5913277e-02
   2.5633438e-02
   2.6273096e-02
   6.0193785e-03
   2.4455445e-02
   3.7168730e-02
   4.4505142e-02
   1.2220014e-02
   2.4699496e-02
   2.4057008e-02
   3.8491413e-02
   1.0379919e-02
   3.2356586e-02
   4.6588350e-02
   4.0753469e-02
   7.0224334e-03
   3.1009356e-02
   2.3204083e-02
   2.6077909e-02
   5.2781822e-03
   2.3012780e-02
   3.4847442e-02
   3.5980761e-02
   1.1323619e-02
   2.4126232e-02
   1.8545253e-02
   3.5998102e-02
   9.7087054e-03
   3.4083597e-02
   5.8217272e-02
   3.8310528e-02
   7.5968448e-03
   3.1816512e-02
   2.5214601e-02
   3.4714423e-02
   5.7832748e-03
   2.3853093e-02
   3.4133483e-02
   3.3769235e-02
   1.1178192e-02
   2.6805548e-02
   1.7521517e-02
   3.7023414e-02
   9.8783346e-03
   3.9083719e-02
   5.6106187e-02
   5.4302227e-02
   7.6129450e-03
   3.9200593e-02
   2.8809426e-02
   7.1543023e-02
   8.9560421e-03
   3.7286662e-02
   3.7980478e-02
   5.7663854e-02
   1.6013812e-02
   3.9017458e-02
   2.0063275e-02
   4.4317562e-02
   1.3214304e-02
   6.6576816e-02
   8.3724320e-02
   6.3697964e-02
   9.1783078e-03
   1.1083288e-01
   6.0471941e-02
   7.0241481e-02
   9.9804262e-03
   1.4216571e-01
   5.2916002e-02
   8.3919033e-02
   2.6654402e-02
   1.4218420e-01
   2.5169915e-02
   7.2085425e-02
   2.5861496e-02
   1.7299147e-01
   1.2612340e-01
   4.0981561e-02
   7.9437513e-03
   2.4291679e-01
   7.6262683e-02
   3.1509884e-02
   7.4361279e-03
   2.6671037e-01
   5.3948447e-02
   5.0937723e-02
   1.6729761e-02
   2.1604571e-01
   2.8399797e-02
   6.3921809e-02
   1.9508429e-02
   1.4533643e-01
   6.5803193e-02
   3.1646609e-02
   7.0405188e-03
   1.2643300e-01
   2.8327838e-02
   2.6973397e-02
   5.4500690e-03
   1.0077898e-01
   4.5470521e-02
   3.8091872e-02
   1.0855837e-02
   7.5799868e-02
   2.5337253e-02
   3.5307262e-02
   1.1364615e-02
   5.0508581e-02
   4.5892999e-02
   3.4057420e-02
   6.5681245e-03
   4.2437609e-02
   2.3351466e-02
   2.6737230e-02
   5.3365170e-03
   2.7699254e-02
   4.0736243e-02
   4.2741593e-02
   1.1799733e-02
   2.7668810e-02
   2.3945902e-02
   3.5240036e-02
   9.8964758e-03
   5.5881627e-02
   5.8198065e-02
   5.5310536e-02
   5.6265034e-03
   5.6432407e-02
   2.1914065e-02
   2.5732961e-02
   4.8907162e-03
   3.2962106e-02
   4.2533580e-02
   4.5006033e-02
   1.1789369e-02
   2.8080482e-02
   3.1420209e-02
   4.5691192e-02
   1.1231695e-02
   5.5158902e-02
   6.2318180e-02
   5.2108560e-02
   5.7507278e-03
   4.6574093e-02
   2.3933241e-02
   2.6375992e-02
   4.6478668e-03
   3.1530779e-02
   4.0680040e-02
   3.6905862e-02
   1.1089658e-02
   2.6822202e-02
   2.2647228e-02
   4.0226009e-02
   9.1704242e-03
   6.3846119e-02
   7.0957236e-02
   4.4627443e-02
   6.9188755e-03
   5.0268725e-02
   2.5128532e-02
   4.7354922e-02
   5.3983401e-03
   3.7194747e-02
   4.2774823e-02
   3.4012876e-02
   1.2478124e-02
   3.6260270e-02
   2.3636471e-02
   3.9343357e-02
   8.6893933e-03
   6.2078953e-02
   6.1780274e-02
   6.0317956e-02
   7.3773004e-03
   5.8427822e-02
   2.9108867e-02
   1.0944993e-01
   9.9394135e-03
   5.2028321e-02
   4.6047471e-02
   7.4437730e-02
   1.6639885e-02
   4.9643714e-02
   2.3097878e-02
   5.6238580e-02
   1.3477338e-02
   9.0687469e-02
   7.3798321e-02
   8.1466369e-02
   1.0243701e-02
   1.1038343e-01
   5.4392330e-02
   9.0372719e-02
   1.2415218e-02
   1.2533605e-01
   5.5079129e-02
   1.1873047e-01
   2.5006542e-02
   1.3884345e-01
   3.0982876e-02
   9.6636243e-02
   3.1218307e-02
   2.6101920e-01
   7.8274511e-02
   5.1952288e-02
   7.0743496e-03
   2.7258968e-01
   5.8008976e-02
   3.7129935e-02
   7.2709750e-03
   2.6477739e-01
   6.0487539e-02
   6.4154588e-02
   1.5685752e-02
   2.0420174e-01
   3.2158062e-02
   9.3531288e-02
   2.0615516e-02
   2.3771213e-01
   4.5367744e-02
   3.3461217e-02
   5.2469387e-03
   1.7104930e-01
   2.2736900e-02
   2.5603522e-02
   4.7403048e-03
   1.2389097e-01
   4.6591099e-02
   3.9000329e-02
   1.0826461e-02
   8.5723951e-02
   3.2287862e-02
   4.7389094e-02
   1.0230781e-02
   8.6717024e-02
   4.9397305e-02
   3.8686182e-02
   6.3934461e-03
   6.9396012e-02
   2.0824621e-02
   2.2470249e-02
   3.8076134e-03
   4.1130181e-02
   4.3147083e-02
   3.9576516e-02
   1.1669395e-02
   3.6396600e-02
   3.0544428e-02
   4.2126819e-02
   1.0250634e-02
   6.8225667e-02
   8.1549965e-02
   8.0969155e-02
   7.0414799e-03
   7.0597246e-02
   1.6056810e-02
   3.2898076e-02
   5.1903990e-03
   4.2463835e-02
   6.0913958e-02
   4.9387079e-02
   1.4835079e-02
   3.3543643e-02
   3.6164474e-02
   6.4882129e-02
   1.6016120e-02
   7.5649954e-02
   7.9466619e-02
   9.0313822e-02
   6.4508319e-03
   7.3489510e-02
   1.9963687e-02
   3.6758117e-02
   6.0055624e-03
   4.1978780e-02
   5.7448767e-02
   5.2312318e-02
   1.5846465e-02
   3.1123251e-02
   3.3933345e-02
   5.6549270e-02
   1.1287418e-02
   7.9061791e-02
   9.5046327e-02
   6.4335920e-02
   8.4660221e-03
   5.7891440e-02
   2.7220061e-02
   6.2976621e-02
   8.1428215e-03
   4.3464821e-02
   4.5432247e-02
   4.6627566e-02
   1.2412839e-02
   6.3512944e-02
   3.3357900e-02
   4.2928174e-02
   1.0261018e-02
   8.6158969e-02
   7.0586599e-02
   8.2602374e-02
   1.0840782e-02
   6.6366076e-02
   3.2978501e-02
   1.3896209e-01
   1.7957674e-02
   5.6553096e-02
   4.6567097e-02
   7.0981443e-02
   2.5032699e-02
   5.2577581e-02
   3.0758191e-02
   8.4907927e-02
   2.0017164e-02
   6.9961928e-02
   8.7785885e-02
   1.3463300e-01
   1.7211447e-02
   6.2030856e-02
   8.5444309e-02
   1.0629129e-01
   2.2373313e-02
   5.7924367e-02
   7.4353248e-02
   1.0706352e-01
   4.3395482e-02
   9.1513976e-02
   4.5742892e-02
   1.0487150e-01
   5.1102128e-02
   1.4900614e-01
   9.0331919e-02
   8.1230864e-02
   9.3040178e-03
   1.0231178e-01
   9.6211255e-02
   4.6562616e-02
   9.4012516e-03
   1.0209093e-01
   8.8095680e-02
   5.3442929e-02
   1.6004685e-02
   1.1389847e-01
   4.0775657e-02
   1.0418390e-01
   2.9834181e-02
   1.7727111e-01
   5.1473550e-02
   4.2149663e-02
   5.8812751e-03
   1.0812608e-01
   2.5168682e-02
   3.5199579e-02
   5.8280677e-03
   7.1962193e-02
   4.7979146e-02
   3.6941145e-02
   1.1894305e-02
   6.8182297e-02
   3.4355607e-02
   7.3836997e-02
   1.5655942e-02
   9.5377825e-02
   6.0413677e-02
   5.4457437e-02
   8.0431728e-03
   6.9731891e-02
   1.4693856e-02
   2.6882870e-02
   4.6926928e-03
   4.5869738e-02
   4.8299108e-02
   3.9636753e-02
   1.5562145e-02
   4.7109604e-02
   3.9209608e-02
   5.6120709e-02
   1.3739258e-02
