   1.7025108e-02
   7.7793270e-02
   7.4905083e-02
   3.7413325e-02
   8.2021523e-03
   7.4148819e-02
   6.9069736e-02
   2.8672447e-02
   4.4138793e-02
   1.2357343e-01
   1.0097568e-01
   2.8688584e-02
   4.1227661e-02
   7.0635736e-02
   7.2960883e-02
   2.9199358e-02
   1.5157661e-02
   4.7643043e-02
   5.2338377e-02
   3.9620254e-02
   8.8630412e-03
   6.9003820e-02
   6.4812034e-02
   2.8148931e-02
   3.2559451e-02
   9.1971740e-02
   8.3110698e-02
   2.8253246e-02
   3.7805270e-02
   6.7604609e-02
   7.2825819e-02
   3.1397097e-02
   1.2881742e-02
   3.2511070e-02
   4.4207092e-02
   4.0363964e-02
   7.5765159e-03
   6.2352289e-02
   6.0109742e-02
   2.7291434e-02
   2.3720287e-02
   7.0663609e-02
   6.6354141e-02
   2.7076500e-02
   3.2253627e-02
   5.8180235e-02
   6.2219150e-02
   3.0462759e-02
   1.1919369e-02
   3.3943441e-02
   7.0100158e-02
   3.9770175e-02
   6.8687527e-03
   6.1678402e-02
   9.4121702e-02
   3.6656141e-02
   2.2466492e-02
   6.3352175e-02
   8.0873683e-02
   4.6458915e-02
   3.1398587e-02
   5.4025039e-02
   7.1627297e-02
   6.0720894e-02
   1.7352104e-02
   5.8543153e-02
   8.9316674e-02
   3.8611338e-02
   2.0936772e-02
   1.1294627e-01
   1.4046666e-01
   3.6463000e-02
   4.3729044e-02
   1.0136139e-01
   1.1846402e-01
   4.5477808e-02
   4.6157945e-02
   8.0492653e-02
   9.5289700e-02
   6.3141108e-02
   2.5678579e-02
   6.0281359e-02
   4.9356230e-02
   3.8695246e-02
   4.0816627e-02
   9.8892540e-02
   6.9875270e-02
   2.9578123e-02
   7.2142623e-02
   8.5686490e-02
   6.9373176e-02
   2.7760502e-02
   6.0596861e-02
   6.5679483e-02
   6.0748894e-02
   3.1105513e-02
   1.6562106e-02
   3.6101259e-02
   4.4980083e-02
   3.9792810e-02
   1.5416191e-02
   6.2783770e-02
   5.9447262e-02
   3.0164985e-02
   3.3264369e-02
   6.7768484e-02
   6.2992990e-02
   2.6891826e-02
   4.0153611e-02
   5.5986091e-02
   6.1111830e-02
   3.1708978e-02
   1.3519881e-02
   4.9374916e-02
   5.3508472e-02
   3.8859766e-02
   6.6318158e-03
   6.6382580e-02
   6.5533966e-02
   2.8959373e-02
   3.1750306e-02
   8.9991301e-02
   7.5097881e-02
   2.7379211e-02
   4.0093835e-02
   6.4125970e-02
   6.9003552e-02
   3.0077759e-02
   1.5429379e-02
   7.5297751e-02
   6.4249977e-02
   2.2661600e-02
   5.8690780e-03
   4.8035201e-02
   4.4192836e-02
   1.4659392e-02
   3.1180203e-02
   7.4129298e-02
   7.1725793e-02
   1.4892726e-02
   2.9578505e-02
   4.9290881e-02
   5.5164948e-02
   1.4932945e-02
   1.1218097e-02
   4.3376200e-02
   3.9228216e-02
   2.2345519e-02
   5.1354156e-03
   4.4290196e-02
   4.1673996e-02
   1.3780796e-02
   2.3757471e-02
   5.9519194e-02
   5.5701464e-02
   1.3057687e-02
   2.7678786e-02
   4.8728105e-02
   5.2679699e-02
   1.4534919e-02
   9.3742041e-03
   2.2210255e-02
   3.1837814e-02
   2.5814658e-02
   4.2915288e-03
   4.2897884e-02
   4.3745182e-02
   1.6026916e-02
   1.7132282e-02
   4.6981122e-02
   4.4670500e-02
   1.6892167e-02
   2.5437497e-02
   4.2554438e-02
   4.7010627e-02
   1.9797126e-02
   8.8847307e-03
   2.5343314e-02
   7.1348161e-02
   2.6637560e-02
   5.9815333e-03
   4.7943294e-02
   8.6440280e-02
   3.5275690e-02
   1.6631685e-02
   4.7146935e-02
   7.8623891e-02
   4.9428582e-02
   2.4630696e-02
   4.4859920e-02
   7.6388240e-02
   6.8936482e-02
   1.9245176e-02
   5.1876109e-02
   8.7126561e-02
   2.4529569e-02
   2.7891414e-02
   9.1072910e-02
   1.2557919e-01
   3.4763832e-02
   4.2657558e-02
   8.0044255e-02
   1.1193972e-01
   4.8438236e-02
   5.4120809e-02
   1.0281552e-01
   1.2752624e-01
   7.3365368e-02
   3.3896752e-02
   6.3028529e-02
   3.8976613e-02
   2.2907369e-02
   5.5753987e-02
   8.0988690e-02
   5.4335441e-02
   1.7123831e-02
   7.3980838e-02
   6.7692548e-02
   5.4030538e-02
   1.7079402e-02
   7.3893875e-02
   7.2871320e-02
   5.4304887e-02
   2.2495763e-02
   1.7045239e-02
   3.1874500e-02
   2.6558297e-02
   2.2453526e-02
   2.0065298e-02
   4.5600310e-02
   4.2786714e-02
   1.4121917e-02
   2.8623886e-02
   4.7071978e-02
   4.6276975e-02
   1.2451682e-02
   3.4161724e-02
   3.9515525e-02
   4.5763582e-02
   1.5934091e-02
   1.1475601e-02
   4.2101182e-02
   3.7772819e-02
   2.2978628e-02
   5.3461120e-03
   4.3737270e-02
   4.2595599e-02
   1.4491830e-02
   2.4139090e-02
   5.5637620e-02
   5.6018364e-02
   1.3507803e-02
   2.7871918e-02
   4.4781629e-02
   5.0763249e-02
   1.5759878e-02
   1.8904947e-02
   5.5203512e-02
   4.1141544e-02
   1.5923019e-02
   6.0834913e-03
   3.6852449e-02
   3.0463111e-02
   7.2585009e-03
   2.3623537e-02
   5.4084957e-02
   6.5850690e-02
   8.9793876e-03
   1.9187398e-02
   2.6151283e-02
   2.9979067e-02
   6.9922009e-03
   1.4804319e-02
   3.2062367e-02
   2.6097666e-02
   1.3677426e-02
   5.5720271e-03
   3.1110192e-02
   2.8943434e-02
   6.6396082e-03
   1.9109659e-02
   3.7986204e-02
   4.2458277e-02
   9.1201253e-03
   1.8431854e-02
   2.5903208e-02
   2.7331000e-02
   6.5993988e-03
   1.0544743e-02
   1.7610401e-02
   2.8299650e-02
   1.8577490e-02
   4.8787063e-03
   2.8687999e-02
   3.4337569e-02
   1.1632040e-02
   1.2896389e-02
   3.0057449e-02
   3.1502962e-02
   1.7766213e-02
   2.1796893e-02
   2.8532384e-02
   3.2718159e-02
   1.8438334e-02
   9.3872305e-03
   2.3821127e-02
   8.5732959e-02
   2.1520287e-02
   8.3882809e-03
   4.0779490e-02
   7.4994303e-02
   4.6646398e-02
   1.2985418e-02
   3.4048390e-02
   6.5179229e-02
   7.3809214e-02
   2.1262920e-02
   3.3339564e-02
   8.4737301e-02
   9.5233299e-02
   2.1190669e-02
   4.0920824e-02
   9.0675287e-02
   2.1760147e-02
   4.4435166e-02
   7.9201676e-02
   1.0011928e-01
   4.5570914e-02
   4.5749117e-02
   5.1485192e-02
   9.3621776e-02
   6.9077760e-02
   5.0885353e-02
   8.9368828e-02
   1.5911080e-01
   1.0159825e-01
   3.4035347e-02
   4.9303342e-02
   2.6317583e-02
   1.6801603e-02
   8.6552300e-02
   6.4223751e-02
   4.4321820e-02
   1.2629452e-02
   8.7686554e-02
   4.8866883e-02
   4.5811772e-02
   1.6586091e-02
   6.6788837e-02
   7.0392773e-02
   5.8087330e-02
   2.1999337e-02
   1.6460339e-02
   2.7777379e-02
   2.1815633e-02
   1.5041442e-02
   2.9934041e-02
   3.2604672e-02
   2.6754253e-02
   6.7575788e-03
   3.2586314e-02
   3.4977395e-02
   3.5224155e-02
   7.7781137e-03
   3.1202560e-02
   2.9558824e-02
   2.9039364e-02
   8.1272321e-03
   1.4732806e-02
   3.4876153e-02
   2.6491929e-02
   1.3703348e-02
   6.3268980e-03
   3.2859724e-02
   2.9888950e-02
   7.2070090e-03
   1.7597839e-02
   3.7352011e-02
   4.2828832e-02
   8.5449601e-03
   1.9231653e-02
   2.5831295e-02
   3.0321144e-02
   6.8400446e-03
   2.6165705e-02
   6.2828891e-02
   5.2085299e-02
   1.1970846e-02
   7.8620864e-03
   3.1457428e-02
   3.2301385e-02
   6.1152275e-03
   1.9567195e-02
   4.6758983e-02
   3.8442470e-02
   6.5847225e-03
   1.3122022e-02
   1.7441871e-02
   2.3828862e-02
   4.1973484e-03
   1.9716296e-02
   3.6417548e-02
   3.2372918e-02
   1.0656551e-02
   7.8294212e-03
   2.1378934e-02
   2.3627985e-02
   4.3284590e-03
   1.3365682e-02
   3.2224674e-02
   2.4901539e-02
   8.4303366e-03
   1.4007429e-02
   1.8876461e-02
   2.5968075e-02
   5.2340850e-03
   1.4021155e-02
   2.0489169e-02
   2.9267760e-02
   1.4203784e-02
   8.0177542e-03
   2.2606909e-02
   2.8330160e-02
   1.4394283e-02
   1.3862018e-02
   2.0942604e-02
   2.3745349e-02
   1.7904134e-02
   1.8063024e-02
   2.1553664e-02
   2.0995600e-02
   2.1122867e-02
   1.3439723e-02
   1.9427316e-02
   1.0423879e-01
   3.0080961e-02
   1.4544980e-02
   2.6283298e-02
   8.8555641e-02
   7.4601844e-02
   1.6858673e-02
   1.8413225e-02
   5.9473433e-02
   1.0403227e-01
   1.6557623e-02
   2.1643594e-02
   4.7126520e-02
   1.0739189e-01
   4.2443395e-02
   4.2264335e-02
   1.1807570e-01
   3.2529775e-02
   6.9506064e-02
   4.2632982e-02
   1.1498347e-01
   7.5479381e-02
   6.4775020e-02
   2.6720421e-02
   8.4593847e-02
   1.0864054e-01
   4.5867439e-02
   4.2525265e-02
   7.3505305e-02
   1.2375534e-01
   6.7374729e-02
   5.9296068e-02
   3.0031176e-02
   1.4316160e-02
   1.2566866e-01
   3.5248876e-02
   4.1991755e-02
   1.7552590e-02
   1.1066190e-01
   3.2692574e-02
   3.1838518e-02
   2.1462379e-02
   5.7898380e-02
   3.2173824e-02
   3.0162388e-02
   2.5884537e-02
   3.0591493e-02
   3.7443001e-02
   1.9324176e-02
   1.1024625e-02
   4.2474486e-02
   2.4708729e-02
   1.8414965e-02
   5.9288773e-03
   3.5951886e-02
   2.4955183e-02
   2.3103258e-02
   7.0520011e-03
   2.6899919e-02
   1.8042840e-02
   2.0392634e-02
   9.1879079e-03
   2.5972588e-02
   4.6505488e-02
   3.2441348e-02
   9.6376995e-03
   9.3555637e-03
   2.2179261e-02
   2.1032602e-02
   5.7199015e-03
   1.3555866e-02
   2.6200123e-02
   2.4369834e-02
   7.3272125e-03
   1.3078952e-02
   1.4918127e-02
   2.0234117e-02
   4.6550645e-03
