   3.9282970e-02
   3.3027291e-02
   3.9507281e-02
   1.6340736e-02
   3.7188798e-02
   3.6682446e-02
   2.9568208e-02
   9.0901144e-03
   3.2354925e-02
   2.9725002e-02
   4.0094104e-02
   7.3950584e-03
   3.1603362e-02
   3.5607811e-02
   5.0836779e-02
   7.9046264e-03
   3.6385894e-02
   2.9796906e-02
   3.5400968e-02
   1.5310868e-02
   3.3280991e-02
   3.4537055e-02
   2.7776517e-02
   8.8347876e-03
   3.1226598e-02
   3.0425129e-02
   3.3157233e-02
   7.1899146e-03
   3.3903398e-02
   3.3032358e-02
   4.0934354e-02
   7.6530157e-03
   5.4419465e-02
   3.0095451e-02
   3.6686365e-02
   1.4829437e-02
   6.1672814e-02
   3.4456842e-02
   2.8937852e-02
   9.2001902e-03
   6.9634378e-02
   3.9507769e-02
   3.0455748e-02
   7.5558615e-03
   8.0358490e-02
   5.2193768e-02
   3.6557522e-02
   8.2223210e-03
   1.6924663e-01
   4.5252945e-02
   4.6057202e-02
   1.5043710e-02
   1.6124541e-01
   7.4327298e-02
   3.7368763e-02
   9.6682794e-03
   1.3604169e-01
   1.0563733e-01
   4.2911172e-02
   8.8952370e-03
   1.0281665e-01
   1.3095966e-01
   4.6297856e-02
   1.4380192e-02
   1.2189171e-01
   4.8815630e-02
   8.0504708e-02
   2.2801124e-02
   9.4648257e-02
   7.3950663e-02
   5.8564123e-02
   1.8023886e-02
   6.5853812e-02
   8.9648716e-02
   5.7190273e-02
   1.4453175e-02
   4.5485429e-02
   9.3445629e-02
   6.1317462e-02
   1.6310131e-02
   3.7583936e-02
   3.4624353e-02
   6.0195826e-02
   2.2993917e-02
   3.1066783e-02
   4.1026864e-02
   4.6158262e-02
   2.0264741e-02
   3.2241404e-02
   4.1175809e-02
   4.2488176e-02
   1.5552653e-02
   3.3295847e-02
   4.2674575e-02
   4.7685627e-02
   9.8885270e-03
   4.2337425e-02
   3.1974126e-02
   3.7811656e-02
   1.4261225e-02
   3.3770874e-02
   3.6720753e-02
   2.9486369e-02
   9.7965570e-03
   3.1415842e-02
   3.9226484e-02
   2.9157851e-02
   8.2037728e-03
   3.0870927e-02
   3.7236489e-02
   3.4393169e-02
   8.7154470e-03
   4.2261846e-02
   3.2945432e-02
   3.8296923e-02
   1.4745477e-02
   3.6247339e-02
   3.6654606e-02
   2.7823305e-02
   8.6728791e-03
   3.2232981e-02
   3.1206099e-02
   3.3446863e-02
   7.0325867e-03
   3.0409209e-02
   3.6063552e-02
   4.2616684e-02
   7.6718181e-03
   2.2413822e-02
   3.4959462e-02
   3.4378137e-02
   9.6041411e-03
   3.0576337e-02
   2.9322678e-02
   2.6130946e-02
   5.1149847e-03
   3.3322610e-02
   2.6639484e-02
   4.6100389e-02
   4.4541201e-03
   3.2961667e-02
   4.0499039e-02
   5.7913557e-02
   5.5406438e-03
   2.4754267e-02
   3.2527957e-02
   2.9698454e-02
   8.6735375e-03
   3.3707093e-02
   2.7048931e-02
   2.5687739e-02
   5.0548655e-03
   3.6711019e-02
   2.8769007e-02
   3.7515968e-02
   4.3076561e-03
   4.4865511e-02
   4.0230490e-02
   4.0901784e-02
   4.7925031e-03
   7.3577553e-02
   3.0535724e-02
   2.9760635e-02
   8.6433077e-03
   9.7602017e-02
   2.8521240e-02
   2.5668731e-02
   5.4030293e-03
   1.1523024e-01
   3.8605418e-02
   3.3270370e-02
   4.6384227e-03
   1.3025898e-01
   6.1708920e-02
   3.6629245e-02
   6.6188145e-03
   2.4028015e-01
   4.3986380e-02
   3.9706741e-02
   1.1273015e-02
   2.5450811e-01
   5.5216502e-02
   3.0423069e-02
   6.9676591e-03
   2.3145150e-01
   8.3381601e-02
   4.6998058e-02
   6.8262466e-03
   1.7095856e-01
   1.2858224e-01
   5.1684875e-02
   1.8504426e-02
   1.6634694e-01
   4.6891455e-02
   9.6031427e-02
   2.7322855e-02
   1.4459187e-01
   5.4838538e-02
   7.1670979e-02
   2.3634624e-02
   1.0966217e-01
   7.1203575e-02
   6.3957967e-02
   1.8844133e-02
   7.0582248e-02
   8.5453272e-02
   7.3720381e-02
   2.1942535e-02
   3.7016440e-02
   2.8101126e-02
   6.7916751e-02
   2.9582182e-02
   3.7350852e-02
   3.1627472e-02
   5.8159109e-02
   2.9147446e-02
   4.1564465e-02
   4.4905048e-02
   5.9215102e-02
   2.1851545e-02
   3.9869450e-02
   4.8914630e-02
   5.4867808e-02
   8.9441482e-03
   2.2879260e-02
   2.6401965e-02
   2.9150166e-02
   1.1692512e-02
   2.7143864e-02
   2.8399445e-02
   2.5594739e-02
   8.8037401e-03
   3.2389641e-02
   4.0573057e-02
   3.7060533e-02
   7.3304344e-03
   3.5213765e-02
   4.2482369e-02
   3.6962409e-02
   5.2880137e-03
   2.2495676e-02
   3.1200206e-02
   3.2230593e-02
   9.1575906e-03
   2.7483923e-02
   2.9128309e-02
   2.3508187e-02
   5.0522098e-03
   3.0109609e-02
   2.8030215e-02
   3.6603779e-02
   4.3553989e-03
   3.1637397e-02
   3.6957521e-02
   4.5998044e-02
   4.9405075e-03
   2.7171815e-02
   3.7024148e-02
   3.0695781e-02
   9.6893441e-03
   3.9639164e-02
   2.7736956e-02
   2.3638856e-02
   3.5868366e-03
   4.5460161e-02
   3.0797370e-02
   5.4734446e-02
   4.5409254e-03
   5.4218713e-02
   5.0153814e-02
   6.3732803e-02
   5.1294118e-03
   3.1357396e-02
   3.1526573e-02
   2.8940560e-02
   7.5229607e-03
   4.8903782e-02
   2.6524283e-02
   1.9058319e-02
   3.7212069e-03
   5.8191307e-02
   2.9769447e-02
   4.3608386e-02
   4.1955002e-03
   7.9518706e-02
   5.0212417e-02
   4.4038653e-02
   4.0204241e-03
   7.5378612e-02
   2.8832655e-02
   2.9958796e-02
   7.3173619e-03
   1.1105622e-01
   2.7712448e-02
   2.1198571e-02
   3.4945654e-03
   1.5853348e-01
   3.1541158e-02
   4.4428125e-02
   4.5180572e-03
   2.1071270e-01
   4.2064324e-02
   4.1924994e-02
   8.2684122e-03
   1.8949728e-01
   5.6787554e-02
   4.5696996e-02
   1.3080880e-02
   2.2760823e-01
   6.3868091e-02
   3.0885503e-02
   7.6676975e-03
   2.6671392e-01
   6.5460160e-02
   7.0556462e-02
   8.1134187e-03
   2.6246670e-01
   7.1590565e-02
   6.3867100e-02
   2.8241660e-02
   1.1550286e-01
   6.2390059e-02
   1.0896578e-01
   4.3112788e-02
   1.1495145e-01
   6.5389499e-02
   8.4752552e-02
   3.9442386e-02
   1.0440551e-01
   6.6851974e-02
   9.0632476e-02
   2.9848710e-02
   9.8376252e-02
   6.9376662e-02
   1.0504216e-01
   3.5608027e-02
   4.7816727e-02
   2.7766377e-02
   7.7581853e-02
   4.7933061e-02
   5.5348322e-02
   3.0015226e-02
   6.8724304e-02
   5.0365578e-02
   5.3148869e-02
   4.4294488e-02
   9.5902503e-02
   3.5058457e-02
   6.2421951e-02
   4.7335334e-02
   6.9726035e-02
   1.2101214e-02
   2.8809741e-02
   2.4607047e-02
   2.8999630e-02
   1.4694290e-02
   3.9859086e-02
   2.6832782e-02
   2.9178012e-02
   1.1636957e-02
   4.7387484e-02
   4.3675665e-02
   5.3565618e-02
   9.1433302e-03
   6.0021807e-02
   4.3799762e-02
   4.4747964e-02
   5.6453021e-03
   2.5793049e-02
   3.2695096e-02
   3.1907178e-02
   7.8157205e-03
   3.9681315e-02
   2.9042218e-02
   2.0761061e-02
   3.6720296e-03
   4.4748742e-02
   3.4440137e-02
   4.9711555e-02
   4.3592015e-03
   5.0128028e-02
   4.5244101e-02
   5.3975876e-02
   4.2447629e-03
   3.0341305e-02
   3.4442380e-02
   3.6696263e-02
   1.4046698e-02
   5.9267160e-02
   2.3331052e-02
   2.7397098e-02
   3.8941717e-03
   5.6063067e-02
   3.7919074e-02
   7.2720505e-02
   9.0561323e-03
   7.0484526e-02
   5.3646889e-02
   7.7412933e-02
   5.2977358e-03
   3.5718821e-02
   3.1304784e-02
   3.3465728e-02
   8.9649130e-03
   6.2558159e-02
   2.0602392e-02
   2.0429129e-02
   3.9439192e-03
   5.4558035e-02
   3.2462481e-02
   6.8347454e-02
   7.1419654e-03
   9.0078153e-02
   5.6282908e-02
   5.3836804e-02
   5.3149629e-03
   4.2310141e-02
   2.6116351e-02
   3.3708893e-02
   9.9126408e-03
   6.7365736e-02
   2.3161389e-02
   2.6527848e-02
   3.0510738e-03
   1.1564469e-01
   3.8995452e-02
   6.8231784e-02
   8.0164680e-03
   1.7876172e-01
   4.5552257e-02
   4.6948656e-02
   1.2947140e-02
   5.5960827e-02
   7.9806492e-02
   4.5530364e-02
   1.7870467e-02
   7.1694635e-02
   9.3677163e-02
   4.4655450e-02
   1.2155106e-02
   1.2076029e-01
   8.5757732e-02
   1.1708062e-01
   1.5316979e-02
   1.7888910e-01
   7.5503908e-02
   1.0286695e-01
   3.9333746e-02
   4.9500383e-02
   8.7198004e-02
   7.3616579e-02
   7.2122335e-02
   5.1469557e-02
   1.0169443e-01
   8.2074739e-02
   7.5352564e-02
   4.6598542e-02
   8.3250009e-02
   1.2497817e-01
   5.3623911e-02
   7.4736834e-02
   7.9381637e-02
   1.5299848e-01
   5.6897696e-02
   4.7219809e-02
   3.7028011e-02
   5.3947583e-02
   8.0373056e-02
   7.1351953e-02
   3.1886246e-02
   5.6565806e-02
   9.2722587e-02
   6.0629476e-02
   5.3731162e-02
   1.0709726e-01
   5.6887545e-02
   8.9515686e-02
   4.1041583e-02
   1.0028226e-01
   1.8313587e-02
   3.4949087e-02
   2.6229309e-02
   3.0669136e-02
   2.2097345e-02
   4.6709958e-02
   2.0011896e-02
   2.7690290e-02
   1.8946707e-02
   5.5447165e-02
   4.3699361e-02
   8.3133064e-02
   1.5278951e-02
   9.2043146e-02
   3.6892965e-02
   5.5482075e-02
   1.1360288e-02
   2.0176752e-02
   3.1140344e-02
   3.4004629e-02
   8.5031893e-03
   4.8267562e-02
   2.2480190e-02
   2.2797806e-02
   3.7219001e-03
   6.1472576e-02
   4.3061383e-02
   9.7002365e-02
   7.1805906e-03
   7.0077091e-02
   5.3141333e-02
   6.6751346e-02
   5.5927620e-03
