   7.8980215e-02
   1.0556843e-01
   7.9320349e-02
   6.5536438e-03
   4.9556319e-02
   8.6582333e-02
   6.3581899e-02
   7.1631465e-03
   3.9997462e-02
   4.7108345e-02
   3.9001022e-02
   7.6128482e-03
   4.1177031e-02
   3.3404771e-02
   3.1445622e-02
   1.1408948e-02
   4.0810131e-02
   4.5368187e-02
   4.0148593e-02
   5.5764667e-03
   3.9909724e-02
   5.0116047e-02
   3.3464774e-02
   6.4003556e-03
   4.1568846e-02
   3.6631767e-02
   2.9454941e-02
   7.5045936e-03
   4.1984353e-02
   4.1769672e-02
   2.9612504e-02
   1.1960821e-02
   2.0144615e-02
   9.5803551e-03
   1.6698524e-02
   5.5920919e-03
   3.3128701e-02
   2.6819903e-02
   1.6008673e-02
   6.1527947e-03
   3.7952650e-02
   3.0694364e-02
   2.5696520e-02
   7.5698472e-03
   3.8646866e-02
   4.8376318e-02
   3.2267697e-02
   1.1365972e-02
   2.1916660e-02
   8.5800225e-03
   1.7101368e-02
   6.0532968e-03
   3.2608736e-02
   3.1720199e-02
   2.4408467e-02
   7.1447133e-03
   3.3835776e-02
   3.7063133e-02
   3.8386717e-02
   1.0647693e-02
   3.6394373e-02
   4.7622591e-02
   4.0700901e-02
   1.8799204e-02
   2.1669332e-02
   8.6223073e-03
   2.3629379e-02
   8.5963281e-03
   6.9596708e-02
   5.8248051e-02
   3.0419508e-02
   9.5185228e-03
   1.0872307e-01
   6.7902990e-02
   4.7183830e-02
   1.1521054e-02
   1.1340126e-01
   6.7403235e-02
   5.0114624e-02
   1.9249594e-02
   2.8882103e-02
   8.5692871e-03
   2.1212043e-02
   7.5557828e-03
   1.3334781e-01
   5.9786770e-02
   2.2143586e-02
   8.6420709e-03
   1.8600492e-01
   6.7558601e-02
   3.1932432e-02
   8.6210966e-03
   1.5404429e-01
   5.6597251e-02
   3.6296356e-02
   1.2782994e-02
   3.0975679e-02
   8.8802408e-03
   1.7024470e-02
   5.8097965e-03
   6.8999059e-02
   3.0507209e-02
   1.8525921e-02
   6.7203329e-03
   6.5996855e-02
   3.2401454e-02
   2.6689939e-02
   7.6588676e-03
   5.0338928e-02
   4.7310133e-02
   3.2472931e-02
   1.2129251e-02
   3.9819576e-02
   4.0205643e-02
   3.8372867e-02
   5.6538526e-03
   3.9223649e-02
   4.5466021e-02
   3.3865985e-02
   6.2483763e-03
   3.5907134e-02
   3.8670368e-02
   3.0333424e-02
   7.2291796e-03
   3.7027605e-02
   4.4139136e-02
   3.2146525e-02
   1.1269751e-02
   1.1376179e-01
   1.5637515e-01
   1.1437447e-01
   7.0337588e-03
   6.3536033e-02
   1.1309444e-01
   7.1604401e-02
   6.4924597e-03
   2.7582295e-02
   4.4762913e-02
   4.3090396e-02
   4.6179127e-03
   2.9155003e-02
   4.1380826e-02
   3.4597248e-02
   6.5670353e-03
   5.7320863e-02
   6.7188859e-02
   5.7352524e-02
   4.2828196e-03
   4.6171773e-02
   6.1400063e-02
   3.8963109e-02
   4.6732901e-03
   2.5960848e-02
   3.2053478e-02
   3.1787198e-02
   4.6358868e-03
   2.5336962e-02
   4.2767819e-02
   3.1718604e-02
   6.6718743e-03
   2.1476047e-02
   9.4129285e-03
   2.1020805e-02
   3.4264112e-03
   3.5853859e-02
   3.0091992e-02
   1.9454248e-02
   4.0273229e-03
   2.7664570e-02
   2.7180655e-02
   2.9750526e-02
   5.3864419e-03
   2.6230991e-02
   4.9766596e-02
   3.3321422e-02
   8.7373536e-03
   2.4356812e-02
   7.6496340e-03
   2.3644930e-02
   4.4018254e-03
   4.3961622e-02
   4.0031794e-02
   3.1252440e-02
   5.3834389e-03
   3.6535196e-02
   3.5963077e-02
   5.0251693e-02
   1.1011755e-02
   4.1275807e-02
   4.3814164e-02
   5.0016910e-02
   2.6354339e-02
   2.7756462e-02
   7.0613446e-03
   4.0736713e-02
   7.4550644e-03
   9.9995106e-02
   6.2068310e-02
   4.2747725e-02
   8.7549100e-03
   1.3960201e-01
   4.9869917e-02
   6.2357310e-02
   1.2298960e-02
   1.5663365e-01
   5.9230931e-02
   6.1743051e-02
   2.6003540e-02
   3.8805079e-02
   7.1998453e-03
   3.6440283e-02
   5.6984774e-03
   2.0323940e-01
   5.1865198e-02
   2.6161814e-02
   6.9376500e-03
   2.5696886e-01
   4.8527654e-02
   3.4697484e-02
   6.7750476e-03
   2.1324700e-01
   5.1478829e-02
   3.6826648e-02
   9.3932291e-03
   3.8618650e-02
   8.6464565e-03
   2.7069177e-02
   3.8239395e-03
   1.1040118e-01
   3.4350585e-02
   1.8562082e-02
   4.1534975e-03
   9.7302288e-02
   3.2907538e-02
   2.4844609e-02
   4.6802908e-03
   7.2154976e-02
   4.1465167e-02
   3.1771798e-02
   7.2447141e-03
   5.6104291e-02
   5.6900922e-02
   5.4071020e-02
   3.9214897e-03
   5.1971968e-02
   5.6787223e-02
   3.8976252e-02
   4.2880434e-03
   3.0827522e-02
   3.4460470e-02
   3.0299537e-02
   4.3995809e-03
   3.1493459e-02
   4.4754848e-02
   3.1263746e-02
   6.5874746e-03
   1.8362056e-01
   2.6440144e-01
   1.8771569e-01
   1.2844506e-02
   1.0260385e-01
   1.4897278e-01
   9.0557478e-02
   9.1149397e-03
   3.4512661e-02
   4.9180362e-02
   4.8085965e-02
   4.2524971e-03
   3.6601007e-02
   5.9217785e-02
   4.0052753e-02
   5.7397992e-03
   1.0179971e-01
   1.1059040e-01
   9.8721914e-02
   5.9636761e-03
   7.4176803e-02
   8.1410676e-02
   5.0453566e-02
   4.9030748e-03
   3.6345061e-02
   3.8705114e-02
   3.9302889e-02
   4.1540493e-03
   3.2606699e-02
   4.8926957e-02
   3.5966393e-02
   4.8562572e-03
   3.6289789e-02
   1.2980343e-02
   4.2584602e-02
   2.8197637e-03
   5.2895013e-02
   3.4094270e-02
   2.7916279e-02
   3.3793754e-03
   3.7031535e-02
   3.1478591e-02
   3.6204346e-02
   5.5949618e-03
   3.6986038e-02
   4.8995014e-02
   3.9924063e-02
   1.0689159e-02
   3.4076016e-02
   8.0859503e-03
   3.6893923e-02
   4.6551181e-03
   5.9301987e-02
   4.6141580e-02
   4.6690822e-02
   6.1375215e-03
   4.8728842e-02
   4.3688491e-02
   6.8763353e-02
   1.5943905e-02
   5.7506744e-02
   4.3146182e-02
   6.6711716e-02
   4.3448232e-02
   4.0358271e-02
   8.5808719e-03
   7.3153690e-02
   9.3419198e-03
   9.2001535e-02
   6.5178141e-02
   7.4044108e-02
   1.0430860e-02
   1.0331181e-01
   6.4706691e-02
   8.1860006e-02
   1.7617078e-02
   1.1981537e-01
   5.1073801e-02
   8.3377697e-02
   4.2955901e-02
   7.2888419e-02
   8.5296631e-03
   5.9415933e-02
   5.9075868e-03
   2.1019971e-01
   4.2225040e-02
   4.1942909e-02
   7.1349968e-03
   2.1602656e-01
   6.9647796e-02
   4.3459523e-02
   7.9370784e-03
   1.6470557e-01
   5.7243589e-02
   4.8131421e-02
   1.0111474e-02
   6.8347327e-02
   1.2235216e-02
   4.5236662e-02
   3.0703323e-03
   1.2970899e-01
   3.1937752e-02
   2.1983609e-02
   3.6583059e-03
   1.0598283e-01
   4.1484106e-02
   3.2993749e-02
   4.0093684e-03
   7.4819490e-02
   5.3028312e-02
   4.0713988e-02
   5.0782831e-03
   8.8063613e-02
   9.5338412e-02
   9.0670794e-02
   5.6517217e-03
   7.5243585e-02
   6.5488383e-02
   5.0857931e-02
   4.6518836e-03
   4.0690891e-02
   3.9487530e-02
   3.6228448e-02
   3.3648594e-03
   4.3842513e-02
   4.9615156e-02
   3.8940072e-02
   5.2616009e-03
   2.8747511e-01
   3.9413166e-01
   2.6974663e-01
   1.8692976e-02
   7.9623237e-02
   1.3973826e-01
   9.2318155e-02
   1.1604611e-02
   4.2917315e-02
   4.5093238e-02
   6.0244676e-02
   5.3572236e-03
   4.0935658e-02
   6.9956876e-02
   8.0616407e-02
   7.6630744e-03
   1.5109840e-01
   1.6382095e-01
   1.4195114e-01
   8.5810246e-03
   8.2186408e-02
   7.6454967e-02
   5.2701332e-02
   7.1394402e-03
   3.9375160e-02
   3.9563324e-02
   4.4947769e-02
   5.8791516e-03
   2.6205886e-02
   4.5781493e-02
   5.7367533e-02
   6.5848511e-03
   5.3121693e-02
   1.9255435e-02
   4.8607565e-02
   4.3137157e-03
   6.4711854e-02
   3.6971945e-02
   3.7061907e-02
   3.8827804e-03
   3.4428138e-02
   4.1888479e-02
   5.3927358e-02
   8.1322556e-03
   4.7848459e-02
   3.7875947e-02
   5.8645692e-02
   1.6056629e-02
   5.8900610e-02
   1.0880163e-02
   3.1052031e-02
   7.2147450e-03
   7.0645012e-02
   7.1843147e-02
   7.4770369e-02
   9.1695022e-03
   5.0936867e-02
   4.6677127e-02
   9.2316739e-02
   3.2020163e-02
   6.1922066e-02
   5.1362220e-02
   7.6527491e-02
   6.9768965e-02
   4.2005941e-02
   1.3217761e-02
   9.8525666e-02
   1.8471485e-02
   5.6542605e-02
   9.4721258e-02
   1.1056861e-01
   1.7917812e-02
   4.4532083e-02
   8.9224026e-02
   9.7771667e-02
   3.6666222e-02
   8.8162661e-02
   8.0213688e-02
   1.1976100e-01
   7.4407153e-02
   7.1300842e-02
   1.1810008e-02
   7.4775763e-02
   9.4448132e-03
   9.6279509e-02
   4.5178216e-02
   6.6530652e-02
   1.0995820e-02
   6.6297270e-02
   9.6485011e-02
   6.2234592e-02
   1.3443216e-02
   9.1794126e-02
   7.7151604e-02
   6.1455779e-02
   1.5882466e-02
   9.6987657e-02
   1.5951630e-02
   3.5035465e-02
   3.6077150e-03
   9.7907871e-02
   3.1025155e-02
   2.3568681e-02
   5.0165853e-03
   6.1236158e-02
   4.9672596e-02
   5.2051201e-02
   5.1756813e-03
   6.3607372e-02
   5.0714772e-02
   6.1987650e-02
   6.4314622e-03
   1.3447027e-01
   1.4242680e-01
   1.0821557e-01
   8.8055562e-03
   8.0778621e-02
   6.2570266e-02
   4.6011396e-02
   6.0170167e-03
   4.7865231e-02
   4.6206288e-02
   5.2363671e-02
   3.2659043e-03
   4.5812074e-02
   4.9259868e-02
   7.2311908e-02
   5.9100459e-03
