   3.8900405e-02
   4.9922779e-02
   4.9892418e-02
   2.5300866e-02
   1.7342390e-02
   1.0062287e-02
   1.8080054e-02
   8.0596777e-03
   1.9756235e-02
   1.6622800e-02
   3.5906717e-02
   1.0133438e-02
   1.9177353e-02
   1.6283998e-02
   9.0852724e-03
   1.1318488e-02
   4.3107346e-02
   4.5602035e-02
   3.0748956e-02
   2.0075597e-02
   1.5709938e-02
   7.3834253e-03
   1.3606049e-02
   7.5756647e-03
   1.5138410e-02
   1.3562384e-02
   2.2220219e-02
   1.0048220e-02
   1.6360711e-02
   1.0325994e-02
   6.8975082e-03
   1.1372159e-02
   4.9464628e-02
   3.9965115e-02
   2.3249252e-02
   1.8065490e-02
   1.2927424e-02
   6.4585553e-03
   1.2137640e-02
   7.9745920e-03
   1.3138445e-02
   1.0827146e-02
   1.5118488e-02
   1.0241308e-02
   1.4913433e-02
   6.1334250e-03
   1.5451602e-02
   1.1910284e-02
   4.8351362e-02
   3.6537141e-02
   3.3668451e-02
   1.9263856e-02
   1.5146751e-02
   1.0940262e-02
   2.3484699e-02
   9.1799637e-03
   1.7254600e-02
   2.3119057e-02
   2.2515802e-02
   1.2745670e-02
   1.7008221e-02
   1.0292174e-02
   3.8162567e-02
   1.3466111e-02
   4.4432107e-02
   3.6473289e-02
   5.3832583e-02
   2.2027317e-02
   1.9485928e-02
   1.8428288e-02
   4.6633366e-02
   1.1351091e-02
   2.4592891e-02
   4.8558529e-02
   3.0005267e-02
   1.6850263e-02
   2.4351479e-02
   1.9488862e-02
   2.1940880e-02
   1.5176506e-02
   3.6824193e-02
   3.2912664e-02
   3.7517060e-02
   2.0788487e-02
   1.3800430e-02
   1.1041671e-02
   2.5384150e-02
   8.9432253e-03
   1.7718863e-02
   2.5140304e-02
   1.7041462e-02
   1.2182673e-02
   1.9967051e-02
   1.2670510e-02
   7.3651974e-03
   1.2525746e-02
   4.1451398e-02
   3.5569716e-02
   2.6247483e-02
   2.4160780e-02
   1.2140015e-02
   6.7300214e-03
   1.3155609e-02
   7.3546623e-03
   1.4328284e-02
   1.2099463e-02
   1.1629602e-02
   9.9235335e-03
   1.8343786e-02
   7.5018741e-03
   7.0883371e-03
   1.1385174e-02
   3.9436128e-02
   4.0569965e-02
   3.4183752e-02
   2.6732115e-02
   1.3380464e-02
   7.2571230e-03
   1.3360379e-02
   7.7622714e-03
   1.6342346e-02
   1.2429744e-02
   2.0066382e-02
   9.9408980e-03
   1.8914612e-02
   1.0433152e-02
   8.3647789e-03
   1.1452178e-02
   5.5250060e-02
   6.5632857e-02
   5.7124183e-02
   3.2565802e-02
   2.2633705e-02
   1.0591947e-02
   1.9272365e-02
   5.3559076e-03
   2.1808553e-02
   2.0505119e-02
   4.7623076e-02
   6.8600886e-03
   2.1047652e-02
   2.2631889e-02
   7.8678522e-03
   9.1508674e-03
   6.3246280e-02
   5.9138566e-02
   3.4212455e-02
   2.6906593e-02
   2.1066679e-02
   8.4602796e-03
   1.4495611e-02
   4.9202740e-03
   1.8020414e-02
   1.6379081e-02
   2.8393300e-02
   6.7671919e-03
   1.6779542e-02
   1.4274152e-02
   7.0231566e-03
   7.7059795e-03
   6.8810768e-02
   5.1204607e-02
   2.9822929e-02
   2.2091644e-02
   1.9241739e-02
   8.0438359e-03
   1.5459752e-02
   5.1288237e-03
   1.5579237e-02
   1.2211272e-02
   1.9962311e-02
   7.1110614e-03
   1.6072588e-02
   7.1972730e-03
   2.6040928e-02
   7.3025306e-03
   6.9834135e-02
   4.6507083e-02
   4.1487377e-02
   2.3432584e-02
   2.1765858e-02
   1.3107378e-02
   2.8704923e-02
   6.4827218e-03
   2.2875767e-02
   3.0262996e-02
   3.0543588e-02
   1.0301620e-02
   2.0861708e-02
   1.3083915e-02
   6.9509715e-02
   9.1775153e-03
   6.1948083e-02
   4.6060987e-02
   6.5661162e-02
   2.9821809e-02
   2.5826246e-02
   2.2298802e-02
   5.9106998e-02
   1.0041864e-02
   3.3301745e-02
   6.2180556e-02
   3.9202549e-02
   1.5768694e-02
   3.0912612e-02
   2.7805824e-02
   3.8208753e-02
   1.0961221e-02
   4.9003340e-02
   3.7727028e-02
   4.5969747e-02
   2.7174715e-02
   1.9116240e-02
   1.3309725e-02
   3.0903138e-02
   7.0016240e-03
   2.4317365e-02
   3.1407043e-02
   2.2139587e-02
   9.9824117e-03
   2.6050342e-02
   1.7135961e-02
   8.8591855e-03
   7.9278536e-03
   5.6890406e-02
   4.4089727e-02
   3.2587782e-02
   2.9416414e-02
   1.7305477e-02
   8.2881823e-03
   1.5316403e-02
   4.5877951e-03
   1.7807771e-02
   1.2694530e-02
   1.4128134e-02
   7.2577158e-03
   2.1379951e-02
   8.8611236e-03
   5.8296607e-03
   7.2958693e-03
   5.1576689e-02
   5.5564664e-02
   4.1401379e-02
   3.5961591e-02
   1.8826565e-02
   8.3954846e-03
   1.3647316e-02
   4.9545979e-03
   1.8067494e-02
   1.3634855e-02
   2.5069470e-02
   6.5811626e-03
   2.0101480e-02
   1.2633723e-02
   6.0912580e-03
   7.8324350e-03
   7.7033520e-02
   8.0511205e-02
   6.5293595e-02
   4.2231414e-02
   3.2807887e-02
   1.5001668e-02
   3.3003666e-02
   5.3269472e-03
   3.0219348e-02
   2.8211504e-02
   6.7631572e-02
   5.7412055e-03
   3.1116437e-02
   2.7741292e-02
   1.2343714e-02
   1.0525281e-02
   8.1775963e-02
   6.9042131e-02
   4.0481366e-02
   3.2361511e-02
   2.7251028e-02
   1.1562114e-02
   2.2597488e-02
   4.3534595e-03
   2.9245241e-02
   2.3020562e-02
   4.3265782e-02
   6.1392160e-03
   2.5840821e-02
   1.6575478e-02
   1.1040825e-02
   8.5358536e-03
   7.3653623e-02
   5.8901146e-02
   4.1891303e-02
   2.5172792e-02
   2.6997674e-02
   1.1478902e-02
   1.5496744e-02
   3.9385897e-03
   2.4507653e-02
   1.7915068e-02
   2.5454078e-02
   5.7514161e-03
   2.3490153e-02
   8.3202776e-03
   4.0882837e-02
   6.6226511e-03
   8.4249407e-02
   5.8568947e-02
   6.3273869e-02
   2.5576586e-02
   3.2652717e-02
   1.7652640e-02
   3.4507349e-02
   6.9848648e-03
   3.3202004e-02
   3.5768852e-02
   4.1683357e-02
   1.2494104e-02
   2.9954135e-02
   1.7431924e-02
   1.0647643e-01
   8.3304886e-03
   7.5779811e-02
   5.7286624e-02
   9.2964917e-02
   3.5077807e-02
   3.8239080e-02
   3.0012699e-02
   7.1706772e-02
   1.1608184e-02
   4.7128413e-02
   7.2496034e-02
   4.3646302e-02
   2.1375982e-02
   4.6437535e-02
   3.8784452e-02
   5.8921553e-02
   1.1813515e-02
   6.1407451e-02
   4.4099104e-02
   6.3571624e-02
   3.3932351e-02
   3.1324185e-02
   1.5610711e-02
   3.9279066e-02
   7.1835350e-03
   3.6272720e-02
   4.0015843e-02
   2.6553951e-02
   1.1298651e-02
   3.4990925e-02
   2.4086650e-02
   1.4155461e-02
   6.7449794e-03
   6.4629599e-02
   4.9536519e-02
   4.9417224e-02
   3.8066588e-02
   3.0506903e-02
   9.6036782e-03
   1.6167348e-02
   4.2903638e-03
   3.0198319e-02
   1.6377177e-02
   1.9789182e-02
   5.6473133e-03
   2.6404917e-02
   1.1733168e-02
   9.9701760e-03
   5.2524479e-03
   6.1338481e-02
   7.7067010e-02
   5.2864812e-02
   4.5652825e-02
   3.0027632e-02
   1.1325877e-02
   1.8806199e-02
   4.3293973e-03
   2.6290882e-02
   1.8351885e-02
   3.5572533e-02
   5.2187457e-03
   2.5465852e-02
   1.7154634e-02
   1.0220855e-02
   7.1073365e-03
   9.4141938e-02
   8.7857880e-02
   8.4131040e-02
   5.4949660e-02
   4.2292316e-02
   2.1612542e-02
   4.4265468e-02
   7.1131182e-03
   3.5859570e-02
   3.1770956e-02
   9.5632561e-02
   7.3553198e-03
   4.5707248e-02
   3.1323105e-02
   2.2243787e-02
   1.3816565e-02
   1.0613148e-01
   7.8060873e-02
   5.3689100e-02
   3.5783857e-02
   2.6001422e-02
   1.9000124e-02
   2.6205014e-02
   4.9479594e-03
   2.8284175e-02
   2.9223833e-02
   6.9191411e-02
   7.5280387e-03
   3.3938691e-02
   2.0608447e-02
   1.6068334e-02
   1.0156996e-02
   1.1666804e-01
   6.5854482e-02
   4.8016135e-02
   3.3294868e-02
   2.4892017e-02
   1.9423747e-02
   2.1040998e-02
   3.8952732e-03
   2.9417222e-02
   2.3080546e-02
   3.7304126e-02
   7.9410905e-03
   2.7764855e-02
   1.1240738e-02
   5.1017664e-02
   8.7133842e-03
   9.2190377e-02
   6.4082809e-02
   7.1147107e-02
   4.1184817e-02
   4.0539406e-02
   2.7416809e-02
   3.5061292e-02
   1.0373000e-02
   4.1511122e-02
   4.4056952e-02
   5.5658672e-02
   1.9970624e-02
   4.4509757e-02
   2.3206167e-02
   1.2674356e-01
   1.3008214e-02
   7.3273160e-02
   6.3058548e-02
   1.0461494e-01
   6.2642172e-02
   6.4828031e-02
   4.6089653e-02
   6.9417670e-02
   1.9269168e-02
   7.4833199e-02
   9.3332484e-02
   6.6758782e-02
   3.6969572e-02
   8.8044293e-02
   5.4909240e-02
   7.4915543e-02
   1.8853208e-02
   6.2509984e-02
   6.7019545e-02
   7.7266574e-02
   5.4127444e-02
   4.2193819e-02
   2.2129545e-02
   4.4672783e-02
   1.0999931e-02
   4.4191837e-02
   5.5853728e-02
   3.8174719e-02
   1.9284265e-02
   4.1519895e-02
   3.3073854e-02
   2.1345628e-02
   9.9105947e-03
   7.0021473e-02
   6.8542913e-02
   5.0100468e-02
   4.7945045e-02
   3.2589126e-02
   1.3691468e-02
   2.2029003e-02
   7.1113873e-03
   3.1941447e-02
   2.1217458e-02
   3.4435101e-02
   7.6460522e-03
   2.6676660e-02
   1.6076921e-02
   1.5601248e-02
   5.4570590e-03
   7.7362575e-02
   7.2425425e-02
   5.9710287e-02
   4.6129093e-02
   3.5783257e-02
   1.7476678e-02
   2.3684418e-02
   7.7098268e-03
   2.9189186e-02
   2.3718690e-02
   5.9665348e-02
   6.5953550e-03
   3.3540323e-02
   2.3514830e-02
   1.6512739e-02
   8.3198277e-03
