   1.1362672e-02
   7.9755280e-03
   9.5813628e-03
   3.8504981e-02
   1.2274022e-02
   1.0243390e-02
   1.0243467e-02
   3.6439918e-02
   1.3392655e-02
   1.4054512e-02
   1.1691278e-02
   3.8428679e-02
   2.1347135e-02
   2.1182369e-02
   2.3624035e-02
   4.7389671e-02
   1.0865049e-02
   6.7883907e-03
   9.0928385e-03
   3.7106574e-02
   1.1872446e-02
   1.0393222e-02
   1.0561686e-02
   3.6309879e-02
   1.3387510e-02
   1.4165397e-02
   1.1226044e-02
   3.9116200e-02
   1.6067291e-02
   1.4050601e-02
   1.8794628e-02
   3.7639476e-02
   1.0568594e-02
   6.5632602e-03
   8.5989228e-03
   3.6932558e-02
   1.1308036e-02
   1.0135629e-02
   1.0726790e-02
   3.6718085e-02
   1.2732215e-02
   1.4983622e-02
   1.0300204e-02
   3.9342411e-02
   1.3008160e-02
   8.6461231e-03
   1.6436942e-02
   3.1437017e-02
   1.0917336e-02
   7.3022968e-03
   1.4221963e-02
   3.8492296e-02
   1.2228670e-02
   1.1431467e-02
   1.6550839e-02
   3.6805704e-02
   1.3211333e-02
   1.5342822e-02
   1.7601725e-02
   3.9582361e-02
   1.2886605e-02
   8.9724418e-03
   2.3526944e-02
   3.1459529e-02
   1.1787997e-02
   7.6716123e-03
   2.6524112e-02
   3.9923761e-02
   1.3113308e-02
   1.2547608e-02
   3.0574143e-02
   3.6756642e-02
   1.4021572e-02
   1.5575579e-02
   3.1270988e-02
   4.0993895e-02
   1.4016815e-02
   9.7421855e-03
   3.2979541e-02
   3.2275625e-02
   1.1043433e-02
   7.0295702e-03
   1.5676182e-02
   3.8131896e-02
   1.2188934e-02
   1.2163959e-02
   1.8161645e-02
   3.6606044e-02
   1.3256586e-02
   1.4663809e-02
   1.8744959e-02
   4.0764514e-02
   1.2926844e-02
   1.1500767e-02
   2.0899881e-02
   3.2614265e-02
   1.1254954e-02
   6.6335676e-03
   9.0279263e-03
   3.9602064e-02
   1.2067073e-02
   1.0764982e-02
   1.0975658e-02
   3.6128640e-02
   1.2802571e-02
   1.4397248e-02
   1.1629222e-02
   4.1785777e-02
   1.2912839e-02
   1.0157661e-02
   1.5775910e-02
   3.3882190e-02
   1.1062457e-02
   6.9427397e-03
   8.7625552e-03
   3.9513547e-02
   1.1934152e-02
   1.0059386e-02
   1.0400431e-02
   3.6357999e-02
   1.3003927e-02
   1.3854383e-02
   1.1757446e-02
   3.9689902e-02
   1.5418714e-02
   1.2675304e-02
   1.8297097e-02
   3.6449809e-02
   7.6576550e-03
   6.4849462e-03
   7.4156458e-03
   2.1949016e-02
   6.4628683e-03
   8.0410633e-03
   8.1610866e-03
   2.1920424e-02
   7.5689577e-03
   1.0670341e-02
   8.2411496e-03
   2.2158356e-02
   2.2138037e-02
   2.6808996e-02
   2.8264783e-02
   5.0326526e-02
   6.9138994e-03
   5.0702407e-03
   6.1138822e-03
   2.1147922e-02
   6.6586887e-03
   8.1140585e-03
   7.7411029e-03
   2.0005831e-02
   6.9077858e-03
   1.1385474e-02
   8.9008138e-03
   2.1314299e-02
   1.3280259e-02
   1.4285682e-02
   2.0101245e-02
   3.1070843e-02
   6.5942775e-03
   5.5148047e-03
   6.1437441e-03
   2.1080554e-02
   6.2966347e-03
   8.8253282e-03
   7.7796993e-03
   1.9635445e-02
   6.8935808e-03
   1.2636717e-02
   8.9609213e-03
   2.3704998e-02
   7.7227578e-03
   6.1369101e-03
   1.5749823e-02
   1.8763648e-02
   6.9078812e-03
   5.9276819e-03
   1.5889915e-02
   2.1710508e-02
   7.5276201e-03
   9.9764774e-03
   1.9072777e-02
   2.2810781e-02
   7.2798468e-03
   1.4146784e-02
   2.1539291e-02
   2.4338024e-02
   8.4458729e-03
   6.3896566e-03
   2.8796310e-02
   1.9613864e-02
   8.9251716e-03
   6.4179134e-03
   3.7700333e-02
   2.2111412e-02
   9.5526995e-03
   1.1585866e-02
   4.4797555e-02
   2.2683788e-02
   9.5829824e-03
   1.5485409e-02
   4.7308676e-02
   2.4988052e-02
   1.0641425e-02
   7.2682286e-03
   4.7655098e-02
   1.9479550e-02
   7.1595842e-03
   5.9310319e-03
   1.8676236e-02
   2.1799423e-02
   7.4255071e-03
   1.1276594e-02
   2.1867141e-02
   2.1459000e-02
   7.7548204e-03
   1.3060886e-02
   2.3198487e-02
   2.3328394e-02
   8.9310594e-03
   9.7553013e-03
   2.5617369e-02
   1.8105667e-02
   6.1542820e-03
   5.5646477e-03
   6.7897732e-03
   2.1768106e-02
   6.3430355e-03
   9.7731305e-03
   8.1278970e-03
   2.0926358e-02
   6.8959012e-03
   1.2354295e-02
   9.3694245e-03
   2.2059767e-02
   8.1976429e-03
   9.3010655e-03
   1.4677051e-02
   1.9931460e-02
   6.4954013e-03
   5.4964148e-03
   6.1858948e-03
   2.1611210e-02
   6.3962634e-03
   8.4037483e-03
   7.9607712e-03
   2.1359574e-02
   6.9659823e-03
   1.0749431e-02
   9.6927667e-03
   2.2601150e-02
   1.1971286e-02
   1.2956861e-02
   2.0130826e-02
   2.7400354e-02
   6.4152088e-03
   7.1995584e-03
   6.1366120e-03
   1.3637559e-02
   4.5140404e-03
   9.3869381e-03
   9.0822699e-03
   1.3225877e-02
   4.1639302e-03
   1.2700355e-02
   9.4851442e-03
   1.5188624e-02
   3.2285206e-02
   4.4645231e-02
   3.9594904e-02
   7.8345016e-02
   5.9879851e-03
   5.2239443e-03
   4.4145356e-03
   1.2559753e-02
   4.6273167e-03
   1.0329757e-02
   9.2103304e-03
   1.4240238e-02
   4.1064885e-03
   1.3196228e-02
   9.3941214e-03
   1.4516599e-02
   1.6507598e-02
   2.2193750e-02
   3.1903755e-02
   4.0144976e-02
   5.0460035e-03
   5.1909806e-03
   4.5321514e-03
   1.1562345e-02
   4.9046422e-03
   1.1176766e-02
   8.9243306e-03
   1.1540326e-02
   4.1599083e-03
   1.3760402e-02
   9.4297687e-03
   1.5447830e-02
   6.4842436e-03
   7.5801434e-03
   2.3795037e-02
   1.3211430e-02
   6.7578340e-03
   5.1582875e-03
   2.2957899e-02
   1.2726303e-02
   7.2196950e-03
   1.3074187e-02
   2.8740451e-02
   1.2916754e-02
   5.3153108e-03
   1.6772734e-02
   3.1572726e-02
   1.6620178e-02
   8.7715341e-03
   7.7000521e-03
   4.5455884e-02
   1.3256921e-02
   1.0501189e-02
   6.0109887e-03
   6.2508151e-02
   1.7610395e-02
   1.0697684e-02
   1.3503520e-02
   7.1904212e-02
   1.7157912e-02
   9.1161691e-03
   2.1006318e-02
   7.6973200e-02
   1.7697353e-02
   1.2044975e-02
   9.4330013e-03
   7.8185707e-02
   1.6057221e-02
   6.5355585e-03
   5.9495517e-03
   2.8483115e-02
   1.5966473e-02
   6.8771490e-03
   1.2131667e-02
   3.4077961e-02
   1.4782226e-02
   5.6233034e-03
   1.7312087e-02
   3.5374545e-02
   1.5974335e-02
   8.7542990e-03
   1.3486255e-02
   3.9943714e-02
   1.1518072e-02
   4.2487304e-03
   5.2855676e-03
   5.8033741e-03
   1.5307971e-02
   4.9115759e-03
   1.0250706e-02
   9.0246340e-03
   1.4207061e-02
   3.8355938e-03
   1.2880159e-02
   1.0236093e-02
   1.3415966e-02
   7.7889203e-03
   1.3016564e-02
   2.0303316e-02
   1.0900049e-02
   4.5723929e-03
   4.9439287e-03
   5.2719521e-03
   1.3767144e-02
   3.6257466e-03
   9.7073698e-03
   7.6998868e-03
   1.2601180e-02
   3.7513773e-03
   1.3097141e-02
   9.6104397e-03
   1.3207027e-02
   1.4107961e-02
   1.9650258e-02
   2.9969079e-02
   3.0879809e-02
   9.5875366e-03
   1.0946724e-02
   8.9644818e-03
   1.2975477e-02
   4.1524149e-03
   1.1559626e-02
   1.2307541e-02
   1.0049726e-02
   2.4568741e-03
   2.2465004e-02
   1.4357061e-02
   9.5533468e-03
   5.3967834e-02
   7.8533895e-02
   6.3631177e-02
   1.3663344e-01
   6.2259841e-03
   6.3650045e-03
   5.1155826e-03
   8.3861733e-03
   3.4030743e-03
   1.0600475e-02
   1.0522211e-02
   8.5703172e-03
   2.6221001e-03
   1.6724788e-02
   1.2361239e-02
   9.9429665e-03
   2.7611637e-02
   3.8123861e-02
   5.6252517e-02
   6.7455046e-02
   4.2691734e-03
   6.0226358e-03
   5.1461165e-03
   6.2317527e-03
   3.7350007e-03
   1.5029459e-02
   1.3284220e-02
   7.3976032e-03
   3.1156181e-03
   2.0098329e-02
   1.3804290e-02
   8.6578131e-03
   8.2418704e-03
   9.2802281e-03
   3.4542941e-02
   1.2137900e-02
   1.0426735e-02
   5.3037237e-03
   3.8850460e-02
   1.1230750e-02
   9.4482107e-03
   1.8055910e-02
   4.6510831e-02
   1.1616487e-02
   7.9491045e-03
   1.6727556e-02
   4.9506538e-02
   1.5941044e-02
   9.8607391e-03
   8.4437588e-03
   6.6009916e-02
   1.4106776e-02
   1.7839123e-02
   5.8823689e-03
   1.0989796e-01
   2.4868388e-02
   1.7933382e-02
   1.9364756e-02
   1.1862811e-01
   2.2935962e-02
   1.6326291e-02
   2.1067776e-02
   1.2289135e-01
   2.5904795e-02
   1.6293572e-02
   1.0056666e-02
   1.1702731e-01
   2.0856997e-02
   8.1287222e-03
   6.8268250e-03
   4.6564512e-02
   1.4268639e-02
   8.1384359e-03
   1.7082654e-02
   5.6492925e-02
   1.4651219e-02
   7.5682309e-03
   2.1151064e-02
   5.4715894e-02
   1.5977582e-02
   1.0821447e-02
   1.2086143e-02
   6.3299850e-02
   1.2231600e-02
   3.8041249e-03
   5.8625462e-03
   5.9517417e-03
   7.0272484e-03
   3.6289585e-03
   1.1488777e-02
   1.4298921e-02
   9.4869435e-03
   3.3901322e-03
   2.0745879e-02
   1.4556387e-02
   1.1329454e-02
   9.6050184e-03
   1.4994742e-02
   3.5134621e-02
   1.0093519e-02
   5.6990865e-03
   7.0027891e-03
   5.5571473e-03
   1.1103893e-02
   3.6709877e-03
   1.1988610e-02
   9.2683062e-03
   8.5725151e-03
   2.8852292e-03
   2.1507870e-02
   1.5624404e-02
   1.0219318e-02
   2.1508319e-02
   3.2577157e-02
   5.6525771e-02
   4.7776241e-02
