   3.7473902e-02
   3.8168963e-02
   6.1965976e-02
   1.4711677e-02
   7.1321703e-02
   8.1260994e-02
   4.6607129e-02
   9.4910692e-03
   7.7660598e-02
   1.5086934e-01
   9.3107678e-02
   9.2737349e-03
   3.9046444e-02
   9.4775595e-02
   8.0632567e-02
   1.2678980e-02
   6.1051011e-02
   4.3001827e-02
   4.5698315e-02
   1.4129729e-02
   8.7694496e-02
   9.9839143e-02
   2.6612686e-02
   9.4204955e-03
   4.4313334e-02
   7.8390948e-02
   4.2790025e-02
   9.1901291e-03
   3.3200238e-02
   4.3961491e-02
   3.8921565e-02
   9.6195526e-03
   1.0130028e-01
   9.6104048e-02
   4.0661644e-02
   1.3434804e-02
   5.0026365e-02
   1.0852450e-01
   1.8516783e-02
   9.4570033e-03
   4.0045746e-02
   4.3287959e-02
   1.6546125e-02
   9.3964590e-03
   3.1037785e-02
   1.6907193e-02
   1.7837705e-02
   8.6600101e-03
   6.5837115e-02
   1.2523079e-01
   4.4383850e-02
   1.6281031e-02
   4.2109851e-02
   8.6973026e-02
   2.8068444e-02
   1.3746860e-02
   4.5963451e-02
   5.0164275e-02
   2.6105996e-02
   1.4300868e-02
   3.3694342e-02
   1.8126754e-02
   3.3269044e-02
   1.2278883e-02
   4.2327698e-02
   6.1298002e-02
   6.4127989e-02
   2.3538621e-02
   5.4068889e-02
   7.7102408e-02
   4.9605157e-02
   2.2833198e-02
   6.2876768e-02
   6.5358110e-02
   4.7640022e-02
   2.2710426e-02
   4.4509202e-02
   2.9553585e-02
   3.7969861e-02
   2.0224217e-02
   3.6288761e-02
   3.9553687e-02
   5.5379409e-02
   3.3160903e-02
   3.7709810e-02
   6.1931990e-02
   3.1398512e-02
   1.5098772e-02
   4.8805136e-02
   6.7127481e-02
   2.4693061e-02
   1.3448223e-02
   6.1715722e-02
   4.3698143e-02
   1.9455779e-02
   1.0657682e-02
   3.3676378e-02
   3.2335877e-02
   4.1469455e-02
   3.4532949e-02
   3.0593866e-02
   4.7924679e-02
   2.1786856e-02
   1.1337376e-02
   5.2216332e-02
   9.0911433e-02
   1.8901290e-02
   8.7902118e-03
   1.1361007e-01
   4.0932838e-02
   1.4158548e-02
   6.6540157e-03
   3.4383114e-02
   3.3588812e-02
   4.7094636e-02
   1.8151527e-02
   3.6802258e-02
   5.5586439e-02
   2.8588897e-02
   1.0590566e-02
   9.2335075e-02
   1.2073430e-01
   4.5314044e-02
   8.1974110e-03
   7.3535942e-02
   4.7509562e-02
   3.6694597e-02
   8.1612496e-03
   4.9112365e-02
   4.5126554e-02
   7.1284115e-02
   1.2517797e-02
   1.0642361e-01
   1.1326551e-01
   7.0289060e-02
   7.0200786e-03
   1.2130258e-01
   2.0145129e-01
   1.4308962e-01
   6.7230556e-03
   4.6303868e-02
   1.2507425e-01
   1.0353231e-01
   1.8343408e-02
   9.6537910e-02
   5.5022202e-02
   4.7512934e-02
   1.2134104e-02
   1.3950358e-01
   1.4657447e-01
   3.7717406e-02
   6.2502231e-03
   4.9172327e-02
   9.8190218e-02
   6.0461342e-02
   6.7506647e-03
   3.8446669e-02
   5.6554228e-02
   5.2304473e-02
   1.2180400e-02
   1.6758505e-01
   1.1971850e-01
   4.0447786e-02
   1.2229501e-02
   7.5423717e-02
   1.4568685e-01
   2.3268361e-02
   6.4842259e-03
   4.3108203e-02
   5.0916731e-02
   1.4708719e-02
   6.8620117e-03
   3.5838787e-02
   1.9462226e-02
   2.4054585e-02
   8.8973837e-03
   1.0931386e-01
   1.3150193e-01
   4.7371916e-02
   1.5997648e-02
   5.0752200e-02
   9.3108647e-02
   3.5086103e-02
   1.4075794e-02
   5.3477496e-02
   6.1972950e-02
   3.0542323e-02
   1.5553870e-02
   3.8774375e-02
   2.3853146e-02
   5.0248850e-02
   1.4793758e-02
   5.7434414e-02
   6.5576762e-02
   7.1285821e-02
   2.4232617e-02
   6.7067623e-02
   8.4419824e-02
   6.2567070e-02
   2.9140085e-02
   7.8289129e-02
   7.5499229e-02
   6.1967589e-02
   3.0564750e-02
   5.6073640e-02
   4.2946719e-02
   5.4401405e-02
   2.9437030e-02
   4.5100480e-02
   4.8394889e-02
   6.0567658e-02
   3.3418212e-02
   4.5532260e-02
   7.0172943e-02
   3.7571225e-02
   1.5637502e-02
   5.8504034e-02
   7.8620262e-02
   2.7461795e-02
   1.4670307e-02
   9.3051136e-02
   6.2271003e-02
   2.4276389e-02
   1.2538640e-02
   4.0120717e-02
   4.2100850e-02
   4.3097079e-02
   3.7881870e-02
   3.5378005e-02
   5.9605047e-02
   2.5993749e-02
   7.8711379e-03
   7.5748637e-02
   1.1705644e-01
   1.7302698e-02
   6.2439120e-03
   1.9204023e-01
   5.7263546e-02
   1.6863655e-02
   5.4672537e-03
   4.0087260e-02
   4.1592956e-02
   5.2545927e-02
   1.8743513e-02
   4.3966096e-02
   7.1597412e-02
   4.1878816e-02
   8.2030473e-03
   1.5112260e-01
   1.6117856e-01
   6.5967545e-02
   5.5261459e-03
   1.1524653e-01
   6.4193077e-02
   4.5748357e-02
   8.6457953e-03
   7.9262219e-02
   5.8159143e-02
   8.8614151e-02
   1.6763432e-02
   1.7716527e-01
   9.0011612e-02
   6.0552802e-02
   6.3696997e-03
   1.8059745e-01
   1.1060211e-01
   3.8393509e-02
   6.0798335e-03
   6.9725960e-02
   2.0268455e-01
   1.6185227e-01
   3.4603283e-02
   1.5671457e-01
   5.0357457e-02
   5.7513271e-02
   1.3321944e-02
   2.3964877e-01
   1.2463399e-01
   4.2774074e-02
   5.6334781e-03
   8.1216700e-02
   6.3740060e-02
   2.1995997e-02
   6.4276233e-03
   5.8721509e-02
   9.0253100e-02
   8.2798950e-02
   2.0637760e-02
   2.6467791e-01
   6.6460848e-02
   5.0648823e-02
   1.1911430e-02
   1.3207151e-01
   9.6582070e-02
   3.1186784e-02
   6.3979421e-03
   6.5270983e-02
   5.2568495e-02
   1.0937775e-02
   6.3804504e-03
   5.6123976e-02
   2.2787279e-02
   3.1202937e-02
   1.1233934e-02
   1.5428402e-01
   8.0955327e-02
   6.1781775e-02
   1.8345784e-02
   7.4829519e-02
   6.6258825e-02
   4.1884281e-02
   1.9950682e-02
   6.9565073e-02
   5.2948106e-02
   3.8721975e-02
   2.2647168e-02
   6.0401458e-02
   3.1183669e-02
   6.0936864e-02
   2.1965453e-02
   8.5485876e-02
   6.8299018e-02
   8.9493647e-02
   3.3890825e-02
   8.1472576e-02
   1.0089976e-01
   7.9387680e-02
   4.5227911e-02
   8.4163994e-02
   7.9451762e-02
   8.5063361e-02
   5.0220471e-02
   8.3134636e-02
   5.7387441e-02
   6.9609769e-02
   4.7340840e-02
   7.6859914e-02
   5.0136384e-02
   8.1457667e-02
   4.4284269e-02
   6.8378396e-02
   6.6739134e-02
   4.7043011e-02
   2.1244133e-02
   8.0329545e-02
   6.1152358e-02
   3.7065934e-02
   2.1368138e-02
   1.4200848e-01
   7.2271273e-02
   3.2165237e-02
   1.8014034e-02
   6.9931254e-02
   4.7211997e-02
   5.9327278e-02
   6.0772762e-02
   6.1229292e-02
   6.1669081e-02
   3.3248644e-02
   6.7501576e-03
   1.1534961e-01
   9.0632424e-02
   1.0127649e-02
   5.5841836e-03
   2.7315786e-01
   6.0123175e-02
   2.2823945e-02
   5.7324651e-03
   7.0210412e-02
   5.3773116e-02
   7.1061671e-02
   2.9299892e-02
   7.7135772e-02
   5.5630520e-02
   4.4682972e-02
   6.8975915e-03
   2.2795552e-01
   1.2087152e-01
   1.9585935e-02
   4.3780678e-03
   1.7311999e-01
   8.9603297e-02
   7.3079467e-02
   1.4732720e-02
   9.6965462e-02
   7.4072696e-02
   1.1475586e-01
   2.7299481e-02
   1.8305375e-01
   4.8716206e-02
   5.6762274e-02
   6.0155932e-03
   1.7911087e-01
   5.5794861e-02
   3.0615667e-02
   5.9050741e-03
   9.4194099e-02
   1.8821658e-01
   1.3962620e-01
   3.6345880e-02
   1.2398516e-01
   5.0634611e-02
   7.1061268e-02
   2.0994993e-02
   2.2742268e-01
   5.7349693e-02
   5.0542366e-02
   6.1667673e-03
   9.2910789e-02
   2.8278729e-02
   1.7927082e-02
   6.5567866e-03
   9.1686577e-02
   9.2599005e-02
   7.5798653e-02
   2.1336408e-02
   1.3928895e-01
   6.5149821e-02
   6.5979525e-02
   1.7292196e-02
   1.1424530e-01
   4.2252284e-02
   4.4836503e-02
   6.7356643e-03
   9.1741435e-02
   2.6440861e-02
   1.2396911e-02
   7.5994800e-03
   7.2913304e-02
   2.6513042e-02
   3.2375369e-02
   1.4389776e-02
   7.7352799e-02
   9.5441818e-02
   1.1102389e-01
   2.8094994e-02
   7.5678959e-02
   4.9131274e-02
   5.7654038e-02
   2.7589446e-02
   8.1811212e-02
   3.0879542e-02
   4.7590122e-02
   3.2413468e-02
   6.8188019e-02
   3.4233753e-02
   6.7714877e-02
   3.1243585e-02
   1.0584738e-01
   7.1911961e-02
   1.1470060e-01
   5.3926755e-02
   1.1188566e-01
   8.0576442e-02
   9.4685547e-02
   6.4075321e-02
   1.1368497e-01
   5.8705818e-02
   1.1057466e-01
   7.2605535e-02
   1.1898284e-01
   6.5563537e-02
   8.1687175e-02
   7.0478797e-02
   8.0834247e-02
   4.0435173e-02
   1.0786271e-01
   6.9278918e-02
   7.7127621e-02
   5.2646000e-02
   6.6687725e-02
   3.2402311e-02
   8.6739786e-02
   4.4640929e-02
   5.2528679e-02
   2.8653253e-02
   9.9942192e-02
   7.4023321e-02
   4.0212441e-02
   2.5849456e-02
   9.0911090e-02
   4.6116993e-02
   7.9497136e-02
   9.1990203e-02
   8.7624274e-02
   5.0177503e-02
   5.7282906e-02
   9.4541572e-03
   1.1250203e-01
   4.4568527e-02
   1.0902467e-02
   5.8485824e-03
   1.6822670e-01
   5.4777946e-02
   2.3019575e-02
   7.5713666e-03
   8.7101325e-02
   6.8227299e-02
   9.7096078e-02
   4.7155742e-02
   9.3910180e-02
   3.6059912e-02
   6.3748918e-02
   9.2790993e-03
   2.1575154e-01
   6.0431272e-02
   1.6456326e-02
   4.5677694e-03
   1.3848725e-01
   7.3029645e-02
   6.1797652e-02
   1.6771950e-02
