   2.6408928e-02
   3.3249419e-02
   3.8767975e-02
   1.0654003e-02
   2.0561678e-02
   1.1334492e-02
   3.0405223e-02
   8.4140496e-03
   2.2894159e-02
   9.3375798e-03
   2.6671689e-02
   8.1159752e-03
   2.3508400e-02
   5.2355630e-03
   2.5986725e-02
   7.7071991e-03
   2.5841588e-02
   3.0914167e-02
   3.5468731e-02
   9.9824211e-03
   2.0277221e-02
   1.0849104e-02
   2.7614759e-02
   7.3318505e-03
   2.0754397e-02
   6.2465421e-03
   2.4061374e-02
   7.9517681e-03
   2.2559281e-02
   4.6393061e-03
   2.3214027e-02
   8.2581267e-03
   2.6242696e-02
   3.1167351e-02
   3.3055820e-02
   9.8067271e-03
   2.1257536e-02
   1.2109792e-02
   2.4718072e-02
   7.0048603e-03
   2.1588843e-02
   5.0765234e-03
   2.3214921e-02
   7.2841169e-03
   2.3159163e-02
   4.4884132e-03
   2.4488723e-02
   8.9334436e-03
   8.3591968e-02
   4.5286492e-02
   4.0657368e-02
   1.0274588e-02
   7.6581784e-02
   2.4501832e-02
   2.7361043e-02
   7.9203630e-03
   7.6298453e-02
   8.5874107e-03
   2.7333057e-02
   7.7458383e-03
   7.5863332e-02
   5.7725725e-03
   3.3156294e-02
   8.8299038e-03
   1.8700710e-01
   7.2175115e-02
   7.0376374e-02
   1.3279218e-02
   1.7622663e-01
   4.6006516e-02
   3.5645027e-02
   9.7812144e-03
   1.7725243e-01
   1.4515160e-02
   3.3036564e-02
   9.9183619e-03
   1.7882158e-01
   7.5629447e-03
   4.0992286e-02
   1.0339604e-02
   7.9654105e-02
   4.7114596e-02
   5.3015850e-02
   1.2592652e-02
   7.4803464e-02
   2.8067134e-02
   3.5651334e-02
   8.7640965e-03
   7.7516578e-02
   9.3201222e-03
   2.4859363e-02
   7.5686639e-03
   7.9942368e-02
   5.4717897e-03
   2.8829524e-02
   7.9735219e-03
   2.5997730e-02
   3.1052595e-02
   3.4065668e-02
   1.3175573e-02
   2.2419883e-02
   1.2095768e-02
   2.8905831e-02
   9.0103261e-03
   2.2622256e-02
   5.2180500e-03
   2.2426276e-02
   7.2679888e-03
   2.5084669e-02
   4.5342674e-03
   2.3304705e-02
   7.3508294e-03
   2.4861366e-02
   3.0389344e-02
   3.7817016e-02
   1.1551562e-02
   2.0977514e-02
   1.0392968e-02
   2.5695490e-02
   9.1474485e-03
   2.1860685e-02
   6.6726939e-03
   2.3419570e-02
   7.6031266e-03
   2.2850756e-02
   4.8268642e-03
   2.3580369e-02
   7.0773619e-03
   2.4632981e-02
   3.5505481e-02
   3.7625257e-02
   8.6358003e-03
   1.8439103e-02
   1.2939055e-02
   3.0269425e-02
   6.9205803e-03
   2.5336022e-02
   1.3734015e-02
   3.9253768e-02
   7.1268724e-03
   2.2877384e-02
   5.5342303e-03
   3.7224889e-02
   5.5191405e-03
   2.5557149e-02
   3.2932140e-02
   3.7889712e-02
   7.8700138e-03
   2.0256789e-02
   1.2660788e-02
   2.8760122e-02
   5.0842362e-03
   2.3302836e-02
   8.7772133e-03
   3.1940088e-02
   6.6932216e-03
   2.2936169e-02
   4.5439657e-03
   3.2986253e-02
   6.5539130e-03
   3.1900950e-02
   3.2573402e-02
   3.6011238e-02
   7.8075868e-03
   2.4172053e-02
   1.4022141e-02
   2.7674621e-02
   5.0643180e-03
   2.9818077e-02
   6.4404150e-03
   3.1339515e-02
   5.6759729e-03
   2.9259980e-02
   4.1244570e-03
   3.2134578e-02
   6.6389833e-03
   1.1394679e-01
   4.4954531e-02
   4.5370482e-02
   8.6328033e-03
   1.1458282e-01
   2.3405237e-02
   3.0734926e-02
   6.8176365e-03
   1.1763796e-01
   1.0288811e-02
   3.9175972e-02
   7.2110249e-03
   1.1883372e-01
   5.8433074e-03
   4.7248770e-02
   7.6310812e-03
   2.5145900e-01
   7.2188832e-02
   8.5192919e-02
   1.1870666e-02
   2.5692537e-01
   4.9699716e-02
   4.2166114e-02
   9.5651308e-03
   2.6488921e-01
   1.6830539e-02
   5.1744517e-02
   1.0336629e-02
   2.7121705e-01
   7.7038328e-03
   6.3421965e-02
   1.1235402e-02
   1.0885336e-01
   4.9214859e-02
   6.2466279e-02
   9.0500386e-03
   1.1011533e-01
   3.2963283e-02
   4.5338608e-02
   7.3540062e-03
   1.1981430e-01
   1.1410518e-02
   3.3352751e-02
   7.1692006e-03
   1.2478778e-01
   5.0592381e-03
   3.9114315e-02
   6.7112041e-03
   2.8484510e-02
   3.5905398e-02
   3.5735596e-02
   9.2963222e-03
   2.5851754e-02
   1.4500507e-02
   3.3529609e-02
   7.2995569e-03
   3.0205516e-02
   7.0879143e-03
   2.8442193e-02
   6.0191918e-03
   3.2369714e-02
   3.9223232e-03
   3.1596411e-02
   5.2369745e-03
   2.4465224e-02
   3.3960495e-02
   3.8562007e-02
   8.9971935e-03
   2.0172525e-02
   1.2035928e-02
   2.7785091e-02
   7.5591770e-03
   2.4924288e-02
   9.3777636e-03
   3.2428320e-02
   6.3269902e-03
   2.2155561e-02
   4.6694996e-03
   3.1945381e-02
   4.7432873e-03
   3.2368656e-02
   4.2602163e-02
   4.5347612e-02
   1.0844351e-02
   1.9237990e-02
   2.0009257e-02
   4.1876215e-02
   8.1494013e-03
   3.7603531e-02
   2.0020714e-02
   4.7040146e-02
   6.5060668e-03
   3.1655431e-02
   7.5540771e-03
   5.0904676e-02
   5.8404836e-03
   3.1186936e-02
   3.9243810e-02
   4.1433081e-02
   8.8494383e-03
   3.1510033e-02
   1.9542128e-02
   4.3782145e-02
   6.0116365e-03
   3.0397518e-02
   1.3724484e-02
   4.4747870e-02
   6.6652885e-03
   3.3411730e-02
   5.8604386e-03
   4.8622746e-02
   5.7412465e-03
   3.9339319e-02
   3.8455516e-02
   3.7072498e-02
   7.8864014e-03
   3.0747076e-02
   1.9416414e-02
   4.2184819e-02
   6.1282367e-03
   4.6771426e-02
   1.0390070e-02
   4.5357324e-02
   5.3577218e-03
   4.0659923e-02
   4.8999065e-03
   4.1233730e-02
   6.4227898e-03
   9.3701378e-02
   5.7541829e-02
   5.2543018e-02
   9.5089646e-03
   1.0044768e-01
   3.5643362e-02
   4.5758076e-02
   8.4165344e-03
   1.1407552e-01
   1.9706175e-02
   5.1805485e-02
   8.4503638e-03
   1.1350741e-01
   8.8440021e-03
   5.4723389e-02
   9.4577456e-03
   1.8825912e-01
   9.6122004e-02
   1.0625198e-01
   1.4316892e-02
   2.1432920e-01
   8.3949678e-02
   5.6169935e-02
   1.3812169e-02
   2.2957082e-01
   3.3676114e-02
   7.3472358e-02
   1.4132243e-02
   2.5064719e-01
   1.4859444e-02
   7.7411927e-02
   1.4915622e-02
   9.4065733e-02
   5.2508455e-02
   7.6774567e-02
   1.0807374e-02
   1.0099149e-01
   5.2189413e-02
   5.9472397e-02
   8.4008425e-03
   1.1753048e-01
   1.9890184e-02
   4.8661031e-02
   7.5596119e-03
   1.1194019e-01
   7.8579281e-03
   4.9211752e-02
   7.9679387e-03
   3.7187174e-02
   4.0173680e-02
   4.0626939e-02
   1.0013772e-02
   3.6435038e-02
   2.1403633e-02
   5.2755468e-02
   7.4862051e-03
   4.0027808e-02
   1.1410988e-02
   4.4170856e-02
   5.0517041e-03
   4.5033347e-02
   4.6986756e-03
   5.1112875e-02
   4.4242619e-03
   3.1553883e-02
   4.0039703e-02
   4.3845035e-02
   1.0106182e-02
   2.8347429e-02
   1.7589733e-02
   3.9870296e-02
   8.8754864e-03
   3.5029281e-02
   1.4209133e-02
   4.2605609e-02
   5.4890919e-03
   2.9298872e-02
   6.2790662e-03
   4.8976056e-02
   4.7542052e-03
   3.0891320e-02
   5.6444123e-02
   6.4859964e-02
   1.6405968e-02
   1.6981699e-02
   3.2110985e-02
   6.5918200e-02
   1.2570968e-02
   5.4721311e-02
   2.6086872e-02
   8.3352432e-02
   1.1523628e-02
   3.4017563e-02
   1.0552230e-02
   7.9247653e-02
   1.1061112e-02
   3.5588048e-02
   5.4838181e-02
   5.1161699e-02
   1.2664364e-02
   4.3193277e-02
   3.2796267e-02
   6.6338725e-02
   1.0427607e-02
   2.9612636e-02
   2.2970697e-02
   6.6506654e-02
   1.0758085e-02
   4.0420234e-02
   1.0208691e-02
   7.4118286e-02
   9.7490624e-03
   3.6367342e-02
   4.2257819e-02
   4.2972416e-02
   6.9615459e-03
   3.5328463e-02
   3.2954700e-02
   6.2481284e-02
   9.3939882e-03
   3.5850823e-02
   1.7454335e-02
   5.1859614e-02
   7.6775942e-03
   4.3507848e-02
   7.2137746e-03
   5.7209376e-02
   8.8168364e-03
   3.6995575e-02
   6.3963071e-02
   6.8084359e-02
   1.2153140e-02
   2.6906725e-02
   5.1937953e-02
   7.1593195e-02
   1.2423268e-02
   6.1794270e-02
   3.2743387e-02
   7.5733662e-02
   1.5539172e-02
   6.3352741e-02
   1.8532185e-02
   6.9216080e-02
   1.3715820e-02
   5.9524979e-02
   1.2421210e-01
   1.1432128e-01
   2.4150057e-02
   5.2141443e-02
   1.1921667e-01
   9.1737121e-02
   2.2732209e-02
   9.4763786e-02
   4.9811948e-02
   1.2322196e-01
   2.5414074e-02
   1.1725053e-01
   3.7421182e-02
   9.6335046e-02
   2.6805459e-02
   4.2717833e-02
   6.0804009e-02
   7.5752847e-02
   1.7136008e-02
   3.6672190e-02
   7.4591957e-02
   6.7419983e-02
   1.2725176e-02
   5.6390863e-02
   3.2887511e-02
   7.6988630e-02
   1.0582966e-02
   5.1294599e-02
   1.7812360e-02
   5.1171608e-02
   1.2962471e-02
   3.5760008e-02
   3.8453966e-02
   5.0488014e-02
   1.5069799e-02
   2.5874134e-02
   3.5572890e-02
   7.2077312e-02
   1.1854352e-02
   2.2698157e-02
   1.5321029e-02
   6.0539976e-02
   5.1966095e-03
   4.9251948e-02
   7.9031568e-03
   6.5013692e-02
   4.9101193e-03
   3.8311750e-02
   4.6374042e-02
   4.9785193e-02
   1.3602916e-02
   2.2869674e-02
   2.7588062e-02
   5.6497205e-02
   1.1229432e-02
   5.8695063e-02
   2.3763467e-02
   7.7346079e-02
   7.8378366e-03
   3.5053466e-02
   1.1689050e-02
   7.2670281e-02
   7.2606532e-03
