   3.8785502e-02
   3.8389172e-02
   4.9675681e-02
   3.0145133e-02
   2.6829377e-02
   2.8411862e-02
   3.0377010e-02
   2.8387928e-02
   2.4229297e-02
   2.6720671e-02
   2.4578407e-02
   2.7097289e-02
   4.4529699e-03
   5.3934138e-03
   2.2102613e-02
   2.6637781e-02
   3.6027420e-02
   3.0177219e-02
   4.5115691e-02
   2.9860262e-02
   1.8889248e-02
   1.6340252e-02
   2.0487970e-02
   2.5498368e-02
   1.1402193e-02
   1.2414287e-02
   1.3199770e-02
   2.3869131e-02
   4.4907709e-03
   5.2795042e-03
   2.0111971e-02
   2.6879158e-02
   3.0720230e-02
   2.5253301e-02
   3.9783079e-02
   3.0447964e-02
   1.5440118e-02
   1.0894609e-02
   1.5871292e-02
   2.3699915e-02
   4.4659609e-03
   4.6996367e-03
   6.7739082e-03
   2.2755830e-02
   4.4533270e-03
   5.2112397e-03
   1.9728864e-02
   2.6518242e-02
   4.8726521e-02
   5.1731165e-02
   5.8811225e-02
   4.2904064e-02
   2.2943145e-02
   1.5227880e-02
   2.0682603e-02
   3.4941647e-02
   4.7305133e-03
   4.5634345e-03
   6.9217365e-03
   2.7276602e-02
   5.2008689e-03
   5.6989398e-03
   2.2329278e-02
   3.1615853e-02
   8.8165879e-02
   1.0077628e-01
   1.0931371e-01
   7.7281207e-02
   3.9340816e-02
   2.2293018e-02
   3.2529652e-02
   5.9132628e-02
   5.4144193e-03
   4.5357398e-03
   8.9548873e-03
   3.6370333e-02
   6.6185775e-03
   5.9840125e-03
   2.6919661e-02
   4.2407371e-02
   4.5059130e-02
   4.7079887e-02
   5.5483799e-02
   4.5036573e-02
   2.2237562e-02
   1.3786885e-02
   2.0823102e-02
   3.7096579e-02
   4.7222334e-03
   4.3340968e-03
   6.9914460e-03
   2.7096596e-02
   5.2899779e-03
   5.5774031e-03
   2.3519872e-02
   3.2460295e-02
   2.8728247e-02
   2.5107823e-02
   3.7099380e-02
   2.9897442e-02
   1.5083749e-02
   1.0414639e-02
   1.4699684e-02
   2.5075357e-02
   4.2563062e-03
   4.7683353e-03
   6.5516704e-03
   2.3967221e-02
   4.3142107e-03
   5.2901804e-03
   2.0794548e-02
   2.6657443e-02
   3.4800779e-02
   3.1343754e-02
   4.2717043e-02
   2.9844500e-02
   1.9678544e-02
   1.6430719e-02
   2.0553896e-02
   2.5422921e-02
   1.1740509e-02
   1.3071998e-02
   1.3964893e-02
   2.5212338e-02
   4.2244834e-03
   5.3118817e-03
   2.1290524e-02
   2.6916008e-02
   2.8499374e-02
   3.8774122e-02
   3.8836729e-02
   1.7004045e-02
   3.0181376e-02
   3.6918800e-02
   3.6201321e-02
   2.0394275e-02
   3.0963920e-02
   2.4131281e-02
   2.8965088e-02
   2.1825697e-02
   2.4426789e-03
   3.4196794e-03
   2.3240548e-02
   1.4824384e-02
   2.6189532e-02
   3.0658344e-02
   3.2180753e-02
   1.6480451e-02
   1.8628560e-02
   1.9308211e-02
   2.2404725e-02
   1.7099326e-02
   1.2897617e-02
   1.1386237e-02
   1.4737853e-02
   1.6392011e-02
   2.4726861e-03
   3.3833066e-03
   2.0231819e-02
   1.3981616e-02
   2.2405002e-02
   2.4762332e-02
   2.7536802e-02
   1.7856179e-02
   1.3402163e-02
   1.2064653e-02
   1.8439321e-02
   1.7064169e-02
   4.1563311e-03
   4.1239774e-03
   7.1354927e-03
   1.4546923e-02
   2.6168206e-03
   3.3845457e-03
   1.8807115e-02
   1.4328869e-02
   5.8336854e-02
   7.5257353e-02
   7.3528305e-02
   4.0956862e-02
   3.1467520e-02
   2.0713162e-02
   2.6554620e-02
   3.9433707e-02
   4.5807012e-03
   3.4370320e-03
   8.8707497e-03
   2.3076085e-02
   4.1998494e-03
   3.4702348e-03
   2.6283674e-02
   2.2153025e-02
   1.2095610e-01
   1.5875618e-01
   1.6578649e-01
   9.3064442e-02
   6.1254386e-02
   3.2608934e-02
   4.1127544e-02
   8.6187109e-02
   5.6059342e-03
   3.2860092e-03
   1.2409083e-02
   3.7294228e-02
   6.0846279e-03
   3.7349963e-03
   3.2242525e-02
   3.9661497e-02
   4.7706466e-02
   6.4466417e-02
   6.8889394e-02
   4.2538885e-02
   2.9318504e-02
   1.8353840e-02
   2.3280956e-02
   4.1429427e-02
   4.2732656e-03
   3.2218655e-03
   8.1500812e-03
   2.1901816e-02
   3.9336062e-03
   3.4942036e-03
   2.4243100e-02
   2.2951417e-02
   2.1081377e-02
   2.5173962e-02
   2.8160293e-02
   1.6725352e-02
   1.3552571e-02
   1.1813535e-02
   1.4500375e-02
   1.7082179e-02
   3.5293300e-03
   3.9986465e-03
   7.0187864e-03
   1.5103200e-02
   2.5307771e-03
   3.2429125e-03
   2.1929383e-02
   1.3672577e-02
   2.5439341e-02
   3.2284748e-02
   3.1778052e-02
   1.6058182e-02
   1.9772545e-02
   2.1288643e-02
   2.4041366e-02
   1.9462764e-02
   1.4321359e-02
   1.2080190e-02
   1.7366083e-02
   2.1175170e-02
   2.2709533e-03
   3.4471161e-03
   2.3095727e-02
   1.4455685e-02
   2.1064961e-02
   5.2444566e-02
   3.0416785e-02
   1.1809969e-02
   4.3076243e-02
   5.9090469e-02
   5.0581977e-02
   1.9115146e-02
   4.0163551e-02
   3.3937793e-02
   4.4899244e-02
   2.3796091e-02
   1.6564172e-03
   2.3091477e-03
   2.8240172e-02
   7.5402823e-03
   1.8738091e-02
   4.0997423e-02
   2.5141949e-02
   1.1766576e-02
   2.5725856e-02
   2.9133599e-02
   2.9679213e-02
   1.6603999e-02
   1.5356592e-02
   1.3412415e-02
   2.0487888e-02
   1.7411398e-02
   1.5749908e-03
   2.3537048e-03
   2.6846332e-02
   9.0207579e-03
   1.7467614e-02
   3.4163829e-02
   2.4841350e-02
   1.2553600e-02
   1.9937821e-02
   1.9324960e-02
   2.9040575e-02
   1.6068606e-02
   5.3669093e-03
   5.4491735e-03
   1.1117759e-02
   1.4198290e-02
   1.5119498e-03
   2.6295932e-03
   2.3610707e-02
   9.5074587e-03
   6.9629833e-02
   8.6025439e-02
   8.1628777e-02
   5.3603370e-02
   4.2915858e-02
   3.5501536e-02
   4.2738874e-02
   5.4431852e-02
   7.2051762e-03
   4.4122324e-03
   1.5460782e-02
   3.0638529e-02
   4.5240251e-03
   2.6163158e-03
   3.4585614e-02
   2.3549899e-02
   1.5243177e-01
   1.8445826e-01
   1.7443638e-01
   1.3470681e-01
   6.7178689e-02
   5.6156795e-02
   6.1592389e-02
   1.2692505e-01
   8.8707609e-03
   3.8819441e-03
   2.3323767e-02
   5.3030957e-02
   8.4241312e-03
   3.1761944e-03
   4.8738990e-02
   5.2415337e-02
   5.6029167e-02
   7.3386826e-02
   7.5853892e-02
   5.6086611e-02
   3.6605552e-02
   3.0298742e-02
   3.2860909e-02
   5.4664243e-02
   6.1965669e-03
   3.9961678e-03
   1.3974415e-02
   2.9468892e-02
   4.7836844e-03
   2.4605037e-03
   3.5933472e-02
   2.4055419e-02
   1.9054504e-02
   3.2288671e-02
   2.6524430e-02
   1.1382108e-02
   1.7970733e-02
   1.9135548e-02
   2.2119725e-02
   1.4903510e-02
   4.5658411e-03
   4.5985663e-03
   9.6350461e-03
   1.6812721e-02
   1.9694292e-03
   2.2157328e-03
   2.9131625e-02
   9.0755764e-03
   2.0290624e-02
   4.0950116e-02
   2.6041297e-02
   1.0355147e-02
   2.7118921e-02
   3.3531338e-02
   3.3968505e-02
   1.8258352e-02
   1.7818559e-02
   1.5275788e-02
   2.6296942e-02
   2.2637771e-02
   1.4221873e-03
   2.3102001e-03
   3.2122884e-02
   9.1593890e-03
   2.5252221e-02
   6.9139771e-02
   4.3679211e-02
   1.2716623e-02
   7.7043168e-02
   1.0676266e-01
   8.8056400e-02
   3.3405639e-02
   7.0363358e-02
   5.9410647e-02
   5.3474680e-02
   3.8090803e-02
   1.4512533e-03
   2.2270854e-03
   3.1639762e-02
   5.7511567e-03
   1.9511383e-02
   4.5425221e-02
   2.5993951e-02
   1.0425066e-02
   4.2058531e-02
   4.5744017e-02
   3.8804147e-02
   2.3205817e-02
   2.5822774e-02
   2.3055721e-02
   2.6272390e-02
   3.1592198e-02
   1.0730219e-03
   3.0200463e-03
   2.6078371e-02
   4.7644768e-03
   1.9725678e-02
   4.0030364e-02
   2.6301499e-02
   1.1061357e-02
   2.8959442e-02
   3.3186294e-02
   3.8597986e-02
   2.1180369e-02
   7.6695611e-03
   5.6169941e-03
   1.6013253e-02
   2.2597877e-02
   1.7292837e-03
   3.6064920e-03
   2.6830174e-02
   6.8827351e-03
   6.6562817e-02
   1.2370090e-01
   8.5917011e-02
   5.3399086e-02
   5.0426558e-02
   4.8248492e-02
   5.7517745e-02
   6.9679990e-02
   1.4749128e-02
   5.3829504e-03
   2.6950359e-02
   5.0094090e-02
   8.1278747e-03
   3.3867164e-03
   5.1808536e-02
   3.2199256e-02
   1.3722402e-01
   2.7082637e-01
   1.8026341e-01
   1.4376844e-01
   6.8410009e-02
   6.7055367e-02
   7.2391145e-02
   1.4198516e-01
   1.8907260e-02
   5.4016304e-03
   4.4534445e-02
   8.6570226e-02
   1.7147493e-02
   4.9621458e-03
   7.8410529e-02
   8.3535790e-02
   5.1391069e-02
   1.0312951e-01
   8.2374498e-02
   5.9072774e-02
   4.6139408e-02
   4.5545314e-02
   5.1210787e-02
   6.4054795e-02
   1.1913377e-02
   5.3819125e-03
   2.7261252e-02
   4.9527530e-02
   8.5717849e-03
   3.6451705e-03
   5.0638989e-02
   3.4261771e-02
   1.9425018e-02
   3.7821762e-02
   3.2569833e-02
   1.1408140e-02
   2.7662029e-02
   3.1180769e-02
   4.1835990e-02
   2.1178070e-02
   6.2123267e-03
   6.4551989e-03
   1.5665296e-02
   2.9279115e-02
   2.5467079e-03
   2.3058834e-03
   3.7861440e-02
   6.3764565e-03
   2.0937961e-02
   4.8090842e-02
   3.0139398e-02
   9.3667805e-03
   4.7071099e-02
   5.3283863e-02
   5.6928068e-02
   2.4916433e-02
   2.9959459e-02
   2.5600359e-02
   3.4727078e-02
   2.7882239e-02
   1.5404299e-03
   2.3891584e-03
   3.6684901e-02
   5.2786493e-03
