   3.8170479e-02
   1.0726850e-01
   8.8280424e-02
   2.8793590e-02
   5.1693458e-02
   1.0279065e-01
   9.6821234e-02
   4.1704830e-02
   7.1248002e-02
   9.6837170e-02
   9.1102973e-02
   2.9661074e-02
   5.3269703e-02
   4.5722757e-02
   4.2956624e-02
   3.5132464e-02
   3.8780089e-02
   5.4244772e-02
   4.1802417e-02
   2.4027562e-02
   4.0604927e-02
   4.7995433e-02
   4.9116783e-02
   2.5336120e-02
   4.1930992e-02
   4.3541159e-02
   4.7109738e-02
   1.9023629e-02
   3.2892801e-02
   2.6633637e-02
   2.6413478e-02
   2.6872661e-02
   4.0198825e-02
   2.6105532e-02
   2.2110693e-02
   2.2869689e-02
   3.5885762e-02
   1.7932011e-02
   2.2848291e-02
   1.6707808e-02
   2.4289146e-02
   1.4900068e-02
   2.2574190e-02
   1.4131597e-02
   2.2383204e-02
   1.5779704e-02
   1.6605036e-02
   2.3583246e-02
   4.4059996e-02
   2.8362226e-02
   3.5566464e-02
   2.3880942e-02
   3.5943870e-02
   2.0880649e-02
   3.5966184e-02
   1.8228102e-02
   2.3178291e-02
   1.7775508e-02
   4.3343812e-02
   1.6647555e-02
   2.1684714e-02
   1.5963821e-02
   1.9734591e-02
   2.8480517e-02
   4.9578495e-02
   4.7040384e-02
   4.9527101e-02
   3.0472202e-02
   4.5228068e-02
   4.2928237e-02
   4.5980711e-02
   1.7324768e-02
   4.1427892e-02
   3.7759356e-02
   6.0108561e-02
   1.6468287e-02
   2.2178916e-02
   1.9111095e-02
   2.1845249e-02
   2.8378725e-02
   9.3211412e-02
   6.5492772e-02
   2.8253987e-02
   2.9293833e-02
   9.8931096e-02
   4.4672348e-02
   2.8617084e-02
   1.5060690e-02
   7.9177439e-02
   3.1863984e-02
   3.1272084e-02
   1.2436165e-02
   2.3539418e-02
   1.7603295e-02
   1.7978530e-02
   2.2839736e-02
   9.4215252e-02
   3.7872531e-02
   2.2106385e-02
   2.2960929e-02
   7.1008258e-02
   2.1841053e-02
   2.2176970e-02
   1.4490759e-02
   4.2334460e-02
   1.6245659e-02
   2.2066621e-02
   1.2459089e-02
   2.1684939e-02
   1.4980431e-02
   1.6668715e-02
   2.1880712e-02
   4.3206546e-02
   5.1983453e-02
   4.4824369e-02
   2.4369083e-02
   4.1980039e-02
   4.4894263e-02
   4.7341231e-02
   2.3573289e-02
   3.9452627e-02
   4.0633470e-02
   4.2460971e-02
   1.7527731e-02
   3.1416882e-02
   2.4170121e-02
   2.4234762e-02
   2.6021229e-02
   3.1600241e-02
   1.3985741e-01
   1.1906838e-01
   3.1451955e-02
   4.7646612e-02
   1.4137492e-01
   1.1049423e-01
   4.9172267e-02
   9.7976707e-02
   1.5225530e-01
   1.4447065e-01
   4.5882989e-02
   6.7313753e-02
   6.5238439e-02
   6.1197877e-02
   3.9187215e-02
   3.4521069e-02
   6.5761633e-02
   5.2244276e-02
   1.9056519e-02
   3.6395069e-02
   6.5125965e-02
   5.6733835e-02
   2.7536303e-02
   4.9183592e-02
   6.6401586e-02
   6.7259140e-02
   2.4412638e-02
   3.4082565e-02
   3.1674590e-02
   3.1400573e-02
   2.4209581e-02
   3.6591217e-02
   2.4918452e-02
   2.4470888e-02
   1.5572773e-02
   2.7631359e-02
   2.1092096e-02
   2.7798856e-02
   1.7861327e-02
   2.1814134e-02
   1.6867638e-02
   2.6458178e-02
   1.3737346e-02
   1.3281808e-02
   1.1381914e-02
   1.4583178e-02
   1.9283090e-02
   4.2536508e-02
   3.5502497e-02
   4.7936037e-02
   1.8523132e-02
   3.1861674e-02
   2.9204372e-02
   5.4975700e-02
   2.2160176e-02
   2.5774082e-02
   2.3453349e-02
   7.3610403e-02
   2.2077404e-02
   1.3116801e-02
   1.3627701e-02
   2.0047342e-02
   3.1324785e-02
   5.7767436e-02
   6.7771062e-02
   7.0289597e-02
   3.2176554e-02
   5.8714975e-02
   7.2503328e-02
   7.4532919e-02
   1.8789228e-02
   6.2696040e-02
   6.3676208e-02
   1.0239515e-01
   2.0058488e-02
   1.7023981e-02
   2.0634787e-02
   2.3800541e-02
   3.0919988e-02
   1.4636235e-01
   9.2217810e-02
   3.3760630e-02
   2.9189384e-02
   1.6033645e-01
   7.4337311e-02
   3.8478147e-02
   1.3920374e-02
   1.2790801e-01
   5.4692827e-02
   4.1380148e-02
   1.0585497e-02
   2.0277170e-02
   1.8045606e-02
   1.5025174e-02
   1.7698867e-02
   1.4608610e-01
   4.8521891e-02
   1.9848557e-02
   1.4728993e-02
   1.0683207e-01
   3.2122288e-02
   2.5601337e-02
   1.1480838e-02
   6.2450588e-02
   2.0435721e-02
   2.2098241e-02
   1.0658728e-02
   1.7831206e-02
   1.2414236e-02
   1.2038552e-02
   1.5347611e-02
   4.5808174e-02
   6.5000027e-02
   5.7752967e-02
   1.9100346e-02
   3.8977921e-02
   5.9556402e-02
   5.4790199e-02
   2.4393220e-02
   4.9552049e-02
   5.9184540e-02
   5.8201358e-02
   2.0150278e-02
   3.2445919e-02
   2.6699543e-02
   2.6526611e-02
   2.2331709e-02
   4.6171304e-02
   2.0549074e-01
   1.6937128e-01
   5.2068278e-02
   6.8725899e-02
   2.2499283e-01
   2.0369504e-01
   1.0472618e-01
   1.1790540e-01
   1.8229093e-01
   1.6039866e-01
   8.3399191e-02
   1.0713980e-01
   1.1372464e-01
   1.0930254e-01
   6.4784966e-02
   5.0906494e-02
   9.3445510e-02
   7.7679381e-02
   2.8041108e-02
   5.3398620e-02
   9.8535590e-02
   9.5455155e-02
   5.1741868e-02
   6.4859100e-02
   7.8678198e-02
   7.4951798e-02
   4.1834190e-02
   5.1596738e-02
   4.9805928e-02
   4.9852502e-02
   3.3598907e-02
   5.7565030e-02
   2.7518623e-02
   3.2453991e-02
   1.5184048e-02
   4.0895812e-02
   2.6218167e-02
   3.8219616e-02
   2.1837179e-02
   3.2474451e-02
   2.2181744e-02
   3.3920385e-02
   2.0138659e-02
   1.5781030e-02
   1.1970744e-02
   1.4875107e-02
   2.4141468e-02
   5.7140477e-02
   4.3579783e-02
   5.8865339e-02
   1.9964205e-02
   4.7902890e-02
   3.9477281e-02
   8.1928708e-02
   3.2553148e-02
   4.2261865e-02
   2.9424550e-02
   1.0348135e-01
   4.0851720e-02
   1.4444073e-02
   1.6172923e-02
   2.2022000e-02
   4.9138069e-02
   8.4787190e-02
   7.9519980e-02
   8.5343041e-02
   4.4419128e-02
   8.9586236e-02
   1.0940427e-01
   1.1018641e-01
   2.7300695e-02
   9.2752345e-02
   9.0301692e-02
   1.4116111e-01
   3.5988670e-02
   2.2291036e-02
   2.4872592e-02
   2.6575979e-02
   4.9825426e-02
   2.0429243e-01
   9.6301988e-02
   4.5154888e-02
   3.6356784e-02
   2.5128186e-01
   1.0486548e-01
   5.1830593e-02
   1.9513234e-02
   1.9209035e-01
   7.9787597e-02
   5.2241948e-02
   1.5795875e-02
   2.5427628e-02
   2.2569997e-02
   1.7885737e-02
   2.4416974e-02
   2.1319094e-01
   5.0270807e-02
   2.8212303e-02
   1.2129280e-02
   1.6508833e-01
   4.1172687e-02
   3.7269097e-02
   1.4977293e-02
   9.3774281e-02
   2.7277978e-02
   2.7303124e-02
   1.5182506e-02
   2.2140890e-02
   1.4091120e-02
   1.3635307e-02
   1.6830998e-02
   7.1203627e-02
   9.1691591e-02
   8.2765169e-02
   2.6707482e-02
   6.1601564e-02
   8.6127587e-02
   9.6554451e-02
   4.7098875e-02
   7.2890148e-02
   6.8612948e-02
   6.3922092e-02
   3.4475334e-02
   4.5579921e-02
   4.1172039e-02
   4.0330041e-02
   2.9548312e-02
   6.2266774e-02
   2.3072948e-01
   1.8942004e-01
   7.2596751e-02
   1.0684152e-01
   3.5106564e-01
   3.0996358e-01
   1.8332835e-01
   1.8581475e-01
   2.7114668e-01
   2.3155335e-01
   1.3503802e-01
   1.7937155e-01
   1.9104375e-01
   1.7227225e-01
   1.0923991e-01
   7.1267709e-02
   1.0984544e-01
   9.0824567e-02
   3.9905239e-02
   8.1350200e-02
   1.5063719e-01
   1.3451564e-01
   8.7381691e-02
   1.1292074e-01
   1.0972288e-01
   1.0752806e-01
   6.7781217e-02
   8.6539522e-02
   8.1110343e-02
   7.7186570e-02
   5.7633292e-02
   6.9274701e-02
   3.0325407e-02
   3.6889598e-02
   1.7980689e-02
   6.1232924e-02
   2.7239652e-02
   3.7765265e-02
   2.4474351e-02
   4.3174841e-02
   2.5239093e-02
   3.9729021e-02
   2.1837160e-02
   2.3655854e-02
   1.1713085e-02
   2.1078501e-02
   3.9159901e-02
   8.0752820e-02
   4.7662124e-02
   5.9638437e-02
   2.6534427e-02
   6.7817941e-02
   2.9413287e-02
   9.5221408e-02
   3.7910841e-02
   4.6129540e-02
   2.8891496e-02
   1.1160793e-01
   5.3759348e-02
   1.8313099e-02
   1.9591022e-02
   3.0183347e-02
   6.9392778e-02
   9.4602607e-02
   8.7300681e-02
   9.3983881e-02
   6.1349295e-02
   6.6559225e-02
   9.9265896e-02
   1.2612700e-01
   3.9413475e-02
   8.0690794e-02
   9.1192283e-02
   1.4268212e-01
   5.5098630e-02
   3.2020651e-02
   2.8273730e-02
   2.9417465e-02
   8.0421947e-02
   1.4011419e-01
   9.3057804e-02
   5.2689746e-02
   4.8903063e-02
   1.6835634e-01
   9.7109772e-02
   4.8572790e-02
   2.7941914e-02
   1.7516665e-01
   8.2079709e-02
   4.6273682e-02
   1.9803757e-02
   3.2600790e-02
   2.6343688e-02
   2.4852863e-02
   4.0138818e-02
   1.7721799e-01
   4.0255338e-02
   3.3436086e-02
   1.4591357e-02
   1.3216881e-01
   3.1485558e-02
   3.5702560e-02
   2.2303769e-02
   8.9249231e-02
   2.5759757e-02
   3.2111268e-02
   2.5001325e-02
   3.2145970e-02
   1.6178716e-02
   1.8856900e-02
   2.8362116e-02
   8.5121572e-02
   9.2636079e-02
   9.0208858e-02
   3.5081901e-02
   9.2774197e-02
   1.2424912e-01
   1.3544060e-01
   8.3347037e-02
   1.0778607e-01
   1.0645968e-01
   8.4269926e-02
   5.3735688e-02
   7.3595867e-02
   6.8258338e-02
   5.8724675e-02
   4.9035460e-02
