   6.5573966e-03
   7.1356576e-03
   1.4897835e-02
   1.7056592e-02
   5.3824335e-03
   8.4272400e-03
   1.2446595e-02
   1.5619888e-02
   4.6775686e-03
   8.4620658e-03
   1.0337249e-02
   1.4084831e-02
   5.7788957e-03
   9.8127490e-03
   1.0912050e-02
   1.7722895e-02
   6.3953800e-03
   6.2337238e-03
   1.0534039e-02
   1.3948233e-02
   5.1482799e-03
   6.4484640e-03
   8.6231120e-03
   1.2298219e-02
   4.3874662e-03
   7.5408574e-03
   7.7690785e-03
   1.1466390e-02
   5.6689093e-03
   8.3912546e-03
   8.9773294e-03
   1.5648520e-02
   6.7527238e-03
   6.4479848e-03
   1.0061173e-02
   1.4926909e-02
   5.3338618e-03
   6.0606333e-03
   8.0563715e-03
   1.1705705e-02
   4.6170214e-03
   7.8309318e-03
   8.2957232e-03
   1.1775613e-02
   6.0208747e-03
   8.6959610e-03
   9.5654624e-03
   1.7094452e-02
   7.4751913e-03
   9.0695843e-03
   1.6290639e-02
   1.7798519e-02
   5.9182034e-03
   8.6920522e-03
   1.2638931e-02
   1.4929427e-02
   5.1712776e-03
   1.1912691e-02
   1.5530200e-02
   1.7032741e-02
   6.9947587e-03
   1.2113460e-02
   1.6346671e-02
   2.3215689e-02
   8.1566228e-03
   1.7741518e-02
   1.8866189e-02
   1.5300681e-02
   6.4987387e-03
   1.7905947e-02
   1.5718093e-02
   1.3122281e-02
   6.4635398e-03
   2.4708662e-02
   2.1215193e-02
   1.5746819e-02
   9.8807961e-03
   2.0947229e-02
   2.2140384e-02
   2.3039162e-02
   7.8697195e-03
   1.4033485e-02
   1.1944694e-02
   1.3972955e-02
   6.0171112e-03
   1.3003820e-02
   1.0421303e-02
   1.1588430e-02
   5.9433668e-03
   1.7914668e-02
   1.1778515e-02
   1.2368032e-02
   8.9183301e-03
   1.7372597e-02
   1.3428372e-02
   1.7876074e-02
   6.9778175e-03
   7.7871629e-03
   1.1082895e-02
   1.4496162e-02
   5.3651426e-03
   7.2406484e-03
   8.9086993e-03
   1.1340464e-02
   4.6562934e-03
   9.3480302e-03
   9.3653714e-03
   1.1586214e-02
   6.0297926e-03
   1.1524484e-02
   1.0000148e-02
   1.5197066e-02
   6.4311703e-03
   7.6717315e-03
   1.5025550e-02
   1.8897323e-02
   5.1944489e-03
   7.4406164e-03
   1.0724512e-02
   1.4291812e-02
   4.4290409e-03
   8.6400518e-03
   1.0617701e-02
   1.3690897e-02
   5.6086052e-03
   1.0600143e-02
   1.0508346e-02
   1.6427590e-02
   7.5165164e-03
   9.6268039e-03
   2.2650894e-02
   2.4354955e-02
   6.1179809e-03
   1.2042425e-02
   1.9532863e-02
   2.3650968e-02
   5.2962094e-03
   1.1759769e-02
   1.6073285e-02
   2.1229299e-02
   6.6748899e-03
   1.4158927e-02
   1.6104314e-02
   2.5389224e-02
   7.4358280e-03
   8.0184648e-03
   1.4217494e-02
   1.8166468e-02
   5.9911790e-03
   8.7071117e-03
   1.2394455e-02
   1.6888713e-02
   5.1372796e-03
   1.0164501e-02
   1.1310637e-02
   1.6336154e-02
   6.6473815e-03
   1.1537649e-02
   1.2696124e-02
   2.1864772e-02
   7.7498043e-03
   8.1360983e-03
   1.3781533e-02
   2.0488245e-02
   6.2173060e-03
   7.8241704e-03
   1.1066068e-02
   1.5904970e-02
   5.3604869e-03
   1.0408740e-02
   1.1817515e-02
   1.6726300e-02
   7.0434203e-03
   1.2038578e-02
   1.3268113e-02
   2.4595866e-02
   8.2558878e-03
   1.2014257e-02
   2.4593512e-02
   2.5224138e-02
   6.6557331e-03
   1.1528315e-02
   1.8683957e-02
   2.1547515e-02
   5.7875565e-03
   1.6175650e-02
   2.4597542e-02
   2.5983207e-02
   7.9218699e-03
   1.7487630e-02
   2.4660271e-02
   3.5394043e-02
   8.8763135e-03
   2.5143046e-02
   2.8485646e-02
   1.8956449e-02
   7.2126649e-03
   2.4915785e-02
   2.3421356e-02
   1.7494284e-02
   7.0213797e-03
   3.5158858e-02
   3.3881389e-02
   2.2915019e-02
   1.1198285e-02
   3.1860344e-02
   3.4692150e-02
   3.3126980e-02
   8.8622645e-03
   1.9256417e-02
   1.6382152e-02
   1.6964391e-02
   6.7552528e-03
   1.7667934e-02
   1.4582451e-02
   1.4399307e-02
   6.5669469e-03
   2.4987185e-02
   1.7174436e-02
   1.6414247e-02
   1.0260530e-02
   2.5753133e-02
   1.9416684e-02
   2.3471700e-02
   8.1909345e-03
   1.0520381e-02
   1.5811209e-02
   2.0283943e-02
   6.2897098e-03
   9.6789682e-03
   1.2674024e-02
   1.5504410e-02
   5.3765629e-03
   1.3190185e-02
   1.3819803e-02
   1.6433049e-02
   7.1041179e-03
   1.7244682e-02
   1.4307063e-02
   2.0376597e-02
   7.5102909e-03
   1.0741046e-02
   2.4024358e-02
   2.9642170e-02
   6.0923793e-03
   1.0813964e-02
   1.7319510e-02
   2.2580514e-02
   5.1750592e-03
   1.2614150e-02
   1.7032349e-02
   2.1361079e-02
   6.6587958e-03
   1.6329074e-02
   1.5895167e-02
   2.3401553e-02
   6.9464389e-03
   1.2334159e-02
   3.2187637e-02
   3.3999022e-02
   5.6057759e-03
   1.6710283e-02
   2.8581088e-02
   3.4176569e-02
   4.9141250e-03
   1.4969531e-02
   2.1874446e-02
   2.8085429e-02
   6.4035943e-03
   1.8970303e-02
   2.1213226e-02
   3.2970823e-02
   6.9535756e-03
   9.5653087e-03
   1.8501135e-02
   2.2756590e-02
   5.5042980e-03
   1.1207535e-02
   1.6747752e-02
   2.2593290e-02
   4.7305608e-03
   1.2967333e-02
   1.4871684e-02
   2.0628370e-02
   6.3562253e-03
   1.4388150e-02
   1.5998906e-02
   2.7059620e-02
   7.0715472e-03
   9.3961675e-03
   1.8088875e-02
   2.7287096e-02
   5.6162854e-03
   9.1539333e-03
   1.4843543e-02
   2.0347405e-02
   4.8339660e-03
   1.2598439e-02
   1.5750384e-02
   2.2171443e-02
   6.5874155e-03
   1.4908539e-02
   1.6651599e-02
   3.2891463e-02
   7.2863046e-03
   1.5264901e-02
   3.4884952e-02
   3.4831494e-02
   5.8782077e-03
   1.5119313e-02
   2.7381714e-02
   2.9521726e-02
   5.0594062e-03
   2.2310909e-02
   3.8317285e-02
   3.8518123e-02
   7.5485851e-03
   2.3496253e-02
   3.6249585e-02
   5.5554941e-02
   7.6835938e-03
   3.4897491e-02
   4.0498316e-02
   2.2305565e-02
   6.2481938e-03
   3.5478890e-02
   3.4531627e-02
   2.2313410e-02
   6.3885613e-03
   5.4429330e-02
   5.3475201e-02
   3.2260671e-02
   1.2582822e-02
   4.5965891e-02
   5.2475106e-02
   4.9595404e-02
   8.5456502e-03
   2.6116686e-02
   2.1606760e-02
   1.9170975e-02
   6.0066651e-03
   2.4460033e-02
   1.9271741e-02
   1.6848130e-02
   6.0604466e-03
   3.6690693e-02
   2.3965729e-02
   2.0470846e-02
   1.1508274e-02
   3.5140920e-02
   2.5148310e-02
   2.8816577e-02
   8.2930811e-03
   1.3483844e-02
   2.0939251e-02
   2.5257347e-02
   5.8101481e-03
   1.2060944e-02
   1.6425472e-02
   1.9211695e-02
   4.8490474e-03
   1.6660925e-02
   1.7454181e-02
   2.1042874e-02
   6.9412589e-03
   2.2528579e-02
   1.7351799e-02
   2.4886632e-02
   6.9550183e-03
   1.4254917e-02
   3.4596704e-02
   4.1242275e-02
   5.6179655e-03
   1.4573215e-02
   2.4965003e-02
   3.0848226e-02
   4.7362456e-03
   1.6206855e-02
   2.2638021e-02
   2.8864747e-02
   6.3671474e-03
   2.2533290e-02
   2.0526756e-02
   3.0005777e-02
   5.5563524e-03
   1.6295148e-02
   4.8262727e-02
   4.8999604e-02
   4.6262117e-03
   2.3623571e-02
   3.9558880e-02
   4.6574332e-02
   3.9538746e-03
   1.6741918e-02
   2.6249532e-02
   3.2044638e-02
   5.2735400e-03
   2.4406565e-02
   2.4351154e-02
   3.7135731e-02
   5.5635078e-03
   1.1508762e-02
   2.5458761e-02
   3.2140270e-02
   4.5321872e-03
   1.4766185e-02
   2.2712527e-02
   3.1115895e-02
   3.6897669e-03
   1.4673484e-02
   1.7534601e-02
   2.4669785e-02
   5.3595416e-03
   1.6903186e-02
   1.7986234e-02
   3.0046524e-02
   5.9040845e-03
   1.0918408e-02
   2.3981504e-02
   3.7406180e-02
   4.5161736e-03
   1.0731954e-02
   1.9345542e-02
   2.7270081e-02
   3.9613592e-03
   1.4206103e-02
   1.9106250e-02
   2.7486499e-02
   5.5478043e-03
   1.6968865e-02
   1.8891705e-02
   3.6447670e-02
   6.0089030e-03
   2.0783827e-02
   5.0221182e-02
   4.8157033e-02
   4.7168066e-03
   2.0108687e-02
   3.7912339e-02
   3.9784290e-02
   4.1332161e-03
   2.9714378e-02
   4.9619608e-02
   4.7044322e-02
   6.9370111e-03
   3.0471392e-02
   4.8590664e-02
   6.1967306e-02
   6.6603366e-03
   5.1829662e-02
   5.8039837e-02
   2.7821230e-02
   5.1093195e-03
   5.0501909e-02
   4.8432484e-02
   2.8663794e-02
   5.8179805e-03
   7.9585485e-02
   6.9810607e-02
   4.0920090e-02
   1.5256533e-02
   6.5436952e-02
   7.2829328e-02
   5.6433290e-02
   9.2333481e-03
   3.7382379e-02
   3.0046217e-02
   2.3039799e-02
   4.8968047e-03
   3.4456592e-02
   2.5533238e-02
   2.0536341e-02
   5.4668966e-03
   5.2065674e-02
   3.0660588e-02
   2.5481563e-02
   1.3626420e-02
   4.6030726e-02
   3.0745367e-02
   3.0761635e-02
   9.0186223e-03
   1.7110480e-02
   2.8852483e-02
   3.2185271e-02
   4.7188206e-03
   1.5118023e-02
   2.1773145e-02
   2.3005834e-02
   3.9837267e-03
   1.8627761e-02
   2.0166945e-02
   2.4378423e-02
   5.9213601e-03
   2.7446870e-02
   1.9126274e-02
   2.6963124e-02
   5.9285685e-03
   1.8520702e-02
   4.9623407e-02
   5.5365942e-02
   4.6657734e-03
   1.9009853e-02
   3.2945421e-02
   3.7408978e-02
   3.7875341e-03
   1.7866975e-02
   2.6585147e-02
   3.2544255e-02
   5.2531450e-03
   2.9209994e-02
   2.2944828e-02
   3.3821341e-02
