   1.2248889e-02
   6.1057471e-03
   1.2166653e-02
   2.8955169e-02
   1.0096969e-02
   1.4428866e-02
   2.2655660e-02
   2.3244584e-02
   1.3992691e-02
   6.8324697e-03
   6.8097394e-03
   2.5183136e-02
   6.4345561e-02
   2.2599535e-02
   7.0080752e-03
   3.1556796e-02
   1.1544388e-02
   5.8320174e-03
   1.1591949e-02
   2.7999146e-02
   9.2395209e-03
   9.5762936e-03
   1.4221563e-02
   2.1152696e-02
   1.1769908e-02
   5.8059497e-03
   6.5272655e-03
   2.3619296e-02
   6.1088551e-02
   2.3124300e-02
   6.7213071e-03
   2.9248334e-02
   1.2122732e-02
   5.8318852e-03
   1.1817118e-02
   3.0311681e-02
   9.3445582e-03
   6.8552424e-03
   1.0171164e-02
   2.2346558e-02
   1.0200278e-02
   4.9142959e-03
   6.8389028e-03
   2.3869108e-02
   5.3042430e-02
   1.8523687e-02
   7.2382353e-03
   2.9093355e-02
   1.5396869e-02
   6.4688791e-03
   1.4291718e-02
   3.9906505e-02
   1.0897107e-02
   8.4594591e-03
   1.2117796e-02
   2.8582832e-02
   9.9072224e-03
   5.1237741e-03
   9.7559728e-03
   2.6922353e-02
   4.4144336e-02
   1.5218872e-02
   1.0033208e-02
   3.3154879e-02
   1.6201764e-02
   6.9478904e-03
   1.7952003e-02
   5.2656300e-02
   1.1794107e-02
   8.9884158e-03
   1.5715491e-02
   3.4333725e-02
   1.1312143e-02
   5.9500379e-03
   1.2059084e-02
   2.9654101e-02
   4.3237466e-02
   1.6969269e-02
   1.1343179e-02
   3.6982916e-02
   1.4997724e-02
   6.5740040e-03
   1.4713386e-02
   4.8450440e-02
   1.1428370e-02
   6.7556058e-03
   1.2528563e-02
   3.0725894e-02
   1.0781459e-02
   5.7028146e-03
   8.2077319e-03
   2.6952021e-02
   4.6650711e-02
   1.7279541e-02
   8.1722438e-03
   3.2762658e-02
   1.2655820e-02
   5.9355060e-03
   1.1681004e-02
   3.5231277e-02
   9.7025558e-03
   6.4007747e-03
   1.0515261e-02
   2.3490809e-02
   1.1186576e-02
   5.3169080e-03
   6.7095794e-03
   2.3903061e-02
   5.9415925e-02
   2.0672759e-02
   6.5379245e-03
   2.8681764e-02
   1.1667551e-02
   5.7799700e-03
   1.1471288e-02
   2.9604238e-02
   9.2609236e-03
   1.0076044e-02
   1.5294552e-02
   2.1979237e-02
   1.4563982e-02
   6.7310859e-03
   6.6131921e-03
   2.3525329e-02
   8.1152923e-02
   2.7925754e-02
   6.4221206e-03
   2.9180452e-02
   1.3068276e-02
   6.8202675e-03
   1.3540263e-02
   3.5648976e-02
   1.1170897e-02
   2.1730535e-02
   3.6039982e-02
   3.0532490e-02
   1.7719060e-02
   8.9146504e-03
   7.5759036e-03
   2.6386615e-02
   8.3812580e-02
   3.0255869e-02
   7.6015815e-03
   3.1731430e-02
   1.2607031e-02
   6.6012382e-03
   1.3080019e-02
   3.5049796e-02
   1.0355605e-02
   1.3159783e-02
   1.9861836e-02
   2.8213648e-02
   1.5639191e-02
   7.6745199e-03
   7.5041205e-03
   2.5455333e-02
   8.9779884e-02
   3.7859887e-02
   7.4715302e-03
   3.0802511e-02
   1.3268394e-02
   6.5962365e-03
   1.3261747e-02
   3.8687047e-02
   1.0374241e-02
   8.8760341e-03
   1.2733607e-02
   3.0239705e-02
   1.2923951e-02
   6.0177264e-03
   7.8923209e-03
   2.6085032e-02
   7.6257348e-02
   2.7820198e-02
   8.1732525e-03
   3.0627297e-02
   1.7773522e-02
   7.1258540e-03
   1.5656598e-02
   5.0458338e-02
   1.1956099e-02
   1.1195104e-02
   1.4621788e-02
   3.6620036e-02
   1.1273371e-02
   5.9316936e-03
   1.1077341e-02
   2.7938139e-02
   5.3525921e-02
   1.8703680e-02
   1.1278936e-02
   3.2904349e-02
   1.7725769e-02
   7.4988506e-03
   1.9760054e-02
   6.6897295e-02
   1.2682830e-02
   1.1757761e-02
   1.9772209e-02
   4.2511579e-02
   1.2292065e-02
   7.0745046e-03
   1.3566149e-02
   2.9520145e-02
   4.8204049e-02
   2.0123579e-02
   1.2696816e-02
   3.4511980e-02
   1.7416459e-02
   7.1607665e-03
   1.6236505e-02
   6.4919651e-02
   1.3436485e-02
   8.2110586e-03
   1.5169920e-02
   4.0400613e-02
   1.2276617e-02
   6.7669861e-03
   9.1232527e-03
   2.7946556e-02
   5.4049861e-02
   2.0696942e-02
   8.8722324e-03
   3.2394242e-02
   1.4552119e-02
   6.7259679e-03
   1.3131656e-02
   4.8266623e-02
   1.1218005e-02
   8.4009739e-03
   1.2985008e-02
   3.2169625e-02
   1.4890543e-02
   6.8699797e-03
   7.6317242e-03
   2.5976676e-02
   8.8241018e-02
   3.2016367e-02
   7.3674954e-03
   3.0093249e-02
   1.2579422e-02
   6.6101761e-03
   1.3004483e-02
   3.8913697e-02
   1.0359644e-02
   1.4578283e-02
   2.2087069e-02
   2.9497754e-02
   2.2003535e-02
   9.3988543e-03
   7.5254566e-03
   2.5371145e-02
   1.4083306e-01
   4.8869099e-02
   7.2400137e-03
   3.0475290e-02
   1.0654128e-02
   6.4180177e-03
   1.3036675e-02
   3.6623437e-02
   9.8735448e-03
   3.0977994e-02
   4.6222128e-02
   3.1488039e-02
   1.8173715e-02
   9.7688092e-03
   6.9884988e-03
   2.2240188e-02
   8.0202088e-02
   2.9938489e-02
   6.7231702e-03
   2.4907328e-02
   1.0313251e-02
   6.0317209e-03
   1.2446470e-02
   3.5930030e-02
   8.8648126e-03
   1.6182614e-02
   2.2819173e-02
   2.8168797e-02
   1.7502274e-02
   8.6455150e-03
   7.0327367e-03
   2.2172440e-02
   1.0946175e-01
   4.7682181e-02
   6.9796070e-03
   2.5126498e-02
   1.1335734e-02
   5.9337597e-03
   1.2254766e-02
   3.9061245e-02
   8.7984782e-03
   9.8832725e-03
   1.2986233e-02
   2.8940683e-02
   1.2270927e-02
   6.2269922e-03
   7.2866385e-03
   2.3049667e-02
   7.9268269e-02
   3.0106720e-02
   7.8118998e-03
   2.5142275e-02
   1.7481983e-02
   6.2989322e-03
   1.4937731e-02
   4.8042085e-02
   1.0684405e-02
   1.3503062e-02
   1.5410230e-02
   3.4075189e-02
   1.0442794e-02
   6.0624122e-03
   1.1491160e-02
   2.4429217e-02
   5.6734376e-02
   2.0697828e-02
   1.1731768e-02
   2.6282744e-02
   1.7137244e-02
   6.6036605e-03
   1.9915259e-02
   6.2691681e-02
   1.1528207e-02
   1.4439335e-02
   2.3362508e-02
   3.9212987e-02
   1.1426654e-02
   7.3957751e-03
   1.4630886e-02
   2.4893003e-02
   4.4029783e-02
   2.0469047e-02
   1.3644744e-02
   2.7456449e-02
   1.8247491e-02
   6.3860589e-03
   1.5811477e-02
   6.2735863e-02
   1.3839784e-02
   9.5806131e-03
   1.6565617e-02
   3.8342919e-02
   1.1714351e-02
   6.9360505e-03
   8.8875536e-03
   2.4096163e-02
   5.2739356e-02
   2.1036498e-02
   8.4028430e-03
   2.6281711e-02
   1.4101422e-02
   6.1532790e-03
   1.2421250e-02
   4.7069833e-02
   1.0770682e-02
   9.5858546e-03
   1.3819624e-02
   3.0293116e-02
   1.4353635e-02
   7.1613193e-03
   7.2192331e-03
   2.2650091e-02
   8.6218566e-02
   3.3484444e-02
   6.5931287e-03
   2.5341082e-02
   1.0395106e-02
   6.1150421e-03
   1.2364176e-02
   3.9484203e-02
   8.9781722e-03
   1.9180605e-02
   2.6320627e-02
   2.9404569e-02
   2.4947248e-02
   1.0818353e-02
   7.0030014e-03
   2.2195974e-02
   1.5343294e-01
   5.6887329e-02
   6.4182319e-03
   2.4738820e-02
   8.2753571e-03
   5.7715573e-03
   1.1785378e-02
   3.0440120e-02
   8.4205605e-03
   3.3084277e-02
   5.3204041e-02
   2.8463900e-02
   1.6876707e-02
   1.0531968e-02
   5.7861265e-03
   1.7296521e-02
   6.3070618e-02
   2.6953999e-02
   5.1914128e-03
   1.7777303e-02
   7.8916075e-03
   5.1287846e-03
   1.0459332e-02
   2.9000839e-02
   6.7911404e-03
   1.7142676e-02
   2.4894705e-02
   2.2689713e-02
   1.6738636e-02
   8.5819382e-03
   5.9141535e-03
   1.7170588e-02
   1.2966202e-01
   5.5261321e-02
   5.6777569e-03
   1.8336197e-02
   9.2506306e-03
   4.9103806e-03
   1.0409111e-02
   3.0882493e-02
   6.9291978e-03
   9.7989645e-03
   1.1598023e-02
   2.2718376e-02
   1.1106024e-02
   5.6777648e-03
   6.5998635e-03
   1.8464742e-02
   8.5295878e-02
   3.1272851e-02
   6.7972005e-03
   1.8987551e-02
   1.9185774e-02
   5.2713375e-03
   1.3944881e-02
   3.9910011e-02
   1.0681945e-02
   1.4592689e-02
   1.5974887e-02
   2.9545594e-02
   7.3771090e-03
   5.1731314e-03
   1.3058746e-02
   1.9698411e-02
   2.9003026e-02
   1.3560935e-02
   1.3405234e-02
   1.9532109e-02
   1.8720703e-02
   5.8077239e-03
   2.1690425e-02
   5.6749724e-02
   1.1438451e-02
   1.5308116e-02
   2.6999556e-02
   3.6920495e-02
   1.1123925e-02
   7.4038072e-03
   1.7785572e-02
   1.9274324e-02
   4.4520937e-02
   2.8179094e-02
   1.7137967e-02
   1.9667020e-02
   2.0024506e-02
   5.7079988e-03
   1.5366670e-02
   5.5766083e-02
   1.4132901e-02
   9.2765875e-03
   1.7574603e-02
   3.4901783e-02
   1.0991651e-02
   6.8281405e-03
   8.3812457e-03
   1.8245952e-02
   5.3273629e-02
   2.2553688e-02
   8.2602110e-03
   1.9159693e-02
   1.4033964e-02
   5.2353907e-03
   1.0312528e-02
   3.5473865e-02
   9.6928710e-03
   9.6835531e-03
   1.2464100e-02
   2.2999233e-02
   1.0174926e-02
   6.5118638e-03
   5.7969978e-03
   1.7614478e-02
   5.8210164e-02
   2.7558550e-02
   5.4254686e-03
   1.8753419e-02
   7.9974392e-03
   5.2721212e-03
   1.0648632e-02
   3.0844877e-02
   7.0659681e-03
   2.0295573e-02
   2.8843613e-02
   2.4070419e-02
   1.6031411e-02
   9.2502618e-03
   5.7258341e-03
   1.6635075e-02
   1.3459155e-01
   5.5139095e-02
   4.8955772e-03
   1.7999746e-02
