   2.2752814e-02
   3.2615378e-02
   1.1386271e-02
   4.0459044e-02
   2.1493701e-02
   3.3546608e-02
   1.3006127e-02
   3.3193588e-02
   1.9222617e-02
   2.5111401e-02
   3.7173111e-02
   3.9022975e-02
   2.1266060e-02
   6.1545640e-02
   5.7417121e-02
   3.7051536e-02
   2.1818379e-02
   2.8685022e-02
   1.0848724e-02
   4.0328685e-02
   2.1719493e-02
   2.6662832e-02
   1.1861000e-02
   3.3911239e-02
   1.9037493e-02
   2.2923984e-02
   3.4056358e-02
   3.6695700e-02
   2.1565501e-02
   5.9855409e-02
   5.5806495e-02
   3.5384104e-02
   2.2943176e-02
   2.5260037e-02
   1.1017694e-02
   4.2579509e-02
   2.3450369e-02
   2.4263261e-02
   1.2116652e-02
   3.7544649e-02
   1.9091254e-02
   2.3331644e-02
   2.9972414e-02
   3.8493700e-02
   2.1164272e-02
   5.5955835e-02
   4.9155515e-02
   3.7626799e-02
   5.9182804e-02
   2.6758773e-02
   1.6309904e-02
   5.5451058e-02
   5.9624635e-02
   2.9181710e-02
   2.0141084e-02
   5.5968437e-02
   5.3897541e-02
   2.4257747e-02
   3.2017875e-02
   6.1320420e-02
   5.0362974e-02
   5.3466257e-02
   5.2901383e-02
   6.8994790e-02
   1.4181422e-01
   3.2766618e-02
   3.0040583e-02
   8.9219354e-02
   1.4305700e-01
   3.5585534e-02
   3.5575066e-02
   1.0121925e-01
   1.3887250e-01
   2.5934454e-02
   4.1664995e-02
   1.1323724e-01
   1.2807500e-01
   5.4766212e-02
   6.3458472e-02
   1.3277686e-01
   6.8613999e-02
   2.7184766e-02
   1.8482862e-02
   5.7888445e-02
   7.0408322e-02
   2.9674772e-02
   2.2212137e-02
   5.7422206e-02
   6.8206593e-02
   2.5591118e-02
   3.1962283e-02
   6.1561685e-02
   6.5369844e-02
   5.5867553e-02
   5.1059075e-02
   6.7817144e-02
   2.2000732e-02
   2.3549026e-02
   1.0616294e-02
   4.5086250e-02
   2.2700742e-02
   2.7187992e-02
   1.2054654e-02
   3.7217692e-02
   2.0581098e-02
   2.5569109e-02
   2.6784295e-02
   4.0375158e-02
   2.2203363e-02
   5.1071085e-02
   4.5910064e-02
   3.7568126e-02
   2.2146882e-02
   2.7390409e-02
   9.8605976e-03
   4.0549979e-02
   2.1332590e-02
   2.8184485e-02
   1.1593366e-02
   3.5024937e-02
   1.9409847e-02
   2.5437327e-02
   3.0007862e-02
   3.9920449e-02
   2.1414177e-02
   5.3696785e-02
   5.1301137e-02
   3.6055353e-02
   2.0484319e-02
   2.6493566e-02
   1.0393183e-02
   3.3414651e-02
   1.8817874e-02
   3.8701750e-02
   1.0734012e-02
   2.6996320e-02
   1.6716745e-02
   2.8979652e-02
   3.9560866e-02
   3.1465016e-02
   1.7387588e-02
   6.1916459e-02
   5.9737720e-02
   2.9338550e-02
   1.9092824e-02
   2.3527820e-02
   8.2548438e-03
   2.7909813e-02
   2.1656560e-02
   2.6359610e-02
   8.7947305e-03
   2.5543129e-02
   1.5919223e-02
   2.5023228e-02
   3.5440739e-02
   2.7835172e-02
   1.7427685e-02
   6.4893164e-02
   5.1143624e-02
   2.8401896e-02
   2.4290148e-02
   2.1057503e-02
   8.1658540e-03
   3.1101735e-02
   2.6971174e-02
   2.3822758e-02
   9.7608110e-03
   2.7458757e-02
   2.0571545e-02
   2.4468940e-02
   3.2013845e-02
   3.1615458e-02
   1.9888636e-02
   5.6108259e-02
   4.3802533e-02
   3.1711042e-02
   8.2688957e-02
   2.3116056e-02
   1.6017487e-02
   5.4168854e-02
   8.2734615e-02
   2.8971056e-02
   2.0717468e-02
   5.4637719e-02
   7.5990349e-02
   2.5422087e-02
   3.2435525e-02
   6.2398713e-02
   6.7993447e-02
   5.4627132e-02
   5.5482827e-02
   7.1614414e-02
   2.0270936e-01
   2.8526105e-02
   3.4613151e-02
   1.0617242e-01
   2.0178273e-01
   4.0145434e-02
   4.2926259e-02
   1.1747076e-01
   1.9948937e-01
   3.0198488e-02
   4.0693369e-02
   1.3070023e-01
   1.8086480e-01
   6.1392900e-02
   7.5983904e-02
   1.5266073e-01
   9.9861071e-02
   2.3611555e-02
   1.9176017e-02
   5.4789282e-02
   1.0049114e-01
   3.0676167e-02
   2.3981651e-02
   5.5169117e-02
   9.8823152e-02
   3.1297695e-02
   2.9655812e-02
   6.0120616e-02
   9.4854616e-02
   5.7959873e-02
   5.2338675e-02
   6.8374380e-02
   2.4919113e-02
   1.9105334e-02
   9.1057057e-03
   3.4721624e-02
   2.6898982e-02
   2.9102303e-02
   1.0344448e-02
   2.9418603e-02
   2.4132712e-02
   3.3063713e-02
   2.3589313e-02
   3.0101839e-02
   2.3268569e-02
   4.8681632e-02
   4.2466674e-02
   2.6411554e-02
   1.9424660e-02
   2.1272209e-02
   8.3086742e-03
   3.3351664e-02
   2.1564825e-02
   3.4048650e-02
   1.0328632e-02
   2.7158706e-02
   1.6714249e-02
   3.0153463e-02
   2.7703097e-02
   3.0390434e-02
   1.7814768e-02
   4.8837561e-02
   5.0775588e-02
   2.7190901e-02
   2.3838615e-02
   2.1807188e-02
   1.1013471e-02
   2.3861827e-02
   2.3262568e-02
   3.9865248e-02
   1.1321697e-02
   2.4791203e-02
   2.5643228e-02
   3.8259055e-02
   5.1002018e-02
   2.2241009e-02
   2.0242047e-02
   7.2917283e-02
   5.0327372e-02
   2.5449943e-02
   2.3763929e-02
   1.8101007e-02
   8.4862802e-03
   2.2123734e-02
   2.8970664e-02
   3.1013759e-02
   8.7598180e-03
   2.0709515e-02
   2.0195274e-02
   3.2141276e-02
   4.4037566e-02
   2.4341136e-02
   2.0817928e-02
   6.9151618e-02
   4.7531836e-02
   2.6865378e-02
   3.2273736e-02
   1.7734366e-02
   7.4871420e-03
   2.2695113e-02
   3.8411900e-02
   2.4429210e-02
   9.0677626e-03
   2.0342810e-02
   2.6489420e-02
   3.1379558e-02
   3.6115300e-02
   2.7485559e-02
   3.0925496e-02
   5.5405121e-02
   4.7823187e-02
   3.1266276e-02
   8.7776996e-02
   2.0422790e-02
   1.7338097e-02
   5.8808580e-02
   8.0993481e-02
   2.1268265e-02
   2.5338888e-02
   4.9921218e-02
   7.2914176e-02
   3.0582797e-02
   3.9854947e-02
   5.5693615e-02
   7.7404454e-02
   5.5964064e-02
   7.1215346e-02
   6.7831218e-02
   2.1998332e-01
   2.6979376e-02
   4.2038213e-02
   1.3423373e-01
   2.0365876e-01
   3.2825273e-02
   5.1009394e-02
   1.2182405e-01
   1.8191515e-01
   3.4197688e-02
   4.8872244e-02
   1.2072810e-01
   1.8817863e-01
   6.9146730e-02
   8.1996001e-02
   1.4335963e-01
   1.1360242e-01
   2.6825199e-02
   2.2043100e-02
   5.6715526e-02
   1.1175849e-01
   2.4012549e-02
   2.7711149e-02
   5.6021638e-02
   9.6134730e-02
   3.4183253e-02
   3.8534176e-02
   5.3617943e-02
   9.6738055e-02
   6.2483888e-02
   6.3801065e-02
   6.0236771e-02
   3.6456380e-02
   2.3900839e-02
   8.9555243e-03
   2.8756440e-02
   4.4183135e-02
   2.2053493e-02
   1.0669494e-02
   2.3219125e-02
   2.9520273e-02
   3.5493571e-02
   2.6087478e-02
   2.5340974e-02
   3.1293117e-02
   4.7780976e-02
   3.4881547e-02
   2.3313519e-02
   2.5394576e-02
   2.1433638e-02
   7.4928370e-03
   2.4385199e-02
   2.8880529e-02
   2.9392580e-02
   1.0638680e-02
   2.4458041e-02
   2.2518087e-02
   3.7366398e-02
   3.4680970e-02
   2.5826514e-02
   2.1193556e-02
   4.9202755e-02
   4.0371064e-02
   2.2486750e-02
   2.7897561e-02
   3.1180004e-02
   1.3876447e-02
   1.6306212e-02
   3.5758860e-02
   3.5145462e-02
   1.0759615e-02
   2.1883771e-02
   3.4053873e-02
   5.2575406e-02
   8.8414192e-02
   2.0211874e-02
   2.4780445e-02
   7.6720111e-02
   5.7369519e-02
   2.9926466e-02
   3.5662271e-02
   2.2364784e-02
   9.3517499e-03
   1.8864732e-02
   4.6245188e-02
   2.7791526e-02
   8.5687824e-03
   1.5946748e-02
   2.6322603e-02
   4.0954001e-02
   5.3065684e-02
   2.2188464e-02
   2.6101552e-02
   6.2490348e-02
   5.5805549e-02
   3.0704027e-02
   4.1813534e-02
   1.9511415e-02
   8.0908677e-03
   1.8641477e-02
   3.9162770e-02
   2.8478952e-02
   1.0316500e-02
   1.8934363e-02
   1.8983757e-02
   4.1495856e-02
   4.5172162e-02
   2.6106358e-02
   2.6397236e-02
   5.1358689e-02
   5.7239100e-02
   3.1412039e-02
   6.8146929e-02
   2.3379575e-02
   2.0444172e-02
   7.5528234e-02
   6.1889075e-02
   2.2802429e-02
   2.6631441e-02
   8.3308809e-02
   4.6775870e-02
   4.0336203e-02
   5.0146416e-02
   9.2159294e-02
   4.4591010e-02
   5.6983173e-02
   6.3209981e-02
   8.5599065e-02
   1.3390322e-01
   2.9208902e-02
   5.2131768e-02
   1.8225901e-01
   1.2124524e-01
   4.9427584e-02
   6.3906699e-02
   2.1552159e-01
   1.2414484e-01
   3.9854329e-02
   7.0169576e-02
   2.2154541e-01
   1.0980482e-01
   5.1202957e-02
   9.8206945e-02
   2.1747930e-01
   8.0175653e-02
   3.0499293e-02
   2.5723990e-02
   7.0007607e-02
   6.7227334e-02
   2.8240362e-02
   3.2304537e-02
   8.5194029e-02
   6.2921159e-02
   3.7787046e-02
   4.9702257e-02
   8.4812671e-02
   5.6172803e-02
   5.0455842e-02
   7.0979446e-02
   8.8003092e-02
   3.9020117e-02
   2.6570914e-02
   6.9548632e-03
   2.7123163e-02
   3.3485338e-02
   2.2090346e-02
   1.0556143e-02
   1.8511999e-02
   2.3581794e-02
   3.3148821e-02
   3.1612962e-02
   2.4308406e-02
   2.2921264e-02
   5.0266087e-02
   4.4816528e-02
   2.7334124e-02
   3.1434715e-02
   2.5982637e-02
   8.0076251e-03
   2.2254560e-02
   3.3059910e-02
   2.6658121e-02
   1.0766227e-02
   2.7605290e-02
   2.9698336e-02
   3.9784800e-02
   4.7011629e-02
   2.5063585e-02
   2.3056056e-02
   5.5164021e-02
   5.6372102e-02
   2.3149000e-02
