   3.0984137e-02
   6.8816207e-03
   3.2541394e-02
   1.3013150e-02
   3.2745566e-02
   8.6138221e-03
   3.1805545e-02
   8.9018689e-03
   3.2751095e-02
   4.1874021e-02
   4.0424608e-02
   8.4057730e-03
   3.4887269e-02
   5.7984125e-02
   6.3749820e-02
   8.0440724e-03
   2.9790191e-02
   5.7150312e-03
   3.2012958e-02
   1.2559934e-02
   2.9405728e-02
   7.5408365e-03
   2.9041233e-02
   9.0460265e-03
   3.0208735e-02
   3.2518495e-02
   2.9331869e-02
   8.1936037e-03
   3.3535436e-02
   3.1825539e-02
   2.9948791e-02
   7.3957397e-03
   4.5849539e-02
   4.7943173e-03
   3.3150073e-02
   1.3802337e-02
   5.7081446e-02
   8.4481947e-03
   2.8025083e-02
   9.4652716e-03
   6.9045678e-02
   3.7332047e-02
   2.7423127e-02
   7.8887753e-03
   7.3126137e-02
   2.9017724e-02
   1.5597845e-02
   7.1390145e-03
   1.4332332e-01
   6.5414836e-03
   3.7776090e-02
   1.4852627e-02
   1.6133556e-01
   2.3981720e-02
   3.1113021e-02
   1.0651048e-02
   1.4917725e-01
   1.0995611e-01
   3.4116302e-02
   9.5398352e-03
   1.0108374e-01
   6.3641354e-02
   2.5925733e-02
   8.6773243e-03
   1.0201856e-01
   7.6751923e-03
   4.3930601e-02
   1.5223935e-02
   9.7057275e-02
   2.1485601e-02
   3.8024936e-02
   1.0897004e-02
   7.3258676e-02
   9.4838589e-02
   4.2831846e-02
   1.0105721e-02
   4.7751654e-02
   5.1284391e-02
   3.6787860e-02
   9.7341780e-03
   2.9344596e-02
   5.5332556e-03
   3.6107339e-02
   1.4268999e-02
   3.0062672e-02
   8.6061414e-03
   3.1293247e-02
   9.6655004e-03
   2.8493160e-02
   3.6394846e-02
   3.3749484e-02
   8.5872831e-03
   3.3816580e-02
   2.6826741e-02
   2.0063043e-02
   7.8867264e-03
   3.1005833e-02
   5.0204215e-03
   3.0626958e-02
   1.2916849e-02
   3.2156534e-02
   8.3280224e-03
   2.6597124e-02
   8.9969663e-03
   2.8300155e-02
   3.2222692e-02
   2.7007693e-02
   7.4818744e-03
   3.0276340e-02
   2.0768387e-02
   1.4150705e-02
   7.3658936e-03
   3.1009575e-02
   5.7073194e-03
   3.1415291e-02
   1.3038722e-02
   3.4073219e-02
   7.6970165e-03
   2.7878905e-02
   8.9321807e-03
   3.0648444e-02
   3.6754012e-02
   3.1421475e-02
   7.8096106e-03
   3.2366440e-02
   3.3350933e-02
   3.0828666e-02
   6.9544832e-03
   2.3977624e-02
   7.7910870e-03
   4.1102093e-02
   9.6283201e-03
   2.5706045e-02
   6.3470681e-03
   4.1749757e-02
   5.9088478e-03
   3.4054738e-02
   3.7107278e-02
   4.8597883e-02
   7.1954359e-03
   4.6075836e-02
   9.6920736e-02
   7.5046629e-02
   7.1891434e-03
   2.7970148e-02
   5.8321534e-03
   3.7291024e-02
   9.5004905e-03
   2.9383803e-02
   5.8877249e-03
   3.5361867e-02
   5.8923676e-03
   3.7565891e-02
   3.1289831e-02
   3.2114271e-02
   6.6035665e-03
   4.7759697e-02
   4.9691696e-02
   3.6207534e-02
   5.1245787e-03
   7.1381092e-02
   4.2490805e-03
   3.6372896e-02
   1.1197049e-02
   9.2137478e-02
   9.5205409e-03
   3.1565160e-02
   6.4038457e-03
   1.1722552e-01
   4.0951449e-02
   2.6992744e-02
   5.9721209e-03
   1.1987699e-01
   4.0372644e-02
   1.9020047e-02
   4.3572481e-03
   2.1707974e-01
   6.2326184e-03
   4.2151630e-02
   1.2623728e-02
   2.5265971e-01
   3.2759074e-02
   4.0864777e-02
   7.6455306e-03
   2.4779435e-01
   9.5750868e-02
   4.0102229e-02
   7.4651926e-03
   1.6910955e-01
   8.1648029e-02
   3.0037835e-02
   7.1683517e-03
   1.5744512e-01
   7.9222461e-03
   6.1183523e-02
   1.3227206e-02
   1.4768067e-01
   2.9420719e-02
   5.6934599e-02
   9.2155486e-03
   1.1716823e-01
   8.5233666e-02
   5.3467534e-02
   8.8159544e-03
   7.7081762e-02
   6.2931269e-02
   4.2720802e-02
   8.8424440e-03
   3.9093781e-02
   5.0185393e-03
   4.7846798e-02
   1.0525340e-02
   3.7994742e-02
   8.5541662e-03
   4.3387745e-02
   7.0502847e-03
   4.0316049e-02
   4.0310178e-02
   3.7614856e-02
   6.5743551e-03
   4.7208253e-02
   3.6166362e-02
   2.4393395e-02
   5.7064202e-03
   2.4302939e-02
   4.2594294e-03
   3.8647324e-02
   8.8604493e-03
   2.5246788e-02
   5.8020246e-03
   3.4912020e-02
   5.4366090e-03
   3.1448625e-02
   3.2046687e-02
   2.8690226e-02
   4.9391799e-03
   3.6007922e-02
   2.8256483e-02
   1.8371271e-02
   4.3210266e-03
   2.1031048e-02
   5.9159556e-03
   3.8342874e-02
   9.4373068e-03
   2.4199670e-02
   5.5017350e-03
   3.6628921e-02
   5.7639075e-03
   2.9751230e-02
   3.1744059e-02
   3.6889527e-02
   5.7672784e-03
   3.9427884e-02
   5.2061960e-02
   3.7853491e-02
   4.8033115e-03
   3.4326516e-02
   1.0302167e-02
   4.8331901e-02
   9.9244118e-03
   3.7477653e-02
   7.6415492e-03
   5.2527301e-02
   5.1611755e-03
   5.2778393e-02
   4.2704795e-02
   6.5477930e-02
   9.3789455e-03
   6.9892995e-02
   1.0411794e-01
   8.3412960e-02
   8.0586504e-03
   3.7827760e-02
   7.7397330e-03
   4.0389050e-02
   1.0658271e-02
   4.1044511e-02
   7.0508989e-03
   4.9607500e-02
   4.4602412e-03
   5.7654262e-02
   3.8616452e-02
   4.7266711e-02
   7.0364508e-03
   7.7811480e-02
   5.1230464e-02
   4.3951150e-02
   4.7776327e-03
   7.8202188e-02
   4.9898718e-03
   4.4411313e-02
   1.2424835e-02
   1.0781203e-01
   1.1121340e-02
   4.6325088e-02
   5.0787972e-03
   1.5299436e-01
   4.0931653e-02
   2.8240439e-02
   5.6270147e-03
   1.8808283e-01
   3.1994559e-02
   2.3428887e-02
   3.8793364e-03
   1.9397965e-01
   8.0190962e-03
   5.2773163e-02
   1.3627421e-02
   2.5269699e-01
   4.3917861e-02
   4.9586233e-02
   7.8398278e-03
   2.7342561e-01
   7.3489726e-02
   4.4251978e-02
   8.6257802e-03
   2.5181657e-01
   4.3945894e-02
   3.6622189e-02
   8.1936903e-03
   1.4132151e-01
   1.0193242e-02
   8.3091497e-02
   1.6132342e-02
   1.2728368e-01
   3.9700069e-02
   7.0660286e-02
   1.0914322e-02
   1.2291865e-01
   8.4230617e-02
   5.5456366e-02
   1.0963739e-02
   1.0065721e-01
   6.4490490e-02
   5.1162407e-02
   1.0817247e-02
   5.4518320e-02
   5.9154076e-03
   5.6041513e-02
   1.1063667e-02
   5.5957697e-02
   1.1094973e-02
   5.7342455e-02
   7.6690880e-03
   6.5730110e-02
   4.9009450e-02
   4.1256022e-02
   7.1795708e-03
   7.0725672e-02
   5.3689774e-02
   3.2848611e-02
   5.9099779e-03
   3.8994730e-02
   5.4586190e-03
   5.1497716e-02
   7.5629679e-03
   3.7388727e-02
   7.6016393e-03
   5.0239615e-02
   5.6747263e-03
   5.4134294e-02
   3.4278918e-02
   3.0599557e-02
   4.6700360e-03
   5.7844169e-02
   3.0351594e-02
   2.4560845e-02
   3.5708784e-03
   2.4761161e-02
   7.8803003e-03
   4.9664430e-02
   9.7373277e-03
   3.8017739e-02
   7.0485575e-03
   4.9038157e-02
   5.7988619e-03
   4.5962378e-02
   3.4700152e-02
   4.8021305e-02
   6.5769460e-03
   5.9209492e-02
   5.8673870e-02
   4.2595908e-02
   4.5727463e-03
   4.9290892e-02
   1.4641564e-02
   6.5259755e-02
   1.3542886e-02
   4.7479898e-02
   1.1681368e-02
   1.0320278e-01
   8.9306748e-03
   6.5226190e-02
   4.6780121e-02
   8.6436972e-02
   1.8865356e-02
   7.9402916e-02
   1.3582255e-01
   1.2985840e-01
   1.4805107e-02
   5.1627584e-02
   1.2580460e-02
   5.0952472e-02
   1.3701105e-02
   4.3644220e-02
   1.0387667e-02
   7.4694812e-02
   7.5024501e-03
   6.7180090e-02
   3.7366446e-02
   4.6355516e-02
   1.0721733e-02
   9.8664775e-02
   7.1220726e-02
   6.8585992e-02
   8.0788443e-03
   6.7397878e-02
   8.1104683e-03
   4.8735831e-02
   1.6134862e-02
   6.3008539e-02
   1.5611163e-02
   5.9285838e-02
   6.8973415e-03
   9.0929009e-02
   3.5303742e-02
   3.0114984e-02
   8.3972868e-03
   1.6604342e-01
   2.6573738e-02
   3.6824998e-02
   4.4584665e-03
   1.0928491e-01
   1.8583043e-02
   7.5523019e-02
   2.0054547e-02
   8.8741973e-02
   6.4209327e-02
   6.3076861e-02
   1.2568798e-02
   9.6479036e-02
   8.6026460e-02
   4.5847360e-02
   1.3831153e-02
   1.7079066e-01
   4.1383434e-02
   4.7272380e-02
   1.2605527e-02
   1.0245903e-01
   2.1309525e-02
   1.3113371e-01
   2.7721491e-02
   5.6606274e-02
   5.6927439e-02
   9.0114668e-02
   2.0240016e-02
   5.7110429e-02
   1.1103549e-01
   6.8412438e-02
   2.0177616e-02
   6.6398419e-02
   9.8323666e-02
   6.1255444e-02
   1.7122826e-02
   6.1182957e-02
   8.6750332e-03
   7.1268767e-02
   1.7882669e-02
   5.1938441e-02
   1.4288462e-02
   6.7455925e-02
   1.3008378e-02
   6.4578861e-02
   5.8332291e-02
   5.2199081e-02
   1.1106604e-02
   7.9227738e-02
   7.7599525e-02
   4.1207481e-02
   8.2537457e-03
   5.1845275e-02
   8.5049486e-03
   6.1128363e-02
   5.9379544e-03
   4.1423939e-02
   8.6490791e-03
   6.2503025e-02
   6.7622024e-03
   6.2625289e-02
   3.3441823e-02
   4.1784026e-02
   6.3892263e-03
   8.2819514e-02
   2.9735083e-02
   3.7401494e-02
   4.2845067e-03
   2.6999338e-02
   1.4278968e-02
   7.1520880e-02
   1.0549152e-02
   3.8212866e-02
   7.6811248e-03
   7.5890757e-02
   7.0960480e-03
   5.6165162e-02
   3.1619210e-02
   6.1325379e-02
   1.3838842e-02
   8.4116407e-02
   7.4400470e-02
   6.5397121e-02
   8.1961993e-03
