   1.6110310e-02
   1.9201640e-02
   2.2649154e-02
   2.4531780e-02
   1.7933860e-02
   1.6422747e-02
   1.7460573e-02
   2.5549361e-02
   6.0531208e-03
   5.7572415e-03
   6.0138288e-03
   2.7436040e-02
   1.0751567e-02
   9.9285813e-03
   7.9729166e-03
   3.9694533e-02
   1.3549252e-02
   1.4923587e-02
   1.7885378e-02
   2.4142222e-02
   1.0554519e-02
   8.5180374e-03
   1.1154978e-02
   2.3279989e-02
   5.5943211e-03
   5.1568220e-03
   5.1994016e-03
   2.6659194e-02
   1.0168030e-02
   9.4767595e-03
   7.7328822e-03
   3.8730122e-02
   1.2764227e-02
   1.3202695e-02
   1.5948225e-02
   2.5062013e-02
   6.3578836e-03
   4.4815340e-03
   8.9893695e-03
   2.2863680e-02
   5.4280083e-03
   4.9761320e-03
   5.0699846e-03
   2.7272282e-02
   1.0136368e-02
   9.4909342e-03
   7.9490254e-03
   3.9799627e-02
   1.6948938e-02
   1.8888328e-02
   2.2396859e-02
   3.0548589e-02
   6.8605710e-03
   4.5832968e-03
   1.0386045e-02
   2.6200313e-02
   6.3369670e-03
   5.3098160e-03
   6.8202373e-03
   3.0179618e-02
   1.1341487e-02
   1.0324345e-02
   9.9353073e-03
   4.4017818e-02
   2.3438372e-02
   2.8097412e-02
   3.6672693e-02
   4.1441347e-02
   8.3268462e-03
   4.7343695e-03
   1.2685016e-02
   3.1079622e-02
   7.9555893e-03
   5.5736168e-03
   1.0833635e-02
   3.3136405e-02
   1.3028017e-02
   1.0941907e-02
   1.3569606e-02
   4.8067581e-02
   1.6648948e-02
   1.8918671e-02
   2.5666151e-02
   3.2156665e-02
   7.0494600e-03
   4.6247933e-03
   1.0579266e-02
   2.6568979e-02
   6.3846256e-03
   5.4780426e-03
   7.5864773e-03
   3.0156486e-02
   1.1373454e-02
   1.0453740e-02
   1.0195260e-02
   4.4183936e-02
   1.2547432e-02
   1.3546849e-02
   1.8180860e-02
   2.5009308e-02
   6.3102175e-03
   4.4962098e-03
   8.9395242e-03
   2.2951853e-02
   5.5613802e-03
   5.1401677e-03
   5.2655051e-03
   2.7188398e-02
   1.0266391e-02
   9.5945839e-03
   8.0218557e-03
   3.9632313e-02
   1.3231022e-02
   1.4978305e-02
   1.9236991e-02
   2.3983505e-02
   9.3208663e-03
   7.5004925e-03
   1.0704524e-02
   2.3168849e-02
   5.6264694e-03
   5.3024637e-03
   5.4076603e-03
   2.6604053e-02
   1.0285370e-02
   9.5673744e-03
   7.7887941e-03
   3.8723476e-02
   2.5784083e-02
   3.6360875e-02
   4.2038366e-02
   2.2489486e-02
   2.4367014e-02
   2.2452677e-02
   2.4284305e-02
   2.6320903e-02
   5.7304464e-03
   5.6036776e-03
   6.5726032e-03
   2.4975182e-02
   1.0067333e-02
   9.2575904e-03
   7.4513932e-03
   3.5884123e-02
   2.0653045e-02
   2.7533503e-02
   3.1352229e-02
   2.2519607e-02
   1.3155418e-02
   1.1051346e-02
   1.4630361e-02
   2.3174051e-02
   5.3864140e-03
   5.0609196e-03
   5.5006705e-03
   2.4627643e-02
   9.6929306e-03
   9.0951435e-03
   7.4179051e-03
   3.5293866e-02
   1.8449191e-02
   2.2652389e-02
   2.5871567e-02
   2.3555903e-02
   6.2359977e-03
   4.5847027e-03
   1.0703977e-02
   2.1939466e-02
   5.3220079e-03
   5.0270264e-03
   5.3544515e-03
   2.5304224e-02
   9.6172439e-03
   9.3014110e-03
   7.8225750e-03
   3.6081400e-02
   2.3790874e-02
   3.0763131e-02
   3.5744801e-02
   2.9217735e-02
   6.5371706e-03
   4.6002693e-03
   1.2532478e-02
   2.4696866e-02
   6.1036563e-03
   5.3476170e-03
   7.5733117e-03
   2.7689667e-02
   1.0375231e-02
   9.9571077e-03
   1.0057506e-02
   3.8926281e-02
   3.4015179e-02
   4.4908263e-02
   5.9242390e-02
   4.2344391e-02
   8.0321338e-03
   4.8114848e-03
   1.5746122e-02
   2.9761286e-02
   7.7376389e-03
   5.6635588e-03
   1.2884786e-02
   3.0347185e-02
   1.1809952e-02
   1.0520669e-02
   1.4605565e-02
   4.1434430e-02
   2.4048639e-02
   3.0905584e-02
   4.2099364e-02
   3.1200632e-02
   6.7282892e-03
   4.6847309e-03
   1.2720525e-02
   2.5399145e-02
   6.2461514e-03
   5.6407992e-03
   8.6303847e-03
   2.8179044e-02
   1.0485400e-02
   1.0184489e-02
   1.0467487e-02
   3.9124534e-02
   1.8633299e-02
   2.4026448e-02
   3.1225672e-02
   2.3723813e-02
   6.1473884e-03
   4.6307002e-03
   1.0291367e-02
   2.2241740e-02
   5.5102082e-03
   5.3761946e-03
   5.7491893e-03
   2.5798988e-02
   9.7587993e-03
   9.5612714e-03
   7.9217218e-03
   3.6428735e-02
   2.0323422e-02
   2.7961193e-02
   3.4529418e-02
   2.2678996e-02
   1.1218154e-02
   9.3116742e-03
   1.3412819e-02
   2.2966359e-02
   5.4452936e-03
   5.3994693e-03
   5.8952202e-03
   2.4990737e-02
   9.7434809e-03
   9.2550898e-03
   7.4996636e-03
   3.5689931e-02
   3.2806780e-02
   4.8806012e-02
   5.6607381e-02
   1.7348742e-02
   2.8270919e-02
   2.5937533e-02
   2.8945712e-02
   2.4276095e-02
   4.8328494e-03
   5.3492934e-03
   6.9483002e-03
   2.0001270e-02
   7.8683728e-03
   7.7677099e-03
   6.3128457e-03
   2.7173564e-02
   2.5487328e-02
   3.7225068e-02
   4.2834040e-02
   1.7440021e-02
   1.4440506e-02
   1.2337658e-02
   1.7210117e-02
   2.0292323e-02
   4.5760744e-03
   4.8212060e-03
   5.6039370e-03
   2.0224487e-02
   7.7024549e-03
   7.7376910e-03
   6.4131930e-03
   2.7145784e-02
   2.0784212e-02
   2.7873229e-02
   3.2474697e-02
   1.8008735e-02
   5.6559956e-03
   4.2522061e-03
   1.1941931e-02
   1.8734276e-02
   4.5653996e-03
   4.7102589e-03
   5.4083006e-03
   2.1072758e-02
   7.6565361e-03
   8.0143493e-03
   6.7041600e-03
   2.7974393e-02
   2.3445548e-02
   3.1822145e-02
   3.7837256e-02
   2.5091382e-02
   5.7934066e-03
   4.1766497e-03
   1.2969052e-02
   2.1227265e-02
   5.3402553e-03
   4.9022320e-03
   8.1627984e-03
   2.2807837e-02
   8.1634969e-03
   8.4531978e-03
   9.5138960e-03
   2.9814200e-02
   3.2471597e-02
   4.3202993e-02
   5.8471180e-02
   4.1803114e-02
   7.6156049e-03
   4.4533513e-03
   1.5821779e-02
   2.7441638e-02
   7.0614037e-03
   5.1598786e-03
   1.5080134e-02
   2.5797155e-02
   9.6318992e-03
   8.7585924e-03
   1.5236375e-02
   3.2208301e-02
   2.3743134e-02
   3.1505674e-02
   4.2964380e-02
   2.8150888e-02
   6.0576806e-03
   4.4351039e-03
   1.2577369e-02
   2.2447377e-02
   5.4161707e-03
   5.1832483e-03
   9.4367154e-03
   2.4265595e-02
   8.1764180e-03
   8.6165443e-03
   1.0048617e-02
   3.0411763e-02
   2.1453375e-02
   2.9740429e-02
   3.8360313e-02
   1.9026447e-02
   5.2874703e-03
   4.3543256e-03
   1.0566321e-02
   1.9109406e-02
   4.6924883e-03
   5.0651045e-03
   5.6962343e-03
   2.2209933e-02
   7.6903040e-03
   8.1964592e-03
   6.8702842e-03
   2.8580215e-02
   2.5809614e-02
   3.7926313e-02
   4.7361970e-02
   1.7932978e-02
   1.1871516e-02
   1.0185058e-02
   1.5278479e-02
   1.9762991e-02
   4.6295500e-03
   5.1915934e-03
   6.0956567e-03
   2.0688804e-02
   7.5944876e-03
   7.8041572e-03
   6.4162775e-03
   2.7561858e-02
   2.7206331e-02
   4.0997420e-02
   4.8375458e-02
   1.1943503e-02
   3.3496961e-02
   3.0259214e-02
   3.2923877e-02
   2.1304552e-02
   3.6166951e-03
   4.5456770e-03
   7.8015835e-03
   1.4431278e-02
   5.4225139e-03
   5.6173503e-03
   4.7799735e-03
   1.8149851e-02
   2.1319237e-02
   3.2344140e-02
   3.8538404e-02
   1.1874662e-02
   1.6255813e-02
   1.3777830e-02
   1.8905362e-02
   1.6286127e-02
   3.4065282e-03
   3.9009589e-03
   5.8382894e-03
   1.4157608e-02
   5.3022429e-03
   5.5908756e-03
   4.8272978e-03
   1.8303383e-02
   1.6640827e-02
   2.2721620e-02
   2.9069731e-02
   1.1826115e-02
   4.8462399e-03
   3.2865219e-03
   1.1456038e-02
   1.4129365e-02
   3.3071334e-03
   3.6620665e-03
   4.8728250e-03
   1.4302241e-02
   5.1665050e-03
   5.6001996e-03
   4.8289085e-03
   1.8444872e-02
   1.8531451e-02
   2.5143562e-02
   3.1579111e-02
   2.3363400e-02
   5.0654681e-03
   3.1857903e-03
   1.3252432e-02
   1.7722536e-02
   4.2601479e-03
   3.6248814e-03
   9.2531284e-03
   1.5706444e-02
   5.8173612e-03
   5.8938968e-03
   9.2173498e-03
   1.9263582e-02
   3.1671830e-02
   3.7960459e-02
   5.5374864e-02
   5.1290173e-02
   7.5065587e-03
   3.9144685e-03
   1.8479111e-02
   2.6650287e-02
   6.1840476e-03
   3.7962317e-03
   1.9562172e-02
   1.9263461e-02
   7.5764493e-03
   6.1112442e-03
   1.8157985e-02
   2.1859264e-02
   1.8959541e-02
   2.3483403e-02
   3.3518210e-02
   2.8775413e-02
   5.6136400e-03
   3.8229697e-03
   1.3315145e-02
   1.8918199e-02
   4.1686445e-03
   3.8334930e-03
   1.1122877e-02
   1.7015060e-02
   5.7903645e-03
   6.2145423e-03
   1.0200487e-02
   1.9277634e-02
   1.6339039e-02
   2.3255793e-02
   3.0686380e-02
   1.3085296e-02
   4.3502646e-03
   3.5282033e-03
   1.0289620e-02
   1.4537460e-02
   3.3674333e-03
   3.8321244e-03
   5.3514438e-03
   1.5365900e-02
   5.0282814e-03
   5.8151055e-03
   5.1811049e-03
   1.8359656e-02
   2.0758342e-02
   3.1360455e-02
   4.0889032e-02
   1.2339575e-02
   1.3131635e-02
   1.1196987e-02
   1.6660901e-02
   1.6359482e-02
   3.3378298e-03
   4.2718993e-03
   6.2357383e-03
   1.4701523e-02
   5.1420950e-03
   5.5418471e-03
   5.0311731e-03
   1.8468715e-02
