   4.0487316e-02
   3.2417208e-02
   3.0393759e-02
   1.4078489e-02
   3.5271358e-02
   3.3918608e-02
   3.6464877e-02
   1.8566752e-02
   2.6127551e-02
   4.5515865e-02
   3.8744211e-02
   1.8833382e-02
   2.2096543e-02
   3.8149584e-02
   3.1893086e-02
   1.8922977e-02
   3.7513118e-02
   2.2977769e-02
   2.4611454e-02
   1.5380950e-02
   3.5001762e-02
   3.3637948e-02
   3.5445355e-02
   1.8682415e-02
   2.4990357e-02
   5.4072823e-02
   4.2774096e-02
   1.9310545e-02
   2.3648774e-02
   4.0125743e-02
   3.3506062e-02
   1.8858312e-02
   3.6028448e-02
   1.7253630e-02
   2.2031378e-02
   2.3771310e-02
   3.3805847e-02
   3.4087181e-02
   3.3497863e-02
   1.8481100e-02
   2.2613153e-02
   5.6356221e-02
   4.1867495e-02
   2.0066703e-02
   2.3284584e-02
   4.4832610e-02
   3.5577312e-02
   1.9372985e-02
   3.9494853e-02
   2.3876319e-02
   3.2331783e-02
   2.3212707e-02
   3.2280821e-02
   3.8561877e-02
   4.1784808e-02
   2.1107960e-02
   2.2338036e-02
   5.2018669e-02
   5.1459480e-02
   2.1947758e-02
   2.1060873e-02
   4.7651373e-02
   4.4157945e-02
   2.5873503e-02
   5.4717541e-02
   3.5707399e-02
   5.5855408e-02
   1.6623210e-02
   7.4591711e-02
   5.5839043e-02
   5.1386151e-02
   2.0047130e-02
   6.3557528e-02
   7.5855576e-02
   5.8749784e-02
   2.0250557e-02
   5.6849688e-02
   7.5933523e-02
   5.3701974e-02
   2.5033062e-02
   1.1728035e-01
   3.0638959e-02
   3.7029535e-02
   1.5931839e-02
   1.6259967e-01
   5.7096209e-02
   3.9523270e-02
   1.9460587e-02
   1.2164006e-01
   7.0138678e-02
   4.2964794e-02
   1.8053947e-02
   8.7690547e-02
   7.0627302e-02
   4.0228412e-02
   1.9636042e-02
   8.9550838e-02
   1.8490186e-02
   2.3484157e-02
   1.5066012e-02
   7.8616105e-02
   3.5672411e-02
   3.3804450e-02
   1.8170578e-02
   4.7691740e-02
   5.5053398e-02
   3.7186850e-02
   1.7489716e-02
   3.3148784e-02
   6.5200560e-02
   3.4036215e-02
   1.9008271e-02
   4.3076884e-02
   2.1763289e-02
   2.4490640e-02
   1.4539802e-02
   3.4047324e-02
   3.1876270e-02
   3.1727999e-02
   1.7871218e-02
   2.4266619e-02
   5.8454569e-02
   3.8931392e-02
   1.8230511e-02
   2.1866227e-02
   5.6379553e-02
   3.3128977e-02
   1.8433850e-02
   4.2450488e-02
   2.9991969e-02
   2.6659109e-02
   8.6356634e-03
   3.0093864e-02
   3.3921883e-02
   3.6074709e-02
   1.1110972e-02
   2.5387650e-02
   5.4737449e-02
   4.0763102e-02
   1.2746075e-02
   1.8562376e-02
   4.8508834e-02
   3.7018236e-02
   1.1327318e-02
   4.1648176e-02
   2.5734458e-02
   2.0203356e-02
   1.1206955e-02
   2.9231777e-02
   3.5286017e-02
   3.2807440e-02
   1.1650666e-02
   2.1533823e-02
   5.0533675e-02
   4.0770300e-02
   1.1836790e-02
   1.9724719e-02
   5.1258575e-02
   3.9511696e-02
   1.1323715e-02
   4.0520210e-02
   2.3695571e-02
   1.9075133e-02
   2.3384653e-02
   2.9385077e-02
   3.1094538e-02
   3.1771291e-02
   1.2768432e-02
   2.0316297e-02
   4.9966238e-02
   4.2602982e-02
   1.3258656e-02
   2.0547790e-02
   5.5210005e-02
   4.2738572e-02
   1.3232724e-02
   4.7982898e-02
   3.0968348e-02
   2.4892421e-02
   2.2638671e-02
   3.9580885e-02
   3.5546422e-02
   4.6552081e-02
   1.4612033e-02
   2.6921196e-02
   4.9273789e-02
   6.0672965e-02
   1.5411935e-02
   2.4892565e-02
   5.2885152e-02
   5.8661424e-02
   2.3567777e-02
   7.8167319e-02
   4.7906309e-02
   5.3303059e-02
   1.3022116e-02
   1.1298036e-01
   5.9970386e-02
   6.3025281e-02
   1.2671831e-02
   1.0074651e-01
   7.5248614e-02
   7.2343893e-02
   1.3709917e-02
   8.2717568e-02
   7.8706630e-02
   7.0490278e-02
   2.3254283e-02
   1.9085936e-01
   4.0667310e-02
   3.3644497e-02
   1.0574809e-02
   2.6675132e-01
   6.3669071e-02
   3.8817655e-02
   1.2242024e-02
   1.9489492e-01
   6.5153360e-02
   4.5668583e-02
   1.1200075e-02
   1.3026191e-01
   7.1170732e-02
   4.9177669e-02
   1.2233033e-02
   1.4809428e-01
   2.7180806e-02
   1.9223869e-02
   9.4313975e-03
   1.3216490e-01
   3.4573007e-02
   2.7413324e-02
   1.1849737e-02
   7.8053162e-02
   4.9688995e-02
   3.5737216e-02
   1.1166072e-02
   4.6739649e-02
   7.0791036e-02
   4.0909868e-02
   1.1088358e-02
   5.6043193e-02
   2.3766905e-02
   2.1317435e-02
   9.0821870e-03
   3.5488162e-02
   2.7865887e-02
   2.9751027e-02
   1.0913968e-02
   2.7253740e-02
   5.9263807e-02
   3.5397448e-02
   1.1459198e-02
   1.9668585e-02
   6.7985386e-02
   3.9676309e-02
   1.1318247e-02
   6.4397372e-02
   3.0202299e-02
   2.1169377e-02
   8.0255745e-03
   3.8210880e-02
   4.1067395e-02
   3.9373334e-02
   7.6102410e-03
   3.4289069e-02
   7.7169567e-02
   4.6046074e-02
   8.7866662e-03
   2.1441067e-02
   7.6820418e-02
   4.9432639e-02
   8.7215761e-03
   6.4039499e-02
   2.6982186e-02
   1.6460394e-02
   1.2187123e-02
   3.8253371e-02
   3.3944920e-02
   4.0270336e-02
   7.9713007e-03
   3.0231126e-02
   6.3261300e-02
   4.6439189e-02
   8.1842365e-03
   2.0992229e-02
   5.7018012e-02
   5.2048992e-02
   9.2719495e-03
   6.8523787e-02
   2.2859784e-02
   1.5997127e-02
   3.5866037e-02
   4.5754738e-02
   3.0571152e-02
   3.8999006e-02
   1.0430277e-02
   3.4425095e-02
   5.4525860e-02
   5.0886899e-02
   9.4651226e-03
   2.5726087e-02
   5.9814606e-02
   5.2189805e-02
   1.0821655e-02
   7.8011364e-02
   4.6033468e-02
   2.7266650e-02
   3.2918114e-02
   5.9557274e-02
   3.7237093e-02
   5.4324735e-02
   1.1344614e-02
   4.7101587e-02
   5.3654965e-02
   8.3792210e-02
   1.2365931e-02
   3.7020303e-02
   6.3345365e-02
   7.2502069e-02
   2.8574836e-02
   9.8599829e-02
   6.4144611e-02
   7.5521752e-02
   1.4420237e-02
   1.1391608e-01
   6.1599001e-02
   8.0272205e-02
   1.0147079e-02
   1.2335194e-01
   5.7908993e-02
   9.9190347e-02
   1.0646534e-02
   9.8151989e-02
   7.3364571e-02
   9.2426449e-02
   2.9390538e-02
   2.5798956e-01
   3.3591803e-02
   4.7011808e-02
   1.0970451e-02
   3.0850682e-01
   5.6480777e-02
   4.6634048e-02
   8.4216567e-03
   2.4569687e-01
   5.8865737e-02
   6.2085610e-02
   9.0632252e-03
   1.5744819e-01
   6.6574372e-02
   4.7457423e-02
   1.0440275e-02
   2.3077215e-01
   2.3814728e-02
   1.4720812e-02
   8.3499067e-03
   1.8098532e-01
   3.2901768e-02
   2.9158566e-02
   8.0019096e-03
   1.0390409e-01
   6.1523959e-02
   4.7144730e-02
   8.2829986e-03
   6.5771513e-02
   7.6665372e-02
   4.1268501e-02
   8.5149873e-03
   9.7441711e-02
   2.4981145e-02
   1.6906202e-02
   7.2944402e-03
   5.2382730e-02
   3.1812783e-02
   2.8590832e-02
   8.0160722e-03
   4.0746316e-02
   6.6993684e-02
   4.2491287e-02
   7.9822624e-03
   2.6381390e-02
   7.6770835e-02
   4.0415540e-02
   7.8851497e-03
   8.0931842e-02
   3.8678117e-02
   2.5556171e-02
   1.1139188e-02
   5.1075324e-02
   3.9995816e-02
   5.2967764e-02
   6.1898190e-03
   4.9955875e-02
   8.7639496e-02
   7.1551487e-02
   8.2882671e-03
   3.9754584e-02
   1.1030806e-01
   6.4695552e-02
   1.2271897e-02
   7.6391876e-02
   3.5136215e-02
   1.9366391e-02
   1.9934630e-02
   5.7682227e-02
   4.0213704e-02
   5.3849392e-02
   7.7831848e-03
   4.6082672e-02
   5.7777163e-02
   7.5876690e-02
   6.6040503e-03
   3.9953440e-02
   7.0942283e-02
   6.7347556e-02
   1.1745545e-02
   8.4034078e-02
   2.7556833e-02
   1.9134248e-02
   6.8003319e-02
   5.0814278e-02
   4.2697735e-02
   4.6135847e-02
   8.7458203e-03
   3.8693249e-02
   4.4414401e-02
   6.9329984e-02
   7.7698207e-03
   3.7190616e-02
   6.7669533e-02
   5.6563817e-02
   1.0955278e-02
   9.1989301e-02
   8.1816003e-02
   4.2861708e-02
   6.2984556e-02
   6.4927220e-02
   5.2093480e-02
   7.7435657e-02
   8.1841489e-03
   4.8464224e-02
   5.2960984e-02
   1.0820576e-01
   1.7483229e-02
   3.0842476e-02
   7.6267675e-02
   1.0705432e-01
   3.8230624e-02
   9.6563086e-02
   1.1581431e-01
   1.0484877e-01
   2.6022749e-02
   6.3109845e-02
   7.7932410e-02
   1.1101692e-01
   1.2325922e-02
   8.5143238e-02
   7.1928963e-02
   1.4728186e-01
   1.5557885e-02
   8.5231036e-02
   7.2482228e-02
   1.3523836e-01
   4.1901689e-02
   1.4956404e-01
   4.7389332e-02
   7.1112938e-02
   1.5918566e-02
   1.3413939e-01
   8.5365750e-02
   6.0080845e-02
   1.0208489e-02
   1.4401355e-01
   7.2376922e-02
   8.0804527e-02
   8.9023411e-03
   1.1219298e-01
   7.4536502e-02
   6.0667440e-02
   1.3637261e-02
   1.6456395e-01
   2.6593246e-02
   1.6548214e-02
   1.1677750e-02
   1.0579191e-01
   4.3864530e-02
   3.4417052e-02
   8.1121456e-03
   6.9141142e-02
   6.0600918e-02
   7.0468448e-02
   4.5461566e-03
   5.2158039e-02
   7.3940113e-02
   5.3048484e-02
   8.8187000e-03
   7.7732481e-02
   2.9820956e-02
   1.6517419e-02
   1.0449373e-02
   5.8517519e-02
   4.0063854e-02
   3.1352811e-02
   7.6176864e-03
   4.9133155e-02
   6.3116699e-02
   7.7875286e-02
   6.2046903e-03
   3.9494675e-02
   8.0686010e-02
   5.2868403e-02
   1.0275100e-02
