   4.5481462e-02
   4.6248976e-02
   6.7528434e-02
   2.6324086e-02
   3.7588909e-02
   3.4118410e-02
   2.7433943e-02
   1.5326621e-02
   3.1818941e-02
   2.6676655e-02
   3.4246590e-02
   1.1021463e-02
   3.1764433e-02
   3.4894448e-02
   4.3717802e-02
   8.6312275e-03
   3.9609320e-02
   4.5139626e-02
   5.7878233e-02
   2.3784930e-02
   3.4047347e-02
   2.9279985e-02
   2.4052618e-02
   1.5608644e-02
   3.0145187e-02
   2.5070725e-02
   3.0387046e-02
   1.0449055e-02
   3.6118418e-02
   3.3152405e-02
   3.6533609e-02
   8.6726425e-03
   5.4110706e-02
   4.5783576e-02
   5.2765500e-02
   2.4006788e-02
   6.2106475e-02
   2.8623562e-02
   2.7100449e-02
   1.5963718e-02
   6.9798924e-02
   3.4191385e-02
   3.0312439e-02
   1.0900619e-02
   8.2165897e-02
   5.1469836e-02
   3.4072999e-02
   8.9641567e-03
   1.7943977e-01
   5.0744113e-02
   6.0527127e-02
   2.5116427e-02
   1.7339671e-01
   5.9017029e-02
   3.6021333e-02
   1.6220279e-02
   1.4568739e-01
   9.4667777e-02
   3.9389357e-02
   1.1985475e-02
   1.0862949e-01
   1.2047683e-01
   4.2275656e-02
   1.0170775e-02
   1.3285916e-01
   5.4258365e-02
   8.5306801e-02
   3.0230116e-02
   1.0427111e-01
   5.7852637e-02
   6.3345693e-02
   2.0196596e-02
   7.0646584e-02
   8.2190223e-02
   5.8187585e-02
   1.5908970e-02
   4.9144778e-02
   8.7854192e-02
   5.3882632e-02
   1.3433474e-02
   3.7956055e-02
   4.8698146e-02
   6.2332090e-02
   3.0422822e-02
   3.4527674e-02
   3.0437142e-02
   4.9264334e-02
   2.4738882e-02
   2.9245272e-02
   3.5769410e-02
   4.9121533e-02
   2.1670699e-02
   3.6841199e-02
   4.4440582e-02
   4.0614828e-02
   1.6897431e-02
   4.1546106e-02
   4.6734516e-02
   5.1506847e-02
   2.6440442e-02
   3.5675280e-02
   3.0042626e-02
   2.5208991e-02
   1.8155543e-02
   2.8614635e-02
   3.3187460e-02
   3.2082301e-02
   1.3651047e-02
   3.2033164e-02
   4.0533993e-02
   3.2005973e-02
   1.1136152e-02
   4.4237822e-02
   4.3006077e-02
   5.9796296e-02
   2.5526112e-02
   3.8454723e-02
   3.0165536e-02
   2.5437750e-02
   1.5822344e-02
   3.1374086e-02
   2.7403425e-02
   3.1511787e-02
   1.0452480e-02
   3.1738982e-02
   3.4206741e-02
   3.4588721e-02
   8.4983082e-03
   2.7611367e-02
   4.0337786e-02
   6.4807683e-02
   1.6012345e-02
   2.6028678e-02
   3.1035468e-02
   2.2927694e-02
   1.0727090e-02
   3.3082485e-02
   2.2607174e-02
   3.3696938e-02
   6.3654860e-03
   3.5796553e-02
   4.0888548e-02
   4.6325248e-02
   5.7495753e-03
   3.0443033e-02
   4.1358929e-02
   4.9089335e-02
   1.4216893e-02
   2.8220298e-02
   2.6031811e-02
   1.9750299e-02
   1.0256943e-02
   3.8396779e-02
   2.3168022e-02
   2.9763673e-02
   5.9058787e-03
   4.9507868e-02
   3.9697591e-02
   3.6593214e-02
   4.8710988e-03
   7.6582223e-02
   4.5370851e-02
   4.2876132e-02
   1.4543315e-02
   9.7180277e-02
   2.5858365e-02
   2.0568293e-02
   1.0923190e-02
   1.1769792e-01
   3.1016687e-02
   3.0081794e-02
   6.4481646e-03
   1.3513279e-01
   5.7758819e-02
   3.4619130e-02
   5.7492615e-03
   2.4335831e-01
   4.6684429e-02
   6.2662877e-02
   1.7632011e-02
   2.6923952e-01
   4.8720080e-02
   3.0034548e-02
   1.2234756e-02
   2.4961665e-01
   7.2265714e-02
   3.5599396e-02
   8.0038803e-03
   1.8626375e-01
   1.1811052e-01
   4.6020616e-02
   7.7216523e-03
   1.7263700e-01
   5.4953359e-02
   1.0318636e-01
   2.6930021e-02
   1.5278925e-01
   4.8030049e-02
   8.5884750e-02
   1.8543961e-02
   1.1913292e-01
   6.3678555e-02
   6.6307679e-02
   1.6638296e-02
   7.8713872e-02
   8.1368685e-02
   6.4742163e-02
   1.5168253e-02
   4.0141225e-02
   4.9879123e-02
   6.4010084e-02
   2.1806853e-02
   3.9414953e-02
   2.5747262e-02
   6.6927239e-02
   2.3423586e-02
   3.7572347e-02
   3.6438040e-02
   6.6664986e-02
   2.6872249e-02
   4.6771370e-02
   5.2959673e-02
   4.8644550e-02
   2.3094557e-02
   2.6789472e-02
   4.7105625e-02
   4.5191780e-02
   1.6418897e-02
   2.7267138e-02
   2.3449065e-02
   2.2139532e-02
   1.4054568e-02
   3.0358881e-02
   3.0956179e-02
   3.6302026e-02
   1.2525455e-02
   4.0344510e-02
   4.9905535e-02
   3.4690533e-02
   1.0792190e-02
   2.3926282e-02
   4.0878117e-02
   5.2702837e-02
   1.5869096e-02
   2.4097089e-02
   2.6560554e-02
   2.1465015e-02
   1.0976460e-02
   2.9721234e-02
   2.3798322e-02
   2.9104605e-02
   6.5975282e-03
   3.6489874e-02
   3.8390372e-02
   3.8651790e-02
   4.9331775e-03
   3.3086643e-02
   4.8931990e-02
   5.6615118e-02
   1.0423198e-02
   3.4534421e-02
   2.9486157e-02
   2.3989497e-02
   8.9681055e-03
   5.1050130e-02
   2.3938531e-02
   3.5675645e-02
   3.8519143e-03
   5.6327712e-02
   5.9832670e-02
   6.6567838e-02
   4.8913639e-03
   3.8087316e-02
   4.2879861e-02
   4.7560472e-02
   9.1648577e-03
   3.9859358e-02
   2.7844835e-02
   1.9290514e-02
   7.7076801e-03
   6.4455286e-02
   2.5115648e-02
   2.5162876e-02
   3.8834361e-03
   7.9817533e-02
   4.7671132e-02
   4.8727211e-02
   4.1448073e-03
   7.7618383e-02
   4.2827379e-02
   4.9232788e-02
   1.1862257e-02
   1.1575481e-01
   2.7636942e-02
   1.7711818e-02
   8.6549493e-03
   1.5600026e-01
   2.3942817e-02
   2.7442411e-02
   3.7920980e-03
   2.0659344e-01
   4.2984702e-02
   4.7555003e-02
   4.3498487e-03
   1.8944086e-01
   4.6656750e-02
   7.3916011e-02
   1.5688246e-02
   2.5311932e-01
   5.4501291e-02
   3.1413112e-02
   1.2903157e-02
   2.7099788e-01
   6.0336515e-02
   4.3305043e-02
   7.2750403e-03
   2.6456925e-01
   7.1951218e-02
   7.3779196e-02
   7.8963870e-03
   1.3304116e-01
   4.5869377e-02
   1.2533307e-01
   2.2544606e-02
   1.2291837e-01
   5.6311429e-02
   1.0393289e-01
   2.4402548e-02
   1.1401381e-01
   6.0301229e-02
   8.5424736e-02
   2.6939437e-02
   9.5740065e-02
   6.9186121e-02
   9.8499060e-02
   2.1886062e-02
   4.6983492e-02
   3.8613115e-02
   6.9959968e-02
   1.6398106e-02
   5.4466907e-02
   2.8232606e-02
   8.4228873e-02
   3.5387591e-02
   5.7764955e-02
   3.7720069e-02
   1.0096634e-01
   5.0499976e-02
   7.0689812e-02
   5.4757353e-02
   7.1824491e-02
   3.6477007e-02
   3.4799065e-02
   4.1289851e-02
   4.9628939e-02
   1.2169152e-02
   3.6925133e-02
   2.3736220e-02
   2.6239356e-02
   1.6688222e-02
   5.1676866e-02
   3.3437908e-02
   4.8692584e-02
   1.9390423e-02
   6.3536055e-02
   5.6656729e-02
   4.7281839e-02
   1.4603246e-02
   2.7279653e-02
   5.0283287e-02
   5.8964811e-02
   1.1351565e-02
   3.2341536e-02
   2.8069235e-02
   2.2087948e-02
   8.4901731e-03
   4.4078797e-02
   2.1826435e-02
   3.1822104e-02
   4.3200809e-03
   5.5363122e-02
   4.9252212e-02
   5.6106243e-02
   4.4564926e-03
   4.3029033e-02
   5.1935229e-02
   7.6299466e-02
   1.3797787e-02
   5.1637620e-02
   2.6899496e-02
   2.6356900e-02
   8.8292519e-03
   6.8408988e-02
   2.0416232e-02
   4.4033386e-02
   3.5644493e-03
   6.2410653e-02
   8.8886216e-02
   8.2895570e-02
   7.7746026e-03
   4.4015672e-02
   3.4232389e-02
   6.5277159e-02
   1.3113089e-02
   4.5233689e-02
   2.9018093e-02
   2.0053620e-02
   7.4735191e-03
   6.2898874e-02
   1.9012693e-02
   3.2141220e-02
   4.4945930e-03
   9.6809551e-02
   5.6515489e-02
   6.7674145e-02
   6.8368101e-03
   5.3961243e-02
   3.8619198e-02
   5.2313346e-02
   1.3285346e-02
   6.4125173e-02
   3.0554712e-02
   2.3071503e-02
   1.0525370e-02
   9.6276559e-02
   2.9414294e-02
   2.9164687e-02
   3.4841625e-03
   1.7039871e-01
   5.4070193e-02
   6.9274850e-02
   7.0544910e-03
   1.0240810e-01
   5.4364178e-02
   7.4329093e-02
   1.6009221e-02
   8.0861591e-02
   8.9142524e-02
   3.0449823e-02
   1.7060008e-02
   9.5600978e-02
   9.0707757e-02
   6.7469560e-02
   8.8281268e-03
   1.6218692e-01
   8.3777413e-02
   1.3237900e-01
   1.2178704e-02
   9.5319897e-02
   6.9366254e-02
   1.0528048e-01
   2.6003378e-02
   4.4518225e-02
   9.0474971e-02
   7.3226675e-02
   3.7292026e-02
   6.0050413e-02
   8.7151445e-02
   1.1463258e-01
   4.7074456e-02
   6.5450341e-02
   7.9202548e-02
   1.4722759e-01
   4.0084347e-02
   4.5708533e-02
   4.9951103e-02
   6.7112662e-02
   1.8139858e-02
   6.0890682e-02
   3.7366908e-02
   6.4231008e-02
   5.2719153e-02
   6.9522530e-02
   4.5104608e-02
   1.0655443e-01
   9.2055820e-02
   8.8455155e-02
   6.0348611e-02
   1.0907566e-01
   6.1882883e-02
   4.0855449e-02
   3.5153255e-02
   6.4472899e-02
   1.3836667e-02
   4.1453436e-02
   2.9909598e-02
   2.7576959e-02
   2.3822835e-02
   5.4179851e-02
   3.6837589e-02
   7.2596781e-02
   3.2921143e-02
   8.4824599e-02
   6.4806573e-02
   7.4629046e-02
   2.1805853e-02
   3.1192739e-02
   3.9672386e-02
   8.2675084e-02
   1.2300763e-02
   4.0150024e-02
   2.6718482e-02
   2.2523129e-02
   1.0011844e-02
   6.8105340e-02
   2.1669960e-02
   4.2527925e-02
   4.7698114e-03
   7.9912491e-02
   6.6618420e-02
   9.0032101e-02
   6.7447009e-03
