   1.4764148e-02
   1.1297501e-02
   8.5163815e-03
   2.8008871e-02
   8.9439806e-03
   1.1578717e-02
   1.5825544e-02
   3.7665144e-02
   1.2724320e-02
   9.5459344e-03
   2.0677363e-02
   3.7463527e-02
   1.9302763e-02
   8.1079742e-03
   1.9116888e-02
   3.0672047e-02
   1.4346146e-02
   1.0191610e-02
   8.3224690e-03
   2.6667511e-02
   8.5962489e-03
   9.7944466e-03
   1.4002393e-02
   3.7051994e-02
   1.2004481e-02
   7.7377530e-03
   1.4902382e-02
   3.8521551e-02
   1.8130850e-02
   6.6041043e-03
   1.4159491e-02
   2.8153703e-02
   1.5223189e-02
   8.9060552e-03
   8.4082531e-03
   2.8481944e-02
   8.6888392e-03
   9.1158757e-03
   1.3311269e-02
   4.1918140e-02
   1.1916819e-02
   6.5864399e-03
   1.2748530e-02
   4.4710938e-02
   1.7898429e-02
   6.3027460e-03
   1.4542284e-02
   3.4190711e-02
   1.6585467e-02
   1.0791708e-02
   1.2872229e-02
   3.5495423e-02
   1.2261777e-02
   1.1229512e-02
   1.6348848e-02
   5.7805736e-02
   1.3476825e-02
   7.0514539e-03
   1.5680924e-02
   5.9676167e-02
   1.9793225e-02
   8.1689451e-03
   2.2837173e-02
   3.5050139e-02
   1.8370930e-02
   1.1809985e-02
   2.2885947e-02
   4.6102453e-02
   1.8801795e-02
   1.5629534e-02
   2.1533707e-02
   7.4360780e-02
   1.5463383e-02
   9.2952680e-03
   1.7190933e-02
   6.9178022e-02
   2.1667933e-02
   1.5200762e-02
   2.1962773e-02
   3.2322880e-02
   1.5832726e-02
   9.3556279e-03
   1.6402727e-02
   4.5656923e-02
   1.2146707e-02
   1.1375839e-02
   1.8691178e-02
   6.5725528e-02
   1.3611735e-02
   8.8794651e-03
   1.3620243e-02
   5.5531923e-02
   2.0191681e-02
   1.4176836e-02
   1.5693070e-02
   2.7657326e-02
   1.3842058e-02
   8.4931822e-03
   9.2251254e-03
   3.6366776e-02
   8.5279755e-03
   9.0064593e-03
   1.5390772e-02
   4.8337426e-02
   1.2434123e-02
   7.9497872e-03
   1.1449101e-02
   4.0671676e-02
   1.9539597e-02
   8.1416089e-03
   1.5049316e-02
   2.5407229e-02
   1.3807679e-02
   9.9314013e-03
   8.2980944e-03
   2.9972000e-02
   8.4057851e-03
   9.3330862e-03
   1.4219176e-02
   3.9765436e-02
   1.2150135e-02
   8.0522094e-03
   1.4657556e-02
   3.6178473e-02
   1.8664863e-02
   7.5031039e-03
   1.8193677e-02
   2.8849492e-02
   1.4211231e-02
   1.1368932e-02
   9.2464145e-03
   3.4375042e-02
   8.8719586e-03
   1.3966647e-02
   1.9627543e-02
   5.1722314e-02
   1.2433652e-02
   1.1806644e-02
   2.9284619e-02
   5.2581675e-02
   1.8269628e-02
   1.0020750e-02
   2.6507022e-02
   4.0298805e-02
   1.4442844e-02
   1.0397919e-02
   9.1007743e-03
   3.2104775e-02
   8.6795092e-03
   1.1493484e-02
   1.6481802e-02
   5.0873473e-02
   1.1989858e-02
   9.0470444e-03
   2.0102041e-02
   5.5158000e-02
   1.7238162e-02
   7.6678945e-03
   1.8025897e-02
   3.6666691e-02
   1.6133860e-02
   1.0351318e-02
   9.3054762e-03
   3.4445733e-02
   8.8037029e-03
   1.0898096e-02
   1.5103611e-02
   5.7456188e-02
   1.1929850e-02
   7.2503681e-03
   1.6328456e-02
   6.3108683e-02
   1.7032953e-02
   6.8014283e-03
   1.8288054e-02
   4.7059432e-02
   1.6754037e-02
   1.4547933e-02
   1.4909807e-02
   4.3309759e-02
   1.3763960e-02
   1.3476588e-02
   1.8676829e-02
   7.3176578e-02
   1.3371917e-02
   7.8838933e-03
   2.0452000e-02
   7.6547422e-02
   1.8091423e-02
   9.2754280e-03
   3.2034852e-02
   4.3440927e-02
   1.7896386e-02
   1.4637137e-02
   2.8178686e-02
   5.7112608e-02
   2.3415113e-02
   1.9869791e-02
   2.5930475e-02
   8.9504048e-02
   1.5704906e-02
   1.1111183e-02
   2.1973539e-02
   8.4101148e-02
   1.9170249e-02
   1.9845523e-02
   2.9484184e-02
   3.6478806e-02
   1.5153687e-02
   1.0284535e-02
   1.9590219e-02
   5.8243174e-02
   1.3645361e-02
   1.3815089e-02
   2.1773316e-02
   8.3464630e-02
   1.3747124e-02
   1.0385591e-02
   1.6325828e-02
   7.1912549e-02
   1.8591389e-02
   1.7989282e-02
   1.8528480e-02
   3.1327911e-02
   1.3466084e-02
   8.9813881e-03
   1.0516664e-02
   4.8129398e-02
   8.5225552e-03
   1.0811615e-02
   1.8268239e-02
   6.7751221e-02
   1.3020593e-02
   9.1648633e-03
   1.4078202e-02
   5.7024144e-02
   2.0286556e-02
   9.2290556e-03
   1.9477205e-02
   3.0494131e-02
   1.3469260e-02
   1.0106932e-02
   9.2619341e-03
   3.8541876e-02
   8.4572863e-03
   1.0807691e-02
   1.6746528e-02
   5.6359295e-02
   1.2314410e-02
   9.5949378e-03
   1.9918235e-02
   5.0893836e-02
   1.8460024e-02
   8.8888723e-03
   2.6308680e-02
   3.8648281e-02
   1.1217389e-02
   1.1898755e-02
   9.8305978e-03
   3.7101910e-02
   7.3650121e-03
   1.7514873e-02
   2.2743659e-02
   5.2121926e-02
   1.0181562e-02
   1.4490459e-02
   3.7401658e-02
   5.4762531e-02
   1.3614513e-02
   1.2210031e-02
   3.2668293e-02
   4.7836903e-02
   1.2395322e-02
   1.0274738e-02
   9.3452800e-03
   3.3757772e-02
   7.4267983e-03
   1.3052818e-02
   1.7568519e-02
   5.0936487e-02
   9.9056372e-03
   1.0252825e-02
   2.4835441e-02
   5.6353811e-02
   1.2831216e-02
   8.8129584e-03
   2.1099823e-02
   4.1651092e-02
   1.5166158e-02
   1.0601950e-02
   9.3514007e-03
   3.5460379e-02
   7.6090773e-03
   1.1270802e-02
   1.4943927e-02
   5.3655494e-02
   1.0100666e-02
   7.5595872e-03
   1.9816000e-02
   5.8672581e-02
   1.3090384e-02
   7.1949265e-03
   2.2056529e-02
   5.4414794e-02
   1.5217402e-02
   1.4906974e-02
   1.6228240e-02
   4.2422395e-02
   1.5138893e-02
   1.4372514e-02
   1.9011339e-02
   6.0544342e-02
   1.1659649e-02
   8.5489871e-03
   2.5168872e-02
   6.1200731e-02
   1.3935629e-02
   1.0570151e-02
   4.1590042e-02
   4.3627441e-02
   1.5787458e-02
   1.4925016e-02
   3.3224437e-02
   5.2980553e-02
   2.9450361e-02
   2.3572698e-02
   2.7883118e-02
   6.9500417e-02
   1.4578367e-02
   1.3112890e-02
   2.6379984e-02
   6.5355375e-02
   1.5017512e-02
   2.5458390e-02
   3.7325062e-02
   3.1752110e-02
   1.2526990e-02
   1.0087427e-02
   2.2128761e-02
   5.1968861e-02
   1.4894492e-02
   1.5042217e-02
   2.2579102e-02
   6.6482663e-02
   1.2417145e-02
   1.1893252e-02
   1.8550051e-02
   5.9784956e-02
   1.5626393e-02
   2.2536019e-02
   2.0990290e-02
   2.8918069e-02
   1.0929779e-02
   8.7165320e-03
   1.0882453e-02
   4.5963828e-02
   7.3712347e-03
   1.1202751e-02
   1.8536493e-02
   6.0763251e-02
   1.2414797e-02
   1.0100865e-02
   1.5959127e-02
   5.3200211e-02
   2.0504972e-02
   1.0288076e-02
   2.2445140e-02
   3.1936359e-02
   1.0720715e-02
   9.3371132e-03
   9.7754030e-03
   4.0310137e-02
   7.1927542e-03
   1.2173823e-02
   1.7780205e-02
   5.5887278e-02
   1.0818909e-02
   1.0745450e-02
   2.4263062e-02
   5.1522985e-02
   1.5848242e-02
   1.0350150e-02
   3.2031089e-02
   4.5053575e-02
   8.4947720e-03
   1.4779582e-02
   9.8377140e-03
   3.4148302e-02
   5.8328160e-03
   2.2556772e-02
   2.3654394e-02
   3.7299883e-02
   7.9380274e-03
   1.5966835e-02
   4.6143662e-02
   4.0821295e-02
   9.8693902e-03
   1.5743040e-02
   4.3823760e-02
   5.4004673e-02
   1.0004496e-02
   1.1318054e-02
   8.6324904e-03
   2.8767940e-02
   6.1067790e-03
   1.4836651e-02
   1.6969718e-02
   3.7150439e-02
   7.7363611e-03
   1.1005527e-02
   3.0344265e-02
   4.1790701e-02
   9.3141114e-03
   1.0475778e-02
   2.7005423e-02
   4.4620983e-02
   1.2531119e-02
   9.8785367e-03
   8.2781902e-03
   3.0156005e-02
   6.4628921e-03
   1.1165957e-02
   1.3068686e-02
   3.6573920e-02
   8.2081854e-03
   7.4962070e-03
   2.5248708e-02
   4.0875297e-02
   8.9386525e-03
   7.4829129e-03
   2.9732399e-02
   5.8488596e-02
   1.2513104e-02
   1.3185369e-02
   1.5551762e-02
   3.4366041e-02
   1.6973801e-02
   1.5955672e-02
   1.7773988e-02
   4.0849563e-02
   9.5442897e-03
   9.5599135e-03
   3.2054506e-02
   4.1224875e-02
   9.5257172e-03
   1.3621400e-02
   5.6812774e-02
   4.5113180e-02
   1.3741262e-02
   1.4144310e-02
   3.4795292e-02
   4.4405572e-02
   3.6861397e-02
   2.9463276e-02
   2.7398208e-02
   4.7800161e-02
   1.2946686e-02
   1.6408257e-02
   3.2476965e-02
   4.5152660e-02
   1.0836464e-02
   3.7816189e-02
   5.0179392e-02
   2.9567774e-02
   1.0055173e-02
   9.6956454e-03
   2.3312671e-02
   4.0737245e-02
   1.6716525e-02
   1.6588554e-02
   2.2412274e-02
   4.3937344e-02
   1.1195853e-02
   1.4754713e-02
   2.2250427e-02
   4.0830411e-02
   1.3687478e-02
   3.3263218e-02
   2.6636561e-02
   2.6323361e-02
   8.2555432e-03
   8.0537088e-03
   1.0608313e-02
   3.6001481e-02
   5.8786492e-03
   1.1018826e-02
   1.8002965e-02
   3.9503682e-02
   1.2618917e-02
   1.1300147e-02
   1.8572293e-02
   3.6907881e-02
   2.4073675e-02
   1.2547915e-02
   2.7890524e-02
   3.2687318e-02
   8.0175465e-03
   9.9965259e-03
   9.7058369e-03
   3.5445899e-02
   5.5246321e-03
   1.3607481e-02
   1.7668696e-02
   3.9260492e-02
   9.5373336e-03
   1.1806536e-02
   2.9061500e-02
   3.6939878e-02
   1.5174235e-02
   1.2210076e-02
   4.1664865e-02
   5.1075954e-02
