   3.4884121e-02
   2.2229824e-02
   3.1399529e-02
   3.7672877e-02
   2.8552083e-02
   6.2455680e-02
   4.9839158e-02
   4.3141965e-02
   2.1767890e-02
   4.7195930e-02
   4.5946557e-02
   4.4883087e-02
   1.6469181e-02
   3.2366864e-02
   6.3343339e-02
   3.2770202e-02
   3.3177301e-02
   2.2633607e-02
   2.4350606e-02
   3.5994820e-02
   2.8654549e-02
   6.2149581e-02
   4.9532223e-02
   4.0289056e-02
   2.2046834e-02
   3.7761983e-02
   3.8014613e-02
   4.2866994e-02
   1.6063061e-02
   2.9692428e-02
   6.1245881e-02
   3.1613115e-02
   3.4854207e-02
   2.5433080e-02
   2.9430609e-02
   4.4658862e-02
   2.8575497e-02
   5.9533756e-02
   4.3148834e-02
   4.3688461e-02
   2.1482265e-02
   3.2345332e-02
   3.3472288e-02
   4.4107705e-02
   1.6484624e-02
   2.9513747e-02
   5.8539920e-02
   3.0455125e-02
   3.9481372e-02
   2.7845008e-02
   4.4162262e-02
   7.3678680e-02
   3.2109555e-02
   5.6841303e-02
   4.1077308e-02
   6.1086159e-02
   2.3064880e-02
   3.2603633e-02
   3.7464485e-02
   4.8382808e-02
   1.6607717e-02
   3.4737520e-02
   5.7878245e-02
   3.5047740e-02
   5.5750489e-02
   5.4899074e-02
   5.1257253e-02
   7.4590042e-02
   7.7668779e-02
   6.1858349e-02
   4.5399439e-02
   8.9361407e-02
   7.3188402e-02
   3.4072828e-02
   4.3119658e-02
   6.9290124e-02
   4.8396554e-02
   4.3357894e-02
   5.4838359e-02
   3.4006272e-02
   1.1395138e-01
   7.8320175e-02
   3.3882707e-02
   5.2804589e-02
   1.6844670e-01
   6.0799357e-02
   4.2093225e-02
   6.4000294e-02
   1.4575563e-01
   3.8442716e-02
   3.6279861e-02
   7.2013818e-02
   8.3999291e-02
   4.5712568e-02
   5.5835437e-02
   3.7792563e-02
   8.8201687e-02
   3.7060361e-02
   2.3409816e-02
   4.3109048e-02
   8.0685847e-02
   5.6903757e-02
   4.0409677e-02
   4.5618359e-02
   5.7409145e-02
   3.9081775e-02
   3.8248181e-02
   4.7209565e-02
   3.1964704e-02
   4.1622724e-02
   6.0220145e-02
   3.2205373e-02
   3.9563559e-02
   2.1045109e-02
   2.6426598e-02
   3.8391624e-02
   3.0153649e-02
   5.8612697e-02
   4.5944095e-02
   4.3891832e-02
   2.2247719e-02
   4.2800888e-02
   4.2503200e-02
   4.2517867e-02
   1.5798604e-02
   3.6300484e-02
   6.3090317e-02
   2.8276978e-02
   4.2320203e-02
   2.3795500e-02
   3.4036212e-02
   3.2902990e-02
   2.8853903e-02
   5.8000859e-02
   4.6935227e-02
   4.0113494e-02
   1.9369686e-02
   5.6759484e-02
   5.5832736e-02
   3.7141487e-02
   1.3434757e-02
   3.4517147e-02
   6.2534228e-02
   3.6788367e-02
   4.0163927e-02
   2.4857402e-02
   2.4217322e-02
   2.8181279e-02
   2.5630096e-02
   5.4684628e-02
   4.4455439e-02
   3.2991882e-02
   1.8527934e-02
   4.3764886e-02
   4.3513201e-02
   3.6588192e-02
   1.1975237e-02
   3.0254345e-02
   6.2894836e-02
   3.3122409e-02
   4.2809460e-02
   3.4677010e-02
   3.1410392e-02
   3.8836461e-02
   2.8488114e-02
   5.5406392e-02
   3.9670210e-02
   3.5336852e-02
   2.0205300e-02
   3.7454024e-02
   3.8000528e-02
   3.9381310e-02
   1.4375093e-02
   2.8998366e-02
   6.8091288e-02
   3.3087675e-02
   5.2020811e-02
   3.6423780e-02
   4.4437334e-02
   9.2243634e-02
   4.1965064e-02
   5.0184369e-02
   4.0210046e-02
   5.5167034e-02
   3.0465670e-02
   3.5967287e-02
   4.4595309e-02
   3.9530165e-02
   2.0403203e-02
   3.7318114e-02
   6.2923215e-02
   3.9841160e-02
   8.2362764e-02
   4.7965031e-02
   4.4549197e-02
   9.3011297e-02
   1.0767415e-01
   6.4310938e-02
   4.7482956e-02
   1.0009271e-01
   1.1545338e-01
   3.8815480e-02
   5.1592190e-02
   6.6420041e-02
   7.2537802e-02
   4.1818783e-02
   6.0782541e-02
   4.2841166e-02
   1.8172345e-01
   6.3673981e-02
   3.0075734e-02
   4.7690906e-02
   2.5092411e-01
   6.4746723e-02
   4.1233514e-02
   6.1604779e-02
   2.3771927e-01
   5.0266463e-02
   4.4668116e-02
   7.4272931e-02
   1.2213524e-01
   4.5856331e-02
   6.3741393e-02
   5.0028779e-02
   1.3944057e-01
   3.5669398e-02
   2.1911979e-02
   3.6580279e-02
   1.2521696e-01
   5.6027729e-02
   3.8756259e-02
   3.9727375e-02
   9.3306683e-02
   5.0989833e-02
   3.9730217e-02
   4.4155695e-02
   4.6710249e-02
   3.9703012e-02
   6.4091511e-02
   3.9156772e-02
   5.2775636e-02
   2.3480402e-02
   2.5032505e-02
   3.1883296e-02
   3.3873808e-02
   5.9092477e-02
   4.4747803e-02
   3.6604725e-02
   2.3295689e-02
   5.3492475e-02
   5.0921556e-02
   3.5354935e-02
   1.4030603e-02
   3.5255637e-02
   6.6051111e-02
   2.8818948e-02
   6.6720530e-02
   2.9199626e-02
   5.1931981e-02
   3.0529678e-02
   3.9174471e-02
   6.1810378e-02
   4.1086711e-02
   3.6870226e-02
   3.0117061e-02
   7.9844043e-02
   6.1602656e-02
   3.6159772e-02
   1.7829169e-02
   3.2585010e-02
   5.1596873e-02
   3.8136709e-02
   5.9727598e-02
   3.6167875e-02
   3.5883900e-02
   2.7938833e-02
   3.5377681e-02
   5.9253007e-02
   4.7484230e-02
   2.9457271e-02
   2.9987812e-02
   6.0848009e-02
   5.0332330e-02
   3.7651289e-02
   1.6884174e-02
   3.0047443e-02
   6.1052971e-02
   3.9351966e-02
   6.8495341e-02
   4.3337587e-02
   4.3550305e-02
   3.9165027e-02
   4.4078935e-02
   6.1590422e-02
   4.7529269e-02
   2.9132534e-02
   3.2735012e-02
   4.9449317e-02
   4.6110161e-02
   4.1952658e-02
   1.9431133e-02
   2.7379138e-02
   6.1202455e-02
   4.2149380e-02
   8.0757648e-02
   4.3292798e-02
   5.4628838e-02
   9.3985461e-02
   6.4168833e-02
   5.8152612e-02
   5.0740290e-02
   5.5858470e-02
   4.9498044e-02
   4.0725458e-02
   5.7807673e-02
   4.5190606e-02
   2.4179123e-02
   3.3731211e-02
   6.0008734e-02
   5.4588191e-02
   1.1025715e-01
   4.8913714e-02
   4.7116019e-02
   9.7525880e-02
   1.0892674e-01
   7.8441210e-02
   5.9266981e-02
   1.1154439e-01
   8.4384680e-02
   3.8323957e-02
   6.0676925e-02
   9.4370626e-02
   5.7470735e-02
   4.4571012e-02
   5.9922013e-02
   6.3992269e-02
   2.5930125e-01
   6.0562160e-02
   3.1928170e-02
   4.0529292e-02
   2.7543133e-01
   7.4480236e-02
   4.8627418e-02
   6.1553892e-02
   1.7139694e-01
   5.0613105e-02
   5.4472696e-02
   1.1199875e-01
   9.6323848e-02
   5.3142402e-02
   5.6197535e-02
   8.7837994e-02
   2.1851450e-01
   2.9519323e-02
   2.6411677e-02
   3.1219492e-02
   1.6867611e-01
   5.2952494e-02
   3.6791980e-02
   3.3462029e-02
   8.3209053e-02
   5.8885701e-02
   4.4979300e-02
   5.3959649e-02
   4.2908408e-02
   3.6141399e-02
   5.4138247e-02
   6.0425058e-02
   8.8959150e-02
   2.7150398e-02
   3.1540394e-02
   2.9798361e-02
   4.9357682e-02
   6.1601035e-02
   4.6894189e-02
   3.2442112e-02
   3.4326687e-02
   6.6197969e-02
   6.0089339e-02
   3.7479263e-02
   2.2868523e-02
   3.4204423e-02
   5.4211192e-02
   3.1443022e-02
   8.9030124e-02
   2.9191291e-02
   7.8355201e-02
   2.9763069e-02
   5.4640204e-02
   5.3192083e-02
   4.9877796e-02
   2.8374195e-02
   3.7913352e-02
   8.1858166e-02
   8.9580402e-02
   4.4309672e-02
   2.4131443e-02
   3.5076618e-02
   5.4842923e-02
   5.2370269e-02
   6.8919189e-02
   4.5336604e-02
   5.8703881e-02
   2.8329188e-02
   4.4512603e-02
   5.1625252e-02
   5.4161072e-02
   2.1542186e-02
   3.3647507e-02
   5.9448421e-02
   7.2172165e-02
   3.3701792e-02
   2.8808676e-02
   2.7012495e-02
   5.5158127e-02
   6.0150743e-02
   8.8789023e-02
   5.1249262e-02
   5.7955340e-02
   4.4485096e-02
   6.1796412e-02
   5.9027772e-02
   6.7233250e-02
   2.6215157e-02
   4.3376252e-02
   5.4893538e-02
   5.9234891e-02
   4.2899583e-02
   3.1844541e-02
   2.4847241e-02
   4.9506430e-02
   5.9748918e-02
   8.2917087e-02
   5.1886521e-02
   7.7406287e-02
   1.3773596e-01
   7.6167516e-02
   6.3651271e-02
   6.9150887e-02
   6.5197527e-02
   5.1477067e-02
   3.9969370e-02
   6.9907993e-02
   4.9677346e-02
   2.2186907e-02
   3.4548294e-02
   6.5788597e-02
   7.8748211e-02
   8.0871731e-02
   5.7725873e-02
   5.7299081e-02
   1.5728474e-01
   7.2286807e-02
   5.9069183e-02
   6.1322786e-02
   1.5972145e-01
   7.0245765e-02
   5.0201617e-02
   6.7407355e-02
   1.0251807e-01
   5.9271324e-02
   4.5394503e-02
   6.2841199e-02
   8.2220852e-02
   1.4243679e-01
   6.6846356e-02
   4.2058334e-02
   5.4465968e-02
   1.6280982e-01
   7.2663128e-02
   5.9104983e-02
   8.5861526e-02
   1.3693263e-01
   5.1790323e-02
   6.8630978e-02
   1.5131383e-01
   9.4425060e-02
   6.1568972e-02
   5.8190074e-02
   1.1956468e-01
   1.6550601e-01
   4.1228544e-02
   4.3797135e-02
   3.4719959e-02
   1.2353814e-01
   4.6652578e-02
   4.3923218e-02
   2.4180233e-02
   6.9341950e-02
   4.7069896e-02
   6.2700331e-02
   7.5511076e-02
   4.8680853e-02
   4.2494349e-02
   4.9448501e-02
   9.0346992e-02
   8.9374058e-02
   3.2331459e-02
   4.9098741e-02
   3.0296437e-02
   5.4298174e-02
   4.9583223e-02
   4.3488085e-02
   3.1766899e-02
   4.7658261e-02
   6.1701432e-02
   8.1459269e-02
   3.6555678e-02
   3.4825202e-02
   4.0139765e-02
   4.5325335e-02
   4.3646298e-02
