   2.9185245e-02
   3.2613434e-02
   3.5886861e-02
   3.5333909e-02
   5.3549390e-02
   5.1881116e-02
   3.8651001e-02
   3.0269096e-02
   8.4286943e-02
   1.6151692e-01
   7.4611932e-02
   1.1462959e-02
   3.5348579e-02
   4.5681126e-02
   2.4756690e-02
   1.3433821e-02
   1.5807785e-02
   1.6040724e-02
   1.8272927e-02
   1.7462069e-02
   4.4213884e-02
   2.9021937e-02
   1.9298213e-02
   1.5183024e-02
   4.5268033e-02
   8.3489150e-02
   4.2516962e-02
   1.1648923e-02
   3.1647459e-02
   4.2666849e-02
   2.1329865e-02
   1.3406952e-02
   1.2594514e-02
   7.1737375e-03
   8.6948676e-03
   8.2399994e-03
   2.1087445e-02
   1.2450651e-02
   9.9535789e-03
   8.0086775e-03
   3.6895603e-02
   4.1434560e-02
   2.2129904e-02
   1.0911577e-02
   3.0878747e-02
   4.0639274e-02
   2.1918166e-02
   1.4173292e-02
   1.3548565e-02
   8.8368254e-03
   1.0655093e-02
   8.8516334e-03
   2.2679953e-02
   1.2513257e-02
   1.4007157e-02
   9.1611333e-03
   4.2840805e-02
   5.2239589e-02
   3.0537991e-02
   1.2627930e-02
   3.3635236e-02
   5.0336525e-02
   4.1216694e-02
   1.6176863e-02
   8.5111419e-03
   7.7258921e-03
   1.8340269e-02
   1.0511467e-02
   2.7971966e-02
   1.4071527e-02
   2.0612383e-02
   1.1205749e-02
   5.4694824e-02
   6.6588700e-02
   6.0602602e-02
   1.5971882e-02
   4.1046586e-02
   8.1802502e-02
   6.5308243e-02
   1.8975712e-02
   7.0697768e-03
   5.7550073e-03
   1.6080927e-02
   1.2453160e-02
   2.2590257e-02
   1.1885894e-02
   1.4218944e-02
   9.4134388e-03
   4.5222346e-02
   6.2922262e-02
   2.8472666e-02
   1.2770223e-02
   5.8653768e-02
   1.3487764e-01
   3.3068944e-02
   1.5482457e-02
   6.6004219e-03
   6.0694786e-03
   9.0235593e-03
   1.7427523e-02
   2.1302206e-02
   1.1353209e-02
   1.0985182e-02
   9.0387007e-03
   4.9753819e-02
   7.1510509e-02
   1.7026586e-02
   1.0889596e-02
   9.7428188e-02
   1.0124733e-01
   1.9573610e-02
   1.3350230e-02
   1.4236347e-02
   1.4283261e-02
   1.7041400e-02
   1.9494666e-02
   2.8174397e-02
   2.3861514e-02
   1.9107526e-02
   1.6593646e-02
   8.2121231e-02
   1.0796214e-01
   3.3428539e-02
   1.0804928e-02
   6.5147296e-02
   4.9894601e-02
   2.0566126e-02
   1.3107376e-02
   3.9120432e-02
   4.2258669e-02
   3.9025445e-02
   3.6365930e-02
   8.3465010e-02
   7.0877120e-02
   5.5455010e-02
   4.2496849e-02
   1.2990667e-01
   2.3546265e-01
   1.1910451e-01
   8.0003869e-03
   4.5466002e-02
   4.8496701e-02
   2.3736507e-02
   9.1922665e-03
   2.0717777e-02
   2.0642590e-02
   1.9220095e-02
   1.7417172e-02
   7.0542485e-02
   3.8121842e-02
   2.5718231e-02
   1.9562768e-02
   6.0189750e-02
   1.1830612e-01
   6.2840864e-02
   7.7095595e-03
   3.3645269e-02
   4.1948076e-02
   2.1939615e-02
   8.5330820e-03
   1.6941175e-02
   8.9830970e-03
   8.9131147e-03
   8.1520220e-03
   2.7342351e-02
   1.5821094e-02
   1.0895759e-02
   7.5225481e-03
   4.9391326e-02
   5.0657488e-02
   1.9863691e-02
   7.9590268e-03
   3.3977363e-02
   4.4345930e-02
   2.5043011e-02
   1.0661276e-02
   1.8079925e-02
   1.1478605e-02
   1.2943358e-02
   8.6442577e-03
   3.0440493e-02
   1.4505262e-02
   1.7574450e-02
   1.0201463e-02
   5.6019250e-02
   6.5058567e-02
   3.8951557e-02
   1.0750470e-02
   4.0727612e-02
   5.4600187e-02
   5.2879106e-02
   1.2780968e-02
   1.0952155e-02
   9.4858138e-03
   2.6763763e-02
   1.0889241e-02
   3.7428085e-02
   1.4654837e-02
   2.8081134e-02
   1.3633942e-02
   7.6691650e-02
   6.0996786e-02
   8.7405011e-02
   1.5048041e-02
   5.2483685e-02
   8.3565302e-02
   8.5689902e-02
   1.4617596e-02
   7.7432408e-03
   5.8824113e-03
   2.2989124e-02
   1.6380800e-02
   2.9870326e-02
   1.2658240e-02
   1.8755822e-02
   1.1664703e-02
   6.1630517e-02
   6.4628512e-02
   3.6908325e-02
   1.0184878e-02
   9.4099112e-02
   1.1298673e-01
   3.9839845e-02
   1.1356260e-02
   7.3724780e-03
   5.8451924e-03
   1.0647389e-02
   2.5202526e-02
   2.4053717e-02
   1.2099260e-02
   1.4425723e-02
   1.1055906e-02
   7.5972483e-02
   9.8547705e-02
   1.5050872e-02
   7.7312612e-03
   1.6318323e-01
   1.0651821e-01
   1.8691596e-02
   8.1896130e-03
   1.6982023e-02
   1.6537694e-02
   1.7696697e-02
   2.3680020e-02
   3.5846263e-02
   3.0482044e-02
   2.6980232e-02
   2.1654999e-02
   1.3309245e-01
   1.5505715e-01
   4.7069475e-02
   7.2317384e-03
   1.0490347e-01
   5.6838304e-02
   2.0263113e-02
   8.1072375e-03
   4.7802672e-02
   5.5493094e-02
   4.3541957e-02
   4.8928823e-02
   1.2780668e-01
   1.1531942e-01
   8.5851848e-02
   6.4993806e-02
   1.9148046e-01
   1.0260675e-01
   2.0863187e-02
   7.2085736e-03
   7.6663859e-02
   4.7974031e-02
   2.1585876e-02
   6.1261663e-03
   2.7405361e-02
   2.8226042e-02
   2.2454765e-02
   2.2383006e-02
   1.0551005e-01
   5.3487264e-02
   3.9525136e-02
   2.9393183e-02
   9.6214652e-02
   5.7367414e-02
   1.4620938e-02
   6.0155774e-03
   5.6130551e-02
   4.7688108e-02
   2.8124405e-02
   6.0910448e-03
   2.4623597e-02
   1.4934168e-02
   1.4793593e-02
   1.2328361e-02
   4.8444796e-02
   1.9110208e-02
   1.3675734e-02
   1.1122056e-02
   7.4874900e-02
   4.7048677e-02
   1.2559949e-02
   6.7448705e-03
   5.6615863e-02
   5.1210053e-02
   3.6485273e-02
   8.5804006e-03
   2.4735708e-02
   1.6131092e-02
   2.3658900e-02
   1.1957821e-02
   4.1523501e-02
   1.6148968e-02
   2.3188010e-02
   1.6827188e-02
   8.2703665e-02
   5.3867657e-02
   5.4071426e-02
   1.1827174e-02
   6.7709208e-02
   5.4377392e-02
   7.7734515e-02
   1.3362163e-02
   1.8777832e-02
   1.3299294e-02
   4.8109047e-02
   1.5239225e-02
   4.3594826e-02
   1.7812274e-02
   4.0016949e-02
   2.2138894e-02
   9.4342284e-02
   5.8694731e-02
   1.2176906e-01
   1.9372851e-02
   7.2857246e-02
   9.4084084e-02
   1.1830488e-01
   1.9586131e-02
   1.2466580e-02
   8.3186217e-03
   4.1190110e-02
   2.3313159e-02
   4.2654991e-02
   1.5743770e-02
   2.4590574e-02
   1.7944107e-02
   8.5294083e-02
   4.7199138e-02
   5.0016221e-02
   1.2082670e-02
   1.3515367e-01
   7.1468890e-02
   5.5317655e-02
   1.0384444e-02
   1.0608296e-02
   7.1224873e-03
   1.9383671e-02
   3.4945596e-02
   3.8445756e-02
   1.2593445e-02
   1.8343702e-02
   1.6790835e-02
   1.2428388e-01
   7.5372495e-02
   1.2154630e-02
   8.0842590e-03
   2.6366189e-01
   5.5351779e-02
   2.1343596e-02
   5.5401339e-03
   2.1068878e-02
   2.1316972e-02
   2.0769292e-02
   3.7495732e-02
   5.9070766e-02
   4.5847226e-02
   4.2373255e-02
   3.0743841e-02
   2.0598465e-01
   1.0345418e-01
   1.4676695e-02
   6.3019628e-03
   1.7743869e-01
   4.3544721e-02
   1.9672005e-02
   5.8775921e-03
   5.5787556e-02
   6.7360289e-02
   5.2421387e-02
   7.0441619e-02
   1.5149553e-01
   1.4925000e-01
   1.3258176e-01
   1.2430794e-01
   1.6764905e-01
   6.1198935e-02
   1.6952446e-02
   6.6309269e-03
   7.7506088e-02
   3.9932370e-02
   3.2218024e-02
   5.2150176e-03
   3.2029148e-02
   3.5713218e-02
   2.6423782e-02
   2.7208472e-02
   1.1280128e-01
   8.1636682e-02
   5.6559645e-02
   5.5753708e-02
   9.4290085e-02
   3.8639203e-02
   1.3498716e-02
   6.4173294e-03
   7.5753093e-02
   4.6709806e-02
   3.9972953e-02
   5.8119511e-03
   3.2983065e-02
   2.2321863e-02
   2.2848718e-02
   2.6494745e-02
   5.5177916e-02
   2.3870500e-02
   1.8433109e-02
   2.1171359e-02
   8.9861281e-02
   3.7385229e-02
   1.4908138e-02
   8.5814800e-03
   6.9660120e-02
   4.6205036e-02
   6.5781213e-02
   1.0468327e-02
   3.5738274e-02
   2.1460736e-02
   4.2940766e-02
   1.9595001e-02
   4.9544621e-02
   2.1662362e-02
   2.3950523e-02
   3.0978400e-02
   1.0332830e-01
   3.6479793e-02
   6.3319720e-02
   2.2280745e-02
   7.0000485e-02
   4.5060102e-02
   1.2960958e-01
   2.1905068e-02
   3.3753667e-02
   2.1531472e-02
   6.6438824e-02
   2.4027083e-02
   6.3197784e-02
   2.1070749e-02
   4.1619483e-02
   3.8173050e-02
   1.3705689e-01
   4.7325008e-02
   1.3513972e-01
   3.8426720e-02
   9.8838516e-02
   7.9976417e-02
   1.5416372e-01
   3.4590982e-02
   1.7951885e-02
   1.1873349e-02
   5.6628112e-02
   3.9275467e-02
   6.1534178e-02
   1.7124213e-02
   3.2734320e-02
   2.9904252e-02
   8.7045215e-02
   2.9709527e-02
   5.4532923e-02
   2.1989068e-02
   8.3436064e-02
   6.7895561e-02
   7.6240294e-02
   1.5469227e-02
   1.6735494e-02
   9.4875768e-03
   3.0743636e-02
   5.5646140e-02
   5.3144444e-02
   2.0937709e-02
   2.3182450e-02
   2.9535949e-02
   1.0621157e-01
   3.3417754e-02
   1.1531424e-02
   8.9291735e-03
   1.4615801e-01
   4.6390090e-02
   2.3041064e-02
   6.2598251e-03
   2.6284108e-02
   2.7579088e-02
   2.5774565e-02
   5.8069803e-02
   6.1359532e-02
   5.7471454e-02
   6.2991783e-02
   5.2825268e-02
   1.7742097e-01
   5.3030502e-02
   1.2323624e-02
   5.8459188e-03
   1.3178588e-01
   2.6408402e-02
   2.2485228e-02
   5.3292126e-03
