   6.6558115e-02
   9.0216763e-02
   8.5697800e-02
   8.8686682e-03
   6.4836137e-02
   7.4125431e-02
   6.9053680e-02
   5.0428361e-03
   7.5395711e-02
   9.2839070e-02
   8.2494318e-02
   4.2272648e-03
   8.2133219e-02
   8.0127612e-02
   1.1402281e-01
   4.1213766e-02
   4.4773370e-02
   3.7316885e-02
   3.9178658e-02
   7.1237898e-03
   4.4446290e-02
   2.9391194e-02
   3.0066691e-02
   4.1451645e-03
   3.6927495e-02
   3.7071913e-02
   3.7363011e-02
   3.9793313e-03
   3.6312621e-02
   3.4008157e-02
   5.0296746e-02
   3.2224476e-02
   3.6413375e-02
   1.1761189e-02
   1.6919076e-02
   6.6319429e-03
   2.3364516e-02
   6.3645085e-03
   1.0494457e-02
   3.8347873e-03
   1.7327880e-02
   6.7405580e-03
   1.1466926e-02
   3.9394838e-03
   1.0998317e-02
   8.1730671e-03
   1.2706935e-02
   3.2739125e-02
   2.6266966e-02
   1.1783462e-02
   2.1189572e-02
   7.9373773e-03
   2.4646763e-02
   6.1096228e-03
   1.5983270e-02
   5.4880944e-03
   1.9567257e-02
   6.3386760e-03
   1.5531912e-02
   4.9766260e-03
   1.1313478e-02
   8.0866572e-03
   1.6125888e-02
   1.7307457e-02
   2.6004635e-02
   1.3618242e-02
   3.0420061e-02
   1.0794964e-02
   3.1465899e-02
   6.3075726e-03
   2.4404585e-02
   8.8104205e-03
   2.4046393e-02
   6.7681964e-03
   2.0753065e-02
   7.7716201e-03
   1.4578826e-02
   9.9049872e-03
   1.6728809e-02
   1.2851193e-02
   2.1463277e-02
   1.1766221e-02
   2.1935368e-02
   8.2528703e-03
   2.4740489e-02
   6.1760317e-03
   1.4324141e-02
   5.7413108e-03
   1.9864099e-02
   7.6434924e-03
   1.2526672e-02
   5.3447015e-03
   1.6904319e-02
   1.7901778e-02
   1.2026026e-02
   1.1192190e-02
   1.9751381e-02
   1.1915963e-02
   1.8161975e-02
   7.0968103e-03
   2.0629864e-02
   5.9664291e-03
   1.0705184e-02
   4.4186995e-03
   2.0316435e-02
   7.8127710e-03
   1.0194390e-02
   3.4233108e-03
   2.4282267e-02
   1.8916937e-02
   1.2210636e-02
   1.1129358e-02
   3.5561226e-02
   4.0398929e-02
   4.5470618e-02
   6.9820117e-03
   3.3864994e-02
   2.9119460e-02
   3.3308413e-02
   4.3825768e-03
   4.3947499e-02
   3.6292810e-02
   3.5603151e-02
   3.2035736e-03
   4.2952854e-02
   3.5911739e-02
   4.5483246e-02
   2.1433186e-02
   8.1929713e-02
   1.1673497e-01
   1.1137011e-01
   1.0589565e-02
   9.3592860e-02
   1.1167125e-01
   9.9277593e-02
   6.6310223e-03
   1.0591727e-01
   1.2745415e-01
   1.0932382e-01
   5.7530133e-03
   1.2009687e-01
   1.1613970e-01
   1.7139503e-01
   5.6644235e-02
   6.0571726e-02
   4.7401208e-02
   5.2806739e-02
   6.5987222e-03
   6.5619804e-02
   4.2950757e-02
   4.2659834e-02
   4.2033647e-03
   5.0161868e-02
   5.0918970e-02
   5.0332457e-02
   5.3444165e-03
   5.2401099e-02
   5.0501443e-02
   7.5378381e-02
   4.6228357e-02
   5.0387926e-02
   1.2173636e-02
   2.4894459e-02
   4.8306268e-03
   3.2841016e-02
   6.5413937e-03
   1.6026473e-02
   3.3052089e-03
   2.0107450e-02
   7.1004629e-03
   1.6708331e-02
   5.0638327e-03
   1.2018242e-02
   1.1478455e-02
   1.7297091e-02
   4.5522258e-02
   3.4684744e-02
   1.1558708e-02
   3.1310562e-02
   6.4623840e-03
   3.0044034e-02
   5.6910743e-03
   2.4684565e-02
   5.7641976e-03
   2.2907874e-02
   5.8025378e-03
   2.5101466e-02
   6.7910403e-03
   1.2170453e-02
   1.0406007e-02
   2.2161685e-02
   2.4797028e-02
   2.9343961e-02
   1.4961679e-02
   4.5720667e-02
   1.0020640e-02
   4.0506180e-02
   5.7131168e-03
   3.7373506e-02
   1.0003009e-02
   2.8542774e-02
   6.4205690e-03
   3.3210069e-02
   9.7292112e-03
   1.6010597e-02
   1.5262384e-02
   2.2449709e-02
   1.4163041e-02
   2.2077547e-02
   1.2054337e-02
   3.0496305e-02
   6.9846534e-03
   2.8873481e-02
   5.4413509e-03
   2.0414907e-02
   5.6853662e-03
   2.4352627e-02
   7.7047730e-03
   1.8217159e-02
   6.4427052e-03
   2.2711411e-02
   2.7600603e-02
   1.4018893e-02
   1.3556818e-02
   1.9994365e-02
   1.1827491e-02
   2.6595894e-02
   6.3675432e-03
   2.2827094e-02
   6.1036143e-03
   1.6086312e-02
   3.9682379e-03
   2.4962943e-02
   8.0189779e-03
   1.5567875e-02
   3.9895335e-03
   3.3586793e-02
   2.8662069e-02
   1.4879597e-02
   1.5042048e-02
   4.2422544e-02
   5.2733313e-02
   6.3053176e-02
   6.4194407e-03
   4.5479197e-02
   4.3282147e-02
   4.9926884e-02
   4.3141046e-03
   5.8808003e-02
   4.9295090e-02
   4.8803870e-02
   4.1386667e-03
   5.9363231e-02
   5.1860724e-02
   6.4663276e-02
   2.9047139e-02
   1.5661694e-01
   2.3115957e-01
   2.0721968e-01
   1.8764518e-02
   1.7742552e-01
   2.5384074e-01
   2.1498151e-01
   1.3718567e-02
   1.7302313e-01
   2.1817215e-01
   1.8319565e-01
   1.1461874e-02
   1.6465154e-01
   1.6172193e-01
   2.2395624e-01
   7.4126393e-02
   1.0775144e-01
   8.6715981e-02
   9.2377082e-02
   1.0571494e-02
   1.2672132e-01
   9.6083671e-02
   8.4673598e-02
   6.9261286e-03
   8.7320402e-02
   8.5344322e-02
   8.1998594e-02
   8.4355390e-03
   7.4363731e-02
   7.2633058e-02
   9.9013321e-02
   6.5593176e-02
   9.5551617e-02
   1.4004471e-02
   4.2741973e-02
   7.6485062e-03
   6.3352130e-02
   8.1369942e-03
   2.6492240e-02
   5.4275310e-03
   2.7602389e-02
   8.5274586e-03
   2.2732187e-02
   8.6831423e-03
   1.9889802e-02
   1.7607177e-02
   2.4280211e-02
   7.8295313e-02
   5.3921096e-02
   1.1867466e-02
   4.0655509e-02
   1.0195987e-02
   4.4486113e-02
   5.8439407e-03
   3.3498477e-02
   9.7923744e-03
   3.0239416e-02
   5.9275865e-03
   3.5554286e-02
   1.2660256e-02
   1.8852577e-02
   1.4314400e-02
   3.1534091e-02
   4.2402033e-02
   4.1267775e-02
   1.5723467e-02
   7.3327750e-02
   2.1068936e-02
   5.9824459e-02
   6.1176680e-03
   6.9109455e-02
   2.0480879e-02
   3.9550897e-02
   7.3681371e-03
   6.0441494e-02
   2.2113672e-02
   2.4427567e-02
   2.4735468e-02
   3.2404497e-02
   2.2298235e-02
   2.9008064e-02
   1.2061046e-02
   4.2821106e-02
   1.0878758e-02
   4.0991168e-02
   5.9864782e-03
   3.1752035e-02
   9.2010079e-03
   3.2808304e-02
   9.4897933e-03
   2.8309332e-02
   1.3090760e-02
   3.0867500e-02
   4.4805199e-02
   1.8314876e-02
   2.1180931e-02
   3.3010818e-02
   1.3858887e-02
   4.9512122e-02
   1.0381307e-02
   4.1415159e-02
   7.8757461e-03
   3.2188557e-02
   6.3840137e-03
   4.2292729e-02
   1.1385397e-02
   2.3762127e-02
   7.3628225e-03
   4.2875227e-02
   4.5627590e-02
   1.9199789e-02
   2.5785670e-02
   8.6384028e-02
   9.8828062e-02
   1.1378704e-01
   9.7045144e-03
   9.2537954e-02
   9.6906662e-02
   1.1090284e-01
   6.4778212e-03
   9.1725066e-02
   8.1854798e-02
   8.4611468e-02
   7.5273099e-03
   7.8249119e-02
   7.2654463e-02
   8.1711039e-02
   4.4366390e-02
   2.9050165e-01
   4.2144889e-01
   3.6838984e-01
   3.4760017e-02
   2.7734697e-01
   4.6327913e-01
   3.9976832e-01
   2.6541818e-02
   2.7989134e-01
   3.7028927e-01
   3.1960106e-01
   2.3948094e-02
   2.4282478e-01
   2.3692383e-01
   2.4613388e-01
   1.3654953e-01
   1.7858045e-01
   1.5578280e-01
   1.5431418e-01
   1.7157804e-02
   1.9801971e-01
   1.7490815e-01
   1.4705434e-01
   1.1559309e-02
   1.3354638e-01
   1.4446579e-01
   1.3504216e-01
   1.5663031e-02
   1.1164167e-01
   1.0235906e-01
   1.0333767e-01
   1.1884198e-01
   9.6334048e-02
   2.1073015e-02
   3.7309494e-02
   8.9933807e-03
   8.0990158e-02
   1.1464203e-02
   1.9553659e-02
   5.8285734e-03
   2.8043086e-02
   9.7262179e-03
   1.9637104e-02
   1.3814233e-02
   3.2258004e-02
   2.3501247e-02
   3.0591330e-02
   1.4133228e-01
   4.6996884e-02
   1.6479554e-02
   4.0700618e-02
   2.0229463e-02
   3.9458133e-02
   5.5395714e-03
   3.4872431e-02
   2.0629708e-02
   3.4051009e-02
   6.1344597e-03
   4.4826303e-02
   2.6459686e-02
   2.1281280e-02
   1.9311387e-02
   3.8621519e-02
   6.7798190e-02
   5.3154983e-02
   1.7577352e-02
   8.7145649e-02
   4.8941866e-02
   6.2015399e-02
   5.8064684e-03
   8.7046169e-02
   4.9362153e-02
   5.4614246e-02
   8.0567999e-03
   8.0801331e-02
   5.4629028e-02
   4.2616602e-02
   3.3336259e-02
   4.3458898e-02
   3.2599382e-02
   3.5331972e-02
   1.5415077e-02
   3.9552554e-02
   2.0125596e-02
   4.4116780e-02
   6.3693547e-03
   3.5080753e-02
   1.8904252e-02
   4.5648910e-02
   1.1193143e-02
   3.3823635e-02
   2.9470542e-02
   3.8990069e-02
   6.8066493e-02
   2.5070043e-02
   3.3853378e-02
   4.1870650e-02
   2.3358498e-02
   4.6792947e-02
   1.3140730e-02
   4.5458175e-02
   1.2164580e-02
   3.0107319e-02
   8.6782835e-03
   4.8828851e-02
   1.3341133e-02
   2.7423967e-02
   1.4108512e-02
   6.1397947e-02
   7.1764477e-02
   1.9900624e-02
   4.4838496e-02
   1.5576138e-01
   1.8342140e-01
   1.8963753e-01
   1.6373228e-02
   1.5046600e-01
   1.7643565e-01
   1.9795744e-01
   1.2315180e-02
   1.3509183e-01
   1.3764425e-01
   1.4562628e-01
   1.6927585e-02
   1.1237454e-01
   9.7108088e-02
   8.9693435e-02
   7.8855231e-02
