   4.6565428e-02
   5.7233237e-02
   5.6884818e-02
   5.3429246e-02
   1.0934930e-02
   5.2288868e-02
   4.3278836e-02
   2.0213174e-02
   4.5685958e-02
   6.6544779e-02
   5.8590572e-02
   4.0773463e-02
   1.6020877e-02
   4.8316043e-02
   4.7895994e-02
   3.6541224e-02
   2.3826340e-02
   2.7329288e-02
   3.1320695e-02
   2.5036011e-02
   1.0456793e-02
   2.8707044e-02
   2.5826788e-02
   1.8416937e-02
   2.4679391e-02
   3.5178319e-02
   3.7159745e-02
   2.4858894e-02
   1.3412932e-02
   2.9136544e-02
   3.3545084e-02
   2.1564381e-02
   1.1993534e-02
   1.0246933e-02
   1.9104108e-02
   1.1095528e-02
   1.0199443e-02
   1.2052915e-02
   1.6086627e-02
   1.8115696e-02
   1.2420522e-02
   1.2813197e-02
   2.1446239e-02
   1.2913030e-02
   1.1908165e-02
   1.4215971e-02
   2.4665251e-02
   1.1660490e-02
   2.0874383e-02
   1.7207118e-02
   2.9165691e-02
   1.4010929e-02
   2.4672747e-02
   2.1771709e-02
   3.2058567e-02
   2.6399631e-02
   2.2905452e-02
   2.1565218e-02
   3.6145933e-02
   1.7331200e-02
   2.6273888e-02
   1.7789602e-02
   2.9216271e-02
   1.3867666e-02
   3.9676286e-02
   3.0500794e-02
   4.9889438e-02
   2.0017257e-02
   5.7626013e-02
   4.1988149e-02
   6.6854842e-02
   4.2488769e-02
   4.7237709e-02
   3.9455876e-02
   6.8024486e-02
   2.8145285e-02
   5.8326010e-02
   2.8562335e-02
   3.6801819e-02
   2.0080432e-02
   2.2301320e-02
   1.8193830e-02
   3.1361829e-02
   1.4399759e-02
   2.7325163e-02
   2.2719888e-02
   3.4597084e-02
   2.6696015e-02
   2.5863001e-02
   2.1992860e-02
   3.8366720e-02
   1.7307168e-02
   3.0335620e-02
   1.9716524e-02
   2.9153595e-02
   1.3842011e-02
   1.1843558e-02
   1.0470971e-02
   2.0657754e-02
   1.1249064e-02
   9.6113868e-03
   1.1305949e-02
   1.6312469e-02
   1.8275799e-02
   1.3226702e-02
   1.2237756e-02
   2.1393543e-02
   1.3344686e-02
   1.2465237e-02
   1.4928080e-02
   2.3693789e-02
   1.1342540e-02
   2.1462690e-02
   2.5797149e-02
   3.1460047e-02
   2.3575734e-02
   9.6054114e-03
   2.6110839e-02
   2.5196839e-02
   1.8943990e-02
   2.3155462e-02
   3.0964240e-02
   3.2907691e-02
   2.3699932e-02
   1.3084283e-02
   2.5354216e-02
   3.2187771e-02
   1.8482929e-02
   6.5677434e-02
   8.2771249e-02
   7.8657113e-02
   7.7376477e-02
   9.3434555e-03
   6.3776895e-02
   5.6894906e-02
   1.5319613e-02
   5.8957353e-02
   7.5784624e-02
   7.2388753e-02
   4.7601797e-02
   1.5909990e-02
   5.6756180e-02
   5.8688175e-02
   5.6549333e-02
   3.1136768e-02
   3.7867103e-02
   3.9602876e-02
   3.3275802e-02
   8.0759339e-03
   3.6579270e-02
   3.1002464e-02
   1.1735117e-02
   2.9625410e-02
   4.2194046e-02
   4.2757269e-02
   2.6713280e-02
   1.2741016e-02
   3.2063603e-02
   3.7964400e-02
   2.8674405e-02
   1.1558477e-02
   1.0711214e-02
   1.9446302e-02
   7.7346158e-03
   8.8048596e-03
   1.4739624e-02
   1.6021984e-02
   1.2296779e-02
   1.2039114e-02
   1.4788684e-02
   2.2125518e-02
   1.0648650e-02
   1.0600551e-02
   1.4451812e-02
   2.2891957e-02
   8.8678896e-03
   2.4240730e-02
   1.7166933e-02
   3.4019068e-02
   1.1301890e-02
   3.1313684e-02
   2.3503752e-02
   3.6142316e-02
   2.5053414e-02
   2.8568195e-02
   2.2192284e-02
   4.2727120e-02
   1.6884837e-02
   3.2472942e-02
   2.1078784e-02
   2.8051879e-02
   1.1788937e-02
   5.2382767e-02
   2.9485829e-02
   6.3792296e-02
   1.8303310e-02
   8.0262013e-02
   4.3037787e-02
   8.2505770e-02
   3.9657138e-02
   6.6095747e-02
   3.7693635e-02
   7.8636058e-02
   3.0877171e-02
   8.2153760e-02
   3.5202324e-02
   4.1745521e-02
   1.9238764e-02
   2.7277874e-02
   1.8489938e-02
   3.8035411e-02
   1.1537065e-02
   3.7090529e-02
   2.4657691e-02
   4.0978480e-02
   2.3233462e-02
   3.4606513e-02
   2.1549750e-02
   4.3581463e-02
   1.7001469e-02
   4.0071614e-02
   2.2440981e-02
   2.9573495e-02
   1.2101340e-02
   1.1535571e-02
   1.1126971e-02
   2.2151502e-02
   7.3338971e-03
   8.1775198e-03
   1.4155174e-02
   1.7274907e-02
   1.2565693e-02
   1.2404510e-02
   1.3963587e-02
   2.1473398e-02
   1.1501549e-02
   1.1625821e-02
   1.5652021e-02
   2.0611515e-02
   9.6668741e-03
   2.6650470e-02
   3.4180999e-02
   3.9028481e-02
   3.0236445e-02
   7.5200889e-03
   3.0692421e-02
   3.0656446e-02
   1.4077320e-02
   2.5080992e-02
   3.4717336e-02
   3.4357134e-02
   2.1003125e-02
   1.1536911e-02
   2.7862972e-02
   3.4354690e-02
   2.1764059e-02
   1.0445352e-01
   1.3272077e-01
   1.2506828e-01
   1.2459622e-01
   1.2093861e-02
   9.9962279e-02
   7.2449058e-02
   1.6599635e-02
   6.8015635e-02
   6.3172318e-02
   7.3807463e-02
   4.2060625e-02
   2.3367321e-02
   8.2373075e-02
   8.4700942e-02
   9.4782881e-02
   4.7269095e-02
   5.9004091e-02
   6.0589753e-02
   5.1893562e-02
   7.9707941e-03
   5.4227181e-02
   3.8693830e-02
   1.2377925e-02
   3.6243144e-02
   3.6555946e-02
   4.4226594e-02
   2.1472730e-02
   1.6712451e-02
   4.4625625e-02
   5.1509865e-02
   4.6165902e-02
   1.8529717e-02
   1.3585725e-02
   2.4044957e-02
   8.4040621e-03
   9.7952113e-03
   2.1490151e-02
   1.9946931e-02
   1.3934786e-02
   1.8579261e-02
   1.7447662e-02
   2.9075736e-02
   1.0858757e-02
   1.2618506e-02
   1.9443827e-02
   2.7316039e-02
   8.8282553e-03
   3.9532091e-02
   2.1075340e-02
   5.2099477e-02
   1.3378069e-02
   4.4108592e-02
   2.8616227e-02
   5.4549847e-02
   3.3428416e-02
   4.2478848e-02
   2.4572017e-02
   6.2464923e-02
   2.2022191e-02
   5.6720201e-02
   2.9862130e-02
   3.3483069e-02
   1.5597499e-02
   8.4827252e-02
   3.5180066e-02
   1.1064664e-01
   2.3993932e-02
   1.1908339e-01
   5.3412177e-02
   1.3458183e-01
   4.7913138e-02
   9.0247370e-02
   4.5946717e-02
   1.2305260e-01
   4.0880084e-02
   1.4816633e-01
   4.4425335e-02
   5.0457172e-02
   2.7074981e-02
   4.3730326e-02
   2.4303997e-02
   6.1084531e-02
   1.3978007e-02
   5.3108357e-02
   3.1971317e-02
   6.6064470e-02
   2.7104579e-02
   5.0405141e-02
   2.6256377e-02
   6.3029401e-02
   2.2916600e-02
   6.9971047e-02
   2.6719436e-02
   3.7747752e-02
   1.5965905e-02
   1.9599918e-02
   1.4743508e-02
   2.9324478e-02
   8.6422330e-03
   8.5117444e-03
   1.8138643e-02
   2.1788917e-02
   1.4443292e-02
   1.6160199e-02
   1.6098227e-02
   2.6000002e-02
   1.3727082e-02
   1.3197840e-02
   2.1574982e-02
   2.5457300e-02
   9.1067348e-03
   4.0473353e-02
   5.2568946e-02
   5.6338049e-02
   4.6387393e-02
   6.9654463e-03
   4.4760790e-02
   3.8798053e-02
   1.4033124e-02
   2.9213887e-02
   3.2047577e-02
   3.4431078e-02
   2.1223482e-02
   1.4897423e-02
   3.4986649e-02
   4.2408608e-02
   3.2814734e-02
   1.5641209e-01
   1.9556293e-01
   1.6191047e-01
   1.7533359e-01
   2.3560377e-02
   1.3198121e-01
   9.3332529e-02
   2.5661126e-02
   1.2723014e-01
   7.5464316e-02
   8.5939653e-02
   7.6575808e-02
   4.1484237e-02
   1.3816617e-01
   1.1290428e-01
   1.4788607e-01
   6.8432257e-02
   8.6889014e-02
   7.9223916e-02
   7.3546924e-02
   1.2484748e-02
   6.9094546e-02
   4.6433628e-02
   1.6989015e-02
   6.5788753e-02
   3.5583708e-02
   4.9818277e-02
   3.6058977e-02
   3.2040764e-02
   7.3174588e-02
   6.4136058e-02
   7.0874244e-02
   3.5272580e-02
   1.5499419e-02
   3.5781410e-02
   1.3175389e-02
   1.1424692e-02
   2.4781261e-02
   2.6724860e-02
   2.2580408e-02
   3.5610683e-02
   2.1210315e-02
   3.5354014e-02
   1.1694103e-02
   1.8977512e-02
   1.8240448e-02
   3.6054298e-02
   1.1015564e-02
   7.5482003e-02
   2.7597036e-02
   7.1767904e-02
   1.8031169e-02
   8.0671787e-02
   3.2975979e-02
   8.4802173e-02
   3.7311133e-02
   8.5763372e-02
   3.3268999e-02
   9.3238994e-02
   2.4837904e-02
   8.2713634e-02
   3.7506357e-02
   5.7131667e-02
   1.7271593e-02
   1.6611207e-01
   4.7141071e-02
   1.5819511e-01
   3.1993564e-02
   2.3431192e-01
   6.9703989e-02
   2.1318300e-01
   5.6711446e-02
   1.7485489e-01
   5.7506643e-02
   1.8800581e-01
   4.9167991e-02
   2.0147046e-01
   6.6582181e-02
   5.8702633e-02
   2.9969243e-02
   8.3268471e-02
   3.1698368e-02
   8.4897287e-02
   1.9068491e-02
   9.9884056e-02
   3.8655981e-02
   9.7804807e-02
   3.5725109e-02
   9.5111452e-02
   3.4785919e-02
   9.2371956e-02
   2.9063135e-02
   1.0170758e-01
   3.2839168e-02
   5.9832167e-02
   1.8741971e-02
   3.8686331e-02
   1.7313773e-02
   3.7382409e-02
   1.1088141e-02
   1.0954539e-02
   1.9205326e-02
   3.2484267e-02
   2.4321178e-02
   2.5821062e-02
   1.4261810e-02
   3.2466024e-02
   1.2427252e-02
   2.1138705e-02
   1.5200010e-02
   4.0228430e-02
   1.1421248e-02
   6.3752919e-02
   7.1432747e-02
   6.8529971e-02
   6.6417210e-02
   1.1384184e-02
   5.9155501e-02
   4.8609119e-02
   1.8042751e-02
   5.0153017e-02
   3.3638727e-02
   3.5268687e-02
   3.1836629e-02
   2.8451525e-02
   5.0829228e-02
   5.7975966e-02
   5.2632473e-02
