   5.8071930e-03
   6.5846913e-03
   5.8104969e-03
   3.2314248e-02
   6.2060161e-03
   6.4658266e-03
   5.1651248e-03
   2.9342674e-02
   8.6487457e-03
   8.7369429e-03
   6.7137894e-03
   3.5518300e-02
   1.5797265e-02
   1.3715414e-02
   1.0228421e-02
   4.7915231e-02
   5.1556001e-03
   5.8943150e-03
   5.2731014e-03
   3.1119619e-02
   5.7892678e-03
   6.0703475e-03
   4.8301313e-03
   2.8510753e-02
   8.2192607e-03
   8.0384510e-03
   6.2735290e-03
   3.4559943e-02
   1.5008807e-02
   1.3084605e-02
   9.7527830e-03
   4.6477158e-02
   4.9989619e-03
   5.7921135e-03
   5.3102071e-03
   3.1799071e-02
   5.7519269e-03
   6.0605146e-03
   4.8413938e-03
   2.9158862e-02
   8.1369970e-03
   7.7127884e-03
   6.0358243e-03
   3.5082694e-02
   1.4942343e-02
   1.3048200e-02
   9.8049110e-03
   4.7714151e-02
   5.9454162e-03
   6.4494787e-03
   6.2151621e-03
   3.6455825e-02
   6.7200265e-03
   6.6351597e-03
   5.7035671e-03
   3.3019140e-02
   9.0731326e-03
   8.2745608e-03
   6.8644560e-03
   3.9677046e-02
   1.6518341e-02
   1.4189581e-02
   1.1253357e-02
   5.3553786e-02
   7.8419764e-03
   6.9511374e-03
   7.6050651e-03
   4.2499904e-02
   8.6630862e-03
   7.0357248e-03
   7.3358016e-03
   3.8675159e-02
   1.0830818e-02
   8.7230690e-03
   8.5642803e-03
   4.5438014e-02
   1.8446423e-02
   1.5094263e-02
   1.3731849e-02
   6.0097132e-02
   5.9707542e-03
   6.6135782e-03
   6.4195809e-03
   3.6608450e-02
   6.8944446e-03
   6.7711612e-03
   6.0363528e-03
   3.3322074e-02
   9.1409450e-03
   8.5482849e-03
   7.0689400e-03
   3.9773948e-02
   1.6658945e-02
   1.4335239e-02
   1.1435760e-02
   5.3507771e-02
   5.0571016e-03
   6.0004462e-03
   5.5439980e-03
   3.1664651e-02
   5.9021772e-03
   6.2633497e-03
   5.0902134e-03
   2.8998457e-02
   8.1961704e-03
   8.0090975e-03
   6.2896041e-03
   3.5065439e-02
   1.5049707e-02
   1.3195744e-02
   9.8933820e-03
   4.7532059e-02
   5.1821466e-03
   6.0020080e-03
   5.4054596e-03
   3.1263467e-02
   5.8998242e-03
   6.1887549e-03
   4.9674707e-03
   2.8466187e-02
   8.2052378e-03
   8.2013598e-03
   6.3043670e-03
   3.4469251e-02
   1.5012118e-02
   1.3174868e-02
   9.7814901e-03
   4.6425827e-02
   5.5451798e-03
   6.3195364e-03
   5.5234204e-03
   2.8950462e-02
   5.8568134e-03
   6.2145698e-03
   5.0354078e-03
   2.6996054e-02
   8.2386052e-03
   8.6404588e-03
   6.6343159e-03
   3.2737713e-02
   1.4544017e-02
   1.2792120e-02
   9.6023614e-03
   4.3883972e-02
   5.0306888e-03
   5.7600657e-03
   5.1695295e-03
   2.8747048e-02
   5.5913664e-03
   5.9848647e-03
   4.7753402e-03
   2.6801089e-02
   8.0370102e-03
   8.0886260e-03
   6.3668345e-03
   3.2343917e-02
   1.4146996e-02
   1.2522026e-02
   9.4808731e-03
   4.3228704e-02
   4.9879500e-03
   5.8749337e-03
   5.3689973e-03
   2.9462380e-02
   5.6876093e-03
   6.1584418e-03
   4.9901833e-03
   2.7407592e-02
   8.0471812e-03
   7.9272725e-03
   6.1520324e-03
   3.2805167e-02
   1.4009440e-02
   1.2865694e-02
   9.7828070e-03
   4.4556029e-02
   5.8374391e-03
   6.5573761e-03
   6.2899971e-03
   3.3284862e-02
   6.5986584e-03
   6.7181280e-03
   5.9416760e-03
   3.0944275e-02
   8.6885123e-03
   8.4342081e-03
   6.9786543e-03
   3.6580339e-02
   1.4903462e-02
   1.3716606e-02
   1.1151433e-02
   4.7928333e-02
   7.7622514e-03
   7.2080381e-03
   7.8882473e-03
   3.9549392e-02
   8.5729379e-03
   7.3412932e-03
   7.7842674e-03
   3.7469588e-02
   1.0312636e-02
   8.9887250e-03
   8.9000640e-03
   4.1623842e-02
   1.6437190e-02
   1.4213677e-02
   1.3785115e-02
   5.1867466e-02
   5.9486721e-03
   6.9455961e-03
   6.7287837e-03
   3.4460865e-02
   6.8339640e-03
   7.1013421e-03
   6.5041133e-03
   3.2463390e-02
   8.8616814e-03
   8.8415490e-03
   7.4036596e-03
   3.6929447e-02
   1.5251329e-02
   1.3856624e-02
   1.1388226e-02
   4.7860615e-02
   5.0896253e-03
   6.3373307e-03
   5.7870992e-03
   2.9857351e-02
   6.0087969e-03
   6.6733235e-03
   5.4755346e-03
   2.7974769e-02
   8.1508523e-03
   8.4078982e-03
   6.7142001e-03
   3.3407029e-02
   1.4333846e-02
   1.3212127e-02
   9.8519055e-03
   4.4255503e-02
   5.1270644e-03
   6.0617258e-03
   5.4081092e-03
   2.8919626e-02
   5.8506792e-03
   6.2655527e-03
   5.1240302e-03
   2.6950264e-02
   7.9828361e-03
   8.3936527e-03
   6.5088589e-03
   3.2233145e-02
   1.4087532e-02
   1.2907471e-02
   9.4630849e-03
   4.3375071e-02
   4.9354713e-03
   5.8822511e-03
   4.9507115e-03
   2.3009447e-02
   4.9195518e-03
   5.7512373e-03
   4.7570192e-03
   2.1550512e-02
   6.7396774e-03
   7.9581114e-03
   6.1566969e-03
   2.5860829e-02
   1.0756826e-02
   1.0646306e-02
   8.1158476e-03
   3.3942234e-02
   4.3754121e-03
   5.2572284e-03
   4.6197842e-03
   2.2774704e-02
   4.8153005e-03
   5.5401130e-03
   4.4519487e-03
   2.1687537e-02
   6.7134048e-03
   7.3867869e-03
   5.9788367e-03
   2.5819760e-02
   1.0735843e-02
   1.0643923e-02
   7.9581346e-03
   3.3763841e-02
   4.3068510e-03
   5.3664283e-03
   4.7589066e-03
   2.3556152e-02
   5.0065373e-03
   5.8341408e-03
   4.6018148e-03
   2.2787422e-02
   6.7142844e-03
   7.3344582e-03
   5.7737962e-03
   2.6401702e-02
   1.0848745e-02
   1.0788469e-02
   8.2696518e-03
   3.5085395e-02
   5.0477535e-03
   5.8096498e-03
   5.5054245e-03
   2.7677249e-02
   5.7776067e-03
   6.1408500e-03
   5.5113002e-03
   2.6790179e-02
   7.2238231e-03
   7.5557940e-03
   6.3831150e-03
   3.0417757e-02
   1.1388962e-02
   1.1162167e-02
   9.6279122e-03
   3.7058443e-02
   6.9336165e-03
   6.2158252e-03
   6.9595617e-03
   3.5031579e-02
   7.6486599e-03
   6.6507650e-03
   7.3710275e-03
   3.4009226e-02
   9.0167485e-03
   7.8239171e-03
   8.2883779e-03
   3.6742575e-02
   1.2753868e-02
   1.1344551e-02
   1.2735182e-02
   4.1558068e-02
   5.2601723e-03
   6.1062998e-03
   5.9172423e-03
   2.8870728e-02
   5.8911685e-03
   6.5162168e-03
   6.0990658e-03
   2.8211838e-02
   7.5345277e-03
   7.8463694e-03
   6.7540696e-03
   3.1180751e-02
   1.1546977e-02
   1.1608167e-02
   9.9423751e-03
   3.7610933e-02
   4.4793840e-03
   5.7831896e-03
   5.2611041e-03
   2.4521152e-02
   5.2739009e-03
   6.2050084e-03
   5.1879450e-03
   2.3936996e-02
   7.0116189e-03
   7.7071246e-03
   6.1954297e-03
   2.7803782e-02
   1.0949322e-02
   1.1221260e-02
   8.4048510e-03
   3.5062138e-02
   4.4963849e-03
   5.6145056e-03
   4.8581525e-03
   2.3418719e-02
   5.0041997e-03
   5.9316475e-03
   4.8232153e-03
   2.2086464e-02
   6.7225164e-03
   7.7162627e-03
   5.9716227e-03
   2.5917476e-02
   1.0637796e-02
   1.0698009e-02
   7.9908231e-03
   3.3230089e-02
   3.9915917e-03
   4.8448122e-03
   4.0369299e-03
   1.6149027e-02
   3.6792122e-03
   4.4430168e-03
   3.7895509e-03
   1.5694760e-02
   5.0869389e-03
   6.2524355e-03
   5.0875978e-03
   1.8337579e-02
   7.3337769e-03
   7.7512520e-03
   6.0793217e-03
   2.2791060e-02
   3.4092884e-03
   4.0360061e-03
   3.4323654e-03
   1.5593418e-02
   3.4407889e-03
   4.3096850e-03
   3.4477103e-03
   1.6011545e-02
   4.9294168e-03
   5.7730712e-03
   4.9148202e-03
   1.8021474e-02
   7.1551227e-03
   7.5459601e-03
   5.9327264e-03
   2.2591667e-02
   3.1370609e-03
   3.9664484e-03
   3.3654929e-03
   1.5798710e-02
   3.5436503e-03
   4.3188287e-03
   3.4355316e-03
   1.6103940e-02
   4.6300851e-03
   5.4911957e-03
   4.3504979e-03
   1.8191352e-02
   7.1583288e-03
   7.4448134e-03
   5.6655500e-03
   2.2484167e-02
   3.8994243e-03
   4.3932493e-03
   4.1618212e-03
   2.0551357e-02
   4.4309087e-03
   4.5924895e-03
   4.3982235e-03
   2.0910915e-02
   5.3160451e-03
   5.4869829e-03
   4.8871827e-03
   2.2649279e-02
   7.6216622e-03
   7.7509866e-03
   7.8345519e-03
   2.4316257e-02
   6.0242158e-03
   4.6951785e-03
   5.7120305e-03
   3.1319857e-02
   6.5662218e-03
   5.1321266e-03
   6.3725184e-03
   3.1352751e-02
   7.5213774e-03
   5.6388164e-03
   7.0433598e-03
   3.2594983e-02
   9.5846914e-03
   7.9718623e-03
   1.2513412e-02
   3.0100876e-02
   3.9916565e-03
   4.5795068e-03
   4.4851219e-03
   2.2611270e-02
   4.3893736e-03
   4.7733076e-03
   4.6660830e-03
   2.1930950e-02
   5.4907254e-03
   5.6353211e-03
   5.3460654e-03
   2.4199696e-02
   7.7977818e-03
   7.8263534e-03
   8.3818985e-03
   2.5856283e-02
   3.1932653e-03
   4.2978199e-03
   3.9080200e-03
   1.6798906e-02
   3.6948738e-03
   4.5120413e-03
   3.8240929e-03
   1.6139515e-02
   4.9405191e-03
   5.6444462e-03
   4.5335130e-03
   1.9582337e-02
   7.2764857e-03
   7.7875652e-03
   6.0340702e-03
   2.3260839e-02
   3.4937330e-03
   4.3805237e-03
   3.7323819e-03
   1.6239990e-02
   3.6002896e-03
   4.6137003e-03
   3.6935052e-03
   1.5409647e-02
   4.8479759e-03
   5.8934651e-03
   4.7448087e-03
   1.8518906e-02
   7.5039319e-03
   7.7436715e-03
   5.7729529e-03
   2.2164118e-02
