   3.9040521e-02
   1.0591616e-01
   9.1199398e-02
   2.7455743e-02
   6.8870671e-02
   1.3658544e-01
   9.1354698e-02
   1.2286340e-02
   7.3768117e-02
   1.0929266e-01
   5.3305205e-02
   1.3557724e-02
   3.7842005e-02
   5.4879684e-02
   4.2448945e-02
   1.3895030e-02
   6.5864444e-02
   5.4887116e-02
   4.5599934e-02
   1.4413233e-02
   9.8038912e-02
   1.1720905e-01
   4.6782773e-02
   1.1532003e-02
   4.0301189e-02
   6.7164302e-02
   3.4419946e-02
   1.3600851e-02
   3.3923931e-02
   4.6257440e-02
   3.8182981e-02
   1.5182648e-02
   1.1528623e-01
   3.5602327e-02
   1.6203171e-02
   8.0794739e-03
   5.9306245e-02
   8.9979514e-02
   1.8012168e-02
   1.1512678e-02
   3.4073971e-02
   5.2175984e-02
   2.3313202e-02
   1.3561387e-02
   3.3311624e-02
   4.4806041e-02
   3.6810964e-02
   1.6476853e-02
   6.4907148e-02
   4.5133647e-02
   2.0466791e-02
   8.5631041e-03
   4.3825846e-02
   6.4431913e-02
   2.4632117e-02
   1.4048721e-02
   3.6876339e-02
   6.3864075e-02
   3.4857690e-02
   1.5239293e-02
   3.5189621e-02
   5.1168703e-02
   4.8883613e-02
   1.6926533e-02
   3.9128181e-02
   3.2222576e-02
   4.4156320e-02
   1.1977673e-02
   5.2730311e-02
   6.3225530e-02
   5.1038291e-02
   1.7515250e-02
   4.6827875e-02
   7.6741993e-02
   6.1664023e-02
   1.8203344e-02
   4.2343844e-02
   6.8524167e-02
   5.9966967e-02
   2.0125469e-02
   3.1889211e-02
   1.7748134e-02
   3.9531965e-02
   1.1342708e-02
   4.2061150e-02
   4.9678776e-02
   2.9525155e-02
   1.3863114e-02
   3.9278120e-02
   7.9613380e-02
   3.2427102e-02
   1.4937860e-02
   6.5865926e-02
   1.2723646e-01
   3.9950281e-02
   1.5845127e-02
   3.0204346e-02
   1.7086577e-02
   2.0208102e-02
   1.1951148e-02
   3.8910363e-02
   4.0867280e-02
   1.5525805e-02
   1.2203417e-02
   4.5411870e-02
   9.9506214e-02
   1.9146299e-02
   1.3668116e-02
   1.0634393e-01
   1.0740138e-01
   3.2755353e-02
   1.4396056e-02
   3.2474022e-02
   4.5543950e-02
   4.0607885e-02
   1.5775491e-02
   4.1011184e-02
   6.9927767e-02
   4.0066142e-02
   1.2566798e-02
   8.2777575e-02
   1.0728869e-01
   2.8696435e-02
   1.3161562e-02
   6.7833751e-02
   5.7955015e-02
   3.4622043e-02
   1.3998493e-02
   4.1585144e-02
   1.5114626e-01
   1.2420701e-01
   4.0880792e-02
   1.0451882e-01
   1.7227255e-01
   1.0967600e-01
   9.5192101e-03
   1.1545334e-01
   1.3750479e-01
   7.1950994e-02
   9.6407393e-03
   4.6182990e-02
   5.6652699e-02
   4.3503448e-02
   9.9895401e-03
   9.9649794e-02
   7.9337277e-02
   6.2495962e-02
   1.8855268e-02
   1.6226429e-01
   1.5363654e-01
   5.5753671e-02
   7.5982539e-03
   4.8110738e-02
   7.9143301e-02
   4.6019141e-02
   9.4052888e-03
   3.8945250e-02
   4.7860872e-02
   4.1756187e-02
   1.0423824e-02
   1.9323032e-01
   5.3955995e-02
   1.9964041e-02
   7.3102186e-03
   9.1332629e-02
   1.1728686e-01
   1.8066298e-02
   8.8011539e-03
   3.6310993e-02
   5.7631601e-02
   2.5559083e-02
   9.3543921e-03
   3.7599042e-02
   5.4924108e-02
   4.2190857e-02
   1.1381572e-02
   1.0019226e-01
   6.8874255e-02
   2.8836399e-02
   8.0742277e-03
   5.2000843e-02
   7.5730704e-02
   3.0210387e-02
   1.0543886e-02
   4.3085407e-02
   7.6510876e-02
   4.2335723e-02
   1.0839812e-02
   4.0237200e-02
   5.9505362e-02
   5.8583464e-02
   1.1839270e-02
   4.4627741e-02
   5.0919235e-02
   6.8699412e-02
   1.2586880e-02
   5.8977243e-02
   6.3132472e-02
   6.9266886e-02
   1.4244082e-02
   5.7285022e-02
   8.0165736e-02
   8.1908718e-02
   1.5110663e-02
   5.1523186e-02
   6.9056973e-02
   7.5222209e-02
   1.4402040e-02
   3.2196257e-02
   2.6681738e-02
   6.4863153e-02
   1.1240264e-02
   4.2424582e-02
   5.5646967e-02
   3.6792133e-02
   9.8733325e-03
   5.0707709e-02
   8.4066123e-02
   4.0084023e-02
   1.0973965e-02
   1.0498984e-01
   1.1998772e-01
   4.5442235e-02
   1.0786264e-02
   3.0231187e-02
   2.0945819e-02
   2.7928028e-02
   1.3032285e-02
   3.7801530e-02
   4.7495056e-02
   1.5172617e-02
   8.2716718e-03
   6.7526311e-02
   1.2203467e-01
   2.1121658e-02
   9.0097049e-03
   1.7531787e-01
   1.1592237e-01
   3.0864941e-02
   9.7292541e-03
   3.2455776e-02
   6.1232224e-02
   5.5670053e-02
   2.1531817e-02
   4.0936001e-02
   8.3180107e-02
   4.5533333e-02
   9.7018648e-03
   1.3100365e-01
   1.4038742e-01
   3.5544313e-02
   8.8618640e-03
   1.0374583e-01
   6.1763968e-02
   3.4218561e-02
   9.5928516e-03
   7.0570536e-02
   2.5713941e-01
   2.0629056e-01
   8.2651809e-02
   1.5968154e-01
   9.9476196e-02
   4.7062408e-02
   8.9564323e-03
   1.8516821e-01
   8.6473249e-02
   2.9786136e-02
   6.8565900e-03
   7.5819470e-02
   6.1228383e-02
   5.1441092e-02
   8.0472585e-03
   1.5358663e-01
   1.2286273e-01
   1.0384634e-01
   3.5364252e-02
   2.3656321e-01
   1.1825419e-01
   2.4862183e-02
   6.4157029e-03
   8.1450932e-02
   5.4639809e-02
   3.1355597e-02
   7.7225384e-03
   6.2046345e-02
   6.4824574e-02
   5.6961004e-02
   9.8198606e-03
   2.7193624e-01
   5.6692231e-02
   2.7297353e-02
   9.5664943e-03
   1.3358332e-01
   9.5334373e-02
   1.6948869e-02
   7.2682784e-03
   6.0385346e-02
   5.5821903e-02
   2.8573526e-02
   7.4955653e-03
   6.2738962e-02
   6.3755773e-02
   5.5891287e-02
   1.1086786e-02
   1.4815009e-01
   8.2251363e-02
   3.8308594e-02
   9.5724110e-03
   7.5849511e-02
   5.8484662e-02
   4.0853858e-02
   1.0273655e-02
   6.8189874e-02
   6.9657683e-02
   5.3969745e-02
   1.0194152e-02
   6.3291535e-02
   6.7402728e-02
   7.7897176e-02
   1.0870259e-02
   6.8717979e-02
   6.4977907e-02
   9.1976136e-02
   1.6701994e-02
   7.2980940e-02
   5.9166573e-02
   9.8170690e-02
   1.5928937e-02
   7.2999559e-02
   8.8697381e-02
   9.5383935e-02
   1.6264552e-02
   7.0043549e-02
   7.8252882e-02
   1.0753237e-01
   1.4365909e-02
   5.7604104e-02
   3.0403815e-02
   8.9329794e-02
   1.3788963e-02
   6.1868355e-02
   4.7988866e-02
   4.7773026e-02
   8.6300997e-03
   7.2531447e-02
   6.3741110e-02
   4.6996299e-02
   1.0926159e-02
   1.3425632e-01
   8.5161626e-02
   6.1045252e-02
   8.5443733e-03
   5.1139649e-02
   2.5041409e-02
   3.7908241e-02
   1.6082428e-02
   6.0429968e-02
   5.3340122e-02
   1.7244291e-02
   5.8762608e-03
   1.1676677e-01
   8.1391051e-02
   2.5005125e-02
   6.5909843e-03
   2.6288810e-01
   7.1540594e-02
   3.3546060e-02
   6.3035465e-03
   5.4383036e-02
   9.5966838e-02
   8.8341355e-02
   3.5121299e-02
   7.1627066e-02
   6.1331220e-02
   2.9854577e-02
   7.3701898e-03
   2.2045939e-01
   1.0805938e-01
   2.7344286e-02
   6.0000722e-03
   1.6566749e-01
   5.6089312e-02
   4.3650422e-02
   7.7864425e-03
   8.7584622e-02
   1.1353317e-01
   1.0540858e-01
   4.7487076e-02
   1.7396034e-01
   7.3911250e-02
   4.1601740e-02
   9.5856544e-03
   1.9359095e-01
   4.9519986e-02
   3.3416726e-02
   4.6761725e-03
   9.0848237e-02
   6.9092683e-02
   6.8925731e-02
   1.1312347e-02
   1.4025104e-01
   5.7018027e-02
   5.5744603e-02
   2.3809286e-02
   2.2173233e-01
   6.6118725e-02
   2.1111479e-02
   8.4561780e-03
   8.7260127e-02
   3.9144687e-02
   3.4298401e-02
   4.9243229e-03
   8.2142375e-02
   8.5475214e-02
   9.7274795e-02
   1.1190955e-02
   1.7238200e-01
   5.0873324e-02
   2.7869139e-02
   1.1112373e-02
   1.1276470e-01
   4.9766671e-02
   1.7320991e-02
   5.6239711e-03
   8.2274117e-02
   4.0704746e-02
   3.7403010e-02
   5.1735323e-03
   7.3893830e-02
   6.6378146e-02
   7.4510761e-02
   1.2272554e-02
   1.0532136e-01
   8.9926325e-02
   4.4549838e-02
   1.4139762e-02
   6.6412978e-02
   4.5329217e-02
   5.4918759e-02
   1.2432668e-02
   6.5692753e-02
   4.7512952e-02
   6.3396432e-02
   1.2536774e-02
   6.3643731e-02
   6.0441773e-02
   1.1210691e-01
   1.4209208e-02
   7.3627941e-02
   7.1076222e-02
   1.1581362e-01
   2.7653275e-02
   8.9695126e-02
   5.3106830e-02
   1.2468020e-01
   2.3046538e-02
   9.6672989e-02
   7.0721656e-02
   1.0242581e-01
   2.0808334e-02
   7.9939276e-02
   8.3452426e-02
   1.5547939e-01
   2.0956710e-02
   6.1055824e-02
   2.7303133e-02
   1.0221469e-01
   2.0084493e-02
   5.5634618e-02
   3.2427140e-02
   5.7197921e-02
   1.2499770e-02
   6.4862616e-02
   3.9036069e-02
   4.8645981e-02
   1.2743652e-02
   7.9422563e-02
   9.6448757e-02
   9.1770671e-02
   1.0498342e-02
   7.1172096e-02
   2.7415209e-02
   4.2532250e-02
   2.2610927e-02
   7.7192307e-02
   3.5597712e-02
   1.5983010e-02
   6.3590533e-03
   9.4882078e-02
   3.7806936e-02
   2.4024369e-02
   5.2506626e-03
   1.4405532e-01
   7.2836995e-02
   4.9836345e-02
   6.9538071e-03
   8.3245389e-02
   5.1157203e-02
   5.1366322e-02
   2.4121160e-02
   8.0922320e-02
   3.7948616e-02
   2.8246339e-02
   7.9446761e-03
   1.9818908e-01
   5.2847616e-02
   2.4980297e-02
   5.0526708e-03
   1.3532099e-01
   5.1281918e-02
   5.8502469e-02
   8.6065428e-03
