   2.8300943e-02
   2.5722371e-02
   1.7443473e-02
   1.9396067e-02
   2.2470891e-02
   2.5642890e-02
   2.0545181e-02
   1.5255725e-02
   2.7795814e-02
   1.8763684e-02
   3.1533074e-02
   1.0333288e-02
   2.8692726e-02
   2.7570220e-02
   4.1047871e-02
   9.7797811e-03
   2.7651558e-02
   2.0731822e-02
   1.3836085e-02
   1.8090360e-02
   2.2128159e-02
   2.2387445e-02
   1.7311953e-02
   1.2651446e-02
   2.5974715e-02
   1.4878365e-02
   2.7922742e-02
   1.0590677e-02
   2.7584873e-02
   2.5928676e-02
   3.5187423e-02
   9.9462094e-03
   2.9170411e-02
   2.1744484e-02
   1.2008948e-02
   1.7803751e-02
   2.4143796e-02
   2.2876438e-02
   1.6191553e-02
   1.3447401e-02
   2.7075481e-02
   1.5433797e-02
   2.8087724e-02
   9.3971249e-03
   2.7860686e-02
   2.4758480e-02
   3.5380226e-02
   1.0073991e-02
   8.6361609e-02
   3.5137825e-02
   2.3055471e-02
   2.3647556e-02
   8.6046003e-02
   3.6746949e-02
   2.6346989e-02
   1.6256208e-02
   8.1802070e-02
   3.0651640e-02
   4.0916946e-02
   9.3768882e-03
   7.5845324e-02
   3.5187144e-02
   4.6972573e-02
   1.0009076e-02
   1.9549435e-01
   5.9237339e-02
   4.5436546e-02
   3.4211949e-02
   2.0196865e-01
   5.8793373e-02
   4.8712775e-02
   2.2931065e-02
   1.9352058e-01
   5.6788713e-02
   7.1757860e-02
   1.0822733e-02
   1.7445226e-01
   5.8412310e-02
   7.2875820e-02
   1.1282608e-02
   8.7064780e-02
   3.5568643e-02
   2.2885352e-02
   2.6507361e-02
   8.4626824e-02
   3.7737999e-02
   2.7722310e-02
   1.7935021e-02
   8.6467795e-02
   3.0989692e-02
   3.9177824e-02
   9.2905667e-03
   8.2232364e-02
   4.2537905e-02
   4.6396319e-02
   9.3727866e-03
   2.9859677e-02
   2.5962034e-02
   1.2215856e-02
   2.3287317e-02
   2.4795415e-02
   2.4451919e-02
   1.7191505e-02
   1.9975102e-02
   2.7452914e-02
   1.7168628e-02
   2.6844190e-02
   9.0646073e-03
   2.8272940e-02
   2.6060387e-02
   3.6159698e-02
   9.1055566e-03
   2.8418468e-02
   2.6821012e-02
   1.3936728e-02
   1.9756930e-02
   2.3624215e-02
   2.4272036e-02
   1.8856104e-02
   2.4812160e-02
   2.5937466e-02
   1.8928353e-02
   2.7346736e-02
   9.6576838e-03
   2.7377039e-02
   2.5606975e-02
   3.8730040e-02
   9.2423502e-03
   2.6426667e-02
   3.1025184e-02
   1.4250509e-02
   1.6057389e-02
   1.7560024e-02
   2.4013530e-02
   2.0154193e-02
   1.4769918e-02
   2.8836690e-02
   2.0484310e-02
   3.1806707e-02
   7.1635614e-03
   2.7452271e-02
   2.8465392e-02
   3.3836167e-02
   6.7651756e-03
   2.5779165e-02
   2.4337227e-02
   1.1492521e-02
   1.4238329e-02
   2.0124931e-02
   2.0836394e-02
   1.5505804e-02
   1.0105243e-02
   2.3771981e-02
   1.6299848e-02
   2.9323902e-02
   6.9372430e-03
   2.8210182e-02
   2.7206853e-02
   3.2263964e-02
   7.3243761e-03
   3.2731045e-02
   2.1634646e-02
   1.0860992e-02
   1.3876634e-02
   2.3922289e-02
   1.9680606e-02
   1.4214374e-02
   1.1182281e-02
   3.2435793e-02
   1.5906638e-02
   2.6284071e-02
   5.9631914e-03
   3.0843105e-02
   2.5110755e-02
   3.4625486e-02
   7.3060924e-03
   1.1735816e-01
   3.2979112e-02
   2.4180790e-02
   2.2874787e-02
   1.1465295e-01
   3.3549283e-02
   3.0202460e-02
   1.7691657e-02
   1.1143459e-01
   2.8060351e-02
   4.4488601e-02
   6.7740781e-03
   1.0550657e-01
   3.5720285e-02
   5.1925391e-02
   8.1274426e-03
   2.6177049e-01
   5.8390338e-02
   4.7101803e-02
   4.0289868e-02
   2.6968154e-01
   5.6202248e-02
   6.2168777e-02
   2.7230002e-02
   2.5373581e-01
   4.9897362e-02
   8.4424861e-02
   9.3474099e-03
   2.3934998e-01
   6.2080435e-02
   8.5271761e-02
   1.0540589e-02
   1.1973631e-01
   3.3147119e-02
   2.3691222e-02
   2.8877515e-02
   1.1409402e-01
   3.7533853e-02
   3.0966364e-02
   2.0406509e-02
   1.1862756e-01
   2.9488496e-02
   4.1633990e-02
   6.3981107e-03
   1.1501260e-01
   4.4847660e-02
   5.5361010e-02
   7.2311149e-03
   3.2724198e-02
   2.4354627e-02
   1.2401697e-02
   2.1110540e-02
   2.3782182e-02
   2.4252618e-02
   1.6265783e-02
   2.1642657e-02
   3.3322316e-02
   1.7201880e-02
   2.3358241e-02
   5.2981246e-03
   3.3472728e-02
   2.5894210e-02
   2.9929860e-02
   6.3769841e-03
   2.6307043e-02
   2.8207239e-02
   1.2398121e-02
   1.6911348e-02
   2.0017236e-02
   2.2589674e-02
   1.7018614e-02
   2.7406795e-02
   2.4510752e-02
   1.9646043e-02
   2.7625417e-02
   6.1334302e-03
   2.7738797e-02
   2.3687804e-02
   3.2219972e-02
   6.5004597e-03
   3.5007495e-02
   3.5449497e-02
   1.8513711e-02
   1.4312064e-02
   1.5468591e-02
   2.6212599e-02
   2.3650741e-02
   1.9455045e-02
   4.2455021e-02
   2.6424944e-02
   4.3745074e-02
   6.9634477e-03
   3.1986728e-02
   3.0550484e-02
   3.5152577e-02
   7.5232838e-03
   3.3624172e-02
   2.9076319e-02
   1.3627138e-02
   1.2777098e-02
   2.1019183e-02
   2.1387475e-02
   1.7353551e-02
   1.0169744e-02
   2.5656438e-02
   2.1416679e-02
   3.5983622e-02
   5.9772469e-03
   4.0041782e-02
   2.7587080e-02
   3.3193517e-02
   7.8114294e-03
   4.1817550e-02
   2.0843934e-02
   1.4760605e-02
   1.2762760e-02
   2.7257770e-02
   2.0600149e-02
   1.5965030e-02
   1.2089652e-02
   3.8076743e-02
   2.1058032e-02
   2.6269300e-02
   4.7294800e-03
   4.5562644e-02
   2.6441483e-02
   3.9420094e-02
   7.3717698e-03
   9.7869679e-02
   4.2373102e-02
   3.5438266e-02
   2.8150110e-02
   8.2587682e-02
   4.1478392e-02
   4.2188525e-02
   2.1546640e-02
   8.9108437e-02
   3.8300410e-02
   5.1125906e-02
   6.3962238e-03
   8.6108595e-02
   4.6053525e-02
   6.0895514e-02
   9.8818680e-03
   1.8837598e-01
   8.8224761e-02
   6.8165369e-02
   5.5509854e-02
   1.9797616e-01
   7.4598812e-02
   8.7841198e-02
   3.9988313e-02
   1.8347165e-01
   7.6625824e-02
   9.6951634e-02
   1.1051393e-02
   1.7139712e-01
   8.6837783e-02
   1.0862536e-01
   1.4135179e-02
   9.6024476e-02
   3.9784573e-02
   3.5859395e-02
   3.3976503e-02
   9.0375379e-02
   4.0329497e-02
   3.7991930e-02
   2.6100701e-02
   9.5284529e-02
   4.2783692e-02
   4.8198517e-02
   6.1916094e-03
   8.7149777e-02
   6.0698852e-02
   8.0030113e-02
   7.8480244e-03
   4.1698370e-02
   2.0269021e-02
   1.9107070e-02
   1.9304119e-02
   2.9846534e-02
   2.3476565e-02
   1.9610988e-02
   3.0123373e-02
   3.9731044e-02
   2.1854863e-02
   2.4740238e-02
   4.4422387e-03
   4.9456391e-02
   3.2315254e-02
   4.0946532e-02
   5.9662368e-03
   3.6221925e-02
   2.7281243e-02
   1.4778769e-02
   1.5397384e-02
   2.3151604e-02
   2.4951689e-02
   2.2562467e-02
   4.3131124e-02
   2.7823579e-02
   2.3974061e-02
   3.1898979e-02
   5.8744755e-03
   3.8093496e-02
   2.6480731e-02
   3.9410532e-02
   7.2174771e-03
   3.8019732e-02
   2.6362175e-02
   2.7283030e-02
   1.9085586e-02
   1.9187169e-02
   2.8829098e-02
   3.0105712e-02
   3.0299218e-02
   5.8435973e-02
   2.9608093e-02
   4.9107973e-02
   8.4731262e-03
   3.3109378e-02
   3.5975769e-02
   4.8204880e-02
   1.1896373e-02
   4.2357128e-02
   2.1146422e-02
   1.7745499e-02
   1.3740937e-02
   2.5400298e-02
   2.9505730e-02
   2.6827103e-02
   1.0988492e-02
   2.8131263e-02
   2.5953872e-02
   5.1092114e-02
   7.4142856e-03
   4.4969399e-02
   3.0972220e-02
   4.7216639e-02
   1.1673290e-02
   4.2125385e-02
   1.6599566e-02
   2.1960119e-02
   1.6212190e-02
   2.5238909e-02
   2.4444090e-02
   2.2829905e-02
   1.2068774e-02
   2.4700383e-02
   1.8678503e-02
   3.2444898e-02
   4.8307679e-03
   4.5287728e-02
   3.1742647e-02
   5.2956641e-02
   9.4902497e-03
   3.7785932e-02
   5.1142987e-02
   4.9354602e-02
   3.4467097e-02
   2.3266293e-02
   5.1330529e-02
   4.5857403e-02
   2.6942393e-02
   3.8331490e-02
   4.8433356e-02
   5.3077295e-02
   7.8950459e-03
   4.7521710e-02
   5.7780534e-02
   6.8984568e-02
   1.5665645e-02
   6.9592819e-02
   1.2303772e-01
   9.3590312e-02
   6.5575317e-02
   5.2998401e-02
   9.8879091e-02
   9.5236927e-02
   5.1964510e-02
   6.5849632e-02
   1.0006493e-01
   9.2986956e-02
   1.8298956e-02
   7.3429167e-02
   1.2181489e-01
   1.0710604e-01
   2.2266584e-02
   4.8107453e-02
   5.2576128e-02
   5.1967967e-02
   3.3353917e-02
   3.0457525e-02
   5.0836135e-02
   4.0513650e-02
   3.6927368e-02
   4.0598929e-02
   4.9873143e-02
   5.4518934e-02
   1.0113583e-02
   3.8612951e-02
   8.1181996e-02
   8.3694816e-02
   9.9789361e-03
   4.5036387e-02
   1.7587243e-02
   2.7161635e-02
   1.7870734e-02
   2.1986490e-02
   2.3986734e-02
   2.5748959e-02
   4.8590198e-02
   2.4432458e-02
   1.8656520e-02
   2.4027018e-02
   5.4897587e-03
   5.5773616e-02
   3.9593469e-02
   4.9075078e-02
   8.7470012e-03
   5.1773049e-02
   2.0608447e-02
   1.7442698e-02
   1.5884304e-02
   1.6477693e-02
   2.9087657e-02
   3.6969274e-02
   7.3228553e-02
   2.9435964e-02
   2.4527704e-02
   3.3910092e-02
   6.1568241e-03
   4.7567662e-02
   3.9257661e-02
   5.1676057e-02
   1.1470276e-02
