   2.5320221e-02
   1.5551091e-02
   2.3877025e-02
   3.4325019e-02
   1.9268740e-02
   8.4470529e-03
   1.6204439e-02
   3.9121903e-02
   1.6269034e-02
   6.4507546e-03
   1.2014981e-02
   3.6815815e-02
   1.9138886e-02
   1.6250877e-02
   1.5980987e-02
   3.0829562e-02
   2.4070589e-02
   1.4526333e-02
   1.9155029e-02
   3.2938052e-02
   1.8298568e-02
   7.2330944e-03
   1.3510210e-02
   3.7809554e-02
   1.5384671e-02
   5.7309838e-03
   1.1435229e-02
   3.7109386e-02
   1.8168680e-02
   1.3599838e-02
   1.4729451e-02
   2.9891027e-02
   2.4345463e-02
   1.4196068e-02
   1.8145803e-02
   3.4251966e-02
   1.8671805e-02
   6.7467969e-03
   1.3103254e-02
   4.1221693e-02
   1.5522811e-02
   6.2087900e-03
   1.1796597e-02
   4.2244427e-02
   1.7875504e-02
   1.2088496e-02
   1.3053751e-02
   3.2101650e-02
   2.7964627e-02
   1.7940884e-02
   2.2019323e-02
   4.2129319e-02
   2.2032304e-02
   8.3752321e-03
   1.5435591e-02
   5.5059500e-02
   1.7625250e-02
   7.7905045e-03
   1.4938685e-02
   5.6904364e-02
   1.9999018e-02
   1.3492933e-02
   1.5069872e-02
   3.9169282e-02
   3.0105425e-02
   2.2089422e-02
   3.0078350e-02
   5.4834340e-02
   2.2683606e-02
   9.7631738e-03
   1.9418078e-02
   7.0123561e-02
   1.9581387e-02
   7.0898077e-03
   2.0405158e-02
   6.7460336e-02
   2.3428187e-02
   1.4741354e-02
   1.7109994e-02
   4.2707805e-02
   2.7022433e-02
   1.6068343e-02
   2.4067663e-02
   5.5792972e-02
   2.0328980e-02
   7.2294129e-03
   1.7322443e-02
   6.6408657e-02
   1.8225333e-02
   6.0856547e-03
   1.7148461e-02
   5.8861975e-02
   2.1817425e-02
   1.3629521e-02
   1.4975687e-02
   3.6408626e-02
   2.4292007e-02
   1.4094247e-02
   1.8010618e-02
   4.2791940e-02
   1.8271070e-02
   6.8030651e-03
   1.3472355e-02
   5.0470810e-02
   1.5534779e-02
   5.5843391e-03
   1.2069218e-02
   4.3739073e-02
   1.8178925e-02
   1.2482472e-02
   1.3208439e-02
   3.0076366e-02
   2.4107102e-02
   1.4402852e-02
   1.9006459e-02
   3.5319783e-02
   1.8126151e-02
   7.5552138e-03
   1.3755270e-02
   4.1500408e-02
   1.5404455e-02
   5.7277726e-03
   1.1300168e-02
   3.7428379e-02
   1.8176854e-02
   1.3797251e-02
   1.4280532e-02
   2.8967356e-02
   2.3549357e-02
   1.9751376e-02
   3.4807790e-02
   4.0381607e-02
   1.8054383e-02
   1.1167969e-02
   2.0848153e-02
   5.1452279e-02
   1.5444349e-02
   6.4866999e-03
   1.3492218e-02
   5.0293583e-02
   1.7984435e-02
   1.8344352e-02
   1.8523566e-02
   3.5752859e-02
   2.2971436e-02
   1.7878270e-02
   2.4401618e-02
   3.7889794e-02
   1.7809598e-02
   8.9417491e-03
   1.5519665e-02
   4.9960241e-02
   1.4985972e-02
   5.9465421e-03
   1.3085021e-02
   5.1891197e-02
   1.7332900e-02
   1.4778193e-02
   1.6320966e-02
   3.5322562e-02
   2.3437358e-02
   1.6577583e-02
   2.0999832e-02
   3.9335538e-02
   1.8615145e-02
   7.8705288e-03
   1.4515872e-02
   5.5733051e-02
   1.5270004e-02
   6.6887201e-03
   1.3667544e-02
   6.0433455e-02
   1.6965363e-02
   1.3264385e-02
   1.4806478e-02
   3.8819071e-02
   2.7033539e-02
   2.1542488e-02
   2.6251227e-02
   4.8910771e-02
   2.2686131e-02
   9.5949136e-03
   1.7104832e-02
   7.1360789e-02
   1.6963651e-02
   8.9959195e-03
   1.7119173e-02
   7.6971911e-02
   1.8361907e-02
   1.4757849e-02
   1.7485907e-02
   4.5753866e-02
   2.6842752e-02
   2.8317479e-02
   4.0694922e-02
   6.8422452e-02
   2.1548759e-02
   1.1521138e-02
   2.3582393e-02
   8.6530887e-02
   1.8712614e-02
   7.7248076e-03
   2.4675218e-02
   8.5238181e-02
   2.2027303e-02
   1.7078986e-02
   1.9848809e-02
   4.7322672e-02
   2.4464432e-02
   1.8380087e-02
   3.0786924e-02
   7.5054832e-02
   1.9390719e-02
   7.9725496e-03
   2.0632101e-02
   8.6819619e-02
   1.8179819e-02
   6.3870950e-03
   2.1179747e-02
   7.9160713e-02
   2.1625152e-02
   1.5555664e-02
   1.6849596e-02
   4.1448623e-02
   2.3090528e-02
   1.6631328e-02
   2.0902487e-02
   5.6511313e-02
   1.8101381e-02
   8.0573754e-03
   1.5120935e-02
   7.0903137e-02
   1.5382684e-02
   5.9165503e-03
   1.4141291e-02
   6.2223382e-02
   1.7551024e-02
   1.3786564e-02
   1.4737714e-02
   3.5257958e-02
   2.2889242e-02
   1.7941583e-02
   2.3842137e-02
   4.3836690e-02
   1.7622212e-02
   9.6090278e-03
   1.6063612e-02
   5.7685181e-02
   1.5045372e-02
   5.9002331e-03
   1.2980158e-02
   5.2150249e-02
   1.7369792e-02
   1.5215473e-02
   1.5901472e-02
   3.3579808e-02
   1.7615713e-02
   2.6426893e-02
   5.6162171e-02
   4.4861007e-02
   1.4167371e-02
   1.5457391e-02
   3.0492580e-02
   5.5751190e-02
   1.2188510e-02
   6.2159053e-03
   1.3624705e-02
   5.3546976e-02
   1.4434810e-02
   2.3361608e-02
   2.3150925e-02
   3.6629170e-02
   1.7659236e-02
   2.2322237e-02
   3.3185914e-02
   4.1181516e-02
   1.4348121e-02
   1.1404484e-02
   1.8567264e-02
   5.3949371e-02
   1.1985106e-02
   5.7685967e-03
   1.3107238e-02
   5.4960553e-02
   1.3682052e-02
   1.6261386e-02
   1.7808093e-02
   3.4841370e-02
   1.8759940e-02
   1.9183356e-02
   2.3566369e-02
   4.0668964e-02
   1.5944114e-02
   9.1670025e-03
   1.4990982e-02
   5.6265306e-02
   1.2683854e-02
   6.9401721e-03
   1.3253519e-02
   6.0608346e-02
   1.3526224e-02
   1.3380618e-02
   1.5204282e-02
   3.6104430e-02
   2.4181517e-02
   2.6639856e-02
   3.1300366e-02
   4.7917418e-02
   2.2687480e-02
   1.0822762e-02
   1.8041085e-02
   6.4317495e-02
   1.4760139e-02
   1.0793704e-02
   1.6822921e-02
   7.0029482e-02
   1.4769912e-02
   1.5377125e-02
   1.8727498e-02
   4.0577389e-02
   2.2211904e-02
   3.8197204e-02
   5.7247207e-02
   6.9394179e-02
   1.9384267e-02
   1.3875728e-02
   2.9184349e-02
   7.2936684e-02
   1.6704524e-02
   8.4138513e-03
   2.8024750e-02
   7.2372459e-02
   1.9476928e-02
   2.0135488e-02
   2.2086089e-02
   4.1360434e-02
   1.8857051e-02
   2.1051506e-02
   3.9763249e-02
   7.6357216e-02
   1.5489894e-02
   8.6881565e-03
   2.4609279e-02
   7.4741311e-02
   1.6233495e-02
   6.0755801e-03
   2.4227969e-02
   7.2320148e-02
   1.9606242e-02
   1.7276723e-02
   1.7338218e-02
   3.7503358e-02
   1.7952833e-02
   1.9922407e-02
   2.3569707e-02
   5.5218179e-02
   1.4585509e-02
   9.9698966e-03
   1.6276274e-02
   6.6484965e-02
   1.2920783e-02
   5.7136472e-03
   1.4114133e-02
   6.3122585e-02
   1.4280839e-02
   1.4497317e-02
   1.4897044e-02
   3.3751547e-02
   1.7777942e-02
   2.3326976e-02
   3.2194231e-02
   4.6075307e-02
   1.4202151e-02
   1.3197304e-02
   1.9943567e-02
   6.0196422e-02
   1.2308416e-02
   5.6790789e-03
   1.2925242e-02
   5.5496275e-02
   1.3803921e-02
   1.7474754e-02
   1.7714234e-02
   3.2972269e-02
   1.2570917e-02
   2.8148469e-02
   7.0314877e-02
   4.1098546e-02
   1.0116806e-02
   1.5059534e-02
   3.7373487e-02
   4.2018291e-02
   8.9669060e-03
   5.6402041e-03
   1.1908179e-02
   4.0353611e-02
   1.2478116e-02
   2.9472930e-02
   2.8858924e-02
   3.3860825e-02
   1.2448696e-02
   2.5356371e-02
   4.0449660e-02
   3.8139053e-02
   1.0283136e-02
   1.2856438e-02
   2.0583203e-02
   4.0307257e-02
   8.9570107e-03
   4.9266578e-03
   1.1224207e-02
   3.9725050e-02
   1.0602443e-02
   1.8191749e-02
   1.8980563e-02
   2.8335817e-02
   1.4949347e-02
   2.1793477e-02
   2.6048681e-02
   3.4569215e-02
   1.2945882e-02
   9.7451061e-03
   1.4314033e-02
   4.1168593e-02
   9.3712816e-03
   6.6350955e-03
   1.0835274e-02
   4.2877033e-02
   1.0040881e-02
   1.3016617e-02
   1.3643031e-02
   2.6757734e-02
   2.7022863e-02
   3.3324581e-02
   3.4690816e-02
   3.9395947e-02
   2.5275225e-02
   1.0960218e-02
   1.7429681e-02
   4.6296153e-02
   1.2120066e-02
   1.1907191e-02
   1.5043464e-02
   5.0672658e-02
   1.1534904e-02
   1.5399203e-02
   1.8820921e-02
   3.0463882e-02
   2.1214912e-02
   5.3298954e-02
   7.3417239e-02
   6.6325508e-02
   1.8996434e-02
   1.5587980e-02
   3.5285097e-02
   5.4531947e-02
   1.5748527e-02
   8.4861638e-03
   3.2202724e-02
   5.1637147e-02
   1.9275339e-02
   2.4043320e-02
   2.3977976e-02
   3.1261049e-02
   1.3069058e-02
   2.4146451e-02
   4.6631977e-02
   7.2116986e-02
   1.1147648e-02
   8.1718368e-03
   2.8718505e-02
   5.5232581e-02
   1.5205446e-02
   4.7526336e-03
   2.7112855e-02
   5.4433420e-02
   1.9193856e-02
   1.9274021e-02
   1.6338877e-02
   2.8345736e-02
   1.2266645e-02
   2.1992035e-02
   2.4533907e-02
   4.3701310e-02
   1.0332288e-02
   1.1491435e-02
   1.6245825e-02
   4.3139093e-02
   1.0078410e-02
   4.5237723e-03
   1.2121002e-02
   4.6873465e-02
   1.1370242e-02
   1.3770849e-02
   1.3311485e-02
   2.5589921e-02
   1.2214831e-02
   2.4821080e-02
   3.6678646e-02
   3.7953082e-02
   9.8995334e-03
   1.4420208e-02
   2.1785025e-02
   4.1581213e-02
   9.1880215e-03
   4.7584879e-03
   1.0833605e-02
   4.1314587e-02
   1.1550478e-02
   1.9440038e-02
   1.9145163e-02
   2.7026497e-02
