   5.7331328e-03
   5.2232151e-03
   5.7093692e-03
   2.9363811e-02
   6.6237394e-03
   5.2950238e-03
   6.1071194e-03
   2.6684118e-02
   8.0056563e-03
   7.0644710e-03
   8.5420040e-03
   2.4653107e-02
   1.6605385e-02
   2.2688713e-02
   2.4074337e-02
   2.9274181e-02
   4.9307900e-03
   4.4859080e-03
   4.7513009e-03
   2.7681416e-02
   6.2646065e-03
   5.0040022e-03
   5.7808706e-03
   2.5308698e-02
   7.3533552e-03
   5.7062162e-03
   7.6860981e-03
   2.3247700e-02
   1.2941157e-02
   1.4070122e-02
   1.8107058e-02
   2.5081096e-02
   4.8866225e-03
   4.2764037e-03
   4.3968800e-03
   2.7805571e-02
   6.2890700e-03
   5.0546112e-03
   5.9631183e-03
   2.5644384e-02
   7.3963380e-03
   5.2879206e-03
   7.7080601e-03
   2.3636628e-02
   1.2397616e-02
   1.0032536e-02
   1.5722474e-02
   2.5276354e-02
   5.8158883e-03
   4.6526655e-03
   5.2111018e-03
   3.1393591e-02
   7.1387785e-03
   5.5857329e-03
   7.0297872e-03
   2.8823659e-02
   8.2509872e-03
   6.3196546e-03
   8.9892261e-03
   2.6419576e-02
   1.2631241e-02
   1.1320656e-02
   1.6893689e-02
   2.9397462e-02
   7.0321006e-03
   4.9249385e-03
   8.5150274e-03
   3.4840081e-02
   8.6863190e-03
   5.8962451e-03
   1.1079812e-02
   3.1864066e-02
   9.5429095e-03
   6.5401890e-03
   1.2731733e-02
   2.8924746e-02
   1.2209203e-02
   1.1117903e-02
   1.8055012e-02
   3.1785160e-02
   5.6344527e-03
   4.7258446e-03
   8.3816200e-03
   3.1355016e-02
   7.2102770e-03
   5.5906507e-03
   1.0331014e-02
   2.8944908e-02
   8.1946272e-03
   5.5620102e-03
   1.1665472e-02
   2.6483413e-02
   1.0957038e-02
   9.7089410e-03
   1.7015979e-02
   2.8264368e-02
   4.8464243e-03
   4.3138494e-03
   4.9296455e-03
   2.7840376e-02
   6.2901597e-03
   5.1042526e-03
   6.2349886e-03
   2.5553070e-02
   7.3074964e-03
   5.0907643e-03
   8.0628665e-03
   2.3621185e-02
   1.0634556e-02
   9.4096567e-03
   1.5638489e-02
   2.5297813e-02
   4.9024001e-03
   4.4105751e-03
   4.7308216e-03
   2.7668461e-02
   6.2445425e-03
   4.9874154e-03
   5.8747404e-03
   2.5380032e-02
   7.4066930e-03
   5.7334863e-03
   7.6867384e-03
   2.3294045e-02
   1.2316543e-02
   1.3647817e-02
   1.7737469e-02
   2.5007395e-02
   5.9378925e-03
   5.4172981e-03
   5.9223240e-03
   2.8565114e-02
   6.8366202e-03
   5.5129784e-03
   6.4489706e-03
   2.6673719e-02
   8.2351975e-03
   8.7211831e-03
   8.9897634e-03
   2.4685115e-02
   2.1938080e-02
   3.3258587e-02
   3.3426642e-02
   3.6805898e-02
   5.3170803e-03
   4.8477296e-03
   5.0954535e-03
   2.7540762e-02
   6.7658890e-03
   5.4332493e-03
   6.3138055e-03
   2.6018761e-02
   7.8294361e-03
   6.9875671e-03
   8.4599201e-03
   2.4041554e-02
   1.5332747e-02
   1.8524669e-02
   2.2277392e-02
   2.9902792e-02
   5.2843820e-03
   4.7472795e-03
   4.8393710e-03
   2.7986791e-02
   6.8085999e-03
   5.6391540e-03
   6.6608950e-03
   2.6823267e-02
   7.9665147e-03
   6.4023566e-03
   8.6320881e-03
   2.4553914e-02
   1.4519340e-02
   1.2031777e-02
   1.7977638e-02
   2.9935064e-02
   6.0736425e-03
   5.0480389e-03
   5.5662156e-03
   3.0560872e-02
   7.4984110e-03
   6.1680414e-03
   7.7072675e-03
   2.9125702e-02
   8.5050315e-03
   7.6957028e-03
   9.8068928e-03
   2.6607404e-02
   1.4148026e-02
   1.4120165e-02
   1.8846860e-02
   3.3794452e-02
   7.2558518e-03
   5.3190710e-03
   9.8645054e-03
   3.2800984e-02
   8.9558568e-03
   6.5656179e-03
   1.2603112e-02
   3.0803110e-02
   9.5431404e-03
   7.8294771e-03
   1.4376483e-02
   2.8047170e-02
   1.2404380e-02
   1.3131769e-02
   1.9708436e-02
   3.5156012e-02
   5.9171547e-03
   5.1271557e-03
   9.7264200e-03
   3.0951889e-02
   7.5269132e-03
   6.1515337e-03
   1.1898194e-02
   2.9276757e-02
   8.3613656e-03
   6.4762784e-03
   1.3320373e-02
   2.6566382e-02
   1.1321403e-02
   1.0851036e-02
   1.8902905e-02
   3.1825665e-02
   5.3419964e-03
   4.8409547e-03
   5.4650689e-03
   2.8810482e-02
   6.8025761e-03
   5.6523043e-03
   7.0825894e-03
   2.6994240e-02
   7.8213522e-03
   6.1611347e-03
   9.0607246e-03
   2.4827337e-02
   1.1477690e-02
   1.0933461e-02
   1.7797692e-02
   3.0002536e-02
   5.2776379e-03
   4.8187375e-03
   5.1035425e-03
   2.8045751e-02
   6.6934219e-03
   5.4118615e-03
   6.4243316e-03
   2.6454162e-02
   7.8344699e-03
   7.1759364e-03
   8.3811069e-03
   2.3990484e-02
   1.4739994e-02
   1.7992852e-02
   2.1761291e-02
   2.9234970e-02
   5.3864587e-03
   5.1054517e-03
   5.6633740e-03
   2.3550145e-02
   5.8534201e-03
   5.3006806e-03
   6.1418442e-03
   2.3009153e-02
   7.0304731e-03
   9.9841850e-03
   8.8837249e-03
   2.1513993e-02
   2.8880356e-02
   4.6932794e-02
   4.8763290e-02
   4.8416175e-02
   4.7145034e-03
   4.5513636e-03
   4.7192299e-03
   2.2975044e-02
   5.9992881e-03
   5.2615493e-03
   6.1137467e-03
   2.2945482e-02
   6.8851286e-03
   7.5163627e-03
   8.2718050e-03
   2.1307779e-02
   1.8014284e-02
   2.3799038e-02
   2.7299995e-02
   3.3147059e-02
   4.6810042e-03
   4.5093447e-03
   4.4504129e-03
   2.4190661e-02
   6.0692960e-03
   5.4686102e-03
   6.4291167e-03
   2.4138540e-02
   7.0340419e-03
   6.5679187e-03
   8.4148068e-03
   2.2046784e-02
   1.6349185e-02
   1.2889179e-02
   1.7881356e-02
   2.8366806e-02
   5.4546241e-03
   4.5893947e-03
   5.2831597e-03
   2.6071422e-02
   6.6209575e-03
   5.8774743e-03
   7.3552025e-03
   2.5481138e-02
   7.2023645e-03
   8.3457576e-03
   9.6882116e-03
   2.3253301e-02
   1.5082384e-02
   1.7101707e-02
   1.8719729e-02
   3.0385742e-02
   6.5695671e-03
   4.6898462e-03
   1.0823275e-02
   2.7482646e-02
   8.0618020e-03
   6.1800675e-03
   1.3701699e-02
   2.6330665e-02
   8.1739658e-03
   8.2865311e-03
   1.5423760e-02
   2.4398621e-02
   1.1483193e-02
   1.5313196e-02
   1.9714328e-02
   3.0970428e-02
   5.1918393e-03
   4.6810065e-03
   1.0629491e-02
   2.6618835e-02
   6.6279615e-03
   5.8786944e-03
   1.3051085e-02
   2.5618441e-02
   7.1597379e-03
   6.5613086e-03
   1.4612535e-02
   2.3584379e-02
   1.0305021e-02
   1.1065929e-02
   1.8530712e-02
   3.0480057e-02
   4.7231708e-03
   4.5138928e-03
   5.3136609e-03
   2.5454860e-02
   6.0794400e-03
   5.5069313e-03
   6.9838748e-03
   2.3910550e-02
   6.7450288e-03
   6.5595200e-03
   9.3019279e-03
   2.2704039e-02
   1.0556406e-02
   1.1299521e-02
   1.7436847e-02
   3.2559615e-02
   4.7141798e-03
   4.5290920e-03
   4.9574622e-03
   2.3822365e-02
   5.8770585e-03
   5.2602552e-03
   6.2177125e-03
   2.3185272e-02
   6.7428043e-03
   8.0882255e-03
   8.5106669e-03
   2.1356158e-02
   1.6743800e-02
   2.3177106e-02
   2.6541483e-02
   3.3197913e-02
   4.3444159e-03
   4.3345382e-03
   5.0344802e-03
   1.7603640e-02
   4.4084089e-03
   4.3445779e-03
   4.7569256e-03
   1.7509745e-02
   5.3496868e-03
   8.5774502e-03
   8.1505328e-03
   1.7087590e-02
   4.0086582e-02
   6.5627828e-02
   7.1135134e-02
   6.3963346e-02
   3.5318043e-03
   3.6403018e-03
   3.8782749e-03
   1.7174494e-02
   4.3709725e-03
   4.2622867e-03
   4.9321307e-03
   1.6708413e-02
   4.9850703e-03
   7.0644543e-03
   7.0935376e-03
   1.6573636e-02
   2.3839198e-02
   3.2139685e-02
   3.5285451e-02
   3.6234103e-02
   3.5286620e-03
   3.4157648e-03
   3.4269304e-03
   1.8006438e-02
   4.3539745e-03
   4.3374887e-03
   4.9622166e-03
   1.7858172e-02
   5.2455147e-03
   6.3064657e-03
   6.9821696e-03
   1.6810633e-02
   2.0074345e-02
   1.5152837e-02
   1.6460532e-02
   2.3684459e-02
   4.5119892e-03
   3.5715101e-03
   4.8576393e-03
   1.9406397e-02
   5.1042819e-03
   4.8050811e-03
   6.2316596e-03
   1.8669967e-02
   5.5679181e-03
   8.9383759e-03
   8.5344566e-03
   1.7031891e-02
   1.7679228e-02
   2.2268921e-02
   1.6892958e-02
   2.5372032e-02
   5.6769061e-03
   3.5952199e-03
   1.3453150e-02
   2.0354239e-02
   7.0369104e-03
   5.1037050e-03
   1.6209068e-02
   1.9518193e-02
   6.8231709e-03
   8.7801013e-03
   1.7757690e-02
   1.8160408e-02
   1.1045480e-02
   1.8799985e-02
   1.8077111e-02
   2.4915161e-02
   4.0342626e-03
   3.5129027e-03
   1.2811639e-02
   1.9181062e-02
   5.1763370e-03
   4.8001767e-03
   1.5433343e-02
   1.8994473e-02
   5.4320474e-03
   6.0968054e-03
   1.6516089e-02
   1.7874941e-02
   9.7467601e-03
   1.1298358e-02
   1.7893996e-02
   2.6956759e-02
   3.4300217e-03
   3.4295679e-03
   4.6743299e-03
   1.8553130e-02
   4.4400324e-03
   4.4649485e-03
   5.9326440e-03
   1.8292870e-02
   4.8693581e-03
   5.7052346e-03
   8.3723906e-03
   1.7312635e-02
   1.0407425e-02
   1.1409722e-02
   1.7182127e-02
   3.4197729e-02
   3.5009000e-03
   3.6326090e-03
   4.1927034e-03
   1.7573234e-02
   4.3327687e-03
   4.3878648e-03
   5.0236601e-03
   1.7962545e-02
   4.9976306e-03
   6.8939258e-03
   7.6249782e-03
   1.6178682e-02
   2.1342589e-02
   3.0913463e-02
   3.4060001e-02
   3.7523579e-02
