   1.1789407e-02
   6.3005080e-03
   8.3395578e-03
   3.5031781e-02
   1.1786446e-02
   6.8642879e-03
   7.1243714e-03
   3.0443059e-02
   1.3102889e-02
   8.9428136e-03
   7.9436749e-03
   3.2931685e-02
   1.4757566e-02
   1.0951237e-02
   1.1876256e-02
   2.9419657e-02
   1.0744026e-02
   5.3201094e-03
   7.0761610e-03
   3.2526940e-02
   1.1079807e-02
   6.5827877e-03
   6.6461829e-03
   2.8584411e-02
   1.2319242e-02
   8.4726447e-03
   7.6106098e-03
   3.1223070e-02
   1.2677839e-02
   8.3952546e-03
   1.0625027e-02
   2.6196517e-02
   1.0672189e-02
   5.1394408e-03
   6.9833291e-03
   3.2473147e-02
   1.1098556e-02
   6.6459929e-03
   6.7006266e-03
   2.8610861e-02
   1.2341433e-02
   8.6462861e-03
   7.7346745e-03
   3.1422466e-02
   1.2183520e-02
   7.0970403e-03
   1.0275950e-02
   2.5674026e-02
   1.1892755e-02
   5.6717955e-03
   8.7736556e-03
   3.6516227e-02
   1.2381613e-02
   7.1190400e-03
   8.6046197e-03
   3.1950910e-02
   1.3702748e-02
   9.5200716e-03
   9.7702956e-03
   3.4995757e-02
   1.3535875e-02
   7.7703628e-03
   1.2442802e-02
   2.8942401e-02
   1.3243637e-02
   6.1480273e-03
   1.2377199e-02
   4.0636566e-02
   1.3820644e-02
   7.6062139e-03
   1.2909638e-02
   3.5174929e-02
   1.5307770e-02
   1.0120643e-02
   1.3954141e-02
   3.8343024e-02
   1.5171570e-02
   8.5470797e-03
   1.5550850e-02
   3.2069452e-02
   1.1861188e-02
   5.7293139e-03
   9.3162889e-03
   3.6295876e-02
   1.2260450e-02
   7.3284339e-03
   9.0609668e-03
   3.1766448e-02
   1.3724162e-02
   9.5957192e-03
   9.9656973e-03
   3.4956954e-02
   1.3472734e-02
   8.4130978e-03
   1.2154976e-02
   2.8480133e-02
   1.0653959e-02
   5.2177161e-03
   7.2167926e-03
   3.2489356e-02
   1.1067414e-02
   6.5833656e-03
   6.7411968e-03
   2.8515153e-02
   1.2306563e-02
   8.7374104e-03
   7.7103823e-03
   3.1375255e-02
   1.2175672e-02
   7.5688958e-03
   1.0364226e-02
   2.5109548e-02
   1.0758898e-02
   5.3981189e-03
   7.1634687e-03
   3.2748330e-02
   1.1019109e-02
   6.4381114e-03
   6.6899839e-03
   2.8641030e-02
   1.2330114e-02
   8.5249133e-03
   7.5611407e-03
   3.1168731e-02
   1.2472333e-02
   8.3501814e-03
   1.0463119e-02
   2.5773522e-02
   1.1699952e-02
   6.5753977e-03
   8.3740409e-03
   3.2970857e-02
   1.1747723e-02
   7.4702823e-03
   7.6585384e-03
   2.8919261e-02
   1.2864102e-02
   9.6567729e-03
   8.2246941e-03
   3.1389736e-02
   1.5051526e-02
   1.1770305e-02
   1.2511437e-02
   2.9414961e-02
   1.0891579e-02
   5.6734532e-03
   7.3370109e-03
   3.1355504e-02
   1.1335655e-02
   7.5296941e-03
   7.2384849e-03
   2.8073186e-02
   1.2479116e-02
   9.4843078e-03
   8.0041997e-03
   3.0674784e-02
   1.3004435e-02
   8.9445906e-03
   1.1301527e-02
   2.6302900e-02
   1.0921409e-02
   5.5295783e-03
   7.3725339e-03
   3.1649813e-02
   1.1444896e-02
   7.6469434e-03
   7.3025362e-03
   2.8836405e-02
   1.2691434e-02
   9.8302979e-03
   8.2807895e-03
   3.1220904e-02
   1.2182111e-02
   7.5035901e-03
   1.0934547e-02
   2.6080979e-02
   1.1614907e-02
   5.9603984e-03
   9.2909103e-03
   3.3817135e-02
   1.2232982e-02
   7.9093566e-03
   9.5312735e-03
   3.0842021e-02
   1.3571572e-02
   1.0600057e-02
   1.0497310e-02
   3.3209991e-02
   1.2906949e-02
   7.9990020e-03
   1.3497790e-02
   2.8305873e-02
   1.2590229e-02
   6.5334290e-03
   1.3577298e-02
   3.6276374e-02
   1.3330021e-02
   8.5030785e-03
   1.4685621e-02
   3.2604981e-02
   1.4749374e-02
   1.1238457e-02
   1.5536544e-02
   3.4776878e-02
   1.4159149e-02
   8.9127449e-03
   1.6966682e-02
   2.9997775e-02
   1.1468930e-02
   6.0997517e-03
   9.9964263e-03
   3.4105137e-02
   1.2197271e-02
   8.3167860e-03
   1.0066985e-02
   3.0864779e-02
   1.3423364e-02
   1.0746569e-02
   1.0866082e-02
   3.3151679e-02
   1.2872581e-02
   9.3276910e-03
   1.2920970e-02
   2.7561437e-02
   1.0767954e-02
   5.7014520e-03
   7.6712049e-03
   3.1994518e-02
   1.1485245e-02
   7.5434754e-03
   7.5357798e-03
   2.8848926e-02
   1.2598188e-02
   9.9961683e-03
   8.3074486e-03
   3.1354025e-02
   1.2111211e-02
   8.2248766e-03
   1.1043292e-02
   2.5396565e-02
   1.0925853e-02
   5.8629443e-03
   7.4800830e-03
   3.1915363e-02
   1.1342063e-02
   7.2076265e-03
   7.3760212e-03
   2.8254766e-02
   1.2568449e-02
   9.4863279e-03
   8.1063462e-03
   3.0584557e-02
   1.2679479e-02
   8.8965511e-03
   1.1009480e-02
   2.5835425e-02
   9.3375323e-03
   6.1907982e-03
   7.6178601e-03
   2.6600497e-02
   9.5278006e-03
   7.3786569e-03
   7.3645376e-03
   2.4578979e-02
   1.0361633e-02
   9.3724625e-03
   7.7809193e-03
   2.6702274e-02
   1.3487051e-02
   1.2163035e-02
   1.2621938e-02
   2.7525757e-02
   8.7273838e-03
   5.3153024e-03
   6.7947260e-03
   2.6099289e-02
   9.5701450e-03
   7.5870114e-03
   7.0528840e-03
   2.4525121e-02
   1.0426893e-02
   9.6224295e-03
   7.6941019e-03
   2.6791455e-02
   1.0970310e-02
   8.7528359e-03
   1.0922759e-02
   2.3646144e-02
   8.9160567e-03
   5.1313024e-03
   6.6920407e-03
   2.6867658e-02
   9.6358545e-03
   7.6794210e-03
   7.1584396e-03
   2.5472764e-02
   1.0528967e-02
   1.0051320e-02
   8.0275470e-03
   2.7764160e-02
   1.0061058e-02
   6.8573570e-03
   1.0769342e-02
   2.2797802e-02
   9.4496738e-03
   5.5013299e-03
   9.1001485e-03
   2.8145498e-02
   1.0224155e-02
   7.8223078e-03
   1.0056624e-02
   2.6854670e-02
   1.1187584e-02
   1.0689387e-02
   1.0890223e-02
   2.9069057e-02
   1.0608603e-02
   7.2676311e-03
   1.4458176e-02
   2.4467133e-02
   1.0102776e-02
   5.9089274e-03
   1.4742017e-02
   2.9147564e-02
   1.1243545e-02
   8.4391898e-03
   1.6543761e-02
   2.7849155e-02
   1.2383281e-02
   1.1058039e-02
   1.7432379e-02
   3.0393204e-02
   1.1770896e-02
   8.3401538e-03
   1.8657735e-02
   2.5450092e-02
   9.1762617e-03
   5.5920221e-03
   1.0273329e-02
   2.8275121e-02
   1.0007585e-02
   8.6077228e-03
   1.0623246e-02
   2.7341697e-02
   1.1234740e-02
   1.0888433e-02
   1.1410862e-02
   2.9064985e-02
   1.0480024e-02
   9.2165768e-03
   1.3039986e-02
   2.3566015e-02
   8.9082075e-03
   5.4989127e-03
   7.2427671e-03
   2.7173674e-02
   9.5767621e-03
   7.7782581e-03
   7.4883234e-03
   2.5888870e-02
   1.0698228e-02
   1.0357410e-02
   8.0173770e-03
   2.8186075e-02
   9.9272281e-03
   7.8731719e-03
   1.0534294e-02
   2.2085199e-02
   8.7755714e-03
   5.4820720e-03
   6.9338977e-03
   2.6706109e-02
   9.3297465e-03
   7.3421681e-03
   7.2750263e-03
   2.4394481e-02
   1.0279871e-02
   9.5043872e-03
   7.9390528e-03
   2.6775219e-02
   1.0681841e-02
   8.4932102e-03
   1.0585519e-02
   2.3187764e-02
   7.0965518e-03
   5.5815079e-03
   6.6992454e-03
   2.0500459e-02
   6.8212030e-03
   6.5910174e-03
   6.7621563e-03
   1.9167800e-02
   7.5187245e-03
   8.5344566e-03
   6.9868495e-03
   2.1295665e-02
   1.2859129e-02
   1.3363597e-02
   1.4152221e-02
   2.6898475e-02
   6.5330518e-03
   4.5523755e-03
   5.7846652e-03
   1.9584108e-02
   6.9247992e-03
   6.8729711e-03
   6.2894751e-03
   1.8811392e-02
   7.5333081e-03
   8.8731665e-03
   6.8832142e-03
   2.1003485e-02
   9.1202063e-03
   8.5098902e-03
   1.1219789e-02
   2.0629769e-02
   6.5889852e-03
   4.2904778e-03
   5.5407090e-03
   2.0360740e-02
   7.1654003e-03
   7.1474952e-03
   6.4482936e-03
   1.9763732e-02
   7.5614057e-03
   9.2996014e-03
   6.8975883e-03
   2.1588648e-02
   7.4202530e-03
   5.4338141e-03
   1.0097454e-02
   1.7885290e-02
   7.2110621e-03
   4.8320028e-03
   9.3622729e-03
   2.0747036e-02
   7.8887986e-03
   7.5265821e-03
   1.0911193e-02
   2.1090643e-02
   8.4217405e-03
   1.0213959e-02
   1.1470893e-02
   2.2712149e-02
   8.0404915e-03
   5.7961694e-03
   1.5959568e-02
   1.8811688e-02
   8.1175510e-03
   5.1091355e-03
   1.7709268e-02
   2.1840645e-02
   9.3808109e-03
   7.9796808e-03
   2.0813901e-02
   2.2529608e-02
   9.7514410e-03
   1.0857440e-02
   2.1212747e-02
   2.3344707e-02
   9.5227417e-03
   7.0629036e-03
   2.2344256e-02
   1.9319450e-02
   6.7982459e-03
   4.7402773e-03
   1.0802234e-02
   2.1211421e-02
   7.7381027e-03
   8.1037628e-03
   1.2089732e-02
   2.1218114e-02
   8.4568495e-03
   1.0336174e-02
   1.2197707e-02
   2.2001021e-02
   7.9418980e-03
   8.3378227e-03
   1.3293162e-02
   1.8027101e-02
   6.3682212e-03
   4.6334253e-03
   6.1211912e-03
   2.0540096e-02
   7.0577846e-03
   7.3225172e-03
   7.0671211e-03
   2.0535320e-02
   7.8430604e-03
   9.5952172e-03
   7.1458644e-03
   2.2428567e-02
   7.3769889e-03
   6.9641965e-03
   9.6347854e-03
   1.7209167e-02
   6.4114467e-03
   4.7077877e-03
   5.6935735e-03
   2.0114835e-02
   6.9379299e-03
   6.5837400e-03
   6.7085596e-03
   1.9058323e-02
   7.3438715e-03
   8.6243805e-03
   6.9703800e-03
   2.1585651e-02
   8.5808411e-03
   8.0928495e-03
   1.0606498e-02
   1.9798841e-02
