   3.3702143e-02
   3.6295429e-02
   4.2307671e-02
   2.8571047e-02
   3.4487471e-02
   2.8214127e-02
   2.0033937e-02
   3.4664892e-02
   3.1675097e-02
   7.2062686e-02
   6.9134533e-02
   4.5654412e-02
   2.4628462e-02
   1.4064440e-02
   2.1049710e-02
   3.5588652e-02
   3.3060029e-02
   3.7682030e-02
   3.4919403e-02
   2.6800245e-02
   3.2504395e-02
   2.4366083e-02
   1.8805010e-02
   3.3592850e-02
   3.0857146e-02
   6.1778814e-02
   6.0921073e-02
   4.2165890e-02
   2.5376635e-02
   1.3260211e-02
   2.1316456e-02
   3.4369621e-02
   3.4308121e-02
   4.3266810e-02
   3.5513401e-02
   3.6420219e-02
   3.1580780e-02
   2.2961548e-02
   2.0529276e-02
   3.6047187e-02
   2.7650807e-02
   5.8603600e-02
   5.3318385e-02
   4.2049870e-02
   2.3055309e-02
   1.5291632e-02
   2.0762511e-02
   3.5401836e-02
   3.5692837e-02
   4.1679639e-02
   5.9820354e-02
   5.5713501e-02
   3.3684712e-02
   2.1776028e-02
   3.4795027e-02
   5.6603394e-02
   2.9860875e-02
   5.5200741e-02
   5.5917677e-02
   5.5701606e-02
   2.2596516e-02
   1.7332012e-02
   2.4656802e-02
   3.8364138e-02
   4.7036052e-02
   6.7462265e-02
   5.7505965e-02
   3.3079583e-02
   7.4599177e-02
   4.1368850e-02
   3.8405184e-02
   6.1320592e-02
   8.4880494e-02
   6.0656872e-02
   6.5589182e-02
   8.1537426e-02
   7.0255026e-02
   1.8884877e-02
   2.7077869e-02
   5.0528374e-02
   1.0110009e-01
   8.9958675e-02
   3.6176905e-02
   2.4764040e-02
   1.5484780e-01
   5.4392248e-02
   2.5078032e-02
   4.1400179e-02
   1.5141407e-01
   6.0199324e-02
   5.4090124e-02
   5.4807194e-02
   1.1381847e-01
   1.9202380e-02
   2.3574186e-02
   5.2271854e-02
   8.6238712e-02
   4.7678884e-02
   3.1269692e-02
   2.2875987e-02
   7.9423331e-02
   2.9957281e-02
   1.9745138e-02
   3.6191173e-02
   5.9201527e-02
   5.9474118e-02
   5.4307990e-02
   4.0097561e-02
   4.0442478e-02
   1.8044809e-02
   1.9009769e-02
   3.5929147e-02
   3.8072437e-02
   3.3169009e-02
   3.7170921e-02
   2.5102925e-02
   3.3322953e-02
   2.6479689e-02
   1.8908450e-02
   3.3993155e-02
   2.9739028e-02
   6.4231634e-02
   6.4438388e-02
   4.2528789e-02
   2.1965338e-02
   1.4598192e-02
   1.8768309e-02
   3.4508709e-02
   3.7701342e-02
   3.8399801e-02
   4.1349716e-02
   1.7344026e-02
   3.2575715e-02
   2.6877083e-02
   1.6940549e-02
   2.4450487e-02
   2.8451232e-02
   6.5033816e-02
   6.8375073e-02
   3.6733463e-02
   1.6886901e-02
   1.8128866e-02
   2.5071425e-02
   2.9054344e-02
   3.4989763e-02
   3.8055066e-02
   3.3561349e-02
   1.7626125e-02
   2.9863592e-02
   2.3631690e-02
   1.5730184e-02
   2.4455059e-02
   2.5628485e-02
   5.8201618e-02
   5.2720666e-02
   3.1743050e-02
   1.4797689e-02
   1.5472113e-02
   2.5226373e-02
   2.6488353e-02
   3.7210099e-02
   5.6723054e-02
   3.6811687e-02
   3.6138669e-02
   3.0966721e-02
   2.1658555e-02
   2.5022453e-02
   3.0664276e-02
   2.3545604e-02
   5.2540097e-02
   4.5436721e-02
   3.2395530e-02
   1.5831215e-02
   1.8480714e-02
   2.5465997e-02
   2.8042398e-02
   4.2234298e-02
   5.2623883e-02
   6.4927004e-02
   6.1511401e-02
   3.9168824e-02
   2.3007853e-02
   4.4036634e-02
   6.9134243e-02
   3.9647140e-02
   5.5703003e-02
   5.4780427e-02
   5.4991100e-02
   2.7108058e-02
   2.1350725e-02
   3.1750668e-02
   3.2016538e-02
   7.1845278e-02
   7.0482224e-02
   5.4036096e-02
   3.2468785e-02
   9.7756512e-02
   3.5230614e-02
   4.2385425e-02
   7.4764125e-02
   1.1591766e-01
   5.9389636e-02
   6.6730246e-02
   1.0236140e-01
   1.0023598e-01
   2.3881499e-02
   3.6191251e-02
   5.8140460e-02
   1.7540446e-01
   1.0353459e-01
   3.2398991e-02
   2.0414088e-02
   2.2709328e-01
   4.2500354e-02
   2.4200354e-02
   3.4831390e-02
   2.1387035e-01
   5.8561802e-02
   5.8824755e-02
   5.6613371e-02
   1.6420656e-01
   2.7481452e-02
   2.8050059e-02
   6.4105958e-02
   1.4203152e-01
   5.3907152e-02
   2.7265491e-02
   1.6957646e-02
   1.2317202e-01
   2.7461758e-02
   1.9378148e-02
   2.8107585e-02
   9.0405390e-02
   5.9659373e-02
   5.1475469e-02
   3.2893978e-02
   5.6411978e-02
   2.6147537e-02
   2.0410718e-02
   3.5142340e-02
   5.2806251e-02
   3.8526870e-02
   3.2266680e-02
   1.6480947e-02
   3.5726845e-02
   2.4866864e-02
   1.6606787e-02
   2.6342712e-02
   3.2002311e-02
   6.4167038e-02
   6.5641262e-02
   3.2626987e-02
   1.8884378e-02
   2.0697374e-02
   2.1616073e-02
   2.8295644e-02
   6.1385613e-02
   4.8317894e-02
   5.0935350e-02
   1.4989016e-02
   4.2647325e-02
   2.8755799e-02
   1.4674511e-02
   2.1414289e-02
   3.9905977e-02
   6.4252660e-02
   7.3710278e-02
   3.4999702e-02
   2.1385735e-02
   2.5387606e-02
   3.1895854e-02
   2.6538523e-02
   5.6542665e-02
   5.5482108e-02
   4.6606485e-02
   1.7502476e-02
   4.0781237e-02
   2.4883715e-02
   1.8309748e-02
   2.1415018e-02
   3.7392195e-02
   6.0928032e-02
   5.4528560e-02
   2.9527804e-02
   1.7474340e-02
   2.2139275e-02
   3.0772431e-02
   2.4955921e-02
   6.6412546e-02
   7.7104948e-02
   5.2954338e-02
   3.6687251e-02
   4.4833675e-02
   2.4001269e-02
   3.3109333e-02
   2.7159885e-02
   3.7504490e-02
   6.4912960e-02
   5.0528411e-02
   2.8846636e-02
   2.2204895e-02
   2.4740040e-02
   3.3622168e-02
   2.5415998e-02
   6.9664955e-02
   6.1588846e-02
   8.9674704e-02
   6.3993894e-02
   6.0565237e-02
   2.9000930e-02
   5.8507651e-02
   8.4136136e-02
   5.9424680e-02
   5.8224037e-02
   6.1269678e-02
   6.2816724e-02
   4.2113092e-02
   2.6394160e-02
   4.3553930e-02
   3.4173913e-02
   9.9418864e-02
   6.1712839e-02
   7.9628430e-02
   3.7280060e-02
   1.1801025e-01
   4.7853939e-02
   4.9389657e-02
   9.3454160e-02
   1.3376035e-01
   5.8733951e-02
   7.6347463e-02
   1.3833085e-01
   8.8649757e-02
   3.0475391e-02
   5.0500315e-02
   9.5212407e-02
   2.6474562e-01
   6.9991179e-02
   4.0374875e-02
   2.1629661e-02
   3.2277977e-01
   5.8804587e-02
   2.6712945e-02
   3.0560900e-02
   2.6962870e-01
   5.5598278e-02
   7.0154436e-02
   7.4677750e-02
   1.4392878e-01
   3.5641767e-02
   4.2938437e-02
   1.1161153e-01
   2.3514701e-01
   4.2059809e-02
   3.0927127e-02
   1.4834350e-02
   1.8599448e-01
   3.2524973e-02
   1.8327992e-02
   2.2613004e-02
   1.2601131e-01
   5.9909768e-02
   5.5861268e-02
   3.3710811e-02
   6.2534012e-02
   3.5436559e-02
   2.8916148e-02
   4.7356460e-02
   8.8399850e-02
   4.3620698e-02
   3.5921995e-02
   1.2990036e-02
   5.6476802e-02
   2.6679859e-02
   1.4148200e-02
   2.0439927e-02
   4.8734307e-02
   6.9430545e-02
   6.7927510e-02
   3.0410338e-02
   2.6419429e-02
   3.0447055e-02
   3.0453969e-02
   2.8013229e-02
   7.5581819e-02
   6.3466847e-02
   8.8700891e-02
   1.7860502e-02
   4.6782635e-02
   2.2479584e-02
   2.2521775e-02
   2.1090519e-02
   4.2425904e-02
   6.9180168e-02
   8.1181511e-02
   3.8067371e-02
   2.1581756e-02
   3.6005747e-02
   4.9839299e-02
   2.9005565e-02
   7.3865645e-02
   6.8939626e-02
   7.0616543e-02
   2.0721111e-02
   5.8086555e-02
   2.4421072e-02
   3.0046346e-02
   1.9835349e-02
   4.0542431e-02
   6.4430505e-02
   6.8527557e-02
   2.6200905e-02
   2.3370495e-02
   2.6012560e-02
   3.8667642e-02
   2.8574215e-02
   9.4021186e-02
   9.1567546e-02
   7.4145846e-02
   5.3052682e-02
   5.6043625e-02
   2.7593369e-02
   5.1670779e-02
   3.8813222e-02
   5.3976275e-02
   6.9877192e-02
   5.8217067e-02
   3.2830760e-02
   3.3862788e-02
   3.8100418e-02
   4.3331601e-02
   3.0939642e-02
   8.5249610e-02
   7.2152123e-02
   1.3503499e-01
   9.7261094e-02
   5.8915302e-02
   3.5433885e-02
   9.6433491e-02
   1.2551272e-01
   6.7005455e-02
   6.0879193e-02
   6.7571491e-02
   6.6602230e-02
   4.6872161e-02
   3.5864897e-02
   6.9286786e-02
   4.5259144e-02
   8.7715670e-02
   7.9946995e-02
   1.2017855e-01
   5.7215258e-02
   5.5052400e-02
   6.1604857e-02
   6.5097183e-02
   1.3549870e-01
   8.7388895e-02
   5.4033387e-02
   8.0592193e-02
   1.5407388e-01
   9.5130727e-02
   4.0551271e-02
   6.4103521e-02
   1.3442545e-01
   1.5040822e-01
   9.4939254e-02
   4.9504962e-02
   2.2691147e-02
   1.3553937e-01
   7.1428001e-02
   3.7457891e-02
   3.4820151e-02
   1.3134582e-01
   5.9431825e-02
   6.2249694e-02
   1.0351971e-01
   1.3480499e-01
   3.5436079e-02
   6.1391849e-02
   1.6001827e-01
   1.7945452e-01
   4.9548957e-02
   4.4012275e-02
   1.8945538e-02
   1.1261550e-01
   2.5653280e-02
   3.0025965e-02
   1.7308164e-02
   8.2487084e-02
   5.1248778e-02
   4.8916865e-02
   2.6106291e-02
   5.1415563e-02
   3.0999251e-02
   5.1692046e-02
   7.5987801e-02
   8.6874679e-02
   4.8717029e-02
   6.3542984e-02
   1.8798579e-02
   6.1083075e-02
   2.1500282e-02
   2.3277119e-02
   2.3341000e-02
   4.9988333e-02
   6.2658399e-02
   5.8881499e-02
   2.4857208e-02
   2.9702200e-02
   3.4050547e-02
   5.6299184e-02
   3.1448387e-02
