   2.9382387e-02
   2.3612877e-02
   3.5750531e-02
   1.7096650e-02
   2.5599452e-02
   1.7745670e-02
   4.5498475e-02
   1.0713492e-02
   2.6468504e-02
   9.2288749e-03
   3.4514334e-02
   8.3181076e-03
   2.7661396e-02
   2.8605010e-02
   4.8790202e-02
   8.9770975e-03
   2.7330048e-02
   2.2410441e-02
   3.0582996e-02
   1.6423522e-02
   2.5185740e-02
   1.4282924e-02
   4.1878212e-02
   1.0297389e-02
   2.7564332e-02
   9.6912654e-03
   3.0757472e-02
   8.5696606e-03
   3.1705543e-02
   2.5727507e-02
   3.2744452e-02
   8.7151825e-03
   5.1018100e-02
   2.2168290e-02
   2.9367428e-02
   1.6479092e-02
   5.7312928e-02
   1.6627122e-02
   4.1417491e-02
   1.0739652e-02
   6.7898631e-02
   1.8823123e-02
   3.1304184e-02
   9.5009124e-03
   7.9529986e-02
   5.0261602e-02
   2.3342479e-02
   8.9991177e-03
   1.6615152e-01
   3.0360680e-02
   3.6120232e-02
   1.8383741e-02
   1.5340754e-01
   3.1845666e-02
   4.2086083e-02
   1.1577748e-02
   1.3711667e-01
   5.8445740e-02
   3.4227937e-02
   1.0801345e-02
   1.0255747e-01
   1.3457066e-01
   3.2568671e-02
   1.0967848e-02
   1.2088531e-01
   3.4155637e-02
   5.3798944e-02
   3.6610693e-02
   8.5951254e-02
   3.2556392e-02
   4.6864811e-02
   1.3072859e-02
   6.4949200e-02
   4.2433273e-02
   4.1792806e-02
   1.0719620e-02
   4.4632029e-02
   9.3032420e-02
   4.4517681e-02
   1.1764938e-02
   3.2749336e-02
   2.7445866e-02
   4.6489868e-02
   3.5362169e-02
   2.5037523e-02
   2.1573192e-02
   4.3758966e-02
   1.3851468e-02
   2.6334606e-02
   1.2556148e-02
   3.4088209e-02
   9.1210026e-03
   3.0365711e-02
   3.6430739e-02
   3.0224962e-02
   9.9155605e-03
   3.0207423e-02
   2.0165097e-02
   3.1905424e-02
   1.7365949e-02
   2.3677776e-02
   1.5228561e-02
   3.7442811e-02
   1.1380697e-02
   2.4020260e-02
   1.0161162e-02
   2.8042905e-02
   8.2973102e-03
   2.7589995e-02
   2.4800075e-02
   2.4778891e-02
   8.8770632e-03
   2.9589077e-02
   2.0479234e-02
   3.3797145e-02
   1.6157314e-02
   2.5153769e-02
   1.3363384e-02
   4.1036878e-02
   1.0322145e-02
   2.4788793e-02
   9.2575457e-03
   3.0423330e-02
   7.9103895e-03
   2.6585618e-02
   2.5492240e-02
   3.3133440e-02
   8.5710101e-03
   2.5666259e-02
   2.9682999e-02
   3.9499480e-02
   1.2459013e-02
   2.7000552e-02
   2.2911774e-02
   5.0477225e-02
   8.4887268e-03
   3.0982532e-02
   1.0704448e-02
   4.5791794e-02
   6.0423301e-03
   3.2878038e-02
   3.7037075e-02
   5.4046065e-02
   7.5028227e-03
   2.7030490e-02
   2.6623379e-02
   3.3093873e-02
   1.1333501e-02
   3.0280609e-02
   1.7826943e-02
   4.6202328e-02
   7.9383524e-03
   3.6460545e-02
   1.1970754e-02
   4.1278847e-02
   6.2471102e-03
   4.7240768e-02
   3.4395840e-02
   3.3560291e-02
   6.7631155e-03
   7.7838920e-02
   2.4542445e-02
   3.0879701e-02
   1.1152088e-02
   9.7828813e-02
   2.1126883e-02
   4.0338874e-02
   8.0520557e-03
   1.1762394e-01
   2.4123548e-02
   4.0789485e-02
   6.8045505e-03
   1.3630147e-01
   6.3325837e-02
   2.5022831e-02
   6.7487350e-03
   2.4625295e-01
   3.6150400e-02
   4.1280437e-02
   1.4607836e-02
   2.5807142e-01
   3.6062121e-02
   4.3559507e-02
   9.0830242e-03
   2.3659760e-01
   7.2978653e-02
   4.4127546e-02
   8.5202958e-03
   1.7938988e-01
   1.4435829e-01
   3.3973228e-02
   9.0097636e-03
   1.7046683e-01
   4.1444629e-02
   6.5896504e-02
   4.2849675e-02
   1.3920763e-01
   3.8029790e-02
   5.7896387e-02
   1.4008652e-02
   1.0760522e-01
   5.2200697e-02
   6.2508889e-02
   9.2770224e-03
   7.1949311e-02
   9.9948995e-02
   4.8010617e-02
   1.0911456e-02
   3.9175298e-02
   3.3287749e-02
   5.8339261e-02
   4.1583404e-02
   3.3996943e-02
   3.1816579e-02
   5.7255656e-02
   1.4134522e-02
   3.6632407e-02
   1.6775822e-02
   4.5571625e-02
   7.1758749e-03
   4.0409666e-02
   4.9511731e-02
   3.5939392e-02
   8.4357895e-03
   2.4624482e-02
   1.9332489e-02
   3.4802768e-02
   1.4480974e-02
   2.2734517e-02
   1.9804990e-02
   4.0661424e-02
   9.0880645e-03
   2.8969940e-02
   1.2253550e-02
   3.5063222e-02
   5.4491209e-03
   3.4598153e-02
   3.4327503e-02
   2.6801141e-02
   6.9576460e-03
   2.3035580e-02
   1.9956851e-02
   3.7159923e-02
   1.1314345e-02
   2.4085527e-02
   1.6935136e-02
   4.2353440e-02
   7.7974638e-03
   2.7115081e-02
   1.0580203e-02
   4.1748468e-02
   5.0556078e-03
   3.1820063e-02
   3.3540528e-02
   3.8109038e-02
   6.8653487e-03
   3.4514144e-02
   3.3976167e-02
   4.7422878e-02
   1.2589881e-02
   3.9298318e-02
   3.7919763e-02
   6.8187915e-02
   8.3725164e-03
   4.9578708e-02
   1.4881433e-02
   6.0277518e-02
   4.6448801e-03
   5.0524026e-02
   4.1800950e-02
   6.1233204e-02
   8.8961385e-03
   3.5914734e-02
   2.9159006e-02
   3.6784433e-02
   1.0005960e-02
   4.6649482e-02
   2.6806621e-02
   5.6817196e-02
   6.9873426e-03
   6.1644591e-02
   1.3872671e-02
   5.1490448e-02
   4.6761162e-03
   7.8481629e-02
   3.8996644e-02
   4.3742809e-02
   7.6457304e-03
   8.3264358e-02
   2.7098134e-02
   3.3502761e-02
   9.9980058e-03
   1.2312628e-01
   2.6786191e-02
   4.9507875e-02
   6.4833146e-03
   1.6659762e-01
   2.0708783e-02
   5.2309424e-02
   4.8386408e-03
   2.2403714e-01
   3.9832972e-02
   3.1989846e-02
   7.3833098e-03
   2.0396905e-01
   4.4370845e-02
   5.1749237e-02
   1.6441166e-02
   2.6942691e-01
   4.9180828e-02
   4.7197688e-02
   1.0068118e-02
   2.8848022e-01
   5.5039991e-02
   4.7261115e-02
   7.5945258e-03
   2.7680966e-01
   7.5589977e-02
   4.1834716e-02
   1.1985889e-02
   1.3662151e-01
   5.5006579e-02
   8.9799628e-02
   5.8576278e-02
   1.2873940e-01
   5.3431809e-02
   7.0890374e-02
   1.8714661e-02
   1.1428782e-01
   4.4181935e-02
   7.1470648e-02
   1.1656477e-02
   9.6377134e-02
   8.8188834e-02
   5.9350796e-02
   1.5215583e-02
   5.3367626e-02
   4.8004098e-02
   8.2390249e-02
   5.2520521e-02
   5.4544035e-02
   4.5699455e-02
   7.2305746e-02
   1.4970460e-02
   5.6904800e-02
   1.7536024e-02
   5.4703444e-02
   8.0575245e-03
   6.5167733e-02
   5.6061197e-02
   4.4865314e-02
   9.1590108e-03
   3.6588822e-02
   2.6866831e-02
   4.7039747e-02
   1.5239848e-02
   3.7676279e-02
   3.0565964e-02
   5.4923292e-02
   9.7006848e-03
   5.0923094e-02
   1.6435606e-02
   4.3185372e-02
   5.0134384e-03
   6.7466497e-02
   4.0548470e-02
   3.2980129e-02
   6.5055820e-03
   2.6917228e-02
   2.4272289e-02
   4.5489777e-02
   9.9583948e-03
   3.9146502e-02
   2.6545964e-02
   5.6635424e-02
   8.2916655e-03
   4.2810623e-02
   1.4376307e-02
   5.5012379e-02
   3.5825393e-03
   5.0961073e-02
   4.5011964e-02
   5.1094074e-02
   6.8397252e-03
   4.4542924e-02
   3.5788402e-02
   5.7023194e-02
   1.5117717e-02
   5.6230877e-02
   4.9374238e-02
   8.5731000e-02
   1.4918118e-02
   6.9827437e-02
   1.8154517e-02
   8.6159132e-02
   8.0584725e-03
   4.9736995e-02
   4.1025806e-02
   8.1954412e-02
   1.0770258e-02
   4.9169257e-02
   3.1629056e-02
   4.9787119e-02
   1.4005391e-02
   5.2059650e-02
   3.5134386e-02
   6.9314219e-02
   1.1183356e-02
   6.4314730e-02
   1.3836511e-02
   6.2949464e-02
   5.6334138e-03
   9.4620600e-02
   4.3190297e-02
   5.7633348e-02
   1.1229215e-02
   5.5973969e-02
   3.8320158e-02
   4.4718340e-02
   1.2447135e-02
   7.7713065e-02
   4.1745909e-02
   6.7013048e-02
   8.0774203e-03
   1.0479055e-01
   2.4022942e-02
   5.8474630e-02
   5.8890218e-03
   1.9082591e-01
   3.0980460e-02
   3.9083831e-02
   1.1403910e-02
   9.0572782e-02
   6.3675039e-02
   5.2784141e-02
   2.7790308e-02
   1.0023781e-01
   7.8527413e-02
   6.7412131e-02
   1.5260843e-02
   1.1402682e-01
   8.1958048e-02
   7.1219057e-02
   1.0080401e-02
   1.7687677e-01
   6.7683622e-02
   4.9268190e-02
   1.4245913e-02
   8.2610942e-02
   8.4097028e-02
   1.1090023e-01
   7.9937473e-02
   5.0796606e-02
   8.0931336e-02
   1.0562537e-01
   3.3161215e-02
   6.0588658e-02
   6.5767176e-02
   1.1214633e-01
   2.0771638e-02
   6.8576746e-02
   1.1302759e-01
   7.6299816e-02
   2.3443410e-02
   4.3881752e-02
   6.7934260e-02
   1.0987061e-01
   6.8066105e-02
   6.8818048e-02
   7.2110020e-02
   1.0432620e-01
   2.5574150e-02
   6.1116830e-02
   2.0945070e-02
   6.9228798e-02
   1.2992664e-02
   7.8518800e-02
   5.9425596e-02
   5.0973143e-02
   1.4471674e-02
   4.9076799e-02
   3.8967032e-02
   7.6139212e-02
   1.9542526e-02
   5.0301924e-02
   4.6803214e-02
   6.0216643e-02
   1.6132286e-02
   5.4199435e-02
   1.0919042e-02
   4.6759237e-02
   5.9263986e-03
   7.5931117e-02
   3.5101891e-02
   4.8613060e-02
   1.1262799e-02
   3.1970464e-02
   3.3685774e-02
   6.4764619e-02
   1.1648761e-02
   4.9285162e-02
   3.7711643e-02
   7.0850067e-02
   1.3559017e-02
   7.1568795e-02
   1.3910415e-02
   6.5211877e-02
   4.6523646e-03
   6.8663485e-02
   4.4912376e-02
   6.0005836e-02
   1.1686928e-02
