   2.1981297e-02
   4.5552678e-02
   4.9315587e-02
   3.6345925e-02
   3.8357433e-02
   7.4567221e-02
   7.5196892e-02
   5.6814060e-02
   1.2875992e-02
   2.1768844e-02
   4.1620534e-02
   2.4174200e-02
   4.5923982e-02
   5.4114036e-02
   6.3826144e-02
   5.2258339e-02
   1.5989264e-02
   2.3087241e-02
   2.8893426e-02
   1.7645454e-02
   2.3088118e-02
   3.9606474e-02
   4.0803250e-02
   2.9555932e-02
   1.0864866e-02
   1.4094051e-02
   3.2021977e-02
   1.4036030e-02
   2.7059777e-02
   2.9108245e-02
   3.9862424e-02
   2.8434753e-02
   1.2916478e-02
   1.0258682e-02
   1.8454568e-02
   7.9228412e-03
   1.3875837e-02
   1.7641028e-02
   2.1544641e-02
   1.4944158e-02
   1.1047981e-02
   9.6776709e-03
   2.7612757e-02
   6.8192738e-03
   1.6714633e-02
   1.2848436e-02
   2.4758825e-02
   1.3098395e-02
   2.4040535e-02
   1.9086774e-02
   2.8178003e-02
   1.2208913e-02
   2.3390364e-02
   1.9546056e-02
   2.7780943e-02
   1.6566360e-02
   2.6348954e-02
   1.7196286e-02
   3.6902830e-02
   9.5102945e-03
   2.4360057e-02
   1.5686821e-02
   2.6330777e-02
   1.2407163e-02
   5.0713066e-02
   3.8081925e-02
   4.8461534e-02
   2.1285594e-02
   4.6700228e-02
   2.7963806e-02
   4.4230290e-02
   2.0258065e-02
   6.2381960e-02
   3.1707417e-02
   5.8802083e-02
   1.7256569e-02
   4.2264931e-02
   2.2500515e-02
   2.8637288e-02
   1.4393002e-02
   2.6322573e-02
   2.0046370e-02
   2.9715264e-02
   1.3949432e-02
   2.6893610e-02
   1.9890692e-02
   2.8416436e-02
   1.6604979e-02
   3.0788133e-02
   1.8347269e-02
   3.6946576e-02
   9.6122185e-03
   2.8328145e-02
   1.6485527e-02
   2.4698293e-02
   1.3435993e-02
   1.2702110e-02
   9.4519872e-03
   1.8016094e-02
   1.0914963e-02
   1.4128583e-02
   1.5988201e-02
   2.1639787e-02
   1.5683845e-02
   1.0692501e-02
   9.4541488e-03
   2.5570218e-02
   6.2216781e-03
   1.7540790e-02
   1.2432393e-02
   2.3008017e-02
   1.3693663e-02
   1.5679879e-02
   2.1469332e-02
   2.7842820e-02
   1.9373780e-02
   2.2254331e-02
   3.6136098e-02
   3.8705990e-02
   2.9874923e-02
   1.0683645e-02
   1.4058900e-02
   3.2101266e-02
   1.1673170e-02
   2.6117150e-02
   2.6061961e-02
   3.5367947e-02
   2.5558803e-02
   2.1783270e-02
   4.3549173e-02
   5.8403015e-02
   3.6938488e-02
   5.0784864e-02
   9.1484085e-02
   8.5468508e-02
   6.8319038e-02
   9.6960720e-03
   2.2181464e-02
   3.9836794e-02
   2.6662707e-02
   5.8272667e-02
   7.4724503e-02
   8.1567302e-02
   7.1095735e-02
   1.4824767e-02
   2.3010163e-02
   3.4503382e-02
   1.7372906e-02
   2.9818926e-02
   4.7798462e-02
   4.4594221e-02
   3.4616381e-02
   7.6755038e-03
   1.4836014e-02
   2.9305998e-02
   1.5511916e-02
   3.4017444e-02
   3.7522197e-02
   4.6612665e-02
   3.6210708e-02
   1.2954723e-02
   1.0470307e-02
   1.9636702e-02
   6.9557293e-03
   1.4379474e-02
   1.8823197e-02
   2.1414597e-02
   1.4462646e-02
   9.1133267e-03
   9.7944122e-03
   2.4823800e-02
   6.9904369e-03
   1.7652605e-02
   1.2179255e-02
   2.2725046e-02
   1.1108869e-02
   3.5074297e-02
   1.9872338e-02
   3.0751841e-02
   1.2751958e-02
   3.1468626e-02
   1.8618958e-02
   3.0665690e-02
   1.6488729e-02
   3.5861943e-02
   1.8370563e-02
   3.8314946e-02
   1.0471735e-02
   2.8859274e-02
   1.4756533e-02
   2.5469875e-02
   9.1939066e-03
   8.3380610e-02
   3.7021246e-02
   4.9757272e-02
   2.4661850e-02
   6.9653273e-02
   2.7352635e-02
   5.2487679e-02
   2.2417951e-02
   9.6951850e-02
   3.3071168e-02
   6.8726704e-02
   2.1539373e-02
   5.8179412e-02
   2.2410560e-02
   2.8070761e-02
   1.2448560e-02
   4.0867336e-02
   1.9800039e-02
   3.0801140e-02
   1.5017647e-02
   3.6380447e-02
   1.9788729e-02
   3.0767504e-02
   1.5725093e-02
   4.4990640e-02
   1.8764295e-02
   3.6670733e-02
   1.1612744e-02
   3.4856182e-02
   1.5884515e-02
   2.1027364e-02
   9.5967352e-03
   1.2314900e-02
   9.6253855e-03
   2.0286100e-02
   1.2970933e-02
   1.6089538e-02
   1.5835572e-02
   2.1423606e-02
   1.6185282e-02
   1.0536863e-02
   1.0120486e-02
   2.1722415e-02
   6.4253551e-03
   1.8200461e-02
   1.1716547e-02
   1.9123543e-02
   1.0704137e-02
   1.4732570e-02
   2.1165019e-02
   3.2201495e-02
   2.0999167e-02
   2.7886009e-02
   4.0154792e-02
   4.2185809e-02
   3.3264443e-02
   8.6941449e-03
   1.3912492e-02
   2.8596109e-02
   1.2031423e-02
   2.8326016e-02
   3.0607466e-02
   3.5172593e-02
   2.8466977e-02
   2.8492959e-02
   6.4179145e-02
   9.3017258e-02
   7.1377650e-02
   8.0421433e-02
   1.3233501e-01
   1.3065265e-01
   1.1564180e-01
   9.4548389e-03
   2.8557800e-02
   5.3677026e-02
   4.1041169e-02
   9.7311147e-02
   1.4309177e-01
   1.4422005e-01
   1.3352439e-01
   2.1856578e-02
   3.2985281e-02
   5.4790657e-02
   3.1346422e-02
   4.8722271e-02
   6.3201852e-02
   6.1379839e-02
   5.4127097e-02
   8.1449468e-03
   1.9280862e-02
   3.7367832e-02
   2.3091095e-02
   5.3560562e-02
   6.5965429e-02
   7.4755684e-02
   6.3169502e-02
   1.9449653e-02
   1.3478504e-02
   2.7362702e-02
   8.4175626e-03
   2.2278422e-02
   2.5181668e-02
   2.6715208e-02
   1.8991541e-02
   1.0430785e-02
   1.1813853e-02
   3.0084025e-02
   9.3078166e-03
   2.4499400e-02
   1.3429451e-02
   2.6743228e-02
   1.2576245e-02
   6.0397860e-02
   2.3037018e-02
   3.9024018e-02
   1.6889334e-02
   5.1656399e-02
   2.2054046e-02
   4.0261712e-02
   1.9305827e-02
   6.4153872e-02
   1.8597396e-02
   5.3414829e-02
   1.5500874e-02
   5.2422378e-02
   1.7800326e-02
   2.7434615e-02
   9.6665481e-03
   1.4807568e-01
   4.2441703e-02
   6.7252412e-02
   3.5765119e-02
   1.2103910e-01
   3.2067046e-02
   6.9834031e-02
   3.2658577e-02
   1.8091328e-01
   3.5222631e-02
   9.9934690e-02
   3.3093706e-02
   9.9509597e-02
   2.4255440e-02
   3.3464655e-02
   1.3234406e-02
   7.2419509e-02
   2.4479903e-02
   4.0314175e-02
   1.9444160e-02
   6.1168768e-02
   2.1853374e-02
   4.0412415e-02
   2.0567533e-02
   8.3172061e-02
   1.9575555e-02
   5.1742382e-02
   1.8614121e-02
   5.9536859e-02
   1.5871985e-02
   2.7082952e-02
   9.9625448e-03
   1.8848853e-02
   1.2051103e-02
   2.5424456e-02
   1.2805343e-02
   2.4381746e-02
   1.9091416e-02
   2.7583122e-02
   1.9928569e-02
   1.1569621e-02
   1.2658028e-02
   2.3611372e-02
   8.9270324e-03
   2.4669047e-02
   1.2338824e-02
   2.2081824e-02
   1.1530365e-02
   2.1733837e-02
   2.9591309e-02
   4.8064977e-02
   3.3180144e-02
   4.5264177e-02
   5.4609764e-02
   6.0407262e-02
   4.7767095e-02
   8.6182067e-03
   1.7903540e-02
   3.5398781e-02
   1.6805600e-02
   4.4576898e-02
   5.0359629e-02
   5.2999124e-02
   4.5111790e-02
   4.8876889e-02
   9.9037953e-02
   1.2780762e-01
   1.0446703e-01
   1.4671797e-01
   2.2944929e-01
   2.2279872e-01
   2.2380033e-01
   1.6238857e-02
   5.1710110e-02
   8.4464207e-02
   6.5408371e-02
   1.5420555e-01
   2.3190218e-01
   2.2009109e-01
   1.6980192e-01
   3.6100216e-02
   4.8277125e-02
   6.6073731e-02
   4.3824680e-02
   9.1953434e-02
   1.0048981e-01
   9.9750720e-02
   9.5572680e-02
   1.2937143e-02
   2.6769588e-02
   5.3521328e-02
   3.2566275e-02
   8.7048173e-02
   1.0516763e-01
   1.0791472e-01
   7.3790833e-02
   3.1423576e-02
   1.4553536e-02
   2.8064378e-02
   1.0659828e-02
   4.1352097e-02
   2.2770207e-02
   3.3722069e-02
   2.2493916e-02
   1.1872305e-02
   1.2438365e-02
   4.0511653e-02
   1.1642266e-02
   4.2387951e-02
   1.3605174e-02
   3.2461956e-02
   1.1226944e-02
   7.5133041e-02
   3.0140644e-02
   5.8456574e-02
   2.1908298e-02
   7.0563920e-02
   2.8503116e-02
   6.9106214e-02
   2.6538745e-02
   8.6541571e-02
   2.3179656e-02
   7.9138808e-02
   2.1197848e-02
   8.1200384e-02
   1.8729754e-02
   3.8907222e-02
   1.2026272e-02
   1.9523236e-01
   5.9945717e-02
   9.9643998e-02
   4.5929212e-02
   1.6138549e-01
   4.8994649e-02
   1.2435946e-01
   4.6625055e-02
   2.4324326e-01
   4.6785258e-02
   1.3757834e-01
   4.2618677e-02
   1.4130449e-01
   3.0152604e-02
   4.3962989e-02
   1.7907064e-02
   9.7413778e-02
   3.0547330e-02
   5.8335532e-02
   2.5829975e-02
   7.7799432e-02
   2.8210538e-02
   6.9622852e-02
   2.9925302e-02
   1.1644750e-01
   2.8613495e-02
   8.0291100e-02
   2.7773472e-02
   8.1802100e-02
   1.8412823e-02
   3.9696120e-02
   1.5055035e-02
   3.4519684e-02
   1.2270859e-02
   3.3041868e-02
   1.2434667e-02
   4.1555703e-02
   1.8939625e-02
   3.9396342e-02
   2.1877667e-02
   1.4756110e-02
   1.0285571e-02
   3.1788182e-02
   1.3098704e-02
   4.1819502e-02
   1.2695198e-02
   3.1194692e-02
   1.2728985e-02
   3.6449626e-02
   4.2309146e-02
   6.0853418e-02
   4.3519799e-02
   8.2419865e-02
   8.7596893e-02
   9.3558937e-02
   8.3949484e-02
   1.2197427e-02
   2.0327136e-02
   5.0596766e-02
   2.5614098e-02
   7.3001593e-02
   8.1295125e-02
   7.8425929e-02
   6.1000314e-02
