   6.0454980e-02
   8.1583902e-02
   8.4209025e-02
   9.5547726e-03
   5.8813825e-02
   7.4068263e-02
   6.8673499e-02
   6.5904846e-03
   7.7512465e-02
   9.7860247e-02
   9.0114325e-02
   4.9745431e-03
   7.3343255e-02
   7.7364311e-02
   9.5455162e-02
   1.0340673e-02
   4.3410290e-02
   3.2487240e-02
   3.9487794e-02
   7.3792902e-03
   4.5125399e-02
   2.9245773e-02
   2.9871382e-02
   4.9546049e-03
   3.6698427e-02
   3.7395004e-02
   3.8560040e-02
   3.6942952e-03
   3.3364121e-02
   3.2028757e-02
   4.3531582e-02
   6.9703595e-03
   3.4890637e-02
   9.3537327e-03
   1.6553544e-02
   6.4878315e-03
   2.2355713e-02
   7.7698221e-03
   1.0973606e-02
   4.4128452e-03
   1.8823607e-02
   6.0239322e-03
   9.8709585e-03
   3.3973933e-03
   1.2883328e-02
   6.4911041e-03
   1.2467359e-02
   9.2125423e-03
   2.4154635e-02
   9.2931530e-03
   2.1147212e-02
   7.8580650e-03
   2.1162884e-02
   7.3348554e-03
   1.5847543e-02
   6.0779680e-03
   2.1249395e-02
   5.8678342e-03
   1.3420200e-02
   5.2465224e-03
   1.3910136e-02
   5.8943527e-03
   1.9839270e-02
   1.1914702e-02
   2.5207909e-02
   1.0653811e-02
   3.0591488e-02
   1.0645858e-02
   2.7587246e-02
   7.3992517e-03
   2.3162540e-02
   9.4276611e-03
   2.6297173e-02
   5.9156585e-03
   1.8812990e-02
   8.7658251e-03
   1.7496029e-02
   9.3672490e-03
   2.4581350e-02
   1.0259933e-02
   2.1264559e-02
   9.4025247e-03
   2.1666516e-02
   8.7774703e-03
   2.1296483e-02
   7.7175130e-03
   1.5461618e-02
   6.1463024e-03
   2.1975681e-02
   5.3992718e-03
   1.1543218e-02
   5.1166629e-03
   2.1617917e-02
   1.2667377e-02
   1.4346541e-02
   6.8509243e-03
   1.9886011e-02
   9.3800211e-03
   1.8749472e-02
   7.6510287e-03
   1.8008210e-02
   7.9203732e-03
   1.2043587e-02
   4.8365612e-03
   2.1418035e-02
   6.1828219e-03
   9.8087406e-03
   3.3472662e-03
   3.3403881e-02
   8.0657508e-03
   1.2027664e-02
   4.9280454e-03
   3.3921439e-02
   3.6467470e-02
   4.6450030e-02
   7.7378638e-03
   2.9741039e-02
   3.0719407e-02
   3.3874065e-02
   5.3153173e-03
   4.9124304e-02
   3.8409069e-02
   3.7966691e-02
   3.6324067e-03
   4.6472773e-02
   2.9817285e-02
   3.9872229e-02
   6.3860049e-03
   8.2209632e-02
   1.1815795e-01
   1.0966011e-01
   1.1536098e-02
   9.4253905e-02
   1.1216772e-01
   1.0346541e-01
   8.8823382e-03
   1.0777760e-01
   1.3843034e-01
   1.2128551e-01
   6.6516544e-03
   1.0297026e-01
   1.1667676e-01
   1.3491265e-01
   1.6112456e-02
   6.0860995e-02
   4.5723096e-02
   5.2566200e-02
   6.6917753e-03
   6.9129810e-02
   4.3060157e-02
   4.4394970e-02
   5.0982214e-03
   4.6842892e-02
   5.1997628e-02
   5.2638225e-02
   4.1654059e-03
   4.7433071e-02
   4.7434054e-02
   6.0920659e-02
   1.0808851e-02
   5.0719880e-02
   9.8335771e-03
   2.4171181e-02
   4.9614562e-03
   3.0781778e-02
   8.5357614e-03
   1.7623445e-02
   3.9081210e-03
   1.9680070e-02
   5.5840528e-03
   1.4959561e-02
   3.2183919e-03
   1.6264221e-02
   7.7618710e-03
   1.7051242e-02
   1.7122664e-02
   3.1280115e-02
   8.1278924e-03
   3.3615865e-02
   6.9250329e-03
   2.8003536e-02
   7.4274968e-03
   2.6965698e-02
   6.0058925e-03
   2.5069285e-02
   4.5645488e-03
   2.0485470e-02
   5.8764005e-03
   1.7687222e-02
   7.6135253e-03
   3.1226140e-02
   2.1797679e-02
   2.7480548e-02
   1.0880857e-02
   4.8825536e-02
   1.0701249e-02
   3.7216891e-02
   6.9946228e-03
   4.1233845e-02
   1.0222880e-02
   3.6276612e-02
   4.8517706e-03
   3.2539967e-02
   1.0123949e-02
   2.2138778e-02
   1.4896347e-02
   3.8309388e-02
   1.5942568e-02
   2.0886404e-02
   9.0927240e-03
   3.3315673e-02
   7.0651579e-03
   2.6024498e-02
   7.6703117e-03
   2.3625124e-02
   5.8959168e-03
   2.8585574e-02
   4.8262519e-03
   1.7291747e-02
   5.5193482e-03
   2.9682176e-02
   2.1090623e-02
   1.9660193e-02
   1.0229279e-02
   1.8920502e-02
   1.0100704e-02
   2.7100693e-02
   6.6867620e-03
   2.1055384e-02
   8.4254313e-03
   1.8649817e-02
   4.4223499e-03
   2.9824598e-02
   6.0473033e-03
   1.4707028e-02
   3.2290132e-03
   4.3411799e-02
   1.0906563e-02
   1.7134639e-02
   7.5548585e-03
   4.3232929e-02
   5.3724900e-02
   6.3264124e-02
   7.5407536e-03
   4.4882353e-02
   4.5910303e-02
   5.2386720e-02
   5.4419609e-03
   6.9969915e-02
   5.3972874e-02
   5.2746180e-02
   4.2421995e-03
   6.2898219e-02
   4.4096872e-02
   5.5375990e-02
   9.3122963e-03
   1.5090021e-01
   2.1900027e-01
   1.8347201e-01
   2.1633007e-02
   1.8400136e-01
   2.6086488e-01
   2.2337198e-01
   1.7913392e-02
   1.9399777e-01
   2.4464707e-01
   2.0497802e-01
   1.3865598e-02
   1.5104383e-01
   1.6711402e-01
   1.7794427e-01
   2.7999856e-02
   1.1012972e-01
   8.3040565e-02
   8.2155555e-02
   1.0829560e-02
   1.3125359e-01
   9.6154712e-02
   8.6403042e-02
   8.7631876e-03
   8.5273720e-02
   9.1152266e-02
   8.6149029e-02
   7.0078890e-03
   7.0333064e-02
   6.6546373e-02
   8.0625556e-02
   1.6139736e-02
   1.0245384e-01
   1.4835920e-02
   4.3591350e-02
   7.0658382e-03
   6.1047237e-02
   9.4252890e-03
   2.8249174e-02
   5.6123058e-03
   2.7567107e-02
   6.1206501e-03
   1.8031048e-02
   5.2472707e-03
   2.4071570e-02
   9.5431972e-03
   2.5050383e-02
   2.7415087e-02
   5.4170400e-02
   1.1515805e-02
   4.6042193e-02
   1.0546765e-02
   3.9816961e-02
   6.4419731e-03
   3.6404401e-02
   1.0428461e-02
   3.2947168e-02
   4.2381771e-03
   2.6184222e-02
   1.0156655e-02
   2.9086314e-02
   1.0301277e-02
   4.4850092e-02
   3.7176836e-02
   3.8005468e-02
   1.5193254e-02
   7.8803323e-02
   2.0745736e-02
   5.1369134e-02
   6.4245104e-03
   7.3219657e-02
   2.2279462e-02
   5.4548983e-02
   4.8347809e-03
   6.0151394e-02
   2.1293905e-02
   3.6319409e-02
   2.0699235e-02
   5.8764879e-02
   2.8688215e-02
   2.9185053e-02
   1.2716174e-02
   4.6268292e-02
   1.0539516e-02
   3.6249090e-02
   7.0936857e-03
   3.6394693e-02
   1.0073649e-02
   4.0492944e-02
   4.9009020e-03
   2.5789697e-02
   9.1225728e-03
   4.5865923e-02
   3.0288529e-02
   2.8688701e-02
   1.7195096e-02
   3.4624174e-02
   1.4504026e-02
   4.9082208e-02
   9.8353541e-03
   4.0300000e-02
   1.0389502e-02
   3.6308780e-02
   7.6580578e-03
   5.3291988e-02
   6.4671300e-03
   2.5711350e-02
   5.3824815e-03
   6.7263603e-02
   1.5009716e-02
   2.1856861e-02
   1.4042299e-02
   8.7234706e-02
   9.9326961e-02
   1.0383353e-01
   1.1627897e-02
   9.4785385e-02
   1.0300917e-01
   1.1611187e-01
   8.4697139e-03
   1.2151852e-01
   9.4765916e-02
   9.7152479e-02
   7.2421972e-03
   9.1132984e-02
   6.2790744e-02
   7.3329531e-02
   1.6061315e-02
   2.9940689e-01
   4.0463269e-01
   3.4402311e-01
   4.7535069e-02
   2.9477558e-01
   4.5499167e-01
   3.9520323e-01
   3.3207335e-02
   2.9990986e-01
   4.2974457e-01
   3.8420281e-01
   2.8772958e-02
   2.9964355e-01
   3.5185999e-01
   2.9662842e-01
   5.5007070e-02
   1.9089790e-01
   1.4525729e-01
   1.3747047e-01
   2.0750105e-02
   2.0604360e-01
   1.6604809e-01
   1.4065669e-01
   1.5010398e-02
   1.3699123e-01
   1.6004474e-01
   1.5201509e-01
   1.2291118e-02
   1.2328707e-01
   1.3751999e-01
   1.2767588e-01
   2.7952544e-02
   1.2904207e-01
   2.5340430e-02
   4.1825704e-02
   9.5982561e-03
   7.4924566e-02
   1.1714182e-02
   2.0339940e-02
   5.9277010e-03
   3.6752481e-02
   8.9661619e-03
   1.2978529e-02
   4.3100063e-03
   2.5947629e-02
   1.2993896e-02
   2.2997214e-02
   3.1869944e-02
   5.6534965e-02
   2.0163892e-02
   4.6959370e-02
   2.2279721e-02
   4.3460220e-02
   7.7597727e-03
   3.6910463e-02
   2.0800943e-02
   3.9318807e-02
   4.6351906e-03
   3.0215465e-02
   2.1837259e-02
   3.6090720e-02
   1.4202077e-02
   5.0315801e-02
   5.2419506e-02
   6.1741982e-02
   2.2486668e-02
   9.3207337e-02
   5.0812252e-02
   6.9172993e-02
   5.2433768e-03
   8.7881155e-02
   4.9806159e-02
   6.1480198e-02
   5.2562682e-03
   7.8018337e-02
   5.1653124e-02
   4.6395160e-02
   2.7479244e-02
   6.8271868e-02
   4.9454372e-02
   3.4226540e-02
   2.0655215e-02
   4.3063041e-02
   2.1463038e-02
   3.9981462e-02
   6.6272249e-03
   3.6469769e-02
   1.8717695e-02
   4.2717971e-02
   4.3994514e-03
   3.0237919e-02
   2.0502441e-02
   5.4573022e-02
   3.6875438e-02
   3.2726325e-02
   3.1733610e-02
   4.6194345e-02
   2.4586197e-02
   5.2510198e-02
   1.4636607e-02
   4.3274682e-02
   1.2955823e-02
   3.3026002e-02
   9.4653321e-03
   6.2503867e-02
   9.6326321e-03
   2.5111834e-02
   7.6216268e-03
   7.7663735e-02
   2.0181032e-02
   2.4807215e-02
   1.6535066e-02
   1.7017387e-01
   1.7617305e-01
   1.8489701e-01
   2.2088856e-02
   1.5023080e-01
   1.7966267e-01
   1.9841467e-01
   1.5219421e-02
   1.3769254e-01
   1.6611572e-01
   1.7504533e-01
   1.4559681e-02
   1.5603344e-01
   1.3204142e-01
   1.2571838e-01
   2.4228910e-02
