   3.1336270e-02
   7.6114491e-02
   6.3206494e-02
   1.2709488e-02
   5.7313066e-02
   1.2168517e-01
   7.3011294e-02
   1.1294209e-02
   9.0132818e-02
   9.6161924e-02
   6.4505957e-02
   1.1823270e-02
   3.7066896e-02
   1.7579583e-02
   5.7440460e-02
   8.3571456e-02
   5.9343301e-02
   5.2190274e-02
   3.1421598e-02
   1.0782946e-02
   9.0850547e-02
   1.1827530e-01
   4.7221232e-02
   1.0763629e-02
   4.7861733e-02
   6.6228367e-02
   5.7666004e-02
   1.1994440e-02
   2.7001247e-02
   1.5007474e-02
   6.0093779e-02
   8.3283976e-02
   1.2001660e-01
   9.8424189e-02
   1.2159036e-02
   9.7254757e-03
   5.8060620e-02
   1.1358009e-01
   2.7060015e-02
   1.1337124e-02
   3.6130443e-02
   5.5757515e-02
   5.4147452e-02
   1.1008143e-02
   2.4057070e-02
   1.5835743e-02
   5.5849131e-02
   7.5970590e-02
   8.1445716e-02
   1.6351990e-01
   1.7469255e-02
   1.0916864e-02
   3.5992108e-02
   9.0693891e-02
   3.3437360e-02
   1.2685533e-02
   3.8796481e-02
   6.7758046e-02
   6.4746484e-02
   1.1483886e-02
   2.6156681e-02
   1.7656179e-02
   5.5488408e-02
   7.1499944e-02
   4.1124504e-02
   7.8666337e-02
   3.4783222e-02
   1.3714197e-02
   4.0019620e-02
   7.4508704e-02
   4.3458406e-02
   1.5313845e-02
   4.7461834e-02
   8.6709686e-02
   7.7254184e-02
   1.3660847e-02
   3.0934254e-02
   2.3453187e-02
   5.4559004e-02
   6.8275698e-02
   3.1034028e-02
   3.4905069e-02
   2.2402940e-02
   1.5056619e-02
   3.4953810e-02
   5.9926681e-02
   3.3770584e-02
   1.3218687e-02
   4.0175829e-02
   7.8351557e-02
   6.1822243e-02
   1.2034819e-02
   4.0742878e-02
   4.0604882e-02
   5.5244651e-02
   6.9703706e-02
   2.8329512e-02
   3.2377020e-02
   1.2740441e-02
   1.7838068e-02
   3.4064408e-02
   4.7899678e-02
   2.7064027e-02
   1.2673619e-02
   4.6733879e-02
   8.5640661e-02
   5.3616226e-02
   1.1070617e-02
   8.7253988e-02
   5.3558215e-02
   5.5492140e-02
   6.9851227e-02
   2.9447626e-02
   4.7953755e-02
   2.9026343e-02
   1.2729550e-02
   3.6398664e-02
   7.1725681e-02
   4.0849857e-02
   1.2628761e-02
   8.9094974e-02
   1.0442010e-01
   5.6492925e-02
   1.1082795e-02
   6.9944799e-02
   2.8929418e-02
   5.5741653e-02
   7.4134365e-02
   3.6047783e-02
   8.9444697e-02
   8.2788482e-02
   1.3343924e-02
   8.8543445e-02
   1.3041799e-01
   8.0358647e-02
   8.2208095e-03
   1.2977906e-01
   1.0495055e-01
   6.0290869e-02
   9.4065527e-03
   4.9072180e-02
   2.1015186e-02
   6.0166549e-02
   7.3572300e-02
   9.1097221e-02
   6.1496545e-02
   4.0307857e-02
   9.1643725e-03
   1.5083119e-01
   1.3944359e-01
   5.4847628e-02
   6.9915471e-03
   5.5680275e-02
   6.6888854e-02
   5.4324616e-02
   9.1929324e-03
   2.9476557e-02
   1.8580323e-02
   5.9590429e-02
   7.5330615e-02
   2.0594658e-01
   9.8228738e-02
   1.1890452e-02
   7.2137858e-03
   9.2215672e-02
   1.3200434e-01
   3.1565938e-02
   8.1102587e-03
   3.8686316e-02
   5.9490062e-02
   5.2249879e-02
   8.3322749e-03
   2.3356596e-02
   1.6960269e-02
   5.1788080e-02
   7.5793140e-02
   1.3195869e-01
   1.3311185e-01
   1.9482257e-02
   8.4412554e-03
   4.4526864e-02
   9.1220982e-02
   4.1691121e-02
   8.7554771e-03
   4.4686466e-02
   6.9675766e-02
   6.7063652e-02
   9.4295461e-03
   2.6377803e-02
   1.8629067e-02
   4.7365200e-02
   7.5386427e-02
   5.3564560e-02
   6.7849182e-02
   4.2466719e-02
   1.2812254e-02
   4.1907255e-02
   7.0442177e-02
   5.7864558e-02
   1.1499818e-02
   5.6356601e-02
   7.4401453e-02
   8.1377886e-02
   1.1487263e-02
   3.4204684e-02
   2.2996580e-02
   5.3488966e-02
   6.8723731e-02
   3.6812581e-02
   3.7375595e-02
   2.6073292e-02
   1.3373359e-02
   3.5562739e-02
   6.7640826e-02
   4.3285530e-02
   9.9587934e-03
   5.0331388e-02
   8.1637181e-02
   5.6554426e-02
   9.3436092e-03
   5.4553885e-02
   3.4690972e-02
   5.6204155e-02
   6.8984509e-02
   3.4649014e-02
   3.2564055e-02
   1.2724120e-02
   1.8758269e-02
   3.3254217e-02
   5.8587246e-02
   3.1601928e-02
   1.0027693e-02
   6.1749015e-02
   1.0508856e-01
   4.8382770e-02
   8.2183201e-03
   1.3300040e-01
   5.0228965e-02
   5.1044930e-02
   6.5646954e-02
   3.3531170e-02
   5.0627675e-02
   3.5971489e-02
   1.3922052e-02
   4.0281676e-02
   7.9154640e-02
   4.5993123e-02
   9.8488266e-03
   1.2640211e-01
   1.2582722e-01
   5.1967289e-02
   7.6993019e-03
   1.0495992e-01
   3.5346802e-02
   5.3338494e-02
   6.1606973e-02
   5.7050057e-02
   5.7791717e-02
   4.7897395e-02
   1.4144686e-02
   1.4744014e-01
   6.5237284e-02
   6.1883260e-02
   6.5456536e-03
   2.0525858e-01
   1.0734905e-01
   6.5199658e-02
   1.1192342e-02
   8.2045376e-02
   2.3874117e-02
   6.6918917e-02
   6.5264955e-02
   1.4890096e-01
   4.4267431e-02
   2.6149455e-02
   9.8932181e-03
   2.3797178e-01
   1.0479577e-01
   5.5122275e-02
   6.3836635e-03
   9.4547585e-02
   7.0492998e-02
   6.0712438e-02
   1.0323685e-02
   4.3063283e-02
   2.6503196e-02
   6.6020645e-02
   6.7950957e-02
   2.8547928e-01
   3.9709836e-02
   1.2698645e-02
   6.3310824e-03
   1.5233968e-01
   9.3130231e-02
   4.3189600e-02
   7.0230351e-03
   6.5392435e-02
   6.2307827e-02
   5.7440661e-02
   8.4344335e-03
   3.4427159e-02
   1.6406303e-02
   5.4603875e-02
   7.3251218e-02
   1.6249178e-01
   6.0108967e-02
   2.4981666e-02
   8.7047573e-03
   7.3033586e-02
   5.5102445e-02
   6.4289853e-02
   7.3374766e-03
   6.8165593e-02
   7.1181834e-02
   7.4595451e-02
   9.8635256e-03
   3.5902698e-02
   1.6574878e-02
   4.3562379e-02
   6.9886968e-02
   7.6523498e-02
   5.8829013e-02
   5.7588730e-02
   1.6386710e-02
   6.1801922e-02
   6.4882100e-02
   7.1453474e-02
   1.3404828e-02
   7.3893458e-02
   7.8603961e-02
   8.8229276e-02
   1.3721002e-02
   4.1112658e-02
   2.1375597e-02
   5.2766807e-02
   5.8079891e-02
   6.1012670e-02
   3.2296509e-02
   3.3776563e-02
   1.1048739e-02
   6.0307998e-02
   5.4824091e-02
   5.5011488e-02
   7.8532752e-03
   7.4758023e-02
   7.1796775e-02
   5.7184301e-02
   9.2777740e-03
   6.8878219e-02
   3.0161425e-02
   5.6132641e-02
   5.8590207e-02
   5.8289301e-02
   3.2676101e-02
   1.4523964e-02
   9.6080517e-03
   5.7234168e-02
   6.4348370e-02
   4.0312722e-02
   6.2254472e-03
   1.0543868e-01
   9.1450162e-02
   4.5137119e-02
   6.4064278e-03
   1.7968428e-01
   4.8812486e-02
   4.9722619e-02
   5.6939118e-02
   5.6703351e-02
   4.5030881e-02
   2.5880018e-02
   1.0503402e-02
   7.2254330e-02
   5.1269811e-02
   5.0310165e-02
   7.0707416e-03
   2.0732008e-01
   1.2028831e-01
   5.2522738e-02
   6.8480340e-03
   1.6661565e-01
   3.9490063e-02
   5.3344753e-02
   5.6378007e-02
   8.2294866e-02
   5.8889814e-02
   6.1004411e-02
   2.4614379e-02
   1.7757687e-01
   3.9366819e-02
   6.6712186e-02
   6.2549426e-03
   2.0734742e-01
   6.1011422e-02
   5.9411824e-02
   1.4610711e-02
   1.2420713e-01
   3.8714696e-02
   8.5518599e-02
   5.4306928e-02
   1.3621169e-01
   3.7319697e-02
   3.2261439e-02
   1.5173769e-02
   2.2069067e-01
   4.7634136e-02
   5.5298563e-02
   6.9299769e-03
   1.0566045e-01
   5.5815913e-02
   7.1696229e-02
   1.5496762e-02
   5.8653336e-02
   3.8755093e-02
   8.9110047e-02
   7.6503091e-02
   1.6135575e-01
   2.4658335e-02
   1.8886214e-02
   7.5393408e-03
   1.1584245e-01
   3.5031032e-02
   6.1535582e-02
   3.9082351e-03
   9.2925385e-02
   5.6920126e-02
   5.9409607e-02
   1.1249012e-02
   4.8862819e-02
   1.8603817e-02
   7.0321538e-02
   7.7890649e-02
   8.3865128e-02
   4.9571395e-02
   3.7922654e-02
   9.7068185e-03
   6.6253029e-02
   2.8711503e-02
   8.6226024e-02
   9.4052106e-03
   6.5230496e-02
   5.3307097e-02
   8.3107919e-02
   1.8082986e-02
   4.1868113e-02
   1.4021307e-02
   4.8655249e-02
   6.9152325e-02
   7.4077018e-02
   4.9768224e-02
   7.6826781e-02
   1.8159783e-02
   9.0356745e-02
   5.3857606e-02
   7.4181110e-02
   2.0077767e-02
   9.3598105e-02
   5.7661291e-02
   9.4085149e-02
   3.1374790e-02
   4.3782678e-02
   1.8521212e-02
   7.0419796e-02
   4.4272710e-02
   5.9755236e-02
   1.9693479e-02
   3.7442412e-02
   1.4784228e-02
   6.4026609e-02
   3.4478169e-02
   6.6066071e-02
   8.5600615e-03
   7.2856694e-02
   4.5363419e-02
   6.8214700e-02
   1.6685143e-02
   6.5777779e-02
   2.9664332e-02
   5.7970684e-02
   5.4133955e-02
   7.9771884e-02
   1.9329520e-02
   2.0004774e-02
   1.2470997e-02
   8.6674839e-02
   3.9304014e-02
   5.1848430e-02
   4.7305617e-03
   9.7185761e-02
   7.3947281e-02
   6.3553661e-02
   7.4617225e-03
   1.7038521e-01
   5.2995153e-02
   4.8330273e-02
   4.5732237e-02
   7.1279846e-02
   4.1067157e-02
   3.3961054e-02
   1.5747990e-02
   9.5019162e-02
   4.0580511e-02
   6.3611396e-02
   5.2993521e-03
   1.8884721e-01
   7.6622181e-02
   4.9996614e-02
   1.0386515e-02
   1.8798931e-01
   5.0136209e-02
   5.1817611e-02
   3.8439434e-02
