   3.3585731e-02
   3.7281081e-02
   3.4350414e-02
   4.2853199e-02
   8.0124279e-03
   1.4509597e-02
   1.0511754e-02
   3.3166505e-02
   2.9056680e-03
   4.0334840e-03
   5.1939012e-03
   2.7187416e-02
   5.7012169e-03
   6.9168941e-03
   6.2379749e-03
   3.2422077e-02
   2.5327897e-02
   2.8745009e-02
   2.6520910e-02
   4.0488765e-02
   5.0420933e-03
   9.1174170e-03
   8.6128432e-03
   3.1591456e-02
   2.7441022e-03
   3.9308406e-03
   5.0601722e-03
   2.6307564e-02
   5.1226742e-03
   6.4562843e-03
   5.8509069e-03
   3.1138748e-02
   2.3573913e-02
   2.5733093e-02
   2.5100073e-02
   4.0995754e-02
   4.1988804e-03
   7.3497347e-03
   8.1770234e-03
   3.1891331e-02
   2.7848931e-03
   4.0735654e-03
   5.5879862e-03
   2.6735578e-02
   4.9738986e-03
   6.4707790e-03
   6.2451498e-03
   3.2025360e-02
   2.4912637e-02
   2.7234437e-02
   2.9456032e-02
   4.5329656e-02
   4.7971755e-03
   8.4006200e-03
   1.1333873e-02
   3.5210840e-02
   3.8658865e-03
   4.5630867e-03
   9.6392734e-03
   2.9701246e-02
   5.9180143e-03
   7.2083236e-03
   8.6578261e-03
   3.7026409e-02
   2.8536875e-02
   3.4347370e-02
   3.2646552e-02
   4.7894884e-02
   6.5335375e-03
   1.1551889e-02
   1.2248641e-02
   3.8146656e-02
   6.0143382e-03
   4.8597348e-03
   1.0687945e-02
   3.2493960e-02
   8.0504343e-03
   7.8821974e-03
   9.2339450e-03
   4.0774096e-02
   3.0790027e-02
   3.2523166e-02
   2.7960034e-02
   4.4492375e-02
   5.3351149e-03
   1.1155782e-02
   8.8339699e-03
   3.4954570e-02
   3.9875833e-03
   4.6356083e-03
   6.3622794e-03
   2.9514786e-02
   6.2486180e-03
   7.5333356e-03
   6.9097010e-03
   3.5703391e-02
   2.6286937e-02
   2.6765335e-02
   2.5117274e-02
   4.0664226e-02
   4.6809488e-03
   8.8535016e-03
   7.9351114e-03
   3.1687427e-02
   2.8728053e-03
   4.1548600e-03
   5.2617132e-03
   2.6572131e-02
   5.2122362e-03
   6.7368150e-03
   5.9696897e-03
   3.1537544e-02
   2.6221428e-02
   3.0847805e-02
   2.7877368e-02
   4.0652104e-02
   5.8901827e-03
   1.0988552e-02
   9.0494333e-03
   3.1711195e-02
   2.8381785e-03
   3.9403518e-03
   5.0624725e-03
   2.6290530e-02
   5.1982142e-03
   6.5767923e-03
   5.8980812e-03
   3.1104643e-02
   4.1901909e-02
   5.3096898e-02
   4.7879200e-02
   4.3235078e-02
   8.9367647e-03
   2.0940423e-02
   1.1575794e-02
   3.1040939e-02
   2.5508681e-03
   3.6837081e-03
   4.7272127e-03
   2.4212198e-02
   5.3366385e-03
   6.3029011e-03
   5.6647616e-03
   2.8571339e-02
   2.7814435e-02
   3.5635158e-02
   3.1206354e-02
   4.0744312e-02
   5.4155882e-03
   1.2658265e-02
   9.2116911e-03
   2.9839562e-02
   2.5358952e-03
   3.8347552e-03
   4.8263827e-03
   2.4312520e-02
   4.8410096e-03
   6.0110353e-03
   5.4484387e-03
   2.8481342e-02
   2.4638802e-02
   2.9571930e-02
   2.7812276e-02
   4.1781411e-02
   4.4140010e-03
   9.5178755e-03
   8.7073781e-03
   3.0790379e-02
   2.7836449e-03
   4.2895116e-03
   5.7786317e-03
   2.5659706e-02
   4.8941849e-03
   6.3461405e-03
   6.1057229e-03
   3.0163798e-02
   2.5802661e-02
   3.0587768e-02
   3.4667470e-02
   4.5785476e-02
   5.0942530e-03
   1.0725779e-02
   1.2660440e-02
   3.3185661e-02
   3.9135958e-03
   4.8689796e-03
   1.1119101e-02
   2.7896799e-02
   5.7685138e-03
   7.1532102e-03
   8.9783221e-03
   3.4372438e-02
   3.0746395e-02
   4.3197878e-02
   3.9148215e-02
   4.5899034e-02
   7.2058905e-03
   1.5684407e-02
   1.3751943e-02
   3.4332465e-02
   6.1641186e-03
   5.2651381e-03
   1.2412524e-02
   2.9295996e-02
   7.9586804e-03
   8.0270804e-03
   9.6424762e-03
   3.6813859e-02
   3.6417853e-02
   4.0385704e-02
   3.0308209e-02
   4.3477159e-02
   6.6819210e-03
   1.5118170e-02
   9.2779566e-03
   3.2816585e-02
   4.0689036e-03
   4.9445452e-03
   6.7312503e-03
   2.7360952e-02
   6.2447372e-03
   7.7421963e-03
   6.9142873e-03
   3.2329634e-02
   2.9592654e-02
   3.2018058e-02
   2.7269704e-02
   4.1507371e-02
   5.3678257e-03
   1.2047494e-02
   8.2007349e-03
   3.0829486e-02
   2.8658777e-03
   4.3523107e-03
   5.3416905e-03
   2.5289103e-02
   5.1991022e-03
   6.8927179e-03
   5.9238016e-03
   2.9289017e-02
   2.9753106e-02
   4.2455986e-02
   3.4289431e-02
   4.1153841e-02
   6.4648776e-03
   1.5649024e-02
   9.5472923e-03
   3.0002739e-02
   2.6280645e-03
   3.8226589e-03
   4.7896053e-03
   2.4089439e-02
   5.0052265e-03
   6.3207527e-03
   5.5061174e-03
   2.8404862e-02
   5.1573038e-02
   7.9461001e-02
   6.4151898e-02
   3.9307430e-02
   1.0116215e-02
   2.3898529e-02
   1.1815186e-02
   2.6641872e-02
   2.4011440e-03
   3.6279187e-03
   4.5130360e-03
   1.9983137e-02
   4.7857850e-03
   5.8318884e-03
   5.1007089e-03
   2.2743642e-02
   2.8350668e-02
   4.3848306e-02
   3.6285542e-02
   3.5258729e-02
   5.7702675e-03
   1.4792888e-02
   8.9755189e-03
   2.5477478e-02
   2.4190969e-03
   3.7625334e-03
   4.7156299e-03
   2.0491417e-02
   4.2723464e-03
   5.5307909e-03
   4.7791167e-03
   2.2811616e-02
   2.1925710e-02
   3.2238770e-02
   2.9123051e-02
   3.5966020e-02
   4.4143884e-03
   1.1240779e-02
   8.5560558e-03
   2.6528409e-02
   2.6626633e-03
   4.2773667e-03
   5.5967737e-03
   2.1608215e-02
   4.3515274e-03
   5.7991119e-03
   5.4136170e-03
   2.4524661e-02
   2.2591745e-02
   3.0847920e-02
   3.6836389e-02
   4.0993415e-02
   5.0975503e-03
   1.2306242e-02
   1.3562920e-02
   2.7865808e-02
   3.7139237e-03
   4.6605910e-03
   1.1992431e-02
   2.3431765e-02
   5.1383800e-03
   6.3077076e-03
   8.7505160e-03
   2.8736686e-02
   2.5665425e-02
   4.6586666e-02
   4.1538298e-02
   3.8753632e-02
   6.8306210e-03
   1.7859334e-02
   1.4730453e-02
   2.8439056e-02
   6.0970229e-03
   4.9417526e-03
   1.3528514e-02
   2.4490260e-02
   7.4550300e-03
   6.8399459e-03
   9.2569608e-03
   3.0493235e-02
   3.0938894e-02
   4.1728642e-02
   2.9886594e-02
   3.6502808e-02
   5.3237178e-03
   1.6760100e-02
   8.9328159e-03
   2.7321156e-02
   3.9693443e-03
   4.6776049e-03
   6.4468267e-03
   2.2879837e-02
   5.7057203e-03
   6.7936690e-03
   6.1413134e-03
   2.5463099e-02
   2.8630611e-02
   3.5583422e-02
   2.6393624e-02
   3.5614230e-02
   5.2696653e-03
   1.3629509e-02
   8.1127658e-03
   2.6267638e-02
   2.7639868e-03
   4.2824131e-03
   5.0250529e-03
   2.1570144e-02
   4.6922122e-03
   6.2728734e-03
   5.3468519e-03
   2.3801023e-02
   3.1787708e-02
   5.9678975e-02
   4.0115893e-02
   3.6006261e-02
   7.0350193e-03
   1.7999370e-02
   9.7198281e-03
   2.5674377e-02
   2.5125670e-03
   3.7708823e-03
   4.5027644e-03
   2.0088838e-02
   4.3957746e-03
   5.8110110e-03
   5.0071497e-03
   2.2572983e-02
   6.2500268e-02
   1.1463025e-01
   9.6875072e-02
   3.1452101e-02
   1.3335640e-02
   2.9249785e-02
   1.3222145e-02
   2.1018945e-02
   1.9627837e-03
   3.2679799e-03
   3.6772273e-03
   1.4646158e-02
   4.0524052e-03
   4.9573574e-03
   4.0960223e-03
   1.5424896e-02
   3.0321451e-02
   6.2269628e-02
   5.0004598e-02
   2.6325038e-02
   6.6211349e-03
   1.7763374e-02
   8.4801819e-03
   1.9439066e-02
   1.8419336e-03
   3.3476998e-03
   3.7026342e-03
   1.4794544e-02
   3.2949951e-03
   4.2692227e-03
   3.6726431e-03
   1.5343416e-02
   2.0122912e-02
   4.1810200e-02
   3.3104260e-02
   2.7661845e-02
   3.9402209e-03
   1.2347061e-02
   7.7145998e-03
   1.9747021e-02
   1.9045059e-03
   3.5741006e-03
   4.5465794e-03
   1.5150844e-02
   3.1252028e-03
   4.2712423e-03
   4.2606769e-03
   1.6345970e-02
   1.9765656e-02
   3.5547007e-02
   4.0673181e-02
   3.2857195e-02
   4.7626239e-03
   1.3023272e-02
   1.4987576e-02
   1.9951470e-02
   3.1186794e-03
   3.8349140e-03
   1.3984834e-02
   1.6783247e-02
   4.0818299e-03
   4.6301563e-03
   9.0742502e-03
   2.1591207e-02
   2.3369156e-02
   6.4887114e-02
   4.8071746e-02
   2.8672822e-02
   6.8404782e-03
   2.1427641e-02
   1.6678110e-02
   2.0395020e-02
   5.8218837e-03
   3.9600832e-03
   1.5887782e-02
   1.7997405e-02
   6.7086844e-03
   4.9945503e-03
   9.6116904e-03
   2.4107963e-02
   3.2708701e-02
   5.2368216e-02
   2.9076241e-02
   2.5604602e-02
   5.7129725e-03
   1.9523848e-02
   8.2271574e-03
   1.9559886e-02
   3.4932490e-03
   3.6763242e-03
   5.4781404e-03
   1.6127009e-02
   4.6512894e-03
   5.0063389e-03
   4.6910886e-03
   1.7441897e-02
   2.9717656e-02
   4.3726813e-02
   2.6384506e-02
   2.5478857e-02
   5.9025213e-03
   1.3657044e-02
   6.9925077e-03
   1.8861441e-02
   2.1720186e-03
   3.4216086e-03
   3.7934526e-03
   1.5740989e-02
   3.5587132e-03
   4.6929168e-03
   3.8791371e-03
   1.5832148e-02
   3.4838364e-02
   8.4584087e-02
   5.3328563e-02
   2.7017264e-02
   8.2470272e-03
   2.0853987e-02
   9.6710706e-03
   1.9151149e-02
   2.0291170e-03
   3.2306474e-03
   3.6235359e-03
   1.5094809e-02
   3.4513772e-03
   4.7547952e-03
   3.8381068e-03
   1.5284608e-02
