   8.6131096e-03
   2.0714652e-02
   4.5297783e-02
   6.1519228e-02
   7.1927565e-03
   3.4514781e-02
   4.8908331e-02
   5.2764505e-02
   7.0835138e-03
   2.6088338e-02
   4.4865079e-02
   4.4697512e-02
   1.1832900e-02
   3.2745067e-02
   4.7823653e-02
   4.3625973e-02
   7.7685188e-03
   1.6401796e-02
   3.3085600e-02
   4.3570321e-02
   6.9796857e-03
   2.4197696e-02
   3.4527566e-02
   4.1533697e-02
   6.8893409e-03
   2.1499032e-02
   3.3264950e-02
   3.3592865e-02
   1.1694875e-02
   2.6361190e-02
   4.4224057e-02
   3.2520182e-02
   7.8820735e-03
   1.5608187e-02
   3.5885621e-02
   5.2446697e-02
   7.0979740e-03
   2.2862181e-02
   3.3293821e-02
   4.4351045e-02
   6.5534250e-03
   2.4817348e-02
   3.0984713e-02
   3.6973361e-02
   1.2231466e-02
   2.6999312e-02
   4.6116609e-02
   3.2420881e-02
   7.7660261e-03
   2.6604570e-02
   6.9287710e-02
   5.9588037e-02
   7.1245255e-03
   3.3865295e-02
   6.2619284e-02
   7.1452595e-02
   6.5449351e-03
   4.0364321e-02
   5.4170322e-02
   7.2856076e-02
   1.2468340e-02
   4.4556584e-02
   7.3343366e-02
   5.4108627e-02
   7.8575332e-03
   6.6514403e-02
   7.2128363e-02
   3.7935648e-02
   7.3089935e-03
   6.9840819e-02
   7.5388968e-02
   5.3149864e-02
   8.2622971e-03
   8.0151342e-02
   7.1778744e-02
   5.6278337e-02
   2.0060597e-02
   8.7468922e-02
   9.7520128e-02
   4.9933434e-02
   1.2973557e-02
   4.5873396e-02
   4.0719520e-02
   3.2815129e-02
   7.0088250e-03
   5.2945822e-02
   3.8544565e-02
   3.1021649e-02
   8.1702853e-03
   5.8248773e-02
   3.7873425e-02
   3.0286361e-02
   1.8960040e-02
   6.1833803e-02
   5.7295449e-02
   3.0236239e-02
   1.3784996e-02
   1.6856067e-02
   3.8709823e-02
   4.0217400e-02
   7.1735820e-03
   2.6318708e-02
   3.4564231e-02
   3.3379544e-02
   6.6742776e-03
   2.8615726e-02
   2.9669475e-02
   3.2710575e-02
   1.2012920e-02
   3.2732494e-02
   4.4875503e-02
   2.9487250e-02
   8.6824084e-03
   1.9412436e-02
   5.0209556e-02
   6.4841777e-02
   7.3844893e-03
   3.4214176e-02
   4.5953836e-02
   5.1104266e-02
   6.6780178e-03
   3.0046409e-02
   4.5147404e-02
   4.6372298e-02
   1.1564648e-02
   3.2984622e-02
   4.6392485e-02
   3.8859714e-02
   5.8599715e-03
   2.6552057e-02
   5.5672824e-02
   7.1448952e-02
   4.2360905e-03
   4.5847263e-02
   6.2747665e-02
   5.9568126e-02
   4.3283566e-03
   2.8217690e-02
   5.7406597e-02
   5.0769202e-02
   6.8027736e-03
   3.7982721e-02
   4.6896793e-02
   4.0300336e-02
   4.9487962e-03
   1.7917151e-02
   3.4503955e-02
   4.4920549e-02
   4.0301825e-03
   2.8090991e-02
   3.8742140e-02
   4.4935539e-02
   3.9881142e-03
   2.0751163e-02
   3.1630922e-02
   3.2177761e-02
   6.6290414e-03
   2.6346747e-02
   3.9933577e-02
   2.5546588e-02
   5.4935687e-03
   1.4797919e-02
   3.3241220e-02
   5.9490427e-02
   3.9852429e-03
   2.2434674e-02
   3.5138693e-02
   4.9068633e-02
   4.0428611e-03
   2.3725636e-02
   2.8034281e-02
   4.0069487e-02
   6.5594791e-03
   2.6289139e-02
   4.3426279e-02
   2.7943963e-02
   5.2293879e-03
   3.0471852e-02
   6.8317525e-02
   7.4359871e-02
   4.4451412e-03
   3.6734231e-02
   7.5628825e-02
   7.4491248e-02
   4.2289924e-03
   4.7210749e-02
   5.7153713e-02
   8.1293896e-02
   8.4514366e-03
   5.0304342e-02
   8.1921689e-02
   5.5502873e-02
   5.3398195e-03
   8.6462043e-02
   7.4589133e-02
   4.1228123e-02
   4.9853064e-03
   9.2641391e-02
   8.8298015e-02
   5.5339139e-02
   7.6839789e-03
   1.2277382e-01
   7.2695881e-02
   6.3224904e-02
   2.6334709e-02
   1.2404798e-01
   1.1011784e-01
   5.1866159e-02
   1.0242376e-02
   6.1383832e-02
   4.3047372e-02
   3.7631523e-02
   4.6741976e-03
   7.0552558e-02
   4.0245142e-02
   3.2440726e-02
   7.4963514e-03
   8.4124535e-02
   4.1177131e-02
   2.9912911e-02
   2.3436567e-02
   8.7005347e-02
   6.3691683e-02
   2.4538824e-02
   1.1328358e-02
   2.2645844e-02
   4.2838085e-02
   5.1256213e-02
   4.3804199e-03
   3.4558073e-02
   4.2964287e-02
   3.5401080e-02
   4.5477767e-03
   3.5045985e-02
   3.5952192e-02
   3.2949779e-02
   7.6761041e-03
   4.1085158e-02
   4.8637699e-02
   2.2193719e-02
   6.2622079e-03
   2.3831289e-02
   6.0523961e-02
   7.9140849e-02
   4.0796702e-03
   4.5859445e-02
   6.4208329e-02
   5.5820871e-02
   4.3799425e-03
   3.3126555e-02
   5.8519438e-02
   4.8450869e-02
   6.3418802e-03
   3.9587662e-02
   5.0200094e-02
   3.4135062e-02
   5.6240018e-03
   3.4741700e-02
   7.1876228e-02
   8.7263837e-02
   3.7023588e-03
   6.7780554e-02
   8.2824811e-02
   7.8433216e-02
   3.4106998e-03
   2.9922867e-02
   6.3561283e-02
   5.8768198e-02
   4.8185163e-03
   4.3495711e-02
   4.4935260e-02
   4.5963865e-02
   4.9234782e-03
   2.3251425e-02
   4.2357780e-02
   5.3315159e-02
   3.3992319e-03
   4.2142220e-02
   4.9703933e-02
   6.3567556e-02
   3.1007167e-03
   2.6738644e-02
   3.9175261e-02
   3.8706359e-02
   4.4621890e-03
   3.5071094e-02
   3.9431456e-02
   2.5520341e-02
   5.3604324e-03
   1.9051403e-02
   3.6302797e-02
   7.7115260e-02
   2.9247559e-03
   2.8769076e-02
   4.1264914e-02
   6.2585473e-02
   3.0724078e-03
   2.9897168e-02
   3.2192707e-02
   4.9415767e-02
   5.2830181e-03
   2.9915392e-02
   4.6251748e-02
   2.8421106e-02
   5.7117608e-03
   4.0379938e-02
   7.5806685e-02
   1.1094971e-01
   3.3394946e-03
   4.4985089e-02
   8.7796591e-02
   8.7322257e-02
   3.2056419e-03
   6.5118052e-02
   6.3652843e-02
   9.5412195e-02
   9.7935144e-03
   5.5306517e-02
   9.2400156e-02
   7.2483383e-02
   6.0735489e-03
   1.2294047e-01
   9.7972021e-02
   5.7693679e-02
   4.4335951e-03
   1.2638912e-01
   1.0428113e-01
   6.5276600e-02
   8.2684485e-03
   1.8111446e-01
   8.0310136e-02
   7.3785417e-02
   4.0160473e-02
   1.5332599e-01
   1.2256027e-01
   6.4311877e-02
   1.0505274e-02
   8.8456839e-02
   6.1809909e-02
   5.2247632e-02
   3.6287280e-03
   1.0084481e-01
   5.2611142e-02
   4.6031613e-02
   7.4254805e-03
   1.2249578e-01
   4.9286265e-02
   4.0397342e-02
   3.3105589e-02
   1.1118928e-01
   7.3332101e-02
   2.6619960e-02
   1.0709638e-02
   3.3112828e-02
   5.2772265e-02
   6.2791519e-02
   2.7861628e-03
   5.3130247e-02
   5.7913143e-02
   4.9559887e-02
   3.3174637e-03
   4.3881450e-02
   4.9716730e-02
   4.5559097e-02
   7.7060284e-03
   4.9804594e-02
   5.4003511e-02
   2.3350634e-02
   6.0074343e-03
   2.9149599e-02
   6.4598553e-02
   8.0703102e-02
   3.4659966e-03
   6.4242020e-02
   7.8101352e-02
   6.8233006e-02
   3.5344879e-03
   3.9004102e-02
   6.5473594e-02
   5.5534877e-02
   4.6380404e-03
   5.1699560e-02
   5.0370846e-02
   4.0355232e-02
   8.2899472e-03
   4.7146253e-02
   1.1774765e-01
   1.3526219e-01
   4.6031969e-03
   7.5844996e-02
   1.0644266e-01
   7.8126237e-02
   5.5478173e-03
   4.7365256e-02
   7.7302039e-02
   9.5969915e-02
   4.7302246e-03
   5.7591654e-02
   4.7051009e-02
   4.9459558e-02
   8.6078122e-03
   2.6730658e-02
   5.2513294e-02
   7.2522879e-02
   4.7827819e-03
   4.3597482e-02
   5.8247317e-02
   7.0444897e-02
   5.1018950e-03
   3.6267687e-02
   5.4751486e-02
   5.9842147e-02
   4.9417256e-03
   4.8453644e-02
   5.5497654e-02
   2.9699771e-02
   9.5691383e-03
   2.6364570e-02
   4.0424544e-02
   9.3582876e-02
   3.8881258e-03
   3.5520248e-02
   4.3136563e-02
   7.6216765e-02
   4.5261164e-03
   3.9998520e-02
   4.5558333e-02
   7.3218010e-02
   7.2760740e-03
   3.1715915e-02
   5.8338355e-02
   3.0334262e-02
   1.1162110e-02
   5.6017283e-02
   1.0909017e-01
   1.3981056e-01
   4.7875759e-03
   6.3317962e-02
   8.3264157e-02
   1.0015666e-01
   6.2166695e-03
   7.2569653e-02
   7.6567866e-02
   1.0367002e-01
   1.9233471e-02
   5.9633248e-02
   8.5619546e-02
   6.5330327e-02
   1.2348199e-02
   1.7807546e-01
   1.3722032e-01
   7.4573800e-02
   7.6902770e-03
   1.8810928e-01
   1.0683666e-01
   7.2217256e-02
   2.5798470e-02
   2.3942319e-01
   1.0518564e-01
   1.0895999e-01
   8.7811269e-02
   1.8631701e-01
   1.5608166e-01
   6.0440853e-02
   1.6794119e-02
   1.3467005e-01
   9.4793290e-02
   7.5932913e-02
   5.3312075e-03
   1.4981967e-01
   6.3191622e-02
   6.1364830e-02
   2.2178175e-02
   1.8447654e-01
   6.4395882e-02
   7.0739746e-02
   6.9582760e-02
   1.3340235e-01
   7.6577187e-02
   2.8375078e-02
   1.6045282e-02
   5.9089202e-02
   9.0241075e-02
   8.0742814e-02
   3.2898898e-03
   7.4970998e-02
   8.0944642e-02
   5.8998909e-02
   5.7985559e-03
   6.1788093e-02
   5.8906376e-02
   6.0041264e-02
   1.2785924e-02
   5.9982568e-02
   6.6542998e-02
   2.9019527e-02
   9.6239876e-03
   3.7053660e-02
   7.0253320e-02
   8.1361763e-02
   4.8395875e-03
   6.5408707e-02
   9.1456436e-02
   6.2292583e-02
   6.0550501e-03
   5.4118905e-02
   7.1490563e-02
   6.4909644e-02
   5.2655255e-03
   5.9444778e-02
   4.8814800e-02
   4.4006851e-02
