   2.5952334e-02
   5.1433507e-02
   5.1878355e-02
   5.5195063e-02
   1.8789040e-02
   6.5156512e-02
   5.3771853e-02
   3.3107258e-02
   3.4371300e-03
   4.7108019e-03
   1.9782167e-02
   2.8968720e-02
   4.0844777e-03
   7.0285401e-03
   1.6394796e-02
   3.2309886e-02
   2.5197858e-02
   2.9240580e-02
   3.5234299e-02
   5.9302386e-02
   1.6361792e-02
   3.7158456e-02
   3.4679640e-02
   3.8386617e-02
   3.0156600e-03
   3.5296667e-03
   1.7641895e-02
   3.1598326e-02
   4.0720128e-03
   6.2221796e-03
   1.5950363e-02
   3.3306986e-02
   2.2904079e-02
   1.8038921e-02
   3.0021541e-02
   7.3170334e-02
   1.4355338e-02
   2.0694382e-02
   2.7368002e-02
   5.5431098e-02
   2.8008651e-03
   3.3240188e-03
   1.6532563e-02
   3.0828629e-02
   3.9641326e-03
   6.4354604e-03
   1.7640488e-02
   3.3563733e-02
   2.5106527e-02
   1.7591575e-02
   4.3739017e-02
   6.0020499e-02
   1.3833211e-02
   2.1811014e-02
   5.2690189e-02
   4.1296843e-02
   3.9740219e-03
   3.5853840e-03
   2.8532140e-02
   2.9211823e-02
   4.6082377e-03
   7.4061928e-03
   2.9979508e-02
   3.3465177e-02
   2.5900662e-02
   2.5242176e-02
   4.5102593e-02
   5.4150041e-02
   1.4791030e-02
   4.0456366e-02
   5.3219676e-02
   3.1275902e-02
   5.6840088e-03
   3.9848946e-03
   2.8334104e-02
   2.8989719e-02
   7.0189089e-03
   8.1858821e-03
   2.9512743e-02
   3.1762782e-02
   2.5217660e-02
   3.3495750e-02
   3.2383136e-02
   5.1753446e-02
   1.8759124e-02
   5.1560964e-02
   2.8679939e-02
   3.0514712e-02
   4.1481317e-03
   3.7037472e-03
   1.7372603e-02
   2.8442472e-02
   6.0909321e-03
   7.9338634e-03
   1.8467659e-02
   3.1938814e-02
   3.7324090e-02
   2.5312454e-02
   2.8235700e-02
   5.1344808e-02
   1.9032234e-02
   2.8894266e-02
   2.6407972e-02
   3.2245595e-02
   2.9272246e-03
   3.5219721e-03
   1.8555194e-02
   2.8044783e-02
   4.7592488e-03
   9.4977189e-03
   1.7298868e-02
   3.2139461e-02
   2.8396005e-02
   3.1370338e-02
   3.7349083e-02
   5.2355085e-02
   1.7563745e-02
   3.8036771e-02
   3.7295800e-02
   3.3436533e-02
   3.0647342e-03
   3.8252242e-03
   1.8971547e-02
   2.8540216e-02
   4.2131073e-03
   8.6773718e-03
   1.7331844e-02
   3.2692976e-02
   1.7273096e-02
   5.6376792e-02
   5.4039534e-02
   4.0088449e-02
   1.3207388e-02
   7.0232294e-02
   5.5713318e-02
   1.9716932e-02
   2.6302994e-03
   4.0237689e-03
   1.3118579e-02
   1.6241955e-02
   2.6154595e-03
   4.8299553e-03
   1.0518224e-02
   1.7299697e-02
   1.4483519e-02
   2.9848302e-02
   3.7080947e-02
   4.6683367e-02
   1.0288263e-02
   3.8488414e-02
   3.4508038e-02
   3.0005185e-02
   2.1608085e-03
   2.9017443e-03
   1.2137841e-02
   1.6622849e-02
   2.3734050e-03
   4.2480496e-03
   1.0127692e-02
   1.7489357e-02
   1.4219842e-02
   1.5887441e-02
   3.4346398e-02
   6.7734130e-02
   8.7172827e-03
   2.1550925e-02
   3.2310832e-02
   5.7503287e-02
   2.0402460e-03
   2.8718638e-03
   1.4617243e-02
   1.6788069e-02
   2.4810266e-03
   4.5770714e-03
   1.4446778e-02
   1.9164406e-02
   1.7475128e-02
   1.6173579e-02
   5.8670565e-02
   4.5344092e-02
   9.4762361e-03
   2.4506457e-02
   6.7603365e-02
   3.5413191e-02
   3.5246420e-03
   2.9155854e-03
   3.7617251e-02
   1.7254042e-02
   3.6619788e-03
   5.3003659e-03
   3.8123261e-02
   1.9837687e-02
   1.8110905e-02
   2.3499258e-02
   5.7599626e-02
   3.6416631e-02
   1.1423679e-02
   4.9922820e-02
   6.6352308e-02
   2.0020299e-02
   5.8932505e-03
   3.1910704e-03
   3.6878675e-02
   1.8966116e-02
   7.2708577e-03
   6.5485425e-03
   3.8085479e-02
   2.0314237e-02
   1.8451368e-02
   3.1732038e-02
   3.5747558e-02
   3.5132021e-02
   1.6409943e-02
   6.2743336e-02
   3.1694293e-02
   1.9188926e-02
   3.7043651e-03
   2.8826711e-03
   1.5308058e-02
   1.6161287e-02
   5.8480226e-03
   6.8864822e-03
   1.5603848e-02
   1.7507242e-02
   3.3199284e-02
   2.5826765e-02
   2.5169633e-02
   3.2779109e-02
   1.7126106e-02
   3.7089646e-02
   2.5539378e-02
   1.7765293e-02
   2.2692154e-03
   2.8786710e-03
   1.3041312e-02
   1.5370789e-02
   3.8530128e-03
   8.2073389e-03
   1.1297590e-02
   1.7176988e-02
   2.1884639e-02
   3.6154412e-02
   3.6223408e-02
   3.8029641e-02
   1.4309578e-02
   4.4256955e-02
   3.8878486e-02
   1.9396558e-02
   2.3972059e-03
   3.2044370e-03
   1.4911640e-02
   1.6228843e-02
   2.9057309e-03
   6.9983308e-03
   1.2613142e-02
   1.8541701e-02
   1.4033763e-02
   8.0568008e-02
   7.7089697e-02
   3.6061581e-02
   1.4255727e-02
   8.5479021e-02
   6.9601312e-02
   1.5061793e-02
   3.3956608e-03
   8.2089659e-03
   1.3405857e-02
   9.9771144e-03
   2.1825007e-03
   4.3768450e-03
   1.0801500e-02
   1.1749289e-02
   1.0291061e-02
   3.7904311e-02
   4.9274713e-02
   4.8587538e-02
   9.9942759e-03
   4.8636001e-02
   3.9581064e-02
   2.7490696e-02
   2.1377376e-03
   4.9420898e-03
   1.1091370e-02
   8.1612915e-03
   1.6743341e-03
   4.1085393e-03
   9.2262710e-03
   1.0527023e-02
   9.5724072e-03
   2.1728085e-02
   4.2394269e-02
   7.7074192e-02
   8.4747393e-03
   2.5226139e-02
   4.4888962e-02
   5.9116308e-02
   1.8692061e-03
   3.3943157e-03
   1.8792540e-02
   9.3135089e-03
   1.9510158e-03
   5.0097727e-03
   1.6139923e-02
   1.2021076e-02
   1.4343136e-02
   2.0980114e-02
   7.4338675e-02
   4.8765250e-02
   8.8563785e-03
   2.7158607e-02
   1.0448018e-01
   3.3899236e-02
   4.5536691e-03
   3.3399952e-03
   6.0737953e-02
   1.2519239e-02
   4.3397443e-03
   4.7407942e-03
   5.7112981e-02
   1.4495348e-02
   1.6281219e-02
   2.8850053e-02
   6.8830624e-02
   3.4881186e-02
   1.3203705e-02
   5.5667914e-02
   9.6639596e-02
   1.4031776e-02
   8.8536628e-03
   4.0234164e-03
   5.7821389e-02
   1.5656281e-02
   9.9632340e-03
   6.2386426e-03
   5.9012897e-02
   1.9179156e-02
   1.8043667e-02
   4.5665078e-02
   3.9770637e-02
   2.6551524e-02
   1.8731307e-02
   6.5826952e-02
   4.8803352e-02
   1.3984206e-02
   5.1061283e-03
   3.9231717e-03
   1.8637784e-02
   1.1405432e-02
   6.8864608e-03
   7.3444932e-03
   1.6823906e-02
   1.2276526e-02
   3.9023560e-02
   3.8386296e-02
   3.3318650e-02
   2.3365861e-02
   2.2821292e-02
   4.2183712e-02
   3.2216307e-02
   1.3147783e-02
   2.5586891e-03
   3.9319075e-03
   1.6746420e-02
   8.5726036e-03
   3.8904459e-03
   7.8458581e-03
   1.3992128e-02
   1.0795981e-02
   2.2277122e-02
   5.1964663e-02
   4.8361216e-02
   2.9601060e-02
   2.0381704e-02
   4.9416140e-02
   5.2202560e-02
   1.3258130e-02
   3.0703673e-03
   5.2593309e-03
   1.7430754e-02
   9.7524934e-03
   2.2670077e-03
   6.2022964e-03
   1.4794982e-02
   1.1966870e-02
   1.8811695e-02
   1.3698071e-01
   1.1265523e-01
   3.9248079e-02
   2.0496340e-02
   7.0071273e-02
   6.3020639e-02
   1.9176986e-02
   5.3657577e-03
   1.3609146e-02
   1.6342582e-02
   5.3703012e-03
   2.6658478e-03
   5.8432356e-03
   1.1932988e-02
   6.8560345e-03
   1.2317138e-02
   6.3765988e-02
   7.2645187e-02
   5.0835617e-02
   1.4330699e-02
   4.6706621e-02
   4.9171567e-02
   2.6941165e-02
   3.0482165e-03
   7.9469588e-03
   1.2816271e-02
   6.6923127e-03
   1.9505263e-03
   4.9942476e-03
   9.1245826e-03
   5.7305591e-03
   1.0776845e-02
   2.9470390e-02
   5.3463403e-02
   7.3705658e-02
   1.2085387e-02
   2.8876342e-02
   5.4195784e-02
   5.2805945e-02
   2.4719224e-03
   5.5308435e-03
   2.7812373e-02
   8.6772619e-03
   1.9534326e-03
   5.0178147e-03
   2.0765698e-02
   7.3302891e-03
   1.3220237e-02
   2.5659587e-02
   8.4527068e-02
   4.5206293e-02
   1.3455703e-02
   2.5465336e-02
   1.4718030e-01
   3.1716786e-02
   8.9885565e-03
   5.0986866e-03
   9.9693306e-02
   1.4702339e-02
   7.5576641e-03
   5.0012958e-03
   8.0585025e-02
   2.1815794e-02
   1.7533306e-02
   4.5531869e-02
   7.3966451e-02
   3.6562860e-02
   2.8074970e-02
   5.0286911e-02
   1.1869965e-01
   1.5036243e-02
   1.8790267e-02
   6.1593028e-03
   9.2008762e-02
   2.4650251e-02
   1.8860595e-02
   8.6849732e-03
   8.4463038e-02
   3.3842809e-02
   2.6711738e-02
   7.0830531e-02
   4.7566380e-02
   2.6044108e-02
   3.9921634e-02
   7.8785174e-02
   5.1970374e-02
   1.2643698e-02
   9.9221282e-03
   7.7762539e-03
   3.1094799e-02
   1.1269613e-02
   1.0558484e-02
   9.3203178e-03
   2.5818992e-02
   1.3158239e-02
   6.9899738e-02
   6.1429944e-02
   5.8027077e-02
   2.5133034e-02
   4.7635060e-02
   5.9595540e-02
   4.4098873e-02
   1.5746480e-02
   4.4577802e-03
   7.5234491e-03
   3.0024678e-02
   5.8420594e-03
   4.3878034e-03
   8.3429078e-03
   1.7087361e-02
   7.9949042e-03
   3.8271375e-02
   7.9615273e-02
   8.7174475e-02
   3.3446386e-02
   3.8767722e-02
   4.8719067e-02
   6.6510901e-02
   1.8289888e-02
   5.3892042e-03
   8.9261718e-03
   2.4281263e-02
   6.8345792e-03
   2.2780057e-03
   6.9825877e-03
   1.6142186e-02
   7.5299526e-03
