   2.7493343e-02
   2.4684757e-02
   4.4932436e-02
   1.0164271e-02
   2.4700074e-02
   2.2269964e-02
   4.5248784e-02
   9.4674202e-03
   2.7501106e-02
   3.2034330e-02
   2.4652028e-02
   1.3300213e-02
   2.7568204e-02
   2.7085902e-02
   1.3472973e-02
   1.5290597e-02
   2.7008755e-02
   2.5372069e-02
   4.0144235e-02
   9.7372057e-03
   2.4547193e-02
   2.3870824e-02
   4.2330846e-02
   9.1804974e-03
   2.7315397e-02
   2.8029807e-02
   2.1600652e-02
   1.9011833e-02
   2.6723390e-02
   2.3102680e-02
   1.2182737e-02
   1.6056167e-02
   2.7410034e-02
   2.8610220e-02
   3.9337866e-02
   9.9608647e-03
   2.5060510e-02
   2.4102602e-02
   4.5347352e-02
   9.2725828e-03
   2.9578794e-02
   2.6315928e-02
   2.2702551e-02
   1.3623564e-02
   2.7701415e-02
   2.4698950e-02
   1.2863721e-02
   1.6229786e-02
   7.5812757e-02
   4.8224509e-02
   4.8619810e-02
   1.4390916e-02
   8.1191830e-02
   3.5078820e-02
   5.8933679e-02
   1.5858924e-02
   8.2555920e-02
   3.9855372e-02
   3.6030672e-02
   1.9455433e-02
   8.4189154e-02
   4.0104002e-02
   2.7884910e-02
   2.4122359e-02
   1.7419553e-01
   6.6281863e-02
   6.6107348e-02
   2.2603782e-02
   1.8466508e-01
   5.5958804e-02
   8.7698415e-02
   2.5524054e-02
   1.8550673e-01
   6.1073367e-02
   6.3854367e-02
   2.8437609e-02
   2.0475076e-01
   6.8024457e-02
   5.3964488e-02
   3.4353711e-02
   7.6299369e-02
   3.6402557e-02
   4.6374209e-02
   1.3376261e-02
   8.1789143e-02
   3.7094332e-02
   5.5211589e-02
   1.3360459e-02
   8.6428128e-02
   4.1013200e-02
   3.6334235e-02
   1.6600950e-02
   9.0309270e-02
   4.0755652e-02
   2.6969992e-02
   2.1211369e-02
   2.6533881e-02
   2.4469782e-02
   3.6190867e-02
   1.0651776e-02
   2.5450321e-02
   2.5906263e-02
   4.2259097e-02
   9.5153758e-03
   2.8405324e-02
   2.9389270e-02
   2.2530077e-02
   1.1713506e-02
   2.8266344e-02
   2.5103932e-02
   1.3415148e-02
   1.5228966e-02
   2.7017225e-02
   2.4387689e-02
   4.1955173e-02
   1.0125758e-02
   2.5145005e-02
   2.3561541e-02
   4.4387441e-02
   9.6873734e-03
   2.6925288e-02
   3.0462278e-02
   2.2167753e-02
   1.0779292e-02
   2.6813952e-02
   2.5058225e-02
   1.2963725e-02
   1.4445755e-02
   2.3502672e-02
   2.6881885e-02
   4.1370064e-02
   6.1393203e-03
   2.3324745e-02
   2.1907551e-02
   3.7564497e-02
   6.1873323e-03
   2.7475882e-02
   3.5453431e-02
   2.1694396e-02
   1.3452548e-02
   2.4736941e-02
   2.8216856e-02
   1.1342570e-02
   1.1578809e-02
   2.2166884e-02
   2.2073513e-02
   3.4938902e-02
   5.8896551e-03
   2.6452528e-02
   2.2085724e-02
   3.4859732e-02
   5.8168597e-03
   2.7792882e-02
   2.8186029e-02
   1.8383063e-02
   2.0523729e-02
   2.3907296e-02
   2.3773223e-02
   8.8726124e-03
   1.2123828e-02
   2.7412526e-02
   3.1313691e-02
   3.6011692e-02
   6.2106061e-03
   3.0109953e-02
   2.3734124e-02
   3.5756990e-02
   6.6578593e-03
   3.5547834e-02
   2.4101013e-02
   1.9159481e-02
   1.3052780e-02
   2.8817244e-02
   2.4643430e-02
   1.0959601e-02
   1.2482492e-02
   1.0709096e-01
   5.3903408e-02
   5.6487046e-02
   1.6415644e-02
   1.1552323e-01
   3.6349799e-02
   5.6706194e-02
   1.6769631e-02
   1.1518490e-01
   3.6457215e-02
   4.1758064e-02
   2.0027040e-02
   1.1317748e-01
   3.6072426e-02
   2.9434213e-02
   2.2315720e-02
   2.5542191e-01
   6.9160476e-02
   8.2941450e-02
   3.2578412e-02
   2.5040141e-01
   6.0216274e-02
   9.0733580e-02
   3.2319933e-02
   2.5279105e-01
   6.3405976e-02
   7.7252455e-02
   3.1368244e-02
   2.7117249e-01
   5.8335468e-02
   5.7006322e-02
   3.6743451e-02
   1.1186879e-01
   3.7459999e-02
   5.3598061e-02
   1.4575852e-02
   1.1472160e-01
   3.6200058e-02
   5.1672075e-02
   1.3849613e-02
   1.2252437e-01
   3.7859015e-02
   3.9291490e-02
   1.6576042e-02
   1.2215956e-01
   3.5540104e-02
   2.6485052e-02
   1.9582836e-02
   2.7085403e-02
   2.5668662e-02
   3.9066147e-02
   7.3522967e-03
   3.1548858e-02
   2.3124970e-02
   3.5048947e-02
   6.5912181e-03
   3.5435688e-02
   2.6036842e-02
   2.1160828e-02
   9.2593944e-03
   3.0217050e-02
   2.4481170e-02
   1.0947043e-02
   1.1776537e-02
   2.3363436e-02
   2.3858236e-02
   3.8311321e-02
   6.7311460e-03
   2.5572848e-02
   2.1032719e-02
   3.3988502e-02
   6.5362593e-03
   2.8509757e-02
   3.0164355e-02
   1.9639852e-02
   9.0242224e-03
   2.2471325e-02
   2.6758976e-02
   9.9416450e-03
   9.9870209e-03
   2.9327357e-02
   2.8760199e-02
   5.2825555e-02
   5.1067523e-03
   2.5387974e-02
   2.7723443e-02
   3.9889436e-02
   5.2522966e-03
   3.5213038e-02
   3.6227044e-02
   2.5829783e-02
   1.9750362e-02
   3.3039622e-02
   3.1387340e-02
   1.3503617e-02
   9.7138388e-03
   2.3125798e-02
   2.5259454e-02
   4.6278127e-02
   5.4609245e-03
   4.1802261e-02
   2.5523957e-02
   3.7138946e-02
   4.8572589e-03
   3.4152191e-02
   3.1261560e-02
   2.2863338e-02
   2.9811522e-02
   3.4450103e-02
   2.6236182e-02
   1.0496000e-02
   1.0562880e-02
   3.2780971e-02
   3.6809415e-02
   4.4328056e-02
   6.5535237e-03
   3.4315128e-02
   2.2833614e-02
   4.4829443e-02
   6.0877842e-03
   4.6950329e-02
   2.5516950e-02
   1.8557588e-02
   1.7859243e-02
   3.7174635e-02
   2.4211863e-02
   1.1809622e-02
   1.1376582e-02
   8.8584043e-02
   7.6710396e-02
   7.0252642e-02
   2.5554739e-02
   9.3418211e-02
   4.8014969e-02
   6.2682614e-02
   2.6364360e-02
   9.2479385e-02
   4.1607998e-02
   3.7354875e-02
   3.1192482e-02
   8.8319972e-02
   4.0506810e-02
   3.8090128e-02
   2.9615059e-02
   2.0028451e-01
   1.0514151e-01
   8.6888395e-02
   5.5714805e-02
   1.8180396e-01
   8.5187718e-02
   9.8172173e-02
   5.8056381e-02
   1.7279592e-01
   8.3431192e-02
   8.1373431e-02
   5.7001546e-02
   1.9198176e-01
   8.1902668e-02
   8.0620579e-02
   5.3428903e-02
   9.1811560e-02
   4.6285141e-02
   5.5745028e-02
   2.1869941e-02
   9.7807415e-02
   4.2262908e-02
   5.5499520e-02
   2.0968014e-02
   9.5311925e-02
   4.5065466e-02
   3.9944705e-02
   2.8615786e-02
   9.0291381e-02
   4.4451568e-02
   3.1606834e-02
   2.2014732e-02
   3.0133458e-02
   2.7796119e-02
   4.6168737e-02
   7.0553771e-03
   4.6566952e-02
   2.1611635e-02
   3.9180137e-02
   5.4487418e-03
   3.8082760e-02
   2.5276998e-02
   2.0718794e-02
   1.1783320e-02
   4.0325198e-02
   2.6235444e-02
   1.2711642e-02
   1.1546127e-02
   2.6912304e-02
   2.5883000e-02
   4.5788560e-02
   5.8215037e-03
   3.4595378e-02
   2.0377381e-02
   3.6898255e-02
   5.1542860e-03
   4.3147337e-02
   3.1864025e-02
   2.1706788e-02
   1.1038404e-02
   2.7981237e-02
   2.7609488e-02
   1.0877675e-02
   8.9699533e-03
   2.1599829e-02
   3.6796205e-02
   7.7119142e-02
   6.3561583e-03
   2.9243235e-02
   3.4688555e-02
   3.7702616e-02
   5.6019076e-03
   4.9448501e-02
   2.1824263e-02
   3.2774389e-02
   2.9392583e-02
   2.7110094e-02
   2.9305233e-02
   1.9235464e-02
   1.3874394e-02
   1.7133068e-02
   3.5029769e-02
   7.1219079e-02
   6.1170761e-03
   6.0872823e-02
   4.0991236e-02
   4.5288283e-02
   5.9040100e-03
   3.2309778e-02
   2.3471797e-02
   3.1760115e-02
   5.2051932e-02
   3.3192232e-02
   3.0201718e-02
   1.7820511e-02
   1.5887612e-02
   2.8529650e-02
   4.4549178e-02
   5.0725821e-02
   7.7584204e-03
   3.0307814e-02
   3.2997336e-02
   5.1113900e-02
   6.5601291e-03
   3.6648694e-02
   1.9332148e-02
   1.7350337e-02
   3.1012751e-02
   3.2987922e-02
   2.3229070e-02
   1.3658854e-02
   1.2727587e-02
   3.8400289e-02
   1.0164467e-01
   6.3411199e-02
   4.2589340e-02
   3.7293639e-02
   6.5235727e-02
   6.5722577e-02
   4.6366718e-02
   4.9996492e-02
   4.9527988e-02
   3.7744351e-02
   5.6903586e-02
   4.1507501e-02
   5.4128811e-02
   5.7164919e-02
   4.2075407e-02
   6.3937865e-02
   1.3120374e-01
   7.9145007e-02
   1.0092220e-01
   7.7692196e-02
   1.1002777e-01
   7.9300433e-02
   1.0713176e-01
   8.1837527e-02
   1.1345089e-01
   8.6036108e-02
   9.2505738e-02
   7.2765067e-02
   1.1621480e-01
   1.2222576e-01
   7.7264376e-02
   3.8204741e-02
   5.8108445e-02
   6.5297663e-02
   3.7691943e-02
   4.9351919e-02
   5.3784814e-02
   6.2705696e-02
   3.6852140e-02
   4.8827846e-02
   5.4082680e-02
   4.8285522e-02
   4.6933275e-02
   4.6351615e-02
   5.3648327e-02
   4.1086685e-02
   2.8320033e-02
   2.7336836e-02
   3.8734701e-02
   4.8846513e-02
   8.5716108e-03
   3.6435820e-02
   2.4368148e-02
   3.9529398e-02
   7.0353355e-03
   2.7509244e-02
   2.2680802e-02
   3.2780413e-02
   2.2036312e-02
   4.0004440e-02
   2.4057899e-02
   1.2413965e-02
   1.2342397e-02
   2.7881060e-02
   3.6555152e-02
   6.3554913e-02
   8.1085823e-03
   3.0840810e-02
   2.4989523e-02
   4.1983407e-02
   5.1370631e-03
   5.9158701e-02
   2.6303621e-02
   3.5511475e-02
   1.7781610e-02
   2.9065501e-02
   2.7382465e-02
   1.3418162e-02
   1.0739560e-02
