   1.9033292e-02
   1.1380950e-02
   1.2998166e-02
   2.4712892e-02
   1.7081408e-02
   1.0437155e-02
   1.4630526e-02
   2.9333999e-02
   1.8250868e-02
   8.1416508e-03
   1.4910887e-02
   2.8694872e-02
   2.2891240e-02
   1.3491628e-02
   1.0007937e-02
   3.2244477e-02
   1.6549358e-02
   7.7326265e-03
   9.9490136e-03
   2.2114187e-02
   1.6085496e-02
   7.9858657e-03
   1.0971319e-02
   2.9459137e-02
   1.7276930e-02
   7.6366863e-03
   1.4085717e-02
   2.8896093e-02
   2.1524128e-02
   1.1729543e-02
   9.8968949e-03
   3.3065807e-02
   1.5978046e-02
   5.5773417e-03
   9.4988579e-03
   2.2843855e-02
   1.6269257e-02
   6.2286458e-03
   1.0672537e-02
   3.2752689e-02
   1.8280584e-02
   7.7021900e-03
   1.4269541e-02
   3.2801803e-02
   2.2046171e-02
   9.1517791e-03
   1.0098248e-02
   3.9479613e-02
   1.7788203e-02
   6.5863179e-03
   1.1171944e-02
   2.7840974e-02
   1.8410973e-02
   7.1149035e-03
   1.3975792e-02
   4.2550333e-02
   2.0985333e-02
   8.3386777e-03
   1.7012157e-02
   4.2359024e-02
   2.4890251e-02
   1.2069670e-02
   1.1959014e-02
   5.3378418e-02
   1.9364407e-02
   8.2137771e-03
   1.3913761e-02
   3.1080989e-02
   2.0991156e-02
   9.4655734e-03
   1.6486909e-02
   4.7133047e-02
   2.2493683e-02
   8.8014537e-03
   2.0818908e-02
   4.5849282e-02
   2.6297623e-02
   1.1888379e-02
   1.5098450e-02
   5.9652526e-02
   1.7681886e-02
   8.3496245e-03
   1.1216279e-02
   2.7934136e-02
   2.0963198e-02
   8.3548939e-03
   1.2238123e-02
   3.9713025e-02
   2.2146184e-02
   8.2517946e-03
   1.6755013e-02
   3.8025614e-02
   2.3910942e-02
   8.8909958e-03
   1.2638249e-02
   4.7318466e-02
   1.5851256e-02
   6.9226553e-03
   9.6980566e-03
   2.2920266e-02
   1.6913701e-02
   6.8616373e-03
   1.0519334e-02
   3.1178866e-02
   1.7856071e-02
   7.6385993e-03
   1.4133175e-02
   3.0270660e-02
   2.1394167e-02
   8.4957015e-03
   9.5289126e-03
   3.5080902e-02
   1.6306179e-02
   7.5914613e-03
   1.0113144e-02
   2.2088714e-02
   1.6242143e-02
   8.8164825e-03
   1.2561098e-02
   2.8750356e-02
   1.7259536e-02
   7.5308024e-03
   1.3907921e-02
   2.7928386e-02
   2.1496745e-02
   1.0813642e-02
   9.8319547e-03
   3.1790417e-02
   1.9462427e-02
   1.3168266e-02
   1.4543320e-02
   2.9476140e-02
   1.7338393e-02
   1.2897049e-02
   1.8374911e-02
   3.8892832e-02
   1.8721875e-02
   8.7775011e-03
   1.6133443e-02
   3.4516558e-02
   2.2503177e-02
   1.5983345e-02
   1.0862724e-02
   3.7728209e-02
   1.6824409e-02
   8.7206392e-03
   1.0992961e-02
   2.7145552e-02
   1.6710456e-02
   9.8563898e-03
   1.3284801e-02
   4.0391669e-02
   1.8175524e-02
   8.4394226e-03
   1.5534317e-02
   3.6754828e-02
   2.1712417e-02
   1.3126102e-02
   1.1201844e-02
   4.1436467e-02
   1.6118536e-02
   6.0827192e-03
   1.0401412e-02
   2.8648235e-02
   1.6896486e-02
   7.2686835e-03
   1.2482277e-02
   4.6033606e-02
   2.0312253e-02
   8.6158775e-03
   1.5842617e-02
   4.3164618e-02
   2.2516347e-02
   1.0752281e-02
   1.1838303e-02
   5.2789629e-02
   1.7291611e-02
   7.0481314e-03
   1.2750229e-02
   3.4635916e-02
   1.8302120e-02
   8.2549397e-03
   1.8433379e-02
   5.9843455e-02
   2.3125974e-02
   9.0539008e-03
   1.8345442e-02
   5.6279607e-02
   2.4798546e-02
   1.8012121e-02
   1.4162687e-02
   6.8570144e-02
   1.8056415e-02
   9.4668819e-03
   1.5966775e-02
   3.7597142e-02
   2.1558331e-02
   1.2835559e-02
   2.1792127e-02
   6.4510569e-02
   2.3012163e-02
   9.4713783e-03
   2.2374436e-02
   5.7863649e-02
   2.3898544e-02
   1.6983924e-02
   1.8189823e-02
   7.2499223e-02
   1.7080281e-02
   1.0386335e-02
   1.2313711e-02
   3.5522088e-02
   2.3962082e-02
   1.1069234e-02
   1.4234481e-02
   5.5611510e-02
   2.4693031e-02
   9.0467781e-03
   1.8239733e-02
   4.8040304e-02
   2.2627706e-02
   1.0107487e-02
   1.4823892e-02
   5.8911704e-02
   1.5937226e-02
   7.6597119e-03
   1.0625625e-02
   2.9584967e-02
   1.8146003e-02
   7.9187211e-03
   1.2179433e-02
   4.3860465e-02
   1.8925110e-02
   8.5362038e-03
   1.5692173e-02
   3.8203835e-02
   2.1363184e-02
   9.3072569e-03
   1.0811618e-02
   4.3993723e-02
   1.6579717e-02
   8.4569184e-03
   1.1182006e-02
   2.7179284e-02
   1.6964277e-02
   1.0198737e-02
   1.4682345e-02
   3.8921930e-02
   1.7955955e-02
   8.2936715e-03
   1.5280177e-02
   3.3939455e-02
   2.1564178e-02
   1.1823606e-02
   1.0873648e-02
   3.7735496e-02
   1.7032303e-02
   1.4429789e-02
   1.5885439e-02
   3.0815430e-02
   1.4018264e-02
   1.4874200e-02
   2.2808950e-02
   4.3087326e-02
   1.5545925e-02
   8.3828326e-03
   1.6167762e-02
   3.6808562e-02
   1.7034259e-02
   1.9973909e-02
   1.1636090e-02
   3.9447270e-02
   1.3830734e-02
   9.0199104e-03
   1.1222384e-02
   2.6911525e-02
   1.3782185e-02
   9.8694125e-03
   1.5172977e-02
   4.4145539e-02
   1.5125486e-02
   8.0104107e-03
   1.5337938e-02
   3.8721092e-02
   1.7010281e-02
   1.4880625e-02
   1.2236821e-02
   4.2981729e-02
   1.3009210e-02
   5.6576002e-03
   1.0203444e-02
   2.7705541e-02
   1.4206057e-02
   7.1819024e-03
   1.3369564e-02
   4.8244607e-02
   1.9623596e-02
   8.2490696e-03
   1.5338516e-02
   4.4103190e-02
   1.9215710e-02
   1.1176343e-02
   1.3061622e-02
   5.0088286e-02
   1.3921665e-02
   6.5771625e-03
   1.4147531e-02
   3.2048929e-02
   1.5305366e-02
   8.6611230e-03
   2.3596400e-02
   6.2119730e-02
   2.3443641e-02
   8.3504748e-03
   1.8034805e-02
   5.6603838e-02
   2.2079775e-02
   1.9044977e-02
   1.5407908e-02
   5.9620824e-02
   1.4150992e-02
   1.0230755e-02
   1.8174123e-02
   3.3380970e-02
   2.1229800e-02
   1.5163974e-02
   2.8348424e-02
   6.2312465e-02
   2.2216542e-02
   8.6679207e-03
   2.2886118e-02
   5.5588838e-02
   1.8682878e-02
   1.7918104e-02
   2.0571915e-02
   6.0624797e-02
   1.3892752e-02
   1.2212786e-02
   1.2671466e-02
   3.2338146e-02
   2.7036700e-02
   1.2995570e-02
   1.6016778e-02
   5.4182481e-02
   2.5899969e-02
   8.4048295e-03
   1.8078184e-02
   4.6996601e-02
   1.7802741e-02
   1.0133502e-02
   1.6763786e-02
   5.5548809e-02
   1.3051298e-02
   7.8014703e-03
   1.0330043e-02
   2.8661633e-02
   1.6346136e-02
   8.2377875e-03
   1.2795954e-02
   4.6522532e-02
   1.7125435e-02
   8.0198934e-03
   1.5299641e-02
   3.9838057e-02
   1.6927220e-02
   9.1933329e-03
   1.1553673e-02
   4.5592215e-02
   1.3532635e-02
   8.5758194e-03
   1.1438658e-02
   2.7575089e-02
   1.4027161e-02
   1.0569507e-02
   1.6231669e-02
   4.3082129e-02
   1.5139023e-02
   7.8333728e-03
   1.4764815e-02
   3.6003504e-02
   1.6889902e-02
   1.2315694e-02
   1.1762706e-02
   3.9491836e-02
   1.5645863e-02
   1.7045463e-02
   1.8280581e-02
   2.9174637e-02
   1.0083340e-02
   2.0134078e-02
   3.0861484e-02
   3.4067649e-02
   1.1377741e-02
   7.4932491e-03
   1.5252796e-02
   3.1511720e-02
   1.2025259e-02
   2.8195987e-02
   1.2321699e-02
   3.2285713e-02
   1.0842379e-02
   9.5090875e-03
   1.1349779e-02
   2.2623373e-02
   9.8400544e-03
   1.2052982e-02
   1.7622780e-02
   3.4339469e-02
   1.1334012e-02
   6.6028945e-03
   1.3216293e-02
   3.1795114e-02
   1.1927323e-02
   1.8494887e-02
   1.2686204e-02
   3.3071060e-02
   9.3024690e-03
   4.7064251e-03
   9.0651233e-03
   2.1429202e-02
   1.0583029e-02
   7.0558828e-03
   1.3123112e-02
   3.6792099e-02
   1.7978327e-02
   6.4699776e-03
   1.2006282e-02
   3.5835244e-02
   1.5015462e-02
   1.1532468e-02
   1.3584339e-02
   3.6073346e-02
   1.0118480e-02
   5.6160926e-03
   1.5112295e-02
   2.4646621e-02
   1.1888522e-02
   9.1592437e-03
   2.9444082e-02
   5.4799430e-02
   2.2900268e-02
   6.4419121e-03
   1.6542692e-02
   5.1676519e-02
   1.7503707e-02
   1.8151136e-02
   1.6473979e-02
   4.2694051e-02
   1.0286184e-02
   1.0253313e-02
   2.0947654e-02
   2.4379633e-02
   2.1135936e-02
   1.8515581e-02
   3.6940265e-02
   5.3547643e-02
   2.2249192e-02
   6.8129548e-03
   2.3975013e-02
   5.1221427e-02
   1.3284032e-02
   1.6681600e-02
   2.4547786e-02
   4.5750912e-02
   1.0148501e-02
   1.3134302e-02
   1.2892256e-02
   2.3756130e-02
   2.9960549e-02
   1.5909906e-02
   1.7286720e-02
   4.3990474e-02
   2.7386429e-02
   6.6321068e-03
   1.6247561e-02
   4.1315887e-02
   1.2513955e-02
   9.7753145e-03
   1.9799214e-02
   4.5830812e-02
   9.2459871e-03
   7.5399638e-03
   9.3602426e-03
   2.1561079e-02
   1.4070736e-02
   8.5913790e-03
   1.1679326e-02
   3.7309930e-02
   1.4339504e-02
   6.2894556e-03
   1.2535697e-02
   3.4450643e-02
   1.2315471e-02
   8.9745512e-03
   1.1991747e-02
   3.8537744e-02
   1.0479738e-02
   8.9892019e-03
   1.1654287e-02
   2.3106409e-02
   1.0272067e-02
   1.2049598e-02
   1.8157832e-02
   3.5106756e-02
   1.0966963e-02
   6.4171678e-03
   1.2635468e-02
   3.0787079e-02
   1.2360632e-02
   1.4917094e-02
   1.2757636e-02
   3.2231841e-02
