   4.4895280e-02
   1.1622368e-01
   1.1209264e-01
   4.3589469e-02
   4.5932520e-02
   1.2007573e-01
   1.2670469e-01
   4.4246662e-02
   4.9570054e-02
   7.4482240e-02
   6.2240575e-02
   2.5324384e-02
   4.9623724e-02
   5.6210786e-02
   5.9407774e-02
   2.3780633e-02
   4.2353641e-02
   6.0333848e-02
   5.0484795e-02
   3.1405210e-02
   4.7592342e-02
   6.0764555e-02
   6.0058028e-02
   2.6104983e-02
   4.5304496e-02
   3.5706628e-02
   3.2593682e-02
   2.0520519e-02
   3.8797308e-02
   3.2121770e-02
   3.8993176e-02
   1.7756168e-02
   4.3267924e-02
   3.1104809e-02
   2.3424663e-02
   2.8062776e-02
   4.3758821e-02
   2.9261576e-02
   2.5050620e-02
   2.0710306e-02
   4.0758628e-02
   1.6186252e-02
   1.7131304e-02
   1.9418595e-02
   3.4175511e-02
   2.3295835e-02
   2.7614899e-02
   1.6408861e-02
   4.3831803e-02
   3.6165930e-02
   3.5153199e-02
   3.0059554e-02
   4.1826915e-02
   3.1975422e-02
   3.5978898e-02
   2.7170744e-02
   4.0249236e-02
   1.8360373e-02
   3.0487051e-02
   2.1371216e-02
   3.1051915e-02
   2.8286222e-02
   5.8221437e-02
   1.9783329e-02
   5.4121144e-02
   7.1412556e-02
   4.9059965e-02
   3.0433254e-02
   8.1125110e-02
   6.9932885e-02
   4.6296615e-02
   2.4429789e-02
   7.5830765e-02
   3.4887675e-02
   4.1285824e-02
   2.1515153e-02
   7.9102747e-02
   6.8927474e-02
   9.1028079e-02
   2.0095434e-02
   1.1590502e-01
   9.7457476e-02
   3.1412072e-02
   2.9809456e-02
   1.6963729e-01
   7.6077521e-02
   2.9808372e-02
   2.3180434e-02
   1.3724397e-01
   2.9954644e-02
   2.1931838e-02
   1.9526519e-02
   1.2202437e-01
   5.2923672e-02
   4.4577196e-02
   2.4055418e-02
   9.4079643e-02
   4.4940140e-02
   2.4755917e-02
   2.8307330e-02
   8.5862853e-02
   3.2312002e-02
   2.5391260e-02
   2.0378061e-02
   6.3264720e-02
   1.7015209e-02
   1.7130721e-02
   1.8357661e-02
   4.7454823e-02
   2.1818865e-02
   2.7238993e-02
   2.6173091e-02
   4.6508353e-02
   6.0811501e-02
   5.4764099e-02
   3.2765642e-02
   4.2649329e-02
   5.8843065e-02
   6.0895544e-02
   2.8227573e-02
   4.3586280e-02
   3.6371842e-02
   3.0903442e-02
   2.0201856e-02
   3.8050652e-02
   3.2168362e-02
   3.7252307e-02
   1.9649532e-02
   3.2645423e-02
   1.4994037e-01
   1.6148780e-01
   5.5180416e-02
   3.0840820e-02
   1.4651577e-01
   1.5991656e-01
   6.4289995e-02
   3.9383858e-02
   1.0361704e-01
   8.9038685e-02
   2.9796897e-02
   4.1684147e-02
   6.8641365e-02
   7.0264280e-02
   2.5915638e-02
   2.9733729e-02
   6.8116300e-02
   6.1945330e-02
   2.8726533e-02
   2.9457998e-02
   7.0472308e-02
   7.0646875e-02
   3.2472268e-02
   3.1277969e-02
   4.5165896e-02
   4.3298926e-02
   1.7543094e-02
   2.6307805e-02
   3.4676451e-02
   4.2000502e-02
   1.6184781e-02
   3.0986493e-02
   2.6300035e-02
   1.9442283e-02
   2.2350468e-02
   2.9611511e-02
   2.8103532e-02
   2.7275104e-02
   2.4235170e-02
   2.6290707e-02
   1.5529245e-02
   2.0273281e-02
   1.3947349e-02
   1.9893028e-02
   1.6888406e-02
   2.9226815e-02
   1.3052192e-02
   3.5927005e-02
   3.9505538e-02
   3.7004668e-02
   2.5008600e-02
   3.7598733e-02
   4.0284660e-02
   4.9959432e-02
   3.3908956e-02
   3.2901194e-02
   2.0062620e-02
   4.5428522e-02
   1.7031096e-02
   2.8100051e-02
   3.3060107e-02
   9.3711071e-02
   2.3292786e-02
   6.1701749e-02
   8.2487717e-02
   6.0880259e-02
   2.1510592e-02
   1.1340044e-01
   1.0070443e-01
   6.7114823e-02
   2.8182471e-02
   1.0763694e-01
   4.9238980e-02
   6.2067565e-02
   1.7456533e-02
   1.2773715e-01
   1.1308663e-01
   1.4703484e-01
   2.1587197e-02
   1.7904606e-01
   1.1093390e-01
   3.1307880e-02
   1.9632239e-02
   2.6326403e-01
   1.0773506e-01
   3.1560112e-02
   2.4899483e-02
   2.1566409e-01
   4.1312996e-02
   2.8106196e-02
   1.4042403e-02
   1.9947764e-01
   8.5254036e-02
   5.4293774e-02
   2.0804407e-02
   1.4000961e-01
   5.2115124e-02
   2.6602164e-02
   1.8876493e-02
   1.2493566e-01
   4.3834314e-02
   2.7433638e-02
   2.0393627e-02
   8.6067222e-02
   1.9505164e-02
   1.9083342e-02
   1.2903319e-02
   6.1869811e-02
   2.4060538e-02
   2.6854118e-02
   2.3316462e-02
   3.8788833e-02
   7.6742873e-02
   7.8174658e-02
   3.0684477e-02
   3.1560235e-02
   6.8420567e-02
   7.3873654e-02
   3.4212422e-02
   3.2628905e-02
   4.5721605e-02
   3.9939232e-02
   1.7410109e-02
   2.8835952e-02
   3.4038734e-02
   3.9836429e-02
   1.6654268e-02
   3.5002213e-02
   2.1251042e-01
   2.3576111e-01
   8.9673296e-02
   4.0575918e-02
   2.4266103e-01
   2.7338573e-01
   1.2791277e-01
   4.5519296e-02
   1.3363162e-01
   1.1462023e-01
   5.1904347e-02
   5.8775306e-02
   1.0655411e-01
   9.8852530e-02
   4.4910673e-02
   3.5784055e-02
   9.4767354e-02
   8.8262171e-02
   3.9440427e-02
   3.8312137e-02
   1.0704305e-01
   1.1062551e-01
   5.9057731e-02
   3.4509964e-02
   5.4182332e-02
   5.3912450e-02
   2.3853378e-02
   3.4447785e-02
   4.7655404e-02
   5.2382752e-02
   2.5268357e-02
   4.0981453e-02
   3.0971419e-02
   1.9770117e-02
   2.1117469e-02
   4.3460071e-02
   3.6158770e-02
   3.3878818e-02
   3.5857219e-02
   3.3415668e-02
   1.7378256e-02
   2.7191710e-02
   1.4060375e-02
   2.5544640e-02
   1.9288236e-02
   3.4253865e-02
   1.7499525e-02
   4.4049028e-02
   3.8700096e-02
   4.1277796e-02
   2.6590534e-02
   5.2719489e-02
   4.9872801e-02
   6.6540644e-02
   4.7973182e-02
   4.5991261e-02
   2.6394447e-02
   6.1245728e-02
   1.8922757e-02
   4.2297881e-02
   4.3257281e-02
   1.2354153e-01
   3.4227952e-02
   7.4704312e-02
   6.0828418e-02
   7.2474428e-02
   2.1828957e-02
   1.1403165e-01
   1.1021464e-01
   9.1713175e-02
   3.9145753e-02
   1.2408993e-01
   6.0802665e-02
   8.2129672e-02
   1.8793520e-02
   1.6900215e-01
   1.4899385e-01
   1.9611754e-01
   3.2137647e-02
   2.3877454e-01
   5.6300845e-02
   3.5264235e-02
   2.1361478e-02
   2.9266188e-01
   9.3490608e-02
   3.3132002e-02
   3.6523700e-02
   2.4668942e-01
   5.2466277e-02
   4.2702165e-02
   1.3646335e-02
   2.5459892e-01
   1.1149797e-01
   6.4538546e-02
   2.6515732e-02
   1.9764410e-01
   3.7075542e-02
   2.2871878e-02
   1.8743223e-02
   1.5918094e-01
   4.0527016e-02
   3.0909885e-02
   2.7972123e-02
   1.0868038e-01
   2.5639674e-02
   2.6563030e-02
   1.2817077e-02
   8.1128396e-02
   2.9033603e-02
   2.6981030e-02
   2.8878275e-02
   5.3388201e-02
   1.0355726e-01
   1.0771385e-01
   4.5067023e-02
   4.4876505e-02
   1.0583375e-01
   1.1482822e-01
   6.1080489e-02
   4.1879680e-02
   5.5818826e-02
   5.0613448e-02
   2.4834609e-02
   3.7794329e-02
   4.6097979e-02
   4.4597588e-02
   2.6110904e-02
   4.1260801e-02
   1.0957625e-01
   1.4203973e-01
   9.9946059e-02
   5.9395187e-02
   2.5443295e-01
   3.0435982e-01
   1.5489838e-01
   6.1704457e-02
   1.6694215e-01
   1.4775783e-01
   7.2601378e-02
   8.4494196e-02
   1.4849366e-01
   1.3465413e-01
   7.5229131e-02
   4.5802735e-02
   5.3648967e-02
   6.1630167e-02
   4.5746274e-02
   6.0370699e-02
   1.1568339e-01
   1.2203949e-01
   7.7330872e-02
   4.7855455e-02
   7.0272297e-02
   6.9749013e-02
   3.2269433e-02
   5.1421519e-02
   6.3296705e-02
   6.5630049e-02
   4.1484635e-02
   5.7998344e-02
   1.9008016e-02
   1.7396720e-02
   1.6825469e-02
   4.9054522e-02
   3.2193284e-02
   2.7075935e-02
   3.9476037e-02
   4.8764408e-02
   2.2991266e-02
   3.7297275e-02
   1.9170105e-02
   3.6971148e-02
   2.0139016e-02
   3.4433283e-02
   2.4698794e-02
   5.6796063e-02
   3.7546873e-02
   5.3185694e-02
   2.2905832e-02
   6.4524554e-02
   5.4769374e-02
   7.5644009e-02
   5.4575883e-02
   6.5443143e-02
   3.7887547e-02
   7.0766494e-02
   2.8925018e-02
   5.1794805e-02
   5.1827941e-02
   1.1516281e-01
   6.5405339e-02
   5.8027044e-02
   6.4645402e-02
   9.7753219e-02
   2.9890010e-02
   6.8930276e-02
   1.2632626e-01
   1.0490058e-01
   5.7497475e-02
   7.7498287e-02
   7.1212918e-02
   8.2320131e-02
   2.9976754e-02
   1.2352391e-01
   1.6394907e-01
   1.7593728e-01
   6.0081493e-02
   1.5845917e-01
   5.6264807e-02
   4.1273952e-02
   2.7827419e-02
   1.2461302e-01
   1.0839700e-01
   2.9471250e-02
   6.0824428e-02
   1.1674722e-01
   6.2295482e-02
   4.7421712e-02
   2.1488864e-02
   1.4558335e-01
   1.1817257e-01
   5.8589783e-02
   4.7409270e-02
   1.5860298e-01
   2.7324321e-02
   2.0626787e-02
   2.1102747e-02
   9.3675755e-02
   2.5743026e-02
   2.6181269e-02
   3.8514197e-02
   7.4411139e-02
   3.1893015e-02
   3.6605898e-02
   1.6695643e-02
   6.4434350e-02
   3.1805381e-02
   2.9987914e-02
   4.2833023e-02
   6.0108274e-02
   5.8897000e-02
   6.6032141e-02
   5.3526770e-02
   5.2682742e-02
   1.0411574e-01
   1.2453064e-01
   8.0403440e-02
   4.8113979e-02
   6.9614626e-02
   6.5281145e-02
   3.8502764e-02
   5.3365633e-02
   5.7137713e-02
   5.2163981e-02
   4.3604430e-02
