   2.9126756e-02
   2.8018631e-02
   1.6896907e-02
   2.7509104e-02
   2.5839521e-02
   2.6630560e-02
   1.8377097e-02
   2.9975364e-02
   2.4575206e-02
   1.7647462e-02
   2.2649311e-02
   2.1510292e-02
   2.8298832e-02
   3.5061970e-02
   5.5074897e-02
   2.1144371e-02
   2.7578462e-02
   2.2422435e-02
   1.4479770e-02
   2.4000047e-02
   2.5958521e-02
   2.2197664e-02
   1.7487656e-02
   2.5480909e-02
   2.4304673e-02
   1.4675414e-02
   2.0713551e-02
   2.1672862e-02
   2.8186191e-02
   3.1719524e-02
   4.7176648e-02
   2.1488899e-02
   2.8552406e-02
   2.1596301e-02
   1.5256884e-02
   2.2438975e-02
   2.7885584e-02
   2.3552468e-02
   1.9305173e-02
   2.4907639e-02
   2.5308335e-02
   1.5005128e-02
   2.1649215e-02
   2.0274201e-02
   2.9020013e-02
   3.0234300e-02
   4.3531395e-02
   2.1250999e-02
   8.9280643e-02
   2.3335809e-02
   3.1623643e-02
   3.0842777e-02
   8.2190327e-02
   2.7174603e-02
   2.8136216e-02
   3.1627018e-02
   8.3574116e-02
   1.9167159e-02
   3.2082506e-02
   2.7583851e-02
   7.9975232e-02
   2.9920606e-02
   5.7007600e-02
   3.2052875e-02
   2.1228804e-01
   2.8805062e-02
   6.3751064e-02
   4.9249910e-02
   1.9594176e-01
   3.4214642e-02
   4.8140556e-02
   4.4415377e-02
   2.0268913e-01
   2.2760786e-02
   5.6094602e-02
   4.3929923e-02
   1.9509408e-01
   3.6601219e-02
   7.9486780e-02
   5.4426435e-02
   9.0244502e-02
   2.4236767e-02
   3.0854870e-02
   2.9816210e-02
   8.4717125e-02
   2.8450044e-02
   2.9981550e-02
   3.1520177e-02
   8.9790851e-02
   1.8156249e-02
   3.0277243e-02
   2.5313292e-02
   8.8835448e-02
   3.8787309e-02
   5.5116341e-02
   2.9515473e-02
   2.9670576e-02
   2.2915630e-02
   1.5860429e-02
   2.4491476e-02
   2.7251877e-02
   2.6071021e-02
   2.2168469e-02
   2.9367376e-02
   2.6705386e-02
   1.6319139e-02
   1.9203980e-02
   2.0030942e-02
   2.9466594e-02
   3.2372579e-02
   4.6594288e-02
   2.0918554e-02
   2.8143335e-02
   2.5018904e-02
   1.5860396e-02
   2.4564687e-02
   2.6093543e-02
   2.5605896e-02
   1.8603347e-02
   3.5979688e-02
   2.4617478e-02
   1.5087371e-02
   1.9912090e-02
   2.0305222e-02
   2.7593771e-02
   3.2036554e-02
   5.1238593e-02
   1.9979326e-02
   2.2853253e-02
   3.2304186e-02
   1.4116993e-02
   1.9860916e-02
   2.0202244e-02
   2.5967626e-02
   1.5496508e-02
   2.8166447e-02
   2.1652268e-02
   1.9713826e-02
   2.2085225e-02
   1.4740175e-02
   2.3813602e-02
   3.7715953e-02
   5.0106592e-02
   1.4809183e-02
   2.2223234e-02
   2.5666978e-02
   1.1331507e-02
   1.5694851e-02
   2.1028809e-02
   2.0733524e-02
   1.3127921e-02
   1.9718846e-02
   2.1252304e-02
   1.5295002e-02
   2.1414362e-02
   1.5959851e-02
   2.4415087e-02
   3.6155932e-02
   4.1008446e-02
   1.4814231e-02
   2.8358303e-02
   2.1420281e-02
   1.2439779e-02
   1.4075871e-02
   2.5259638e-02
   2.0178946e-02
   1.4324708e-02
   1.7998083e-02
   2.8109087e-02
   1.4732696e-02
   2.2379726e-02
   1.7030252e-02
   3.0343411e-02
   3.0715246e-02
   3.9234363e-02
   1.6686568e-02
   1.2270157e-01
   2.2090675e-02
   3.4730721e-02
   2.7399108e-02
   1.1735795e-01
   2.2549072e-02
   2.9932624e-02
   3.0442419e-02
   1.1385331e-01
   1.8574249e-02
   3.6270939e-02
   2.8284144e-02
   1.1400849e-01
   3.1705823e-02
   5.6962408e-02
   3.0902110e-02
   2.9247385e-01
   3.1112608e-02
   7.6746665e-02
   5.0011013e-02
   2.9075667e-01
   3.0311788e-02
   5.9212990e-02
   5.4049537e-02
   2.7523020e-01
   2.4680151e-02
   6.5756634e-02
   5.6419410e-02
   2.7338776e-01
   3.9070167e-02
   8.5422665e-02
   6.3193411e-02
   1.2645940e-01
   2.4697851e-02
   3.3665080e-02
   2.3827873e-02
   1.2502779e-01
   2.4206880e-02
   3.2250248e-02
   3.2039892e-02
   1.2381799e-01
   2.0582786e-02
   3.2827839e-02
   2.6127230e-02
   1.2618805e-01
   3.4242798e-02
   5.3463485e-02
   2.7040441e-02
   2.8749332e-02
   2.3722796e-02
   1.2534313e-02
   1.3641569e-02
   2.7055021e-02
   1.9903827e-02
   1.9968513e-02
   2.5793441e-02
   2.7965952e-02
   1.8738480e-02
   1.8456163e-02
   1.5433493e-02
   3.1373575e-02
   2.9750464e-02
   3.8183518e-02
   1.4072123e-02
   2.3753155e-02
   2.9758224e-02
   1.3508239e-02
   1.5374430e-02
   2.1067590e-02
   2.2217350e-02
   1.6523376e-02
   3.5358071e-02
   2.2310251e-02
   1.8175371e-02
   2.0138491e-02
   1.4587593e-02
   2.5172010e-02
   3.0419813e-02
   4.1996997e-02
   1.3454068e-02
   2.7783411e-02
   4.0170189e-02
   1.4338768e-02
   1.7011538e-02
   1.9300921e-02
   2.5096614e-02
   1.9873841e-02
   3.4373052e-02
   3.0924257e-02
   2.3353420e-02
   2.5961826e-02
   1.4968378e-02
   2.8688978e-02
   4.5373287e-02
   5.6647874e-02
   1.4024377e-02
   2.8319880e-02
   3.2503866e-02
   1.1666507e-02
   1.4843741e-02
   2.0980211e-02
   2.0610901e-02
   1.4372850e-02
   2.0343281e-02
   2.3131417e-02
   1.9191176e-02
   2.7170770e-02
   1.4281400e-02
   3.0189466e-02
   4.0612958e-02
   4.4385493e-02
   1.1914748e-02
   3.5753176e-02
   2.2111278e-02
   1.2413868e-02
   1.2561097e-02
   2.9083315e-02
   1.9876158e-02
   1.5041795e-02
   1.6169120e-02
   3.8373154e-02
   1.7623531e-02
   2.6363593e-02
   1.4254856e-02
   3.8516924e-02
   3.2954361e-02
   4.5215167e-02
   1.3340856e-02
   1.0614085e-01
   2.5267357e-02
   4.3528348e-02
   2.7505767e-02
   1.0846379e-01
   2.2729389e-02
   3.8715165e-02
   3.8214196e-02
   1.0196510e-01
   2.0787632e-02
   4.8961215e-02
   3.7586320e-02
   1.0073569e-01
   3.7251994e-02
   7.3252387e-02
   3.5906479e-02
   2.4127114e-01
   4.0469006e-02
   1.0061829e-01
   4.3777529e-02
   2.5530791e-01
   3.2037713e-02
   7.7581070e-02
   7.8038715e-02
   2.3043323e-01
   2.9242983e-02
   9.2064470e-02
   8.3248228e-02
   2.3306775e-01
   4.4785246e-02
   1.1287642e-01
   8.1063122e-02
   1.1349131e-01
   2.7727967e-02
   4.2009804e-02
   2.1418458e-02
   1.1761424e-01
   2.3208627e-02
   4.6154555e-02
   4.0435497e-02
   1.1048902e-01
   2.4382649e-02
   4.6043299e-02
   3.3072561e-02
   1.1291733e-01
   3.9107397e-02
   6.1548159e-02
   3.0841544e-02
   3.9074752e-02
   2.1454059e-02
   1.3562020e-02
   1.2694116e-02
   3.0696960e-02
   2.1231068e-02
   2.4752103e-02
   2.9064737e-02
   4.0009588e-02
   2.0312384e-02
   2.0648427e-02
   1.6087124e-02
   4.1668467e-02
   3.2045849e-02
   3.8800724e-02
   1.3423299e-02
   2.9254662e-02
   3.1727336e-02
   1.3145512e-02
   1.3303057e-02
   2.3333348e-02
   2.1371622e-02
   2.1421956e-02
   4.7855943e-02
   2.7047066e-02
   2.3538910e-02
   1.9709460e-02
   1.3863295e-02
   3.0616220e-02
   3.3436961e-02
   4.4979930e-02
   1.0179197e-02
   3.0222435e-02
   2.8435798e-02
   2.0564998e-02
   2.0946588e-02
   2.1959601e-02
   3.0130403e-02
   2.0826055e-02
   5.3296726e-02
   4.7192205e-02
   1.6200263e-02
   3.1269971e-02
   1.7622454e-02
   2.9383834e-02
   5.6263607e-02
   9.1239288e-02
   1.7261028e-02
   3.9424028e-02
   3.0176958e-02
   1.3306116e-02
   1.6322095e-02
   2.2248330e-02
   2.6572809e-02
   1.5152241e-02
   2.4332954e-02
   2.2261348e-02
   2.1148786e-02
   2.7857525e-02
   1.4367457e-02
   3.6705166e-02
   3.9045092e-02
   5.8390040e-02
   1.4950698e-02
   4.2858835e-02
   2.0954479e-02
   1.4528614e-02
   1.4848772e-02
   2.6208444e-02
   1.9375969e-02
   1.5534832e-02
   1.8747445e-02
   2.5438646e-02
   2.2873646e-02
   2.4544960e-02
   9.1792904e-03
   4.2001918e-02
   3.2420795e-02
   5.7917174e-02
   1.5188777e-02
   5.3749446e-02
   3.4095328e-02
   4.8521664e-02
   4.0452015e-02
   5.6695532e-02
   3.1481624e-02
   5.6209214e-02
   4.8521750e-02
   7.0554927e-02
   3.0356511e-02
   5.6952089e-02
   3.5877824e-02
   7.4707486e-02
   4.7027741e-02
   6.7299224e-02
   4.2402525e-02
   1.1928623e-01
   7.4907519e-02
   1.1092046e-01
   6.0784016e-02
   1.2718852e-01
   5.4019675e-02
   1.1707160e-01
   8.1738345e-02
   1.4720067e-01
   5.6584079e-02
   1.1634807e-01
   8.5264497e-02
   1.5523559e-01
   7.1128294e-02
   1.3138230e-01
   9.9198669e-02
   6.2440142e-02
   3.9195612e-02
   4.7940183e-02
   2.6090460e-02
   5.4400649e-02
   3.3482082e-02
   5.7628747e-02
   3.9303835e-02
   7.2224602e-02
   2.9403998e-02
   6.0249284e-02
   3.3271261e-02
   6.8961859e-02
   5.2931186e-02
   8.0887698e-02
   3.7493214e-02
   4.0860966e-02
   1.9153947e-02
   1.7847417e-02
   1.8639449e-02
   2.9681588e-02
   2.4508065e-02
   2.8520547e-02
   4.7609724e-02
   2.4448045e-02
   1.5313148e-02
   2.6017904e-02
   1.3699840e-02
   4.2341292e-02
   4.0031943e-02
   5.2214503e-02
   1.3148934e-02
   3.7275866e-02
   2.8713144e-02
   1.8421110e-02
   1.8612700e-02
   2.4768807e-02
   2.8733237e-02
   2.6294719e-02
   8.0407076e-02
   2.7466757e-02
   1.6616691e-02
   2.1658676e-02
   1.4050690e-02
   3.0609176e-02
   5.1630702e-02
   7.2498910e-02
   1.1607453e-02
