   4.8841331e-02
   5.3050730e-02
   5.3137638e-02
   2.0159315e-02
   4.3991834e-02
   5.2385580e-02
   4.5715444e-02
   1.9954599e-02
   4.2790402e-02
   7.0388362e-02
   7.2153144e-02
   2.8549105e-02
   4.6282478e-02
   6.0387909e-02
   5.8270931e-02
   2.9364424e-02
   3.5737179e-02
   2.8454278e-02
   3.2003477e-02
   1.5831044e-02
   3.0622711e-02
   2.7416557e-02
   2.7206240e-02
   1.4140490e-02
   2.9486477e-02
   3.5962854e-02
   4.0352937e-02
   1.9450773e-02
   3.3788886e-02
   3.2630973e-02
   3.6805291e-02
   2.1632344e-02
   2.9700078e-02
   1.3644882e-02
   2.1160098e-02
   1.5327444e-02
   2.3238838e-02
   1.0803949e-02
   1.7541029e-02
   1.0951985e-02
   2.3376746e-02
   1.2714993e-02
   2.2064336e-02
   1.4712190e-02
   2.5207849e-02
   1.3363717e-02
   2.2154117e-02
   1.8054837e-02
   5.7361018e-02
   2.7957439e-02
   3.2589734e-02
   1.5854964e-02
   5.5099126e-02
   2.6805077e-02
   3.8515028e-02
   1.2764516e-02
   4.8311036e-02
   2.0805983e-02
   3.8127590e-02
   1.5103774e-02
   4.8521899e-02
   2.1891870e-02
   3.5256721e-02
   1.9883268e-02
   1.2755507e-01
   5.9990037e-02
   5.5429667e-02
   1.9787256e-02
   1.3043065e-01
   6.0681291e-02
   8.3063833e-02
   1.8055152e-02
   1.0397087e-01
   4.1124031e-02
   7.3176622e-02
   1.7976040e-02
   1.0255352e-01
   4.1452270e-02
   6.3661903e-02
   2.3385242e-02
   6.3038148e-02
   3.0793699e-02
   3.5541613e-02
   2.3810668e-02
   6.1857324e-02
   2.8683929e-02
   4.4252861e-02
   1.2891218e-02
   5.3370260e-02
   2.2744436e-02
   4.0268075e-02
   1.4601759e-02
   5.3996466e-02
   2.4101056e-02
   3.6979452e-02
   1.8922269e-02
   2.8622860e-02
   1.3683122e-02
   2.2547726e-02
   2.6548896e-02
   2.3712976e-02
   1.0092452e-02
   1.9108493e-02
   1.2089716e-02
   2.5671478e-02
   1.2821434e-02
   2.1913350e-02
   1.3388535e-02
   2.7420765e-02
   1.3748252e-02
   2.2438724e-02
   1.6850768e-02
   3.5429213e-02
   2.6338443e-02
   3.2220725e-02
   1.9180477e-02
   3.0606266e-02
   2.4545169e-02
   2.6155986e-02
   1.3739316e-02
   3.0012906e-02
   3.1589933e-02
   3.6478240e-02
   1.7947597e-02
   3.2078829e-02
   2.7180297e-02
   3.2383822e-02
   2.0306284e-02
   5.1488068e-02
   7.4584596e-02
   7.2650224e-02
   2.2397751e-02
   5.5855110e-02
   8.3500594e-02
   6.0617715e-02
   2.4426542e-02
   5.2525438e-02
   1.0856003e-01
   1.0789205e-01
   4.0057797e-02
   5.4720350e-02
   8.2654290e-02
   7.4260250e-02
   3.4613285e-02
   3.4504451e-02
   3.9923441e-02
   4.0565670e-02
   1.3462591e-02
   3.2093957e-02
   4.4170499e-02
   3.4426250e-02
   1.4101397e-02
   3.2152247e-02
   5.4430421e-02
   5.8197569e-02
   2.2176806e-02
   3.5382468e-02
   4.3068267e-02
   4.3510724e-02
   2.1343458e-02
   2.8088920e-02
   1.8328285e-02
   2.3324966e-02
   1.1214987e-02
   1.8425627e-02
   1.5059449e-02
   2.0464653e-02
   7.8121368e-03
   2.1651840e-02
   1.7072497e-02
   2.8027557e-02
   1.0650152e-02
   2.3835670e-02
   1.6704420e-02
   2.3371166e-02
   1.2924406e-02
   8.0894522e-02
   4.1327972e-02
   4.2146187e-02
   1.3242109e-02
   7.6209426e-02
   4.0691581e-02
   5.5003643e-02
   1.1286247e-02
   6.8460420e-02
   3.0022180e-02
   5.4446664e-02
   1.3456806e-02
   6.7701079e-02
   3.0913092e-02
   4.9581420e-02
   1.7617868e-02
   1.9456017e-01
   9.7185239e-02
   8.0870055e-02
   2.0493004e-02
   2.0410411e-01
   9.9631824e-02
   1.2910381e-01
   2.1832876e-02
   1.6397958e-01
   6.6138551e-02
   1.1571880e-01
   2.0137988e-02
   1.6385424e-01
   6.3631468e-02
   1.0008753e-01
   2.6824525e-02
   8.8118061e-02
   4.6947267e-02
   4.8162233e-02
   2.2895886e-02
   8.8996917e-02
   4.5840271e-02
   6.5540768e-02
   1.2622521e-02
   7.8778535e-02
   3.3854127e-02
   5.8966223e-02
   1.3406051e-02
   8.1347920e-02
   3.4901693e-02
   4.9699631e-02
   1.8038979e-02
   2.5511628e-02
   1.9443262e-02
   2.2384392e-02
   2.7662111e-02
   1.9101365e-02
   1.4142207e-02
   2.4364388e-02
   7.8779887e-03
   2.3822010e-02
   1.6900640e-02
   2.6581576e-02
   1.0188381e-02
   2.8375311e-02
   1.6916603e-02
   2.3165353e-02
   1.2443995e-02
   3.3220898e-02
   3.4357924e-02
   3.7989002e-02
   1.9478684e-02
   2.8762305e-02
   3.5935033e-02
   3.3312406e-02
   1.2442861e-02
   3.0583907e-02
   4.4291019e-02
   4.6352092e-02
   1.8483635e-02
   3.1447154e-02
   3.3354621e-02
   3.4091808e-02
   1.6436389e-02
   7.3510826e-02
   1.2586068e-01
   1.2454026e-01
   3.9401058e-02
   7.7698402e-02
   1.2952664e-01
   1.1515655e-01
   4.4645797e-02
   6.4543679e-02
   1.4118901e-01
   1.3675740e-01
   5.9522852e-02
   8.2718447e-02
   1.3598795e-01
   1.2132520e-01
   6.0299542e-02
   5.0869346e-02
   6.2908627e-02
   6.5102763e-02
   2.1228153e-02
   4.4003054e-02
   6.1706785e-02
   5.5631932e-02
   2.3218382e-02
   3.5889179e-02
   6.8576753e-02
   6.9781914e-02
   3.1697109e-02
   5.2542783e-02
   6.7137696e-02
   6.3218653e-02
   3.3333417e-02
   4.0235728e-02
   2.8283797e-02
   3.0595865e-02
   1.4209369e-02
   2.1693766e-02
   2.3327880e-02
   2.4581486e-02
   9.4356406e-03
   3.0477183e-02
   2.5360633e-02
   3.1616502e-02
   1.1802105e-02
   3.3645913e-02
   2.3858655e-02
   2.9040864e-02
   1.3203560e-02
   1.0537118e-01
   6.8135597e-02
   6.5104954e-02
   1.5981877e-02
   9.9253781e-02
   6.1967995e-02
   7.3185772e-02
   1.5521187e-02
   8.8445179e-02
   4.5240767e-02
   7.4802816e-02
   1.5901258e-02
   8.6298890e-02
   4.4761758e-02
   6.6693522e-02
   2.2541765e-02
   2.4820623e-01
   1.6725712e-01
   1.3364057e-01
   2.9776672e-02
   2.6828134e-01
   1.6023631e-01
   1.8718325e-01
   3.0839691e-02
   2.0928858e-01
   1.0067148e-01
   1.5094574e-01
   2.8594246e-02
   2.1292932e-01
   9.1129690e-02
   1.3778529e-01
   3.8575530e-02
   1.1126216e-01
   7.9240628e-02
   6.5614313e-02
   3.4772798e-02
   1.1660882e-01
   7.0711240e-02
   8.6385153e-02
   1.7266881e-02
   1.0043743e-01
   5.2376464e-02
   7.5650267e-02
   1.4907205e-02
   1.0341851e-01
   4.7006380e-02
   6.8704620e-02
   2.4225628e-02
   3.7196796e-02
   2.9847508e-02
   2.9145241e-02
   4.5690678e-02
   2.1261046e-02
   1.7135561e-02
   3.1581167e-02
   9.0327943e-03
   3.2131888e-02
   2.5115009e-02
   2.9966544e-02
   1.1007963e-02
   3.4067534e-02
   2.2648469e-02
   2.9572600e-02
   1.3913380e-02
   4.6252925e-02
   5.0739489e-02
   5.9296403e-02
   3.3584259e-02
   3.7807610e-02
   5.1170658e-02
   5.3320602e-02
   1.9359177e-02
   3.5905719e-02
   5.3176105e-02
   5.4859944e-02
   2.6288742e-02
   4.1566361e-02
   4.9506824e-02
   4.6442840e-02
   2.3526626e-02
   9.2575267e-02
   1.8738343e-01
   2.4916026e-01
   8.5577652e-02
   8.6817525e-02
   1.6513379e-01
   1.6658865e-01
   8.4056497e-02
   9.2833385e-02
   2.0848338e-01
   1.9091357e-01
   1.0714147e-01
   1.1503816e-01
   1.9514228e-01
   1.7980960e-01
   1.0631784e-01
   6.2472541e-02
   8.8009641e-02
   1.1992440e-01
   4.2419352e-02
   5.4273795e-02
   7.4819677e-02
   7.3149532e-02
   4.3775551e-02
   4.9972523e-02
   9.9669404e-02
   9.0421751e-02
   5.7316393e-02
   7.0636302e-02
   9.1591813e-02
   8.6303361e-02
   5.9442267e-02
   4.6169374e-02
   3.0268805e-02
   4.0429357e-02
   2.7805049e-02
   2.8052226e-02
   3.3941187e-02
   2.0079585e-02
   1.6777465e-02
   3.8054727e-02
   3.8887449e-02
   3.1323940e-02
   2.0843372e-02
   3.3088937e-02
   2.5492033e-02
   3.4908637e-02
   1.7564155e-02
   7.5017177e-02
   8.2494989e-02
   6.2806062e-02
   3.0349299e-02
   7.9232819e-02
   6.5290131e-02
   7.0483312e-02
   3.0958958e-02
   7.8818932e-02
   5.3761564e-02
   7.8407198e-02
   2.7193064e-02
   7.7721335e-02
   5.3481389e-02
   6.4114153e-02
   3.3667784e-02
   1.7001085e-01
   2.0540792e-01
   1.3622250e-01
   6.1118092e-02
   2.0029877e-01
   1.7255615e-01
   1.9030657e-01
   7.2331935e-02
   1.5577550e-01
   1.0918545e-01
   1.5040594e-01
   5.4427516e-02
   1.5285173e-01
   1.0648987e-01
   1.3012996e-01
   6.3326098e-02
   8.6229742e-02
   8.8316932e-02
   6.7082942e-02
   5.7660967e-02
   8.7518021e-02
   7.6390982e-02
   8.7189466e-02
   3.5576414e-02
   9.1010928e-02
   6.0489882e-02
   7.6718152e-02
   2.9500443e-02
   6.9240101e-02
   5.3832091e-02
   7.8476891e-02
   3.0961800e-02
   5.1268019e-02
   3.2370418e-02
   3.8987204e-02
   7.3501609e-02
   2.6622977e-02
   1.9699866e-02
   3.2209385e-02
   1.2741341e-02
   3.5679515e-02
   3.7101418e-02
   3.5970915e-02
   1.7898381e-02
   3.9779875e-02
   2.1783475e-02
   3.3088963e-02
   1.5485401e-02
   6.6073395e-02
   6.8155743e-02
   1.1317255e-01
   6.3182868e-02
   4.5680560e-02
   6.1728369e-02
   6.9962844e-02
   3.1725571e-02
   4.4198062e-02
   7.7204764e-02
   6.3945539e-02
   5.2094270e-02
   6.3112758e-02
   6.7710012e-02
   5.7976481e-02
   3.9979100e-02
