   2.6648186e-02
   3.5135727e-02
   2.6281042e-02
   3.3169631e-02
   1.6163517e-02
   7.0148759e-02
   6.0455628e-02
   2.8566334e-02
   1.3893186e-02
   6.0125645e-02
   4.9679436e-02
   3.2881692e-02
   1.1514688e-02
   3.8441561e-02
   5.6157965e-02
   3.4533698e-02
   1.5356849e-02
   1.4848185e-02
   1.4040551e-02
   3.0576238e-02
   1.5984284e-02
   5.8238920e-02
   5.4776281e-02
   2.8014578e-02
   1.1549723e-02
   3.3834107e-02
   3.7279490e-02
   2.8696159e-02
   1.9447565e-02
   2.2823201e-02
   3.4373440e-02
   3.4457266e-02
   1.3701394e-02
   5.8928458e-03
   1.0099879e-02
   3.1366840e-02
   3.1982996e-02
   5.0572082e-02
   5.1375199e-02
   2.7907606e-02
   1.4248324e-02
   2.7649583e-02
   2.8915729e-02
   2.6226541e-02
   3.0917302e-02
   1.8183379e-02
   2.2797057e-02
   3.4117211e-02
   1.7613474e-02
   5.7060998e-03
   1.1326295e-02
   3.2569103e-02
   6.3256852e-02
   6.8936959e-02
   5.5840518e-02
   2.6939329e-02
   2.0476917e-02
   4.9252566e-02
   3.3230711e-02
   2.5968563e-02
   1.5534480e-02
   2.8781855e-02
   2.4462938e-02
   3.4488421e-02
   1.3221253e-02
   5.8657886e-03
   1.7334390e-02
   3.6657650e-02
   3.0157404e-02
   6.7161143e-02
   9.4307303e-02
   3.3749651e-02
   1.3181192e-02
   3.7355553e-02
   6.6889070e-02
   2.6888484e-02
   1.2180988e-02
   2.0378670e-02
   4.2655122e-02
   3.5837788e-02
   1.0200537e-02
   5.8851829e-03
   1.5319156e-02
   3.5909381e-02
   1.5172542e-02
   4.4618465e-02
   7.6541968e-02
   3.6807641e-02
   1.0205808e-02
   1.9127749e-02
   6.1152387e-02
   3.2567468e-02
   1.1485397e-02
   1.0710242e-02
   4.1446101e-02
   5.3295691e-02
   1.0261272e-02
   6.0205418e-03
   9.2674252e-03
   2.8399441e-02
   1.5518665e-02
   4.7759198e-02
   5.0749138e-02
   2.7257528e-02
   1.0923447e-02
   1.9632630e-02
   2.8214356e-02
   3.6151301e-02
   1.2332382e-02
   1.0755238e-02
   2.3996703e-02
   7.6188281e-02
   1.7108874e-02
   1.6525665e-02
   1.5423750e-02
   3.0110175e-02
   1.7213093e-02
   5.4689091e-02
   5.5025380e-02
   2.6915370e-02
   1.2066678e-02
   3.4078885e-02
   3.4206316e-02
   3.3925548e-02
   1.1820004e-02
   1.8532433e-02
   3.5008546e-02
   4.3927655e-02
   3.3769749e-02
   4.8241209e-02
   3.6561769e-02
   2.1512516e-02
   9.4529977e-03
   4.8257217e-02
   4.3668848e-02
   1.4434695e-02
   9.4828838e-03
   7.1361825e-02
   5.0591640e-02
   2.6563931e-02
   7.6483204e-03
   5.3486358e-02
   6.9329552e-02
   2.4320804e-02
   1.9225020e-02
   1.8423587e-02
   1.7326953e-02
   2.0588448e-02
   1.1404846e-02
   4.1763268e-02
   4.0046826e-02
   1.3364555e-02
   7.6135150e-03
   3.8117561e-02
   3.1865433e-02
   2.1235663e-02
   1.8873220e-02
   3.1340048e-02
   3.7267737e-02
   2.0092968e-02
   1.7232513e-02
   4.0943269e-03
   9.6607385e-03
   2.3682540e-02
   4.2405002e-02
   4.3290395e-02
   3.9417960e-02
   1.3027566e-02
   1.3123165e-02
   3.1195901e-02
   2.1390459e-02
   1.7509088e-02
   3.1749167e-02
   2.2662807e-02
   2.0697767e-02
   2.0765634e-02
   2.2200286e-02
   4.0031830e-03
   1.2043760e-02
   2.5250630e-02
   9.3644641e-02
   8.8787712e-02
   5.1413313e-02
   1.4457073e-02
   2.2458863e-02
   6.0133647e-02
   3.4183774e-02
   1.7067211e-02
   1.3509563e-02
   3.6406569e-02
   2.8991817e-02
   2.4070136e-02
   1.6349871e-02
   4.2022695e-03
   2.0715145e-02
   3.5543602e-02
   3.8512196e-02
   8.7885581e-02
   1.1837051e-01
   3.2583598e-02
   1.2732362e-02
   4.2924490e-02
   8.9478850e-02
   1.8134503e-02
   7.5989459e-03
   2.5037022e-02
   5.5877954e-02
   2.7076874e-02
   1.0874337e-02
   3.8694588e-03
   1.8757340e-02
   3.4694813e-02
   1.1538970e-02
   4.0642083e-02
   9.1485709e-02
   4.1251309e-02
   7.8158788e-03
   1.9482456e-02
   8.7738954e-02
   2.7812378e-02
   6.6231322e-03
   1.2616144e-02
   5.3314805e-02
   5.0055299e-02
   1.0526585e-02
   4.2603714e-03
   1.0768029e-02
   2.0565374e-02
   9.9854320e-03
   3.6434706e-02
   4.4972036e-02
   1.8356487e-02
   6.5978225e-03
   1.7371764e-02
   3.3195876e-02
   3.3318792e-02
   7.3017739e-03
   1.2265308e-02
   2.7481832e-02
   8.1934087e-02
   1.9864162e-02
   2.1465465e-02
   1.9637095e-02
   1.9636001e-02
   9.8927319e-03
   3.9956950e-02
   4.0338248e-02
   1.3830916e-02
   7.9294685e-03
   3.6346555e-02
   3.0847460e-02
   3.0092126e-02
   6.3695051e-03
   2.3681531e-02
   4.0744696e-02
   3.8280386e-02
   4.8764765e-02
   8.8251956e-02
   6.7843370e-02
   2.1044543e-02
   8.8457009e-03
   3.4113191e-02
   3.0249501e-02
   9.3521979e-03
   7.3140492e-03
   6.7219570e-02
   4.6076708e-02
   2.7666448e-02
   7.2663226e-03
   7.2325975e-02
   7.7769473e-02
   1.7940970e-02
   2.8668264e-02
   3.3081844e-02
   2.9249229e-02
   2.1059411e-02
   9.8947519e-03
   3.2053445e-02
   2.7302606e-02
   8.4220804e-03
   7.0288358e-03
   4.0146232e-02
   3.4432374e-02
   2.0444328e-02
   2.0281203e-02
   4.8205718e-02
   4.2457525e-02
   1.3902419e-02
   2.5386082e-02
   4.7906595e-03
   1.4459547e-02
   2.7380692e-02
   4.7153324e-02
   3.2953966e-02
   3.1187799e-02
   7.8486251e-03
   1.0691409e-02
   3.1153055e-02
   2.1219112e-02
   1.5145232e-02
   3.0439610e-02
   3.2266486e-02
   2.5391938e-02
   1.4347776e-02
   3.0335423e-02
   3.3362743e-03
   1.6444761e-02
   3.1050021e-02
   1.1196315e-01
   5.5809300e-02
   4.1419294e-02
   1.1032069e-02
   1.7922230e-02
   5.5488333e-02
   3.6581185e-02
   1.4721889e-02
   1.3568125e-02
   4.4719968e-02
   3.8556814e-02
   1.9489590e-02
   2.3561832e-02
   3.6170408e-03
   2.6666269e-02
   5.3891353e-02
   4.7054581e-02
   5.1157095e-02
   8.3402358e-02
   3.9739735e-02
   1.2014935e-02
   4.1262776e-02
   1.1639676e-01
   1.5879439e-02
   8.4476983e-03
   2.9069221e-02
   8.5603610e-02
   2.4282575e-02
   1.5330828e-02
   3.8008364e-03
   2.6011284e-02
   4.8801780e-02
   1.0728146e-02
   3.2076649e-02
   8.0811046e-02
   5.1892396e-02
   6.7906729e-03
   1.9193439e-02
   1.1786191e-01
   2.9734423e-02
   6.4059845e-03
   1.4716048e-02
   8.1521265e-02
   5.4621685e-02
   1.4968974e-02
   4.9161683e-03
   1.7699396e-02
   2.1625876e-02
   8.9271581e-03
   2.6997630e-02
   3.3198372e-02
   1.5601616e-02
   5.9802448e-03
   2.0979492e-02
   3.8185641e-02
   3.0302372e-02
   7.9475008e-03
   1.4118786e-02
   3.8746953e-02
   9.9233940e-02
   2.8940650e-02
   3.8859420e-02
   3.5071947e-02
   1.9494295e-02
   8.3345985e-03
   3.1714343e-02
   2.9969826e-02
   9.7443201e-03
   6.6935578e-03
   3.5386380e-02
   3.0421047e-02
   3.1507581e-02
   5.5621718e-03
   3.2792378e-02
   5.1487520e-02
   4.1593019e-02
   5.5258807e-02
   8.3417475e-02
   7.7113606e-02
   2.5413044e-02
   1.0905941e-02
   3.7448063e-02
   3.1785335e-02
   8.1862854e-03
   7.0156590e-03
   7.3004186e-02
   6.4604118e-02
   2.7290557e-02
   1.0252163e-02
   1.0133954e-01
   9.3859203e-02
   1.9351771e-02
   3.4074120e-02
   2.9989894e-02
   4.5937639e-02
   2.6720060e-02
   1.2074842e-02
   2.3549709e-02
   2.0900734e-02
   6.5601533e-03
   8.4266746e-03
   4.5436133e-02
   4.0569972e-02
   2.0399511e-02
   3.5917886e-02
   7.4224055e-02
   5.3753428e-02
   1.5381215e-02
   3.4243934e-02
   8.1863701e-03
   2.1410663e-02
   3.7691299e-02
   3.3466779e-02
   2.3846541e-02
   2.4456527e-02
   6.9673453e-03
   1.7958900e-02
   4.3226354e-02
   2.6600620e-02
   1.8913234e-02
   5.5092823e-02
   5.5717304e-02
   3.3897765e-02
   1.2741992e-02
   3.3507451e-02
   5.6566987e-03
   2.7462613e-02
   4.6573959e-02
   7.4817285e-02
   5.3467199e-02
   4.8448958e-02
   1.7751586e-02
   2.9681448e-02
   8.6398669e-02
   3.1372454e-02
   2.0204253e-02
   2.2656273e-02
   6.6334054e-02
   3.8321141e-02
   1.7489597e-02
   2.9310239e-02
   5.0061676e-03
   4.4255614e-02
   9.4363391e-02
   4.3140158e-02
   5.8694102e-02
   1.3175847e-01
   7.5190715e-02
   1.7815433e-02
   6.3042596e-02
   1.1715253e-01
   2.5489705e-02
   1.5839286e-02
   3.6853973e-02
   8.9433216e-02
   2.5625106e-02
   1.6699905e-02
   6.1794152e-03
   4.3414690e-02
   8.1609674e-02
   1.4873177e-02
   3.5817161e-02
   1.2083500e-01
   9.1884412e-02
   1.0069024e-02
   2.1312961e-02
   1.2816000e-01
   4.5909658e-02
   1.1641461e-02
   1.6396357e-02
   9.0683907e-02
   3.8587660e-02
   1.7268285e-02
   6.9454121e-03
   3.1254362e-02
   3.0150363e-02
   9.3422635e-03
   2.4140781e-02
   3.1116387e-02
   2.2071015e-02
   8.6284857e-03
   2.4760874e-02
   3.6333948e-02
   3.5796516e-02
   1.4056019e-02
   2.0315750e-02
   5.3955287e-02
   6.2402718e-02
   3.7932061e-02
   4.2763889e-02
   3.6909036e-02
   2.1167096e-02
   1.1641302e-02
   2.5937906e-02
   2.2329181e-02
   7.6113995e-03
   8.2873730e-03
   3.9949011e-02
   4.5753345e-02
   2.4152027e-02
   8.8699814e-03
   4.5060128e-02
   6.5361992e-02
   3.3026375e-02
