   4.0679425e-03
   4.8764767e-03
   1.2260999e-02
   2.6691135e-02
   4.5133106e-02
   4.6350863e-02
   4.6880946e-02
   5.5195287e-02
   6.0689099e-02
   4.8881877e-02
   5.6410715e-02
   3.4181278e-02
   7.9638660e-02
   2.9058501e-02
   2.9531829e-02
   3.4389183e-02
   2.6183736e-03
   3.3698431e-03
   1.1925203e-02
   2.8481919e-02
   2.3204258e-02
   2.0383906e-02
   2.3942154e-02
   3.7881099e-02
   8.0659717e-02
   3.2600984e-02
   2.7581835e-02
   3.1211786e-02
   1.3290258e-01
   2.5087325e-02
   2.9034195e-02
   3.3784002e-02
   2.2281210e-03
   2.9324018e-03
   1.1993084e-02
   2.8836906e-02
   1.2122464e-02
   7.8088078e-03
   1.4826924e-02
   2.8979477e-02
   6.5653227e-02
   2.3236590e-02
   1.2777780e-02
   2.8138021e-02
   1.1204903e-01
   2.2168759e-02
   2.6902707e-02
   3.3192132e-02
   2.4692004e-03
   3.0398562e-03
   2.0078113e-02
   2.9769447e-02
   1.2347485e-02
   7.7107889e-03
   1.7992700e-02
   2.7192468e-02
   6.0108412e-02
   2.5916874e-02
   1.2702789e-02
   3.2217398e-02
   7.6221183e-02
   2.5401246e-02
   2.7107248e-02
   3.2281972e-02
   3.0095531e-03
   3.0765238e-03
   2.4607534e-02
   2.8180180e-02
   1.3210883e-02
   9.6872775e-03
   2.2867953e-02
   2.6604585e-02
   8.7326810e-02
   5.3061977e-02
   1.3690742e-02
   3.0884329e-02
   7.9620481e-02
   3.7489571e-02
   2.7581209e-02
   3.4983594e-02
   3.2879885e-03
   3.0307309e-03
   1.4161459e-02
   2.7065795e-02
   1.5086762e-02
   9.3120122e-03
   1.7919634e-02
   2.6764145e-02
   1.0471854e-01
   4.8345678e-02
   1.3298897e-02
   2.7623227e-02
   1.0100423e-01
   3.2703076e-02
   2.7220199e-02
   3.2809138e-02
   2.5447283e-03
   3.1272231e-03
   1.1743939e-02
   2.7874487e-02
   1.3475870e-02
   8.5091814e-03
   1.4942002e-02
   2.7840359e-02
   6.3773371e-02
   2.3903083e-02
   1.2728165e-02
   2.7104665e-02
   6.2059440e-02
   2.3605887e-02
   2.8362453e-02
   3.2358129e-02
   2.7054236e-03
   3.5536957e-03
   1.1163542e-02
   2.8379576e-02
   2.1938318e-02
   2.0249348e-02
   2.4440385e-02
   3.5793062e-02
   5.4892056e-02
   3.2377303e-02
   2.7353188e-02
   2.9073179e-02
   9.0950064e-02
   2.5254700e-02
   2.9394213e-02
   3.3190817e-02
   3.9942232e-03
   4.7310172e-03
   1.0962911e-02
   1.5425831e-02
   6.4781472e-02
   6.9047548e-02
   6.4190097e-02
   6.4603999e-02
   4.5688555e-02
   4.8752852e-02
   7.7452742e-02
   3.0268706e-02
   4.2164490e-02
   2.9013850e-02
   1.5236667e-02
   1.9452471e-02
   2.4531584e-03
   2.8527358e-03
   9.3283411e-03
   1.5986802e-02
   2.8170353e-02
   2.8245313e-02
   2.7770214e-02
   3.2639634e-02
   3.4031097e-02
   3.1938575e-02
   3.4014091e-02
   2.6216859e-02
   3.1375457e-02
   2.1098571e-02
   1.4558909e-02
   1.7034441e-02
   1.9577746e-03
   2.0529637e-03
   8.5225627e-03
   1.8363956e-02
   9.6140020e-03
   6.4990819e-03
   1.0118370e-02
   1.7022261e-02
   3.1704083e-02
   1.8275015e-02
   8.7150838e-03
   2.0889401e-02
   3.7208471e-02
   1.7209351e-02
   1.3848498e-02
   1.6022885e-02
   2.2970787e-03
   2.1217179e-03
   2.5531558e-02
   2.0325378e-02
   9.7562820e-03
   6.8499241e-03
   1.7354609e-02
   1.7277246e-02
   3.1721737e-02
   2.3920452e-02
   8.7740449e-03
   2.4534512e-02
   3.5150401e-02
   2.0145951e-02
   1.5150693e-02
   1.6762435e-02
   3.1594781e-03
   2.3819229e-03
   3.2504849e-02
   1.8115319e-02
   1.2288814e-02
   8.8407295e-03
   2.6274713e-02
   1.7298276e-02
   4.5324229e-02
   7.6599725e-02
   8.9284638e-03
   2.3602195e-02
   6.0102563e-02
   4.1722286e-02
   1.7298959e-02
   1.7842527e-02
   3.3069260e-03
   2.4055357e-03
   1.1440925e-02
   1.5796332e-02
   1.5378430e-02
   8.8603990e-03
   1.6437817e-02
   1.6140489e-02
   6.7343719e-02
   7.1111761e-02
   8.1792092e-03
   1.9672085e-02
   6.2214483e-02
   3.5302464e-02
   1.5002525e-02
   1.7594775e-02
   2.4963759e-03
   2.7171837e-03
   8.5200593e-03
   1.5624350e-02
   1.2202721e-02
   7.7220839e-03
   1.1437668e-02
   1.5471087e-02
   3.9533690e-02
   2.4405723e-02
   8.6659780e-03
   1.9322166e-02
   3.6607854e-02
   1.9200524e-02
   1.5839120e-02
   1.8416757e-02
   2.6856330e-03
   3.3495876e-03
   9.5305229e-03
   1.5304340e-02
   2.7158372e-02
   2.7311862e-02
   2.8179528e-02
   3.1983439e-02
   3.7438679e-02
   3.0117013e-02
   3.2112479e-02
   2.3039909e-02
   3.4852147e-02
   2.2470241e-02
   1.5110758e-02
   1.9144552e-02
   5.5312393e-03
   5.5350023e-03
   9.4324537e-03
   9.8674549e-03
   9.5538050e-02
   1.0178094e-01
   9.3807653e-02
   1.0099263e-01
   4.5163687e-02
   7.8863971e-02
   1.3917199e-01
   3.4400593e-02
   4.0227979e-02
   3.6490943e-02
   1.0616457e-02
   1.0925645e-02
   3.3364960e-03
   2.8432601e-03
   8.9890715e-03
   1.0353974e-02
   4.1205030e-02
   4.1055761e-02
   3.8976811e-02
   4.3716181e-02
   2.8141351e-02
   4.7783617e-02
   6.0182545e-02
   3.5107847e-02
   2.9415108e-02
   2.5765438e-02
   1.0027120e-02
   9.8287286e-03
   2.2989903e-03
   2.0477793e-03
   1.0069305e-02
   1.2629641e-02
   1.0714896e-02
   7.5198291e-03
   1.0603544e-02
   1.2311314e-02
   2.4924507e-02
   2.3935778e-02
   9.1904895e-03
   2.2534644e-02
   3.1565733e-02
   1.6741609e-02
   9.5913680e-03
   1.0319774e-02
   3.0957032e-03
   1.8131260e-03
   4.0181980e-02
   1.6170604e-02
   1.0966945e-02
   8.7058181e-03
   2.4974015e-02
   1.3411969e-02
   2.9777886e-02
   2.9702442e-02
   7.5168107e-03
   1.9144217e-02
   3.1050641e-02
   1.8103341e-02
   1.0864368e-02
   1.1805011e-02
   5.1191696e-03
   2.0395892e-03
   5.4641064e-02
   1.5240981e-02
   1.3889526e-02
   1.2551174e-02
   4.1218884e-02
   1.4644993e-02
   5.3225853e-02
   1.1229289e-01
   6.9360263e-03
   2.1637166e-02
   7.7448197e-02
   4.7633469e-02
   1.4008770e-02
   1.3100905e-02
   4.2867898e-03
   1.9973633e-03
   1.5198559e-02
   1.3382262e-02
   1.6192034e-02
   1.3526188e-02
   2.2809066e-02
   1.2145164e-02
   9.0856351e-02
   1.1068957e-01
   7.0665851e-03
   2.1152120e-02
   7.4636318e-02
   4.4538010e-02
   9.6850684e-03
   1.0637801e-02
   3.2976456e-03
   2.5030975e-03
   9.4385557e-03
   9.6126543e-03
   1.3222883e-02
   1.1599865e-02
   1.2910104e-02
   1.2228348e-02
   4.3552000e-02
   3.7139468e-02
   8.4721074e-03
   1.9292707e-02
   2.5519799e-02
   2.2443708e-02
   9.1693681e-03
   9.8660262e-03
   4.0482478e-03
   3.7512935e-03
   1.0029357e-02
   8.9981798e-03
   4.0263556e-02
   4.0360343e-02
   3.9432880e-02
   4.2252898e-02
   3.1452049e-02
   4.7324695e-02
   5.4502863e-02
   2.7751401e-02
   2.5232242e-02
   2.7579982e-02
   9.1174403e-03
   1.0900971e-02
   1.0237450e-02
   9.7171105e-03
   1.2799332e-02
   9.7617451e-03
   1.6652042e-01
   1.9059166e-01
   1.5941595e-01
   1.2692516e-01
   3.8468912e-02
   1.0822366e-01
   2.1653813e-01
   4.9255151e-02
   4.5891061e-02
   3.1330880e-02
   9.2991311e-03
   7.9020560e-03
   6.5905554e-03
   4.0387409e-03
   1.2950456e-02
   1.1290222e-02
   7.1825780e-02
   7.5770311e-02
   7.0105411e-02
   5.3525060e-02
   2.5764419e-02
   6.1158154e-02
   9.4625883e-02
   3.6074460e-02
   3.2587681e-02
   2.4302080e-02
   6.8240324e-03
   6.0143890e-03
   4.1336846e-03
   1.9272645e-03
   1.4442935e-02
   1.1551140e-02
   1.7123353e-02
   8.3730733e-03
   1.7090147e-02
   1.0095347e-02
   2.9535748e-02
   2.0862401e-02
   1.3807792e-02
   2.2157414e-02
   2.1614188e-02
   1.5231110e-02
   6.9586029e-03
   9.0724891e-03
   6.5033627e-03
   1.6578719e-03
   6.8355821e-02
   1.5959615e-02
   1.6762126e-02
   9.6448381e-03
   4.3720238e-02
   1.3930454e-02
   3.2341540e-02
   3.6575630e-02
   8.5698282e-03
   1.7523158e-02
   3.0662173e-02
   1.9073617e-02
   9.2261964e-03
   9.8975739e-03
   1.1457563e-02
   2.3518186e-03
   9.5506229e-02
   1.7088659e-02
   2.4995051e-02
   1.8209167e-02
   7.0679039e-02
   2.0444289e-02
   6.8567328e-02
   1.3404980e-01
   8.4173344e-03
   1.9709297e-02
   1.2609433e-01
   6.0884550e-02
   1.2054999e-02
   1.3873728e-02
   7.4886312e-03
   1.8782270e-03
   2.5195422e-02
   1.1944168e-02
   2.0614151e-02
   2.0436261e-02
   3.5751406e-02
   1.3017930e-02
   1.0388875e-01
   1.5175043e-01
   9.8339953e-03
   2.2234036e-02
   1.1531241e-01
   5.8265399e-02
   8.1105698e-03
   7.7015175e-03
   5.8789249e-03
   2.9035301e-03
   1.3275184e-02
   9.0684304e-03
   1.7912978e-02
   1.6202820e-02
   2.2759801e-02
   1.1388427e-02
   4.6611734e-02
   4.9975947e-02
   1.2114463e-02
   1.9245556e-02
   2.9977435e-02
   1.9997625e-02
   6.7535490e-03
   5.4644672e-03
   7.1231532e-03
   6.0090232e-03
   1.3379565e-02
   9.7969361e-03
   6.9099426e-02
   7.2537079e-02
   6.4741947e-02
   5.1042907e-02
   2.9741801e-02
   6.2329292e-02
   8.4393069e-02
   4.3448325e-02
   2.5522262e-02
   2.2366153e-02
   8.4539456e-03
   6.7001027e-03
