   1.2506977e-02
   8.0829049e-03
   6.0123038e-03
   2.8112870e-02
   1.1249821e-02
   7.4848142e-03
   6.9702556e-03
   2.4314729e-02
   1.1045860e-02
   6.4968825e-03
   1.2365795e-02
   2.3217695e-02
   1.6644118e-02
   9.3037644e-03
   1.4298027e-02
   3.4372032e-02
   1.1739233e-02
   7.5081089e-03
   5.7192268e-03
   2.6436063e-02
   1.0449735e-02
   6.9286684e-03
   6.4088274e-03
   2.3034394e-02
   9.5443316e-03
   4.7011441e-03
   8.8502560e-03
   2.1761538e-02
   1.5592938e-02
   8.3554778e-03
   1.1909244e-02
   3.4778882e-02
   1.1775721e-02
   7.6147867e-03
   5.8274693e-03
   2.6952937e-02
   1.0584258e-02
   7.0183701e-03
   6.6895038e-03
   2.3596846e-02
   9.4340919e-03
   4.3154187e-03
   8.6394772e-03
   2.4175212e-02
   1.5715886e-02
   8.5586077e-03
   1.2417497e-02
   4.1240975e-02
   1.3293248e-02
   8.3629545e-03
   6.9176164e-03
   3.0674046e-02
   1.1862662e-02
   7.6198126e-03
   7.7489535e-03
   2.6387293e-02
   1.0665114e-02
   6.4882925e-03
   1.7604835e-02
   3.1011969e-02
   1.7787214e-02
   1.1795606e-02
   2.1238243e-02
   5.7389334e-02
   1.4961250e-02
   8.9151133e-03
   1.0104700e-02
   3.4176614e-02
   1.3290029e-02
   8.0437651e-03
   1.0905728e-02
   2.9152771e-02
   1.2480112e-02
   1.1989645e-02
   2.7019495e-02
   3.3557363e-02
   2.0634167e-02
   1.9397702e-02
   3.1004038e-02
   6.4470708e-02
   1.3307547e-02
   8.4114829e-03
   9.4670253e-03
   3.0727183e-02
   1.1920918e-02
   7.6847612e-03
   1.0199944e-02
   2.6573107e-02
   1.1673297e-02
   7.8749554e-03
   1.3440784e-02
   2.6651673e-02
   1.8892951e-02
   1.3212427e-02
   1.6906479e-02
   4.9019527e-02
   1.1858623e-02
   7.6752766e-03
   6.2669842e-03
   2.7029162e-02
   1.0531382e-02
   7.0127435e-03
   6.9083353e-03
   2.3444185e-02
   9.5533757e-03
   4.4148881e-03
   9.0192063e-03
   2.0711862e-02
   1.5797298e-02
   8.7989382e-03
   1.1976330e-02
   3.6520969e-02
   1.1668880e-02
   7.5349160e-03
   5.8545000e-03
   2.6526332e-02
   1.0437256e-02
   6.9373511e-03
   6.5032532e-03
   2.3040080e-02
   9.4940374e-03
   4.8785498e-03
   9.8836934e-03
   2.0062573e-02
   1.5602934e-02
   8.6602438e-03
   1.2071939e-02
   3.3211481e-02
   1.3371357e-02
   9.2225932e-03
   6.7520416e-03
   2.8697828e-02
   1.2039029e-02
   8.5220551e-03
   7.7376575e-03
   2.5092995e-02
   1.2386370e-02
   8.2185706e-03
   1.8529858e-02
   3.1441942e-02
   1.7426863e-02
   1.1590784e-02
   2.0993043e-02
   4.2958047e-02
   1.2922241e-02
   8.6397706e-03
   6.4745243e-03
   2.7833547e-02
   1.1510261e-02
   8.0126543e-03
   7.3516173e-03
   2.4638135e-02
   1.0813700e-02
   5.8257133e-03
   1.2338487e-02
   3.1646892e-02
   1.6694387e-02
   1.0014151e-02
   1.6174113e-02
   4.6084881e-02
   1.2651113e-02
   8.6094644e-03
   6.5972754e-03
   2.8132223e-02
   1.1566859e-02
   8.1473226e-03
   7.6889568e-03
   2.5508575e-02
   1.0494901e-02
   5.0010728e-03
   1.1393252e-02
   3.6522668e-02
   1.6606711e-02
   9.8925652e-03
   1.5984397e-02
   5.7295289e-02
   1.3614880e-02
   9.1717131e-03
   7.5467909e-03
   3.0688910e-02
   1.2421438e-02
   8.6344182e-03
   8.5376222e-03
   2.7367778e-02
   1.1346470e-02
   8.0558173e-03
   2.7474340e-02
   4.5189716e-02
   1.7865760e-02
   1.4803088e-02
   3.2191142e-02
   7.8615248e-02
   1.4856463e-02
   9.6217031e-03
   1.1695051e-02
   3.2938842e-02
   1.3579057e-02
   9.0263942e-03
   1.2417722e-02
   2.9016988e-02
   1.3653432e-02
   1.6403770e-02
   4.2950805e-02
   4.6989471e-02
   2.1399630e-02
   2.7632434e-02
   4.9204815e-02
   8.4346659e-02
   1.3680953e-02
   9.2559131e-03
   1.1060378e-02
   3.0808775e-02
   1.2531054e-02
   8.7426063e-03
   1.1821480e-02
   2.7419789e-02
   1.3308344e-02
   1.0241895e-02
   1.8984552e-02
   3.7770405e-02
   2.0454701e-02
   1.7545609e-02
   2.2920756e-02
   6.3393608e-02
   1.2859626e-02
   8.7850913e-03
   7.2167194e-03
   2.8789826e-02
   1.1565953e-02
   8.2145501e-03
   8.0307880e-03
   2.5269521e-02
   1.0685763e-02
   5.1535727e-03
   1.1729843e-02
   2.9417235e-02
   1.6890708e-02
   1.0412969e-02
   1.4907095e-02
   4.7964569e-02
   1.2736083e-02
   8.6516999e-03
   6.7243581e-03
   2.8052192e-02
   1.1476834e-02
   8.1090918e-03
   7.5181047e-03
   2.4541432e-02
   1.0667739e-02
   5.9635416e-03
   1.4684155e-02
   2.7615525e-02
   1.6704427e-02
   1.0694301e-02
   1.6726160e-02
   4.2346828e-02
   1.1035271e-02
   7.9582548e-03
   6.0752118e-03
   2.4365626e-02
   1.0062839e-02
   8.0323890e-03
   7.3178303e-03
   2.2412688e-02
   1.1951886e-02
   9.9085337e-03
   2.4400156e-02
   3.7120804e-02
   1.3673461e-02
   1.2564434e-02
   2.7893085e-02
   4.6620812e-02
   1.0500291e-02
   7.6369843e-03
   5.9538130e-03
   2.4163295e-02
   9.7908527e-03
   7.5362390e-03
   6.9280136e-03
   2.2341339e-02
   9.6573466e-03
   6.6618612e-03
   1.5604263e-02
   3.6486857e-02
   1.3344820e-02
   1.0297423e-02
   2.0045813e-02
   4.9329996e-02
   1.0405042e-02
   7.5708516e-03
   6.0456702e-03
   2.4974383e-02
   9.8216748e-03
   7.6207416e-03
   7.2833081e-03
   2.3036443e-02
   8.9845192e-03
   5.2460376e-03
   1.4202152e-02
   3.8630515e-02
   1.3381717e-02
   9.7376453e-03
   1.9173333e-02
   5.5963695e-02
   1.0937453e-02
   7.9170670e-03
   6.8374677e-03
   2.6423115e-02
   1.0273500e-02
   7.9404935e-03
   8.0753500e-03
   2.4133712e-02
   9.6248025e-03
   1.0100354e-02
   4.0874332e-02
   4.3804657e-02
   1.4058412e-02
   1.7472550e-02
   4.7476299e-02
   7.2070457e-02
   1.1857528e-02
   8.0761984e-03
   1.2224270e-02
   2.7828744e-02
   1.1094048e-02
   8.1471065e-03
   1.3356359e-02
   2.5288574e-02
   1.3486870e-02
   2.3469109e-02
   6.4729072e-02
   4.3617379e-02
   1.8477427e-02
   3.7488822e-02
   7.4771360e-02
   7.4096799e-02
   1.1038801e-02
   7.9956828e-03
   1.1712168e-02
   2.6962567e-02
   1.0591120e-02
   8.0846911e-03
   1.2895966e-02
   2.4119077e-02
   1.3611401e-02
   1.4017778e-02
   2.7053222e-02
   3.9645761e-02
   1.8778456e-02
   2.2240346e-02
   3.1428300e-02
   5.9036426e-02
   1.0614770e-02
   7.7361944e-03
   6.7543597e-03
   2.5090182e-02
   9.8418612e-03
   7.8454437e-03
   7.9087820e-03
   2.3093468e-02
   9.1989031e-03
   5.6739720e-03
   1.4827282e-02
   3.3853106e-02
   1.3942356e-02
   1.0717486e-02
   1.7569290e-02
   5.0759863e-02
   1.0655046e-02
   7.5825909e-03
   6.1493674e-03
   2.4306472e-02
   9.7123794e-03
   7.7668526e-03
   7.3422431e-03
   2.2406278e-02
   9.6074026e-03
   6.9513195e-03
   1.9949254e-02
   3.2452762e-02
   1.3373931e-02
   1.1446577e-02
   2.1855606e-02
   4.5258403e-02
   8.3131855e-03
   5.7166088e-03
   4.6049366e-03
   1.8659864e-02
   7.4012484e-03
   6.7931376e-03
   6.2511554e-03
   1.7684275e-02
   1.0993342e-02
   1.2674922e-02
   3.3445001e-02
   3.5930600e-02
   9.4585828e-03
   1.3619733e-02
   3.7383780e-02
   3.8596109e-02
   7.6056314e-03
   5.6528361e-03
   4.4976841e-03
   1.8711481e-02
   7.2393664e-03
   6.2537268e-03
   5.9292526e-03
   1.8082356e-02
   8.0322409e-03
   8.0108317e-03
   2.0482764e-02
   3.1034777e-02
   9.2752138e-03
   1.0498841e-02
   2.5837576e-02
   3.8604535e-02
   7.8689670e-03
   5.9740408e-03
   4.7639152e-03
   1.9764300e-02
   7.5532305e-03
   6.1266199e-03
   5.9881350e-03
   1.8751934e-02
   6.6239438e-03
   5.5697351e-03
   1.8671326e-02
   2.9430298e-02
   9.7390711e-03
   9.3792276e-03
   2.4211166e-02
   4.2671327e-02
   8.5007371e-03
   6.1698100e-03
   6.1426847e-03
   2.0453272e-02
   8.0449292e-03
   6.6657965e-03
   7.2265589e-03
   1.8703757e-02
   7.6181372e-03
   1.3654101e-02
   5.4747090e-02
   3.3526313e-02
   1.0757992e-02
   2.1704752e-02
   6.5797977e-02
   5.8669936e-02
   9.3664872e-03
   6.3899211e-03
   1.4628157e-02
   2.1315437e-02
   9.2250304e-03
   7.0706303e-03
   1.5593855e-02
   1.9520409e-02
   1.5378353e-02
   3.3950653e-02
   8.4573060e-02
   3.2876540e-02
   1.9324148e-02
   5.1586252e-02
   1.0415860e-01
   6.1137371e-02
   8.4021296e-03
   6.3020578e-03
   1.3756377e-02
   2.0702936e-02
   8.4111746e-03
   6.7324499e-03
   1.5043611e-02
   1.8846963e-02
   1.6017253e-02
   1.9933617e-02
   3.5560194e-02
   3.0045390e-02
   2.0303279e-02
   2.9129423e-02
   4.2528976e-02
   4.4746097e-02
   7.9271924e-03
   6.0694683e-03
   5.8502555e-03
   1.9381600e-02
   7.4385987e-03
   6.6550737e-03
   7.2666695e-03
   1.8219914e-02
   7.8229858e-03
   6.7308187e-03
   2.0151360e-02
   2.7308833e-02
   1.0882349e-02
   1.1203374e-02
   2.2511357e-02
   4.1344840e-02
   8.1129204e-03
   5.5984231e-03
   4.9299831e-03
   1.8984577e-02
   7.1762358e-03
   6.4951153e-03
   6.2354570e-03
   1.7529279e-02
   7.7984990e-03
   8.4935948e-03
   2.7988015e-02
   2.7883641e-02
   9.5914640e-03
   1.2179564e-02
   2.9605554e-02
   3.6981702e-02
