   2.4869034e-02
   2.0926254e-02
   2.2297896e-02
   3.9714444e-02
   1.5474172e-02
   1.8958472e-02
   2.0751297e-02
   3.4760006e-02
   3.2051287e-03
   3.7568922e-03
   9.5385844e-03
   3.1582866e-02
   4.2103068e-03
   5.9347269e-03
   8.5928291e-03
   3.5951968e-02
   2.3583313e-02
   1.4458204e-02
   1.9487934e-02
   3.8875259e-02
   1.4297241e-02
   1.2699493e-02
   1.6435748e-02
   3.3567417e-02
   2.9723330e-03
   3.3548989e-03
   8.8381860e-03
   3.0535664e-02
   3.9549610e-03
   5.5675250e-03
   8.2364511e-03
   3.4639329e-02
   2.3807220e-02
   1.1976351e-02
   1.8899171e-02
   4.1889835e-02
   1.4275098e-02
   1.0354751e-02
   1.5681863e-02
   3.5069373e-02
   3.0005102e-03
   3.3435647e-03
   9.4905067e-03
   3.1140799e-02
   3.8819138e-03
   5.5846022e-03
   9.2342375e-03
   3.4987997e-02
   2.6632128e-02
   1.2716277e-02
   2.3013692e-02
   4.9328223e-02
   1.5844978e-02
   1.1724581e-02
   2.1022581e-02
   3.7824892e-02
   3.8765385e-03
   3.5380363e-03
   1.3898922e-02
   3.4290325e-02
   4.6664872e-03
   6.2717535e-03
   1.3529284e-02
   3.8867254e-02
   2.9012978e-02
   1.5021687e-02
   2.4542317e-02
   5.9266031e-02
   1.7710419e-02
   1.6276665e-02
   2.2193380e-02
   4.0216323e-02
   5.7214675e-03
   3.6912994e-03
   1.4610653e-02
   3.7330158e-02
   6.7110965e-03
   6.6134622e-03
   1.4182921e-02
   4.2325050e-02
   2.6730612e-02
   1.6544309e-02
   2.0622617e-02
   5.7239015e-02
   1.7227091e-02
   1.8262019e-02
   1.7378289e-02
   3.7519604e-02
   4.1538863e-03
   3.5692367e-03
   1.0795075e-02
   3.4151506e-02
   5.7815756e-03
   6.2635834e-03
   1.0653964e-02
   3.8752984e-02
   2.5503032e-02
   1.3608693e-02
   1.8283008e-02
   4.6940908e-02
   1.5284548e-02
   1.2495395e-02
   1.5519205e-02
   3.3931542e-02
   3.1279621e-03
   3.3730520e-03
   9.7787622e-03
   3.0838771e-02
   4.5203958e-03
   6.0783448e-03
   9.0616290e-03
   3.4849256e-02
   2.3984518e-02
   1.5808545e-02
   1.9447019e-02
   4.0621608e-02
   1.4716231e-02
   1.3505366e-02
   1.7258519e-02
   3.3612095e-02
   3.0494290e-03
   3.3993097e-03
   9.4779991e-03
   3.0613029e-02
   4.1436176e-03
   5.8831000e-03
   8.7407753e-03
   3.4440942e-02
   2.3065429e-02
   2.6923388e-02
   2.5655912e-02
   4.3270923e-02
   1.4553833e-02
   2.8255748e-02
   2.6923701e-02
   3.2140926e-02
   2.7875786e-03
   3.4192076e-03
   1.0264159e-02
   2.8335106e-02
   3.7919970e-03
   5.4720035e-03
   9.1598555e-03
   3.1784777e-02
   2.1896329e-02
   1.6329434e-02
   2.1343453e-02
   4.2526271e-02
   1.3364276e-02
   1.5806997e-02
   1.8984165e-02
   3.2217614e-02
   2.7184528e-03
   3.1762931e-03
   9.4521195e-03
   2.8342044e-02
   3.6450974e-03
   5.2140900e-03
   8.5806195e-03
   3.1507365e-02
   2.2126429e-02
   1.2538176e-02
   2.0609034e-02
   4.7681700e-02
   1.3345262e-02
   1.0936629e-02
   1.6690698e-02
   3.5372432e-02
   2.9028603e-03
   3.3875976e-03
   1.0552538e-02
   2.9669711e-02
   3.7962503e-03
   5.6346180e-03
   1.0167038e-02
   3.2208312e-02
   2.4177516e-02
   1.2970806e-02
   2.6633492e-02
   5.3455677e-02
   1.4222834e-02
   1.2342107e-02
   2.4695598e-02
   3.6607232e-02
   3.8262533e-03
   3.6441872e-03
   1.6381990e-02
   3.1678662e-02
   4.5883232e-03
   6.6061616e-03
   1.6246380e-02
   3.5028484e-02
   2.5186241e-02
   1.6773041e-02
   2.8181840e-02
   6.3635953e-02
   1.5683077e-02
   2.0227991e-02
   2.5852280e-02
   3.6882769e-02
   5.7402495e-03
   3.8397687e-03
   1.7375926e-02
   3.3267729e-02
   6.8307254e-03
   6.9618202e-03
   1.7431278e-02
   3.6528226e-02
   2.4544952e-02
   1.9863695e-02
   2.1880284e-02
   6.4433970e-02
   1.6626380e-02
   2.4784472e-02
   1.8109320e-02
   3.5049628e-02
   4.1262479e-03
   3.6831351e-03
   1.2396444e-02
   3.1424902e-02
   5.9793759e-03
   6.6054217e-03
   1.2821475e-02
   3.4661800e-02
   2.6229996e-02
   1.5324552e-02
   1.9340290e-02
   5.5309936e-02
   1.5120151e-02
   1.4617957e-02
   1.6455622e-02
   3.2827713e-02
   3.0445924e-03
   3.4458472e-03
   1.1193812e-02
   2.9231573e-02
   4.6337997e-03
   6.9660340e-03
   1.0752640e-02
   3.2372534e-02
   2.2971231e-02
   1.8437443e-02
   2.1352837e-02
   4.6693146e-02
   1.4091400e-02
   1.7586267e-02
   2.0290572e-02
   3.1933829e-02
   2.7785408e-03
   3.2409707e-03
   1.0620398e-02
   2.8374312e-02
   3.9790771e-03
   6.1697494e-03
   1.0199767e-02
   3.1444401e-02
   1.7939005e-02
   3.1148875e-02
   2.9673066e-02
   4.1403554e-02
   1.2107613e-02
   3.6409982e-02
   3.1762283e-02
   2.6376668e-02
   2.6169566e-03
   3.4579178e-03
   1.0704013e-02
   2.2964122e-02
   3.5179532e-03
   5.4276576e-03
   9.0461150e-03
   2.4725392e-02
   1.6691435e-02
   1.7217454e-02
   2.2656763e-02
   4.1508496e-02
   1.0931398e-02
   1.8402057e-02
   2.0093305e-02
   2.8123213e-02
   2.5101856e-03
   3.1652108e-03
   9.6695302e-03
   2.4049701e-02
   3.3741929e-03
   4.9681049e-03
   8.3772969e-03
   2.4902156e-02
   1.6792569e-02
   1.1505281e-02
   2.1324223e-02
   4.8221096e-02
   1.0716660e-02
   1.0335364e-02
   1.6670376e-02
   3.3981830e-02
   2.7028217e-03
   3.4097340e-03
   1.0972140e-02
   2.5344152e-02
   3.5973031e-03
   5.3755771e-03
   1.0502128e-02
   2.5766695e-02
   1.8633334e-02
   1.2138315e-02
   2.9291013e-02
   4.8322082e-02
   1.1194767e-02
   1.2064289e-02
   2.9616864e-02
   3.2444492e-02
   3.6119469e-03
   3.5955838e-03
   1.7853839e-02
   2.5954176e-02
   4.3180143e-03
   6.4329631e-03
   1.8405560e-02
   2.7160991e-02
   1.9231634e-02
   1.8467095e-02
   3.1076366e-02
   5.2322432e-02
   1.2489726e-02
   2.4297284e-02
   3.1805370e-02
   3.0874969e-02
   5.6466721e-03
   3.6616011e-03
   1.9292312e-02
   2.6758563e-02
   6.6465689e-03
   6.7192861e-03
   2.0072451e-02
   2.8503696e-02
   1.9657433e-02
   2.2817357e-02
   2.1638596e-02
   5.1894795e-02
   1.4498824e-02
   3.0966673e-02
   1.8081971e-02
   2.9455073e-02
   3.9731595e-03
   3.5997089e-03
   1.2918754e-02
   2.5727445e-02
   5.9462329e-03
   6.5780976e-03
   1.3538614e-02
   2.7879484e-02
   2.4482373e-02
   1.6367981e-02
   1.8693635e-02
   4.6393078e-02
   1.3673240e-02
   1.6010135e-02
   1.5802838e-02
   2.8126856e-02
   2.8789097e-03
   3.4984960e-03
   1.1241363e-02
   2.4745964e-02
   4.6373405e-03
   7.9483707e-03
   1.1449620e-02
   2.6359076e-02
   1.9421656e-02
   2.0342292e-02
   2.2766007e-02
   4.3048620e-02
   1.1822339e-02
   2.0934511e-02
   2.2434639e-02
   2.6824508e-02
   2.5999744e-03
   3.2040384e-03
   1.0849223e-02
   2.3391729e-02
   3.8583241e-03
   6.8663373e-03
   1.0694842e-02
   2.4760529e-02
   1.3856950e-02
   3.4802292e-02
   3.3018958e-02
   3.4097344e-02
   9.7882412e-03
   4.6179194e-02
   3.4609146e-02
   1.9166628e-02
   2.2008442e-03
   3.1761355e-03
   1.0678504e-02
   1.6222434e-02
   3.0381007e-03
   4.8809657e-03
   8.2766274e-03
   1.7130196e-02
   1.1848547e-02
   1.7554825e-02
   2.3491303e-02
   3.6478423e-02
   8.1511317e-03
   2.1736957e-02
   2.0022044e-02
   2.2234527e-02
   2.0083373e-03
   2.7374446e-03
   8.8469731e-03
   1.7167216e-02
   2.8523817e-03
   4.0950901e-03
   7.8208419e-03
   1.6836163e-02
   1.1333946e-02
   1.0086988e-02
   2.1613775e-02
   4.8059255e-02
   7.4841804e-03
   1.0120142e-02
   1.6900904e-02
   3.3441875e-02
   2.0044670e-03
   2.7510659e-03
   1.0307397e-02
   1.7208578e-02
   2.8814634e-03
   4.4049639e-03
   1.0323789e-02
   1.7404346e-02
   1.3838651e-02
   1.1650636e-02
   3.4408264e-02
   3.9256871e-02
   7.8464039e-03
   1.4016692e-02
   3.8454037e-02
   2.6265696e-02
   3.0747715e-03
   2.8270721e-03
   2.0668864e-02
   1.7916705e-02
   3.7433945e-03
   5.3633889e-03
   2.1915950e-02
   1.8507130e-02
   1.4188088e-02
   2.1120852e-02
   3.5433944e-02
   3.6827829e-02
   9.7526796e-03
   3.3829063e-02
   4.3281488e-02
   2.0708162e-02
   5.4176981e-03
   2.9792923e-03
   2.1957727e-02
   1.8883957e-02
   6.4601405e-03
   5.8459560e-03
   2.3505455e-02
   1.9313786e-02
   1.5304700e-02
   2.6002593e-02
   2.1071281e-02
   3.5693999e-02
   1.2680462e-02
   4.1530989e-02
   1.9718962e-02
   2.0164205e-02
   3.5285670e-03
   2.8470417e-03
   1.2002441e-02
   1.7569052e-02
   5.6268061e-03
   5.9229420e-03
   1.3309194e-02
   1.8277664e-02
   2.5570905e-02
   1.7275512e-02
   1.7018039e-02
   3.2664917e-02
   1.2610321e-02
   1.8693114e-02
   1.4456179e-02
   1.9977234e-02
   2.2886314e-03
   2.7945093e-03
   1.0333938e-02
   1.6916862e-02
   4.2300690e-03
   7.8589898e-03
   1.0634995e-02
   1.7560937e-02
   1.7124686e-02
   2.1703446e-02
   2.3447692e-02
   3.2455828e-02
   1.0046112e-02
   2.5196590e-02
   2.3273509e-02
   1.9310364e-02
   2.1054957e-03
   2.7511397e-03
   1.0554374e-02
   1.6129673e-02
   3.4196966e-03
   6.7550368e-03
   1.0272013e-02
   1.7289676e-02
