   6.8939338e-03
   7.0528286e-03
   7.7000796e-03
   1.4051819e-02
   5.8962079e-03
   9.7899986e-03
   1.2446473e-02
   1.7764200e-02
   4.0965136e-03
   1.6138403e-02
   1.8410321e-02
   1.6142318e-02
   4.1751862e-03
   1.6311863e-02
   1.9639397e-02
   1.7773740e-02
   6.6518746e-03
   6.3412222e-03
   6.9374354e-03
   1.2416691e-02
   5.3206496e-03
   6.1118407e-03
   7.6359347e-03
   1.2554277e-02
   4.0353965e-03
   1.3588346e-02
   1.3114278e-02
   1.5426863e-02
   3.9694435e-03
   1.4529053e-02
   1.4052895e-02
   1.6898714e-02
   7.0201149e-03
   6.5182201e-03
   7.2935461e-03
   1.2733570e-02
   5.0903601e-03
   4.3570688e-03
   6.4067757e-03
   1.1999890e-02
   4.2335996e-03
   1.3248844e-02
   1.2104766e-02
   1.5864763e-02
   4.2165015e-03
   1.4344960e-02
   1.3177692e-02
   1.7412934e-02
   8.8960072e-03
   9.1070784e-03
   1.0217139e-02
   1.4940754e-02
   5.5852178e-03
   4.6446668e-03
   6.2486548e-03
   1.3227570e-02
   5.9332685e-03
   1.3697545e-02
   1.3953772e-02
   1.8031439e-02
   5.4721585e-03
   1.5258517e-02
   1.5259527e-02
   1.9829057e-02
   1.2673026e-02
   1.3327939e-02
   1.4983208e-02
   1.8348167e-02
   7.3687416e-03
   5.0869929e-03
   7.6891244e-03
   1.4613991e-02
   8.9351758e-03
   1.6686497e-02
   1.7099872e-02
   2.0306094e-02
   8.8201175e-03
   1.9030657e-02
   1.8754827e-02
   2.2202222e-02
   8.7326467e-03
   9.3274172e-03
   1.0340693e-02
   1.5897661e-02
   5.6015211e-03
   4.5564719e-03
   6.3966629e-03
   1.3196625e-02
   5.6579006e-03
   1.3651081e-02
   1.3736217e-02
   1.8119261e-02
   5.6083477e-03
   1.5223582e-02
   1.4940481e-02
   1.9582581e-02
   6.9345091e-03
   7.0192367e-03
   7.5611332e-03
   1.3138530e-02
   5.0642691e-03
   4.0445980e-03
   5.9314398e-03
   1.1790212e-02
   4.2260871e-03
   1.3546254e-02
   1.1981570e-02
   1.5927102e-02
   4.0398529e-03
   1.5011787e-02
   1.2880396e-02
   1.7268855e-02
   6.6576260e-03
   6.9836914e-03
   7.0753363e-03
   1.3038704e-02
   5.2296245e-03
   5.9504854e-03
   8.5303737e-03
   1.3241521e-02
   3.9888611e-03
   1.4450174e-02
   1.2927483e-02
   1.5411599e-02
   3.8160088e-03
   1.5130906e-02
   1.3788623e-02
   1.6888669e-02
   7.8151012e-03
   8.8776974e-03
   9.4647221e-03
   1.7932838e-02
   6.5469970e-03
   1.1984438e-02
   1.6251894e-02
   2.2067321e-02
   4.6401289e-03
   2.3318488e-02
   2.6326066e-02
   1.8050728e-02
   4.6730009e-03
   2.2975637e-02
   2.7296873e-02
   1.9197365e-02
   7.7569415e-03
   7.9282699e-03
   8.7154424e-03
   1.5556109e-02
   6.0062269e-03
   7.2226729e-03
   9.4748074e-03
   1.5040721e-02
   4.7215591e-03
   1.9044025e-02
   1.7873591e-02
   1.7448127e-02
   4.5749047e-03
   2.0147154e-02
   1.8794868e-02
   1.8724235e-02
   8.2689784e-03
   8.3583351e-03
   9.2332494e-03
   1.6189501e-02
   5.7824738e-03
   5.1755439e-03
   7.5046229e-03
   1.4120313e-02
   5.0041378e-03
   1.7955676e-02
   1.5793512e-02
   1.8196329e-02
   4.8942892e-03
   1.9340100e-02
   1.7337609e-02
   1.9491032e-02
   1.0254511e-02
   1.1712917e-02
   1.3841125e-02
   1.9304601e-02
   6.2949690e-03
   5.5814884e-03
   7.7379365e-03
   1.5250637e-02
   6.7752637e-03
   1.8743312e-02
   1.8603768e-02
   2.0272782e-02
   6.4723892e-03
   2.0323118e-02
   2.0562254e-02
   2.1737458e-02
   1.4391617e-02
   1.7746923e-02
   2.2895861e-02
   2.5324278e-02
   8.1949681e-03
   6.3079777e-03
   9.8450985e-03
   1.6495222e-02
   1.0146647e-02
   2.3577215e-02
   2.3699379e-02
   2.2750122e-02
   1.0551321e-02
   2.6507093e-02
   2.5869746e-02
   2.4410242e-02
   1.0097560e-02
   1.2433392e-02
   1.4872819e-02
   2.2426300e-02
   6.3490411e-03
   5.4299776e-03
   7.9518165e-03
   1.5276066e-02
   6.4682807e-03
   1.8459212e-02
   1.8314270e-02
   2.0521140e-02
   6.5052439e-03
   2.0350542e-02
   1.9890871e-02
   2.1757385e-02
   8.1331916e-03
   9.6456073e-03
   9.8453071e-03
   1.7545722e-02
   5.8080126e-03
   4.8397752e-03
   7.1331928e-03
   1.3966522e-02
   4.9414006e-03
   1.8604955e-02
   1.5813762e-02
   1.8428955e-02
   4.7163721e-03
   2.0317916e-02
   1.6938644e-02
   1.9546667e-02
   7.7353590e-03
   9.3748020e-03
   9.1082240e-03
   1.7149242e-02
   5.9728120e-03
   7.1251132e-03
   1.0478976e-02
   1.5896114e-02
   4.6480289e-03
   2.0484302e-02
   1.7567264e-02
   1.7467013e-02
   4.4515226e-03
   2.1112956e-02
   1.8555518e-02
   1.8682597e-02
   7.6653291e-03
   1.2571977e-02
   1.2608449e-02
   2.5785424e-02
   7.0209363e-03
   1.8752778e-02
   2.6123326e-02
   3.3104226e-02
   4.6323040e-03
   4.0582780e-02
   4.6043295e-02
   1.9111300e-02
   4.4248486e-03
   3.7807360e-02
   4.5700509e-02
   1.9926619e-02
   7.6473597e-03
   1.0470618e-02
   1.1063729e-02
   1.9689914e-02
   6.2646912e-03
   1.0006493e-02
   1.3250620e-02
   1.8950235e-02
   4.6162591e-03
   3.0593643e-02
   2.6756180e-02
   1.7515559e-02
   4.3710084e-03
   3.0071789e-02
   2.7269514e-02
   1.8595008e-02
   8.0353655e-03
   1.0936465e-02
   1.1437075e-02
   2.0684814e-02
   5.9506800e-03
   6.0117007e-03
   8.5983230e-03
   1.4887370e-02
   4.9026189e-03
   2.5442790e-02
   1.9296871e-02
   1.8179767e-02
   4.7267284e-03
   2.6073525e-02
   2.0946393e-02
   1.9199627e-02
   1.0748598e-02
   1.7319933e-02
   2.1620143e-02
   2.7193578e-02
   6.4685624e-03
   6.7295143e-03
   9.5676184e-03
   1.5705017e-02
   7.4869581e-03
   2.6158059e-02
   2.4814976e-02
   2.0220643e-02
   7.2938232e-03
   2.7885087e-02
   2.6916523e-02
   2.1232596e-02
   1.6484387e-02
   2.8936906e-02
   4.2595372e-02
   4.0225841e-02
   8.8808108e-03
   8.2139662e-03
   1.3428950e-02
   1.7298028e-02
   1.2416223e-02
   3.6641862e-02
   3.4976944e-02
   2.3506852e-02
   1.3603130e-02
   4.0870797e-02
   3.7901256e-02
   2.5268298e-02
   1.0217575e-02
   1.9029951e-02
   2.5115760e-02
   3.4368999e-02
   6.5649580e-03
   6.5405974e-03
   1.0149395e-02
   1.5842916e-02
   6.9417469e-03
   2.5631638e-02
   2.3839246e-02
   2.0698957e-02
   7.2530885e-03
   2.8108193e-02
   2.5483599e-02
   2.1724330e-02
   7.9588294e-03
   1.4755713e-02
   1.2997726e-02
   2.3755901e-02
   5.9487191e-03
   5.5786567e-03
   8.2938196e-03
   1.4651360e-02
   4.9531166e-03
   2.6753515e-02
   1.8904002e-02
   1.8568128e-02
   4.5387219e-03
   2.9203730e-02
   2.0373743e-02
   1.9026950e-02
   7.6991995e-03
   1.4137913e-02
   1.2083336e-02
   2.4370320e-02
   6.3441568e-03
   9.9713150e-03
   1.4843755e-02
   2.0321427e-02
   4.6677315e-03
   3.3546999e-02
   2.5991414e-02
   1.7953714e-02
   4.2138887e-03
   3.3189218e-02
   2.6495207e-02
   1.8419348e-02
   6.8528480e-03
   1.9022450e-02
   1.7382918e-02
   3.9631706e-02
   8.4040063e-03
   3.1886071e-02
   4.1622136e-02
   5.3867400e-02
   4.2161816e-03
   7.5437181e-02
   8.0720797e-02
   2.0663131e-02
   3.7589367e-03
   7.2402067e-02
   8.9206845e-02
   2.0350069e-02
   6.7468891e-03
   1.5087009e-02
   1.4811617e-02
   2.8656885e-02
   6.9653331e-03
   1.5527406e-02
   1.8953802e-02
   2.5406649e-02
   4.2458903e-03
   5.2718990e-02
   4.0752247e-02
   1.6189435e-02
   3.7811976e-03
   5.1785659e-02
   4.5353331e-02
   1.7060647e-02
   7.1750083e-03
   1.4850466e-02
   1.4969289e-02
   2.8923459e-02
   6.1008479e-03
   7.4389591e-03
   1.0484274e-02
   1.5198255e-02
   4.5641181e-03
   4.0271007e-02
   2.3107300e-02
   1.5793536e-02
   4.1178330e-03
   4.0834576e-02
   2.5905719e-02
   1.6918005e-02
   1.2173397e-02
   2.7277598e-02
   3.3629894e-02
   4.0606655e-02
   7.2016544e-03
   8.5039651e-03
   1.2396086e-02
   1.5305288e-02
   9.2006559e-03
   3.9804321e-02
   3.2136895e-02
   1.8456681e-02
   8.6602792e-03
   4.2250600e-02
   3.5479378e-02
   1.9263219e-02
   2.1859676e-02
   4.8623186e-02
   7.0564732e-02
   6.0819976e-02
   1.0647609e-02
   1.0850453e-02
   1.8307371e-02
   1.7619733e-02
   1.7808046e-02
   6.2376749e-02
   4.9467407e-02
   2.2725515e-02
   1.8119453e-02
   6.8786100e-02
   5.4611929e-02
   2.5318014e-02
   1.1203595e-02
   2.8784072e-02
   3.9242461e-02
   4.8562471e-02
   7.1826992e-03
   8.3751017e-03
   1.3014742e-02
   1.5278736e-02
   8.4442254e-03
   3.9431497e-02
   2.9281270e-02
   1.7998785e-02
   8.3688842e-03
   4.2554021e-02
   3.1157438e-02
   1.9717643e-02
   7.2639002e-03
   2.1407157e-02
   1.8059533e-02
   3.2908410e-02
   6.2838709e-03
   6.7881062e-03
   9.9601010e-03
   1.4013935e-02
   4.6537425e-03
   4.5443207e-02
   2.1645322e-02
   1.6053785e-02
   3.9099986e-03
   5.0416991e-02
   2.4216292e-02
   1.6448407e-02
   6.6804974e-03
   2.1748876e-02
   1.6782461e-02
   3.6307409e-02
   7.4217026e-03
   1.5589461e-02
   2.1836970e-02
   2.7431371e-02
   4.3132273e-03
   6.2520944e-02
   3.9780378e-02
   1.7148709e-02
   3.5260515e-03
   6.2522717e-02
   4.2907882e-02
   1.6435890e-02
