   3.4876999e-02
   3.3309292e-02
   5.3838648e-02
   3.1523112e-02
   3.7372872e-02
   4.2576168e-02
   3.6906399e-02
   2.9200280e-02
   3.2956906e-02
   2.8565474e-02
   3.2403767e-02
   1.9970421e-02
   2.9210703e-02
   3.5294507e-02
   4.1531358e-02
   1.7047575e-02
   3.3543359e-02
   3.3211704e-02
   4.8647240e-02
   2.9067976e-02
   3.2604791e-02
   3.9449424e-02
   3.2587070e-02
   2.7064117e-02
   3.1984903e-02
   2.5561053e-02
   3.0393314e-02
   2.0973902e-02
   3.1741973e-02
   3.4359157e-02
   3.6960483e-02
   1.7819894e-02
   5.0778098e-02
   3.2432962e-02
   4.0662128e-02
   3.0191237e-02
   6.2425841e-02
   3.8500696e-02
   3.0686814e-02
   2.6951125e-02
   7.0432462e-02
   2.8934866e-02
   3.4470446e-02
   2.1384636e-02
   7.9465412e-02
   4.9596943e-02
   3.5666771e-02
   1.7881807e-02
   1.6365986e-01
   3.6100641e-02
   4.9589951e-02
   3.6145128e-02
   1.8177751e-01
   5.4047629e-02
   3.8457558e-02
   2.9679632e-02
   1.5052709e-01
   7.5882323e-02
   4.3639615e-02
   2.0827813e-02
   1.0996435e-01
   1.0686066e-01
   4.3398414e-02
   1.8433327e-02
   1.1909947e-01
   3.6755264e-02
   6.0864296e-02
   4.7489628e-02
   1.1097743e-01
   5.3827647e-02
   6.1971169e-02
   4.5759272e-02
   7.5019479e-02
   6.5388821e-02
   6.3947737e-02
   2.9360496e-02
   4.7152642e-02
   8.3103299e-02
   6.0983188e-02
   2.3918470e-02
   3.8858328e-02
   3.7012178e-02
   4.2560373e-02
   4.0712010e-02
   3.4823555e-02
   3.7145119e-02
   4.6696149e-02
   4.1142639e-02
   3.0666247e-02
   2.7806085e-02
   5.2822571e-02
   3.1104863e-02
   3.1136215e-02
   4.6512295e-02
   5.2123323e-02
   2.6107721e-02
   4.4087827e-02
   3.2929100e-02
   3.8802199e-02
   3.2585263e-02
   3.8094517e-02
   3.7629344e-02
   2.9558254e-02
   2.6487431e-02
   2.9988782e-02
   2.6829248e-02
   3.2948766e-02
   2.1613361e-02
   2.8969269e-02
   4.2430107e-02
   3.6298957e-02
   2.1346960e-02
   3.9067578e-02
   3.1736542e-02
   4.6801541e-02
   2.9705336e-02
   4.0585082e-02
   4.1104935e-02
   3.2418322e-02
   2.7359622e-02
   3.1704210e-02
   2.8900528e-02
   3.2326221e-02
   2.0279711e-02
   2.8564507e-02
   3.4800813e-02
   3.7214376e-02
   1.8088780e-02
   2.5443049e-02
   3.4085758e-02
   5.6084365e-02
   2.4824131e-02
   2.5831964e-02
   3.4527138e-02
   3.4089342e-02
   2.1033878e-02
   3.3998329e-02
   2.3168532e-02
   2.6511783e-02
   1.3646796e-02
   3.1137444e-02
   4.2093277e-02
   4.7514964e-02
   1.0972134e-02
   2.8545160e-02
   3.2769635e-02
   4.3764871e-02
   2.0478517e-02
   2.9761225e-02
   3.6495607e-02
   2.6914736e-02
   1.9220499e-02
   3.8276374e-02
   2.1518253e-02
   2.8011719e-02
   1.3336471e-02
   4.2555451e-02
   3.9503161e-02
   3.9670032e-02
   1.0208177e-02
   6.8377517e-02
   3.7042852e-02
   3.9238703e-02
   1.9580999e-02
   9.6174806e-02
   3.6067020e-02
   2.5732160e-02
   1.8695533e-02
   1.1998422e-01
   2.7616844e-02
   3.0601317e-02
   1.2991846e-02
   1.3770589e-01
   5.6846213e-02
   3.4610782e-02
   1.0991079e-02
   2.0700411e-01
   3.6098361e-02
   5.5926699e-02
   3.2725882e-02
   2.7206329e-01
   4.8579033e-02
   3.5305142e-02
   2.3621054e-02
   2.6000261e-01
   7.1946055e-02
   3.5377976e-02
   1.3596546e-02
   1.9861694e-01
   1.1640576e-01
   4.1848548e-02
   1.2173509e-02
   1.4352913e-01
   3.9988693e-02
   7.8490824e-02
   5.2265480e-02
   1.5422122e-01
   4.7709711e-02
   7.2381020e-02
   4.7359310e-02
   1.2394875e-01
   6.0863901e-02
   6.8931222e-02
   2.1406701e-02
   7.6677300e-02
   8.5374750e-02
   6.9208905e-02
   1.7338188e-02
   3.5931200e-02
   4.0576573e-02
   4.7198754e-02
   3.6327884e-02
   3.9305869e-02
   3.2312080e-02
   5.2475408e-02
   3.7935387e-02
   3.5877131e-02
   2.8321456e-02
   6.8997920e-02
   2.3733528e-02
   3.4786366e-02
   5.8295950e-02
   6.1064281e-02
   2.1722332e-02
   2.5425959e-02
   3.4384347e-02
   3.5048008e-02
   2.4886737e-02
   2.6088787e-02
   3.2015774e-02
   2.5608961e-02
   2.0437889e-02
   2.9747181e-02
   2.4563903e-02
   3.5388075e-02
   1.5350763e-02
   3.2499224e-02
   5.5381611e-02
   3.4462813e-02
   1.7997941e-02
   2.2084188e-02
   3.2042880e-02
   4.3697685e-02
   2.4261696e-02
   2.4360480e-02
   3.3745788e-02
   2.7431704e-02
   2.0144714e-02
   3.0575743e-02
   2.2391966e-02
   2.4281716e-02
   1.3606990e-02
   2.9807812e-02
   4.0761612e-02
   3.8277071e-02
   1.2283309e-02
   3.0350599e-02
   3.9737538e-02
   5.4627202e-02
   1.8613199e-02
   3.2376416e-02
   4.2429887e-02
   3.9125938e-02
   1.9347897e-02
   5.4225553e-02
   2.4183083e-02
   2.3751879e-02
   1.0972418e-02
   4.9096860e-02
   5.7139702e-02
   5.9794284e-02
   8.2116146e-03
   3.5584908e-02
   3.4314968e-02
   4.7334466e-02
   1.5668545e-02
   4.2051166e-02
   3.8458589e-02
   2.9735768e-02
   1.5743850e-02
   6.2796146e-02
   2.4057847e-02
   2.0754322e-02
   9.3938615e-03
   7.2171494e-02
   4.7555238e-02
   4.4468153e-02
   7.7928510e-03
   8.1427015e-02
   3.6197085e-02
   4.8708629e-02
   1.9988172e-02
   1.1896538e-01
   3.4413114e-02
   2.7498782e-02
   1.4738415e-02
   1.6041897e-01
   2.4642680e-02
   2.3870824e-02
   9.7151753e-03
   2.2159335e-01
   3.9732382e-02
   3.8155168e-02
   8.1799114e-03
   2.1165621e-01
   3.5166871e-02
   6.6939496e-02
   4.6454202e-02
   2.7801123e-01
   5.2875571e-02
   3.8038477e-02
   2.3061853e-02
   2.9144034e-01
   5.3899001e-02
   3.8273755e-02
   1.2234801e-02
   2.9239473e-01
   7.3771365e-02
   5.1548634e-02
   1.2224785e-02
   1.4451183e-01
   3.4709081e-02
   9.2883870e-02
   7.3551200e-02
   1.3744237e-01
   4.6715789e-02
   9.4209336e-02
   5.6787223e-02
   1.2776642e-01
   5.2169289e-02
   1.0251191e-01
   1.7465858e-02
   9.8148443e-02
   7.5543381e-02
   8.4971704e-02
   1.9297142e-02
   4.8212949e-02
   3.1185741e-02
   5.3997852e-02
   3.0863933e-02
   5.3090438e-02
   3.1303331e-02
   7.5584337e-02
   4.2172831e-02
   5.8204856e-02
   2.5588734e-02
   1.1475258e-01
   1.9602373e-02
   5.2536584e-02
   6.7475498e-02
   8.3488829e-02
   2.4606511e-02
   3.4795262e-02
   3.2008301e-02
   3.9503321e-02
   1.6038544e-02
   3.6738276e-02
   3.0650817e-02
   2.9540809e-02
   2.0423511e-02
   4.9626425e-02
   2.4243183e-02
   4.6483874e-02
   1.2298020e-02
   5.2816328e-02
   6.9491029e-02
   5.0671242e-02
   2.0431623e-02
   2.4600668e-02
   3.9094791e-02
   4.5402355e-02
   1.6610274e-02
   3.0947348e-02
   4.0411826e-02
   3.1297334e-02
   1.9538546e-02
   4.4859666e-02
   2.2733487e-02
   2.4796018e-02
   9.2691481e-03
   4.6030402e-02
   5.6758843e-02
   5.0588030e-02
   9.6755149e-03
   3.7090994e-02
   4.1796010e-02
   5.9285387e-02
   1.3550228e-02
   4.2661894e-02
   4.2370375e-02
   5.9438724e-02
   1.3771817e-02
   7.1524709e-02
   1.7835211e-02
   2.7976707e-02
   1.1089955e-02
   6.0800370e-02
   6.6438898e-02
   8.2070142e-02
   9.9198194e-03
   3.7931066e-02
   3.2835830e-02
   6.2015761e-02
   1.6829217e-02
   4.2085290e-02
   3.3852182e-02
   4.2850561e-02
   1.5738558e-02
   6.3186236e-02
   1.5043814e-02
   2.4235331e-02
   9.6279224e-03
   8.6419992e-02
   5.6266166e-02
   4.7115445e-02
   1.0799090e-02
   6.7881696e-02
   3.6514830e-02
   6.4863905e-02
   2.6723534e-02
   6.2737301e-02
   3.1470995e-02
   3.3084948e-02
   1.6535817e-02
   1.0238116e-01
   2.5153963e-02
   2.7931003e-02
   1.0005705e-02
   1.6646323e-01
   5.0991669e-02
   4.8258919e-02
   1.5157023e-02
   1.2095151e-01
   4.4403143e-02
   9.8407455e-02
   4.9495954e-02
   9.5428750e-02
   6.7295253e-02
   4.4067200e-02
   1.8649692e-02
   1.0661309e-01
   9.1506042e-02
   4.1202318e-02
   1.1138332e-02
   1.7214610e-01
   9.0142980e-02
   8.2810245e-02
   1.8933851e-02
   9.2035688e-02
   4.9810629e-02
   1.1760264e-01
   7.3280051e-02
   5.5818405e-02
   7.0835181e-02
   9.2667617e-02
   6.3565969e-02
   5.7590924e-02
   8.6162992e-02
   9.8400451e-02
   2.5317209e-02
   7.1547702e-02
   8.3312273e-02
   1.2058914e-01
   2.9658260e-02
   4.2113412e-02
   3.9298363e-02
   5.4956105e-02
   3.5639860e-02
   5.4828174e-02
   3.9607253e-02
   8.2920164e-02
   4.6330322e-02
   7.7173300e-02
   3.1764235e-02
   1.3152677e-01
   2.7151877e-02
   7.3729239e-02
   8.0812864e-02
   9.4834283e-02
   3.6650885e-02
   4.8685774e-02
   3.6432866e-02
   5.1335361e-02
   1.6725816e-02
   4.2881954e-02
   3.3751886e-02
   3.0971648e-02
   1.5660116e-02
   5.6354605e-02
   1.9900849e-02
   6.0607292e-02
   1.0885498e-02
   7.3653564e-02
   9.5274568e-02
   8.4739424e-02
   3.3682041e-02
   3.2607611e-02
   3.8137056e-02
   7.4497871e-02
   1.6677007e-02
   4.2044956e-02
   4.1478403e-02
   4.2903870e-02
   1.5513714e-02
   6.9947042e-02
   1.6344445e-02
   2.8745404e-02
   9.6799061e-03
   6.9164209e-02
   7.0212908e-02
   8.3228126e-02
   1.5117477e-02
