   4.7819704e-02
   2.7478436e-02
   7.8062015e-03
   1.3693362e-02
   4.7879059e-02
   5.2663688e-02
   7.4224225e-03
   5.5452506e-03
   2.0348271e-02
   1.0887856e-02
   8.4720980e-03
   4.2969775e-03
   2.2209326e-02
   1.3127580e-02
   1.3503495e-02
   1.1925650e-02
   6.1840169e-02
   3.3571351e-02
   7.2988365e-03
   1.3894893e-02
   5.2938707e-02
   5.8281377e-02
   7.1035540e-03
   5.3299889e-03
   1.9592796e-02
   1.0056953e-02
   8.0949916e-03
   4.0455782e-03
   2.1086656e-02
   1.0260343e-02
   1.1873214e-02
   1.1573370e-02
   4.8434287e-02
   2.4954230e-02
   7.2086393e-03
   1.6798122e-02
   3.8075063e-02
   3.8293172e-02
   7.1788318e-03
   5.4533766e-03
   1.9877691e-02
   8.7420763e-03
   8.5417619e-03
   4.1629090e-03
   2.1289499e-02
   9.0636415e-03
   1.1774852e-02
   1.1984095e-02
   3.3505686e-02
   1.7854648e-02
   8.6531714e-03
   2.1052146e-02
   3.2293420e-02
   2.8051654e-02
   8.3169406e-03
   6.5051359e-03
   2.2390969e-02
   8.7845651e-03
   1.0180696e-02
   4.9518840e-03
   2.3878204e-02
   9.6821468e-03
   1.5228129e-02
   1.3345485e-02
   3.0467117e-02
   1.6840052e-02
   1.1832506e-02
   2.0243438e-02
   2.9598571e-02
   2.6553703e-02
   1.2568329e-02
   9.7662462e-03
   2.2975052e-02
   9.2320172e-03
   1.6128145e-02
   5.9269015e-03
   2.6628243e-02
   1.0304678e-02
   1.8611379e-02
   1.4468713e-02
   3.2635115e-02
   1.6752698e-02
   1.0322925e-02
   1.8457938e-02
   2.9904226e-02
   2.6297286e-02
   1.0662827e-02
   9.9333646e-03
   2.1401230e-02
   8.5220924e-03
   1.3599701e-02
   5.3373692e-03
   2.5996823e-02
   9.8169958e-03
   1.3555822e-02
   1.7772563e-02
   4.3818343e-02
   2.4094472e-02
   7.7328905e-03
   1.4696511e-02
   3.7640747e-02
   3.6742277e-02
   7.2064400e-03
   5.9491042e-03
   1.9246338e-02
   8.4488122e-03
   8.6148037e-03
   4.1287136e-03
   2.2108553e-02
   9.2322743e-03
   1.1419035e-02
   1.8239474e-02
   5.2427672e-02
   2.9540064e-02
   7.5930068e-03
   1.3584864e-02
   4.9500700e-02
   5.5863708e-02
   7.0253904e-03
   5.2956711e-03
   1.9433212e-02
   9.8128682e-03
   8.1777778e-03
   4.0167808e-03
   2.1154899e-02
   9.9942116e-03
   1.1504555e-02
   1.2429738e-02
   6.1794188e-02
   3.7336934e-02
   7.4480907e-03
   1.3337803e-02
   5.9893709e-02
   7.2150566e-02
   7.1319407e-03
   5.4343389e-03
   2.0776775e-02
   1.2157098e-02
   8.0919154e-03
   4.1347551e-03
   2.1628229e-02
   1.5389618e-02
   1.4856353e-02
   1.1956870e-02
   9.0609968e-02
   5.0903253e-02
   7.1138712e-03
   1.3853369e-02
   7.2477691e-02
   9.0208754e-02
   7.1195029e-03
   5.3836503e-03
   2.0551460e-02
   1.2082685e-02
   7.9012830e-03
   4.0513957e-03
   2.0185700e-02
   1.1244875e-02
   1.2574625e-02
   1.1608036e-02
   6.9824994e-02
   3.6822356e-02
   7.2110291e-03
   1.9757591e-02
   4.9418233e-02
   5.6016412e-02
   7.3002982e-03
   5.6604515e-03
   2.0865379e-02
   9.7998641e-03
   8.5656224e-03
   4.3211100e-03
   1.9888027e-02
   9.2289718e-03
   1.2071645e-02
   1.2148903e-02
   3.9539605e-02
   2.1835195e-02
   8.4922751e-03
   2.5800481e-02
   3.6450267e-02
   3.5691407e-02
   8.3639724e-03
   6.7694746e-03
   2.3621578e-02
   9.2185978e-03
   1.0503775e-02
   5.2787983e-03
   2.1117207e-02
   9.5741050e-03
   1.6563423e-02
   1.3629179e-02
   3.1501397e-02
   1.8910678e-02
   1.2285056e-02
   2.0959442e-02
   3.0613558e-02
   3.2447021e-02
   1.3247591e-02
   1.1316690e-02
   2.1486938e-02
   9.6551804e-03
   1.8057544e-02
   6.4674220e-03
   2.4408743e-02
   1.0198410e-02
   2.1051256e-02
   1.4848790e-02
   3.9782520e-02
   2.2286143e-02
   1.0823423e-02
   1.9659998e-02
   3.4530092e-02
   3.4344148e-02
   1.1261097e-02
   1.1929825e-02
   2.0827869e-02
   9.0646893e-03
   1.5414269e-02
   5.7831896e-03
   2.6206035e-02
   9.8477527e-03
   1.4020414e-02
   2.2902433e-02
   6.1581224e-02
   3.6274310e-02
   7.8408448e-03
   1.4546141e-02
   4.7368437e-02
   5.0735462e-02
   7.4442145e-03
   6.3913893e-03
   1.9251470e-02
   9.4192876e-03
   8.8597024e-03
   4.3319832e-03
   2.1260340e-02
   9.4089955e-03
   1.1427026e-02
   2.5054147e-02
   7.8122683e-02
   4.6319503e-02
   7.5107561e-03
   1.3314279e-02
   6.8907060e-02
   8.3848849e-02
   6.9686729e-03
   5.4212986e-03
   1.9707013e-02
   1.1300031e-02
   8.0680866e-03
   4.0107332e-03
   2.0368692e-02
   1.0518725e-02
   1.1767624e-02
   1.3392550e-02
   5.1050592e-02
   3.0949712e-02
   6.4591686e-03
   1.0867092e-02
   4.9830653e-02
   6.4339347e-02
   6.2619252e-03
   4.9166535e-03
   1.6984345e-02
   1.1427134e-02
   7.5166677e-03
   4.0115016e-03
   1.7433865e-02
   1.8215973e-02
   1.6238758e-02
   1.0681757e-02
   7.5414330e-02
   4.3146312e-02
   6.1569861e-03
   1.1590079e-02
   6.4700350e-02
   8.2647286e-02
   6.2243729e-03
   5.0378782e-03
   1.6164958e-02
   1.1302597e-02
   7.3751346e-03
   4.0013213e-03
   1.5511721e-02
   1.1791212e-02
   1.2379840e-02
   1.0264261e-02
   5.7455983e-02
   3.4475308e-02
   6.3620592e-03
   2.3791559e-02
   3.2771394e-02
   3.5645783e-02
   6.5270062e-03
   5.4327124e-03
   1.8727053e-02
   8.4709693e-03
   7.9169860e-03
   4.4361833e-03
   1.5047874e-02
   7.9821404e-03
   1.0884435e-02
   1.0971540e-02
   4.0716119e-02
   2.1916911e-02
   7.7834758e-03
   3.2977164e-02
   3.9312020e-02
   4.0040366e-02
   7.7224886e-03
   6.8985117e-03
   2.3144882e-02
   9.1951936e-03
   1.0127814e-02
   5.6518354e-03
   1.5874468e-02
   8.4627885e-03
   1.6759489e-02
   1.2644570e-02
   2.9842747e-02
   1.9780224e-02
   1.2605021e-02
   2.2042485e-02
   2.8913401e-02
   3.9723001e-02
   1.4090997e-02
   1.3708087e-02
   1.8504638e-02
   9.7792773e-03
   2.0923108e-02
   7.0885811e-03
   2.0335695e-02
   8.9438874e-03
   2.2465704e-02
   1.4228129e-02
   4.6488807e-02
   2.7382553e-02
   1.0864095e-02
   2.0066956e-02
   3.1929612e-02
   2.8945623e-02
   1.1781380e-02
   1.4893341e-02
   1.7652513e-02
   8.0019608e-03
   1.8106358e-02
   6.4342855e-03
   2.3907898e-02
   8.3007244e-03
   1.3499917e-02
   2.7734218e-02
   4.8446883e-02
   3.0926188e-02
   7.0961379e-03
   1.2926955e-02
   3.6709066e-02
   4.1583322e-02
   6.9685923e-03
   6.7158132e-03
   1.6098212e-02
   8.4332330e-03
   8.5548460e-03
   4.5861159e-03
   1.7405303e-02
   8.1612915e-03
   1.0321338e-02
   3.2179736e-02
   7.2870344e-02
   4.2810816e-02
   6.5483721e-03
   1.1250643e-02
   6.3080885e-02
   8.7246835e-02
   6.3025686e-03
   5.0802161e-03
   1.7107485e-02
   1.1541715e-02
   7.2808489e-03
   3.9089080e-03
   1.6064530e-02
   1.0417960e-02
   1.1195074e-02
   1.3512418e-02
   3.2587308e-02
   2.0392902e-02
   5.0639445e-03
   8.3286325e-03
   2.2980466e-02
   2.7232071e-02
   4.7585317e-03
   4.3978724e-03
   1.4561186e-02
   1.1100123e-02
   6.3960459e-03
   3.9232136e-03
   1.4822730e-02
   2.1213127e-02
   1.8954637e-02
   9.0385638e-03
   4.1161314e-02
   2.7541328e-02
   4.5748064e-03
   9.4075957e-03
   1.6474580e-02
   1.7927809e-02
   4.7749812e-03
   4.5061070e-03
   1.3136785e-02
   7.9920599e-03
   5.8522504e-03
   3.9293058e-03
   1.2115513e-02
   1.2188742e-02
   1.2677510e-02
   8.4572332e-03
   2.4190623e-02
   1.2656716e-02
   4.5183483e-03
   2.7646225e-02
   1.8000958e-02
   1.3974542e-02
   4.9166102e-03
   4.8811957e-03
   1.6894653e-02
   6.4441147e-03
   6.3097216e-03
   4.4064475e-03
   1.0964129e-02
   6.0758432e-03
   8.9918794e-03
   8.8729290e-03
   4.6863832e-02
   2.3251504e-02
   6.5441602e-03
   4.0398356e-02
   4.3048847e-02
   3.6268875e-02
   6.7689936e-03
   6.7855078e-03
   2.1972822e-02
   7.3667979e-03
   9.4953440e-03
   5.8453432e-03
   1.1595781e-02
   6.3058306e-03
   1.8025473e-02
   1.0894799e-02
   3.4081243e-02
   2.6598785e-02
   1.4397531e-02
   2.4994433e-02
   2.9388502e-02
   3.8523071e-02
   1.6380895e-02
   1.5498270e-02
   1.6839867e-02
   7.8385491e-03
   2.4289606e-02
   7.4522006e-03
   1.6344737e-02
   6.7536086e-03
   2.6525976e-02
   1.2920494e-02
   1.4278192e-02
   9.4883842e-03
   1.1368605e-02
   2.1708963e-02
   1.2904573e-02
   1.3242207e-02
   1.2890813e-02
   1.7103365e-02
   1.5132313e-02
   6.1630681e-03
   1.9801382e-02
   6.7820023e-03
   2.0578595e-02
   6.2021445e-03
   1.2954427e-02
   3.1160355e-02
   3.5163462e-02
   2.0203752e-02
   5.5183247e-03
   1.1081483e-02
   1.5277080e-02
   1.4077497e-02
   5.5279927e-03
   6.5942258e-03
   1.2705014e-02
   6.0149599e-03
   7.1420441e-03
   4.5839986e-03
   1.3437811e-02
   6.0305288e-03
   8.2839746e-03
   3.8100384e-02
   6.4935349e-02
   3.6636014e-02
   5.1803696e-03
   8.4900502e-03
   2.4665991e-02
   2.5522372e-02
   4.9018366e-03
   4.4663958e-03
   1.2709363e-02
   7.2842306e-03
   5.8023687e-03
   3.8041756e-03
   1.2295306e-02
   1.0072914e-02
   1.0698998e-02
   1.3396431e-02
