   8.2504246e-03
   1.2739432e-02
   1.6179902e-02
   1.6460389e-02
   5.2542379e-03
   1.4143410e-02
   1.7376188e-02
   1.6218733e-02
   4.7826311e-03
   1.4414708e-02
   1.6711107e-02
   1.4894521e-02
   7.4167768e-03
   8.8192746e-03
   1.3226987e-02
   1.4914231e-02
   8.2222307e-03
   8.6457776e-03
   1.3045396e-02
   1.5650734e-02
   5.1583247e-03
   1.2484140e-02
   1.4279523e-02
   1.5521660e-02
   4.6566860e-03
   1.2520312e-02
   1.4651320e-02
   1.5987450e-02
   7.0348042e-03
   6.2938444e-03
   1.1238041e-02
   1.5615191e-02
   8.9905001e-03
   6.7270896e-03
   1.2227009e-02
   1.7294753e-02
   5.5494425e-03
   1.2699763e-02
   1.4258742e-02
   1.7803306e-02
   4.9931356e-03
   1.2660908e-02
   1.4891269e-02
   1.9083535e-02
   7.1753520e-03
   5.4043066e-03
   1.1337227e-02
   2.0328294e-02
   9.1684358e-03
   6.8940856e-03
   1.4025984e-02
   2.4341332e-02
   7.3248944e-03
   1.5237329e-02
   1.6856221e-02
   2.5625715e-02
   6.1283861e-03
   1.5233682e-02
   1.8022204e-02
   2.6279900e-02
   7.9608615e-03
   5.6000259e-03
   1.3631453e-02
   2.6072368e-02
   9.8477826e-03
   7.5365664e-03
   1.7440148e-02
   3.3571959e-02
   9.5192492e-03
   1.8902080e-02
   2.0991413e-02
   3.3766598e-02
   7.4006855e-03
   1.9154374e-02
   2.1965811e-02
   3.1089829e-02
   8.3941864e-03
   6.0457191e-03
   1.5530772e-02
   2.6655253e-02
   8.7197274e-03
   6.8257027e-03
   1.5064441e-02
   3.1729557e-02
   6.8247318e-03
   1.4726143e-02
   1.6927898e-02
   2.7957622e-02
   5.7953671e-03
   1.5104691e-02
   1.7597916e-02
   2.3424286e-02
   8.1276065e-03
   5.7305666e-03
   1.2263504e-02
   2.0070290e-02
   7.9266373e-03
   6.7569511e-03
   1.2713074e-02
   2.3930371e-02
   5.4684654e-03
   1.2563868e-02
   1.4458473e-02
   2.0066654e-02
   4.8965602e-03
   1.2728696e-02
   1.4792163e-02
   1.6580194e-02
   7.5715687e-03
   5.7653631e-03
   1.0738717e-02
   1.5237415e-02
   7.8473613e-03
   9.1337329e-03
   1.3665092e-02
   1.7804360e-02
   5.0905291e-03
   1.2551308e-02
   1.5088244e-02
   1.6876072e-02
   4.6036677e-03
   1.2939873e-02
   1.4852170e-02
   1.4468904e-02
   6.9467355e-03
   6.2732301e-03
   1.1287003e-02
   1.4088726e-02
   9.5800338e-03
   1.5024515e-02
   1.9639309e-02
   2.5191028e-02
   6.1450270e-03
   1.8926945e-02
   2.4355033e-02
   2.8146312e-02
   5.4823267e-03
   1.8719282e-02
   2.1703200e-02
   2.5320135e-02
   8.4233591e-03
   1.0878811e-02
   1.5969777e-02
   2.1188032e-02
   1.0116621e-02
   1.0309710e-02
   1.5782475e-02
   2.3803858e-02
   6.2346281e-03
   1.5782984e-02
   1.8290749e-02
   2.6868332e-02
   5.4729902e-03
   1.5757194e-02
   1.8208353e-02
   2.8324967e-02
   8.0813905e-03
   7.5646457e-03
   1.3519719e-02
   2.3588559e-02
   1.1606425e-02
   8.1460942e-03
   1.4782680e-02
   2.6665637e-02
   6.7009209e-03
   1.5667493e-02
   1.7794428e-02
   3.0217586e-02
   5.8699059e-03
   1.5612951e-02
   1.8539676e-02
   3.2843545e-02
   8.1868470e-03
   6.4344597e-03
   1.3492287e-02
   3.1643741e-02
   1.1053897e-02
   8.5789058e-03
   1.6995460e-02
   3.6474057e-02
   9.2005031e-03
   2.0137172e-02
   2.1415852e-02
   4.0668644e-02
   7.2053336e-03
   1.9860033e-02
   2.2859912e-02
   4.1341055e-02
   8.7971371e-03
   6.7354832e-03
   1.6118998e-02
   3.8922280e-02
   1.1481143e-02
   9.7615430e-03
   2.1478908e-02
   4.8929282e-02
   1.2381321e-02
   2.7212393e-02
   2.7680619e-02
   5.0783090e-02
   8.7915268e-03
   2.7142769e-02
   2.8796002e-02
   4.7044791e-02
   9.2620924e-03
   7.3825549e-03
   1.7998446e-02
   3.7769832e-02
   9.9471863e-03
   8.3157644e-03
   1.8395105e-02
   4.7633778e-02
   8.1906058e-03
   1.8929103e-02
   2.1625951e-02
   4.4024520e-02
   6.7103477e-03
   1.9452080e-02
   2.2154698e-02
   3.7544493e-02
   9.1418410e-03
   6.8242485e-03
   1.4204966e-02
   2.8949367e-02
   9.1836378e-03
   8.1993826e-03
   1.5683107e-02
   3.8536083e-02
   6.4247246e-03
   1.5486534e-02
   1.8325359e-02
   3.4394782e-02
   5.7031470e-03
   1.5906097e-02
   1.8315086e-02
   2.8603531e-02
   8.8749817e-03
   6.8809981e-03
   1.2706621e-02
   2.2253059e-02
   9.1501027e-03
   1.0896375e-02
   1.6696893e-02
   2.8709086e-02
   6.0608480e-03
   1.6048130e-02
   1.9947529e-02
   3.0054968e-02
   5.3956825e-03
   1.6393846e-02
   1.8675825e-02
   2.4976911e-02
   8.1680436e-03
   7.8106713e-03
   1.3579380e-02
   2.0200223e-02
   9.4257565e-03
   1.7832000e-02
   2.2591995e-02
   3.0278632e-02
   5.8150864e-03
   2.6241262e-02
   3.6597911e-02
   3.5882078e-02
   5.0843013e-03
   2.4432560e-02
   2.8023776e-02
   3.1370126e-02
   7.6210783e-03
   1.3606415e-02
   1.8371183e-02
   2.5445905e-02
   1.0581722e-02
   1.1730849e-02
   1.7083721e-02
   2.9072611e-02
   5.9985006e-03
   1.9583102e-02
   2.2965834e-02
   3.3556003e-02
   5.1814048e-03
   1.8921185e-02
   2.1346418e-02
   3.5420518e-02
   7.3844930e-03
   8.5877692e-03
   1.4710382e-02
   2.7781753e-02
   1.2615163e-02
   8.9102667e-03
   1.5488653e-02
   3.1808216e-02
   6.5453667e-03
   1.8001335e-02
   1.9912088e-02
   3.5046510e-02
   5.4989355e-03
   1.7039292e-02
   2.0561067e-02
   3.7994664e-02
   7.3364275e-03
   6.7808311e-03
   1.4014494e-02
   3.7566375e-02
   1.1064434e-02
   9.5791407e-03
   1.7987734e-02
   3.8796876e-02
   1.0341994e-02
   2.5003800e-02
   2.4700383e-02
   4.1649677e-02
   7.0688669e-03
   2.4264837e-02
   2.6612561e-02
   4.2313892e-02
   7.6719723e-03
   7.2016781e-03
   1.7298007e-02
   4.3410879e-02
   1.1630083e-02
   1.1564432e-02
   2.4098450e-02
   4.7895279e-02
   1.5386378e-02
   3.7259564e-02
   3.3319179e-02
   4.9838495e-02
   9.1716675e-03
   3.7555382e-02
   3.4066141e-02
   4.5890931e-02
   7.8900605e-03
   8.0295941e-03
   1.9457985e-02
   3.8242709e-02
   9.6725766e-03
   9.2614973e-03
   2.0341033e-02
   4.8105035e-02
   8.5698972e-03
   2.2710923e-02
   2.5247071e-02
   4.4529535e-02
   6.3604596e-03
   2.3780731e-02
   2.4645571e-02
   3.9542329e-02
   8.0448622e-03
   7.1739508e-03
   1.4410190e-02
   3.0834254e-02
   8.9824768e-03
   9.0278899e-03
   1.7144028e-02
   4.3410432e-02
   6.1289035e-03
   1.7362602e-02
   2.1070585e-02
   3.8538534e-02
   5.1934896e-03
   1.8010348e-02
   1.9730520e-02
   3.4271147e-02
   8.2118567e-03
   7.3890062e-03
   1.3148608e-02
   2.5886988e-02
   8.8392999e-03
   1.2486972e-02
   1.8660244e-02
   3.3624992e-02
   5.8306567e-03
   2.0494921e-02
   2.6929988e-02
   3.7705347e-02
   5.0544604e-03
   2.0113721e-02
   2.2044970e-02
   3.1201744e-02
   7.5355535e-03
   9.2168860e-03
   1.4604739e-02
   2.4136279e-02
   8.8174129e-03
   2.1990165e-02
   2.5211537e-02
   2.7455388e-02
   4.8077051e-03
   3.3567995e-02
   5.0999045e-02
   3.1002972e-02
   4.2404472e-03
   3.0280752e-02
   3.3665281e-02
   2.6147891e-02
   6.1780391e-03
   1.8392015e-02
   2.0655304e-02
   2.3174280e-02
   1.1136571e-02
   1.3055161e-02
   1.7150488e-02
   2.5917448e-02
   5.0829719e-03
   2.2779813e-02
   2.7804565e-02
   2.7804136e-02
   4.2914669e-03
   2.1404523e-02
   2.2790574e-02
   3.0936457e-02
   5.8451146e-03
   9.7875809e-03
   1.5028038e-02
   2.5562929e-02
   1.4969725e-02
   9.2926966e-03
   1.4552516e-02
   2.7265910e-02
   5.7598967e-03
   1.9528555e-02
   2.0565053e-02
   2.8835179e-02
   4.6998700e-03
   1.7557241e-02
   2.0554304e-02
   3.1701237e-02
   5.8400393e-03
   6.6961581e-03
   1.3764848e-02
   3.8067326e-02
   1.1746717e-02
   1.0180254e-02
   1.8024620e-02
   3.2621734e-02
   1.1899642e-02
   3.0305551e-02
   2.6789602e-02
   3.3554111e-02
   6.9965567e-03
   2.9371820e-02
   2.9504601e-02
   3.3465605e-02
   6.2249443e-03
   7.1247099e-03
   1.9196788e-02
   4.2715132e-02
   1.3546038e-02
   1.2745454e-02
   2.7580874e-02
   3.9434128e-02
   2.0794388e-02
   4.8162498e-02
   3.9526567e-02
   4.0910222e-02
   1.0497482e-02
   4.8927490e-02
   4.0854223e-02
   3.6884211e-02
   6.6078235e-03
   8.4477607e-03
   2.1904772e-02
   3.2376908e-02
   9.7200079e-03
   9.5304027e-03
   2.2292811e-02
   4.2090178e-02
   9.4152652e-03
   2.6286758e-02
   2.7955433e-02
   3.4239396e-02
   6.0890336e-03
   2.7274763e-02
   2.5982447e-02
   3.1444758e-02
   6.9627888e-03
   7.2727413e-03
   1.4132320e-02
   2.5907282e-02
   8.2414160e-03
   9.5228115e-03
   1.7434819e-02
   4.0230133e-02
   5.5031450e-03
   1.8250976e-02
   2.2033116e-02
   3.0507166e-02
   4.3876325e-03
   1.8368958e-02
   1.9747427e-02
   2.8135138e-02
   6.9379271e-03
   7.5493082e-03
   1.2054496e-02
   2.3884170e-02
   8.0197649e-03
   1.4267061e-02
   1.9439535e-02
   3.0049073e-02
   4.9688839e-03
   2.4244433e-02
   3.4045927e-02
   3.1852059e-02
   4.1861748e-03
   2.3010608e-02
   2.4595302e-02
   2.6123006e-02
   6.0360194e-03
   1.0855870e-02
   1.4657211e-02
   2.2261573e-02
