   4.5192905e-02
   2.5062252e-02
   2.1480801e-02
   2.2911878e-02
   3.5846781e-02
   2.8047383e-02
   5.4479547e-02
   3.0147854e-02
   3.4852665e-02
   3.0619990e-02
   5.6585591e-02
   1.8410414e-02
   3.4740750e-02
   3.5254698e-02
   4.0483508e-02
   1.5713794e-02
   4.3851934e-02
   2.0177571e-02
   1.9625479e-02
   2.1022145e-02
   3.2415949e-02
   2.5485879e-02
   3.8960431e-02
   2.4770020e-02
   3.3637702e-02
   2.6507188e-02
   4.2150229e-02
   2.1064946e-02
   3.7208479e-02
   3.1325467e-02
   3.1205997e-02
   1.5988203e-02
   6.0750365e-02
   2.3010314e-02
   2.0348845e-02
   2.1862024e-02
   6.0326803e-02
   2.5757024e-02
   3.1099033e-02
   2.3127504e-02
   7.3664755e-02
   3.1215088e-02
   3.6039595e-02
   2.8175090e-02
   8.3293252e-02
   5.0247736e-02
   2.8028209e-02
   1.9468695e-02
   1.7414145e-01
   3.5907418e-02
   2.8112633e-02
   2.3780735e-02
   1.6651390e-01
   5.8678761e-02
   3.9957527e-02
   2.6109422e-02
   1.4579161e-01
   8.3920099e-02
   4.1088033e-02
   4.1883226e-02
   1.0973518e-01
   1.3390604e-01
   3.4124557e-02
   4.2348403e-02
   1.3089551e-01
   3.9044239e-02
   4.0773328e-02
   3.7621174e-02
   9.7451046e-02
   5.8512598e-02
   5.2481197e-02
   3.1661995e-02
   7.2162777e-02
   7.0654802e-02
   5.1124796e-02
   3.0487735e-02
   5.0589100e-02
   9.5874287e-02
   4.5704752e-02
   3.2277353e-02
   4.2291477e-02
   2.4830129e-02
   3.1339359e-02
   3.8336731e-02
   3.1625595e-02
   3.1738713e-02
   3.9252449e-02
   3.4400236e-02
   3.2473821e-02
   3.4441486e-02
   4.4961344e-02
   2.0137262e-02
   3.6327630e-02
   3.8950115e-02
   3.3677720e-02
   1.5974801e-02
   4.3042634e-02
   2.2471780e-02
   2.1430857e-02
   2.3920812e-02
   3.2648947e-02
   2.9466677e-02
   2.8410003e-02
   2.3605088e-02
   3.1802934e-02
   2.9539872e-02
   3.3403140e-02
   1.8080931e-02
   3.3616658e-02
   3.4345958e-02
   2.6684094e-02
   1.6148837e-02
   4.4163913e-02
   2.2139823e-02
   1.9914921e-02
   2.3139358e-02
   3.5945859e-02
   2.7620964e-02
   4.2434283e-02
   2.4363531e-02
   3.4412213e-02
   2.8049793e-02
   4.1764457e-02
   1.8191971e-02
   3.2455094e-02
   3.3580706e-02
   3.2140318e-02
   1.6029885e-02
   3.2316878e-02
   2.6146000e-02
   2.0683466e-02
   1.5734222e-02
   2.7459545e-02
   2.2490114e-02
   5.3291027e-02
   2.3896307e-02
   3.5948034e-02
   3.0863272e-02
   6.1273161e-02
   1.6292406e-02
   3.8740948e-02
   3.4046367e-02
   4.6765905e-02
   9.7232033e-03
   3.7474729e-02
   2.0061899e-02
   1.9957308e-02
   1.3317402e-02
   3.1724662e-02
   2.1774622e-02
   3.5890654e-02
   2.1203252e-02
   4.1685529e-02
   2.8681587e-02
   4.2744573e-02
   1.8951874e-02
   4.8919652e-02
   3.2491442e-02
   3.5174623e-02
   9.7366022e-03
   8.4101774e-02
   2.0038849e-02
   1.8924313e-02
   1.4297953e-02
   9.6688472e-02
   2.4583392e-02
   3.0749124e-02
   2.1178078e-02
   1.2221504e-01
   3.1644139e-02
   3.6777399e-02
   2.7838437e-02
   1.3260889e-01
   5.3832524e-02
   3.0475782e-02
   1.5316761e-02
   2.3507126e-01
   3.6071617e-02
   2.4716446e-02
   1.9637054e-02
   2.6226175e-01
   4.4467729e-02
   4.4313647e-02
   2.7611135e-02
   2.4456826e-01
   6.9460601e-02
   4.6512499e-02
   3.8340624e-02
   1.8087047e-01
   1.2144972e-01
   3.4637060e-02
   4.0905658e-02
   1.6927037e-01
   4.0421788e-02
   4.2118020e-02
   4.0817663e-02
   1.4637889e-01
   4.6985790e-02
   5.7894349e-02
   3.8023155e-02
   1.1383836e-01
   6.2114708e-02
   6.1293989e-02
   2.9828034e-02
   7.7478066e-02
   8.6719781e-02
   4.7330055e-02
   3.2890148e-02
   4.5525193e-02
   2.6454309e-02
   3.1268146e-02
   3.8919620e-02
   3.6052220e-02
   2.8372401e-02
   4.4694901e-02
   3.7803583e-02
   4.2000525e-02
   4.2541716e-02
   5.2939210e-02
   1.7805548e-02
   4.4510789e-02
   4.3761365e-02
   3.5041343e-02
   1.1280674e-02
   3.0696468e-02
   1.9717008e-02
   1.9488124e-02
   2.3178268e-02
   2.6896168e-02
   2.1957425e-02
   2.8593807e-02
   2.2929078e-02
   3.4321982e-02
   3.1882927e-02
   3.3765893e-02
   1.5835943e-02
   3.8036659e-02
   3.7037861e-02
   2.5561752e-02
   9.2873964e-03
   2.7653128e-02
   2.2975087e-02
   1.9026954e-02
   1.8248966e-02
   2.5791425e-02
   2.3742108e-02
   4.0915795e-02
   1.9265462e-02
   3.4295157e-02
   2.6198018e-02
   4.4724409e-02
   1.5504292e-02
   3.5780754e-02
   3.2073740e-02
   3.6999263e-02
   8.6052520e-03
   3.7159760e-02
   2.9096400e-02
   2.0996334e-02
   1.7614426e-02
   3.6550123e-02
   2.6366476e-02
   5.8277633e-02
   2.1573422e-02
   4.9349733e-02
   4.3992955e-02
   7.2921902e-02
   1.9170325e-02
   6.5645792e-02
   3.8837776e-02
   5.5777930e-02
   9.5068766e-03
   4.9105190e-02
   2.4904011e-02
   1.7079417e-02
   1.3192061e-02
   4.4444505e-02
   2.1625610e-02
   3.7926935e-02
   1.8110229e-02
   6.5277264e-02
   3.7757084e-02
   4.8078585e-02
   1.7735638e-02
   8.0272868e-02
   3.6252249e-02
   4.2416077e-02
   9.6832467e-03
   8.6485840e-02
   2.4021061e-02
   1.7241275e-02
   1.4863266e-02
   1.1559068e-01
   2.2568692e-02
   3.1255532e-02
   1.9970773e-02
   1.6076563e-01
   3.5744280e-02
   4.1755792e-02
   2.2552904e-02
   2.0622504e-01
   3.4534775e-02
   3.2853305e-02
   1.5013274e-02
   1.8850894e-01
   4.5891095e-02
   2.6575381e-02
   2.1018339e-02
   2.4756277e-01
   5.6921273e-02
   4.5514736e-02
   2.9469471e-02
   2.7517483e-01
   6.5502055e-02
   6.3650578e-02
   4.4204064e-02
   2.5887433e-01
   6.1379790e-02
   3.7603065e-02
   5.2647881e-02
   1.2830772e-01
   5.1537722e-02
   5.8698483e-02
   5.0723132e-02
   1.1755616e-01
   5.9117597e-02
   6.5136403e-02
   4.3512460e-02
   1.1219561e-01
   6.6895656e-02
   8.3649874e-02
   3.6279581e-02
   1.0031952e-01
   6.9504783e-02
   6.1983503e-02
   4.6979353e-02
   6.0724296e-02
   2.8582839e-02
   4.4051770e-02
   4.3896791e-02
   4.8700001e-02
   3.4081426e-02
   6.3946977e-02
   4.3845922e-02
   6.2049292e-02
   5.2962326e-02
   6.6141590e-02
   1.9957995e-02
   7.4167103e-02
   4.1150205e-02
   4.3313418e-02
   1.2698048e-02
   4.3439277e-02
   2.1536270e-02
   1.8026261e-02
   2.1933572e-02
   3.8883585e-02
   2.3349477e-02
   4.0747531e-02
   2.4466613e-02
   5.5970911e-02
   4.1237641e-02
   3.8426824e-02
   1.7398952e-02
   6.6642091e-02
   3.7660949e-02
   3.0879930e-02
   8.3186533e-03
   3.2053005e-02
   2.4372898e-02
   1.4711549e-02
   1.9467460e-02
   4.0609095e-02
   2.7350182e-02
   4.6681017e-02
   2.0024711e-02
   4.8499797e-02
   3.7483811e-02
   6.1224926e-02
   1.7615050e-02
   5.2690979e-02
   3.7027366e-02
   4.6856217e-02
   7.5483606e-03
   4.0660039e-02
   2.2155272e-02
   2.6537186e-02
   2.0637106e-02
   5.2234445e-02
   3.2836534e-02
   7.1169816e-02
   2.4304515e-02
   5.6006052e-02
   5.4767061e-02
   7.9728052e-02
   1.7511187e-02
   8.6287566e-02
   4.1482892e-02
   7.1582422e-02
   1.0291467e-02
   5.4589983e-02
   2.1451749e-02
   1.8572457e-02
   1.4178940e-02
   5.2745525e-02
   2.6070114e-02
   5.0539114e-02
   2.0769259e-02
   7.1568593e-02
   5.0337091e-02
   5.8005080e-02
   1.5512759e-02
   9.0769276e-02
   4.0961817e-02
   4.9313772e-02
   1.0507639e-02
   6.7832105e-02
   2.4795273e-02
   1.7677194e-02
   1.4544290e-02
   6.5107025e-02
   3.0520029e-02
   4.4365119e-02
   2.2030456e-02
   1.0589175e-01
   5.5589732e-02
   6.3810803e-02
   2.1150569e-02
   1.7244390e-01
   3.3400554e-02
   4.3772068e-02
   1.9018078e-02
   7.2019845e-02
   6.8860374e-02
   3.7792671e-02
   2.6864335e-02
   6.6394053e-02
   8.7319069e-02
   6.4128682e-02
   3.0868527e-02
   1.0759944e-01
   8.3573535e-02
   1.0267603e-01
   5.6842580e-02
   1.6716480e-01
   7.5409003e-02
   5.3562831e-02
   7.6291606e-02
   5.7496235e-02
   8.3452389e-02
   8.6944118e-02
   7.4714422e-02
   3.4124613e-02
   9.2031367e-02
   9.9628143e-02
   5.0019599e-02
   4.6244234e-02
   8.9618109e-02
   1.3131969e-01
   4.4863839e-02
   6.8323731e-02
   8.7669536e-02
   7.4870311e-02
   7.0608646e-02
   7.2118983e-02
   2.6757073e-02
   6.4030394e-02
   5.9377160e-02
   5.1634975e-02
   4.3639533e-02
   8.9961700e-02
   5.0204847e-02
   6.5464064e-02
   7.0295177e-02
   8.2133882e-02
   1.9325813e-02
   8.8227898e-02
   3.6353208e-02
   5.2875739e-02
   1.7310329e-02
   6.2068086e-02
   2.0994285e-02
   2.8478343e-02
   2.5237435e-02
   4.2862382e-02
   3.0400293e-02
   6.7954063e-02
   2.4375429e-02
   6.4634308e-02
   5.2032039e-02
   4.5429327e-02
   1.3559872e-02
   8.3790138e-02
   2.9655924e-02
   5.8414988e-02
   9.7865285e-03
   2.7057121e-02
   1.9178785e-02
   2.2141140e-02
   1.9531380e-02
   4.3680225e-02
   3.8268879e-02
   7.8941263e-02
   2.3660347e-02
   7.1449898e-02
   5.1675081e-02
   7.9725064e-02
   1.7984716e-02
   7.5958751e-02
   3.4382135e-02
   5.6258328e-02
   9.8366924e-03
