   6.2376734e-02
   8.1682689e-02
   7.2065189e-02
   2.7641062e-02
   4.9376149e-02
   9.5983721e-02
   8.5880511e-02
   3.4837898e-02
   4.5679037e-02
   1.0723829e-01
   1.0871881e-01
   3.7886638e-02
   4.8208497e-02
   1.5312725e-01
   9.8075487e-02
   3.8053591e-02
   4.5160484e-02
   4.4475067e-02
   4.4407338e-02
   1.8558551e-02
   4.3443277e-02
   5.2691940e-02
   4.9431439e-02
   2.4101280e-02
   4.2538207e-02
   5.6960531e-02
   6.1954092e-02
   2.5342794e-02
   4.7871724e-02
   7.8201257e-02
   5.5756506e-02
   3.4280322e-02
   4.3227501e-02
   2.1771822e-02
   2.9161381e-02
   1.4429963e-02
   5.9241824e-02
   2.3463184e-02
   2.4550492e-02
   1.6148392e-02
   8.0863349e-02
   2.5751214e-02
   2.7630726e-02
   1.6632071e-02
   8.5391648e-02
   2.9654840e-02
   2.6584934e-02
   3.4569461e-02
   1.0985702e-01
   4.1430078e-02
   3.8981974e-02
   1.5118228e-02
   1.5162984e-01
   4.4553176e-02
   2.5913998e-02
   1.6222477e-02
   1.7549118e-01
   5.7897218e-02
   3.5131693e-02
   1.9473642e-02
   1.1663179e-01
   3.6343314e-02
   2.8621260e-02
   3.6927018e-02
   8.2403079e-02
   5.8072992e-02
   7.9686791e-02
   2.0653144e-02
   8.9152269e-02
   5.7707075e-02
   4.1178577e-02
   1.8162953e-02
   9.3911096e-02
   6.2682293e-02
   6.4082570e-02
   2.0599464e-02
   7.1083352e-02
   3.5448484e-02
   3.5872754e-02
   3.8196556e-02
   3.6465384e-02
   2.8333215e-02
   5.6270327e-02
   2.0750018e-02
   3.3772215e-02
   2.9396845e-02
   3.6834318e-02
   1.8717105e-02
   4.3897845e-02
   2.9648699e-02
   4.8740089e-02
   2.2303380e-02
   5.9385184e-02
   3.0224660e-02
   2.7149012e-02
   4.7230009e-02
   3.8135078e-02
   2.1784820e-02
   2.9184176e-02
   1.6141832e-02
   3.6560651e-02
   2.3365594e-02
   2.3528572e-02
   1.6563714e-02
   4.3741435e-02
   2.3911521e-02
   2.8727710e-02
   1.8686090e-02
   5.3676572e-02
   2.9485079e-02
   2.4386652e-02
   4.6907496e-02
   4.3860264e-02
   3.9077964e-02
   4.1815080e-02
   1.8625751e-02
   4.4125501e-02
   4.8210673e-02
   4.1096635e-02
   2.1351928e-02
   4.5476284e-02
   4.9897488e-02
   5.3466942e-02
   2.1872494e-02
   4.7413897e-02
   6.5156303e-02
   4.5912497e-02
   3.7457366e-02
   5.7681032e-02
   9.5179275e-02
   8.3554640e-02
   3.3411961e-02
   3.7758343e-02
   1.1241499e-01
   1.0574960e-01
   4.4878818e-02
   3.0437291e-02
   1.4244746e-01
   1.3006672e-01
   6.1548602e-02
   4.1032434e-02
   2.0719948e-01
   1.3764097e-01
   2.8975904e-02
   3.9958131e-02
   4.9088482e-02
   4.8560563e-02
   1.7439388e-02
   3.4827568e-02
   5.8622848e-02
   5.9541900e-02
   2.4639221e-02
   3.1950798e-02
   7.3209099e-02
   7.0692495e-02
   3.5638440e-02
   4.7795717e-02
   1.0958673e-01
   7.8187503e-02
   2.0178197e-02
   5.5564765e-02
   2.4725191e-02
   2.5919024e-02
   1.0654094e-02
   8.2591742e-02
   3.0184180e-02
   2.3840889e-02
   1.2654495e-02
   1.1743628e-01
   3.2867350e-02
   3.0615810e-02
   1.6612068e-02
   1.1740258e-01
   3.1218812e-02
   3.1394016e-02
   1.9067021e-02
   1.7183740e-01
   6.4627685e-02
   4.5850113e-02
   1.2118394e-02
   2.4709342e-01
   6.9499128e-02
   2.9799029e-02
   1.5077317e-02
   2.8251490e-01
   7.6808833e-02
   3.6304247e-02
   2.0585572e-02
   1.6821462e-01
   3.0677674e-02
   3.0665992e-02
   2.1976851e-02
   1.3172789e-01
   9.4838150e-02
   1.2915452e-01
   2.5879405e-02
   1.3680108e-01
   9.0373568e-02
   6.7909852e-02
   1.9409310e-02
   1.3672645e-01
   8.1804134e-02
   8.1070766e-02
   2.4034701e-02
   8.3333172e-02
   2.8708408e-02
   4.5254372e-02
   2.4332387e-02
   3.9088000e-02
   3.3639558e-02
   8.7504275e-02
   2.7819781e-02
   3.3088788e-02
   3.8176488e-02
   5.7338092e-02
   2.1185916e-02
   4.4724718e-02
   3.4621179e-02
   6.4786546e-02
   2.6861412e-02
   5.5320848e-02
   2.4477858e-02
   2.2881661e-02
   3.9291862e-02
   2.6627744e-02
   2.1053331e-02
   2.8059235e-02
   1.4966306e-02
   2.2612579e-02
   2.4390608e-02
   2.5938332e-02
   1.5952257e-02
   3.1126646e-02
   2.4856083e-02
   3.1179072e-02
   2.1336885e-02
   4.5488257e-02
   2.5141338e-02
   2.0574007e-02
   3.9872572e-02
   3.4323271e-02
   4.1847676e-02
   4.2379942e-02
   1.7344017e-02
   2.8004440e-02
   5.1419746e-02
   4.4386614e-02
   2.2100652e-02
   2.7297471e-02
   5.8370907e-02
   5.4712500e-02
   2.7982438e-02
   4.1779593e-02
   7.6770365e-02
   5.0247055e-02
   2.4423238e-02
   8.7186761e-02
   1.4521459e-01
   1.1488345e-01
   5.2927542e-02
   5.4754563e-02
   1.9590649e-01
   1.9316831e-01
   8.9962415e-02
   3.8741779e-02
   2.4625912e-01
   2.2618185e-01
   1.1629675e-01
   5.5163294e-02
   3.6784643e-01
   2.5469404e-01
   3.6571577e-02
   6.1363295e-02
   7.1635395e-02
   5.7248440e-02
   2.5501493e-02
   5.1143691e-02
   9.4106235e-02
   9.4053224e-02
   4.4922829e-02
   4.7529005e-02
   1.2097150e-01
   1.1374853e-01
   6.2447321e-02
   6.2497914e-02
   1.9524527e-01
   1.3591245e-01
   2.1473926e-02
   6.6888645e-02
   3.1356551e-02
   2.9133504e-02
   1.2075251e-02
   1.0089394e-01
   4.2049322e-02
   3.5338841e-02
   1.6630214e-02
   1.4481485e-01
   3.4875870e-02
   3.7829064e-02
   2.1682033e-02
   1.4764635e-01
   3.3009950e-02
   2.9693883e-02
   1.4384868e-02
   1.9239260e-01
   8.6174622e-02
   5.4571889e-02
   1.3709300e-02
   2.6789686e-01
   8.9033470e-02
   3.9213952e-02
   1.9665604e-02
   2.9285935e-01
   6.9607452e-02
   3.9185137e-02
   2.6910983e-02
   1.9895320e-01
   2.3459982e-02
   3.6133707e-02
   1.5174506e-02
   1.6304535e-01
   1.2780359e-01
   1.7193554e-01
   3.6717650e-02
   1.4252102e-01
   1.2252356e-01
   1.0230679e-01
   2.8675938e-02
   1.2920627e-01
   8.7022990e-02
   9.4232187e-02
   3.2350376e-02
   1.0485908e-01
   2.7907943e-02
   6.1829656e-02
   1.9729104e-02
   5.6359883e-02
   4.0618259e-02
   1.2025157e-01
   3.8371705e-02
   4.5448188e-02
   5.1192526e-02
   8.6819164e-02
   3.3809215e-02
   5.4651305e-02
   4.2154204e-02
   7.1926095e-02
   3.5992350e-02
   7.3439747e-02
   2.6701879e-02
   2.4696162e-02
   4.4491313e-02
   3.6683872e-02
   2.1941232e-02
   3.4264006e-02
   2.0522045e-02
   3.4226183e-02
   3.2258283e-02
   3.6977086e-02
   2.3481572e-02
   4.3010935e-02
   2.8596882e-02
   3.4300372e-02
   2.4031298e-02
   6.3822933e-02
   2.6327627e-02
   1.9602824e-02
   4.4952925e-02
   4.9838372e-02
   4.9995087e-02
   4.9172804e-02
   2.4420014e-02
   4.2373892e-02
   7.4653640e-02
   7.1955614e-02
   4.1295163e-02
   3.5220154e-02
   9.2998624e-02
   8.1200749e-02
   4.6222858e-02
   5.5931855e-02
   1.2450591e-01
   8.3813615e-02
   2.2255033e-02
   1.1599930e-01
   2.0159534e-01
   1.7909341e-01
   8.8619903e-02
   7.8566417e-02
   2.8484890e-01
   3.0544519e-01
   1.6949971e-01
   5.2799702e-02
   2.9238561e-01
   2.9298410e-01
   1.8969655e-01
   6.1903268e-02
   6.7415677e-02
   4.8234940e-02
   2.9347403e-02
   8.6290233e-02
   9.4747536e-02
   8.3247513e-02
   4.3367520e-02
   8.3687119e-02
   1.3440332e-01
   1.3926233e-01
   8.8029452e-02
   6.0397740e-02
   1.4851837e-01
   1.4214118e-01
   1.0090017e-01
   6.5746956e-02
   4.2883191e-02
   2.6417261e-02
   2.2689752e-02
   7.9261191e-02
   3.1532343e-02
   3.8007788e-02
   1.6200434e-02
   7.1020611e-02
   3.7963402e-02
   5.0710998e-02
   2.2288090e-02
   9.7047068e-02
   3.2194953e-02
   4.4572819e-02
   2.3909479e-02
   1.0856861e-01
   1.9163411e-02
   1.6733188e-02
   1.6471233e-02
   1.3198590e-01
   9.4547629e-02
   4.9377073e-02
   1.7926190e-02
   1.3584155e-01
   9.5473185e-02
   3.8041610e-02
   2.3567528e-02
   1.3281789e-01
   7.8815520e-02
   3.0961577e-02
   4.0839434e-02
   1.2672482e-01
   1.7306531e-02
   5.2028492e-02
   1.7807867e-02
   1.2962921e-01
   1.4286743e-01
   1.6579935e-01
   6.0454179e-02
   8.4978797e-02
   1.3909768e-01
   1.2009028e-01
   3.7297770e-02
   7.0400447e-02
   9.7985521e-02
   8.6241938e-02
   3.9064743e-02
   7.9813331e-02
   2.7172880e-02
   9.5326424e-02
   2.5327746e-02
   5.2304171e-02
   4.1398384e-02
   1.2132668e-01
   5.9168078e-02
   5.2705765e-02
   5.3445004e-02
   9.8998755e-02
   4.2323615e-02
   6.2272537e-02
   5.3733692e-02
   7.0262671e-02
   3.8442560e-02
   7.8676492e-02
   2.4683326e-02
   3.4325242e-02
   5.2510373e-02
   6.1321378e-02
   2.6239347e-02
   3.1790085e-02
   2.2387858e-02
   4.4362985e-02
   3.7423320e-02
   3.5288494e-02
   2.7226200e-02
   5.2053533e-02
   2.9224336e-02
   3.1892877e-02
   2.3795541e-02
   7.0410728e-02
   1.9196324e-02
   1.4557901e-02
   5.6110833e-02
   6.5922551e-02
   6.6026323e-02
   6.4986944e-02
   3.7642822e-02
   6.0351308e-02
   9.7256809e-02
   1.0911026e-01
   7.2155893e-02
   4.3877620e-02
   1.1535677e-01
   1.0002546e-01
   7.2067700e-02
   6.4402141e-02
   3.3121511e-02
   1.9187324e-02
   2.5193127e-02
