   1.7010452e-02
   3.5367321e-02
   3.4611568e-02
   2.0744100e-02
   1.9402450e-02
   2.3367831e-02
   4.6011727e-02
   1.8012587e-02
   2.4001928e-02
   2.8437601e-02
   6.9972552e-02
   1.9018533e-02
   2.7555685e-02
   2.2050628e-02
   3.1730637e-02
   2.9972624e-02
   1.9331168e-02
   4.0101033e-02
   3.5481453e-02
   2.0116409e-02
   1.6656213e-02
   3.7888624e-02
   4.3482985e-02
   1.6972506e-02
   2.2934942e-02
   3.5508230e-02
   6.8624474e-02
   1.8831626e-02
   2.7666524e-02
   2.2734746e-02
   2.9725723e-02
   2.9863309e-02
   2.0279992e-02
   4.4489231e-02
   3.4616262e-02
   1.9321864e-02
   1.4524458e-02
   4.3524601e-02
   4.2736668e-02
   1.7190842e-02
   2.3865866e-02
   3.8603060e-02
   6.7042209e-02
   1.8580869e-02
   2.8934775e-02
   2.3605999e-02
   3.2674238e-02
   3.2777283e-02
   3.9662030e-02
   4.9028363e-02
   3.8189616e-02
   2.3557685e-02
   3.2225437e-02
   3.5169654e-02
   4.4320632e-02
   2.3568043e-02
   6.9210932e-02
   3.8999360e-02
   6.3666508e-02
   2.4175279e-02
   7.3024116e-02
   2.7920624e-02
   4.1710403e-02
   4.3187860e-02
   8.6458683e-02
   7.4464180e-02
   4.7214489e-02
   3.1297158e-02
   7.1216561e-02
   5.1194884e-02
   5.3442143e-02
   3.0737309e-02
   1.6069512e-01
   3.9618343e-02
   6.6813104e-02
   3.2316025e-02
   1.6873594e-01
   2.8690748e-02
   3.9855707e-02
   4.2946476e-02
   4.0727071e-02
   6.0198836e-02
   3.7489902e-02
   2.2972852e-02
   3.3826217e-02
   3.4674980e-02
   4.7792472e-02
   2.1492841e-02
   7.2156794e-02
   3.3236604e-02
   5.9598204e-02
   2.4338214e-02
   8.1806727e-02
   2.6270406e-02
   2.7806569e-02
   3.3263609e-02
   1.7369764e-02
   5.7501912e-02
   3.4499243e-02
   1.8650847e-02
   1.4202229e-02
   4.1863784e-02
   4.6090584e-02
   1.7231971e-02
   2.5465555e-02
   3.9603621e-02
   5.9287835e-02
   2.0472141e-02
   3.1468514e-02
   2.2505600e-02
   2.5239902e-02
   2.9860433e-02
   1.6920738e-02
   4.6431396e-02
   3.2938376e-02
   1.9380812e-02
   1.5131881e-02
   3.6062974e-02
   4.6947099e-02
   1.7100129e-02
   2.4240799e-02
   3.4685906e-02
   6.2400900e-02
   1.9246582e-02
   2.8166581e-02
   2.1565888e-02
   2.9474011e-02
   2.9452330e-02
   1.6421486e-02
   4.5456327e-02
   3.6734615e-02
   1.1374745e-02
   2.2238115e-02
   2.3935748e-02
   4.3675676e-02
   1.0436341e-02
   2.1350168e-02
   2.6442653e-02
   6.7320362e-02
   1.3094748e-02
   2.4580672e-02
   2.4363035e-02
   3.6045127e-02
   1.9834345e-02
   1.9004133e-02
   5.3171426e-02
   3.5486974e-02
   1.1384834e-02
   1.6575092e-02
   3.8948834e-02
   4.2072568e-02
   1.0878584e-02
   2.0895094e-02
   3.3240750e-02
   6.3779548e-02
   1.2323348e-02
   2.6096441e-02
   2.7644014e-02
   3.2707825e-02
   2.0391470e-02
   1.9864772e-02
   5.7425264e-02
   3.8585626e-02
   1.1602667e-02
   1.5241575e-02
   4.3940067e-02
   3.9467026e-02
   1.1226007e-02
   2.4604402e-02
   3.5746213e-02
   6.2060013e-02
   1.2423180e-02
   2.9279934e-02
   2.7305836e-02
   3.8174447e-02
   2.5033414e-02
   5.3945731e-02
   5.7693902e-02
   4.6937685e-02
   1.9922381e-02
   4.9179073e-02
   3.6316607e-02
   4.2385880e-02
   1.9338015e-02
   8.9010261e-02
   3.9018713e-02
   5.9955001e-02
   1.9740583e-02
   9.0212330e-02
   3.0602824e-02
   5.6753300e-02
   4.4396590e-02
   1.2667908e-01
   7.9237841e-02
   5.9934668e-02
   3.4515593e-02
   1.1413130e-01
   4.8355624e-02
   5.4488868e-02
   3.2503445e-02
   2.0307502e-01
   3.8173102e-02
   6.4405084e-02
   3.4315031e-02
   2.0512319e-01
   3.5938583e-02
   5.1426467e-02
   4.0195785e-02
   5.4922331e-02
   6.4595960e-02
   4.4195525e-02
   1.9044902e-02
   5.2876823e-02
   3.5501774e-02
   4.5364335e-02
   1.8539052e-02
   9.5147580e-02
   3.3292931e-02
   5.6874931e-02
   2.1558827e-02
   1.0214572e-01
   3.1695418e-02
   2.8982176e-02
   2.5172021e-02
   1.6260698e-02
   7.0311405e-02
   3.5543472e-02
   1.1319285e-02
   1.4679083e-02
   4.2262845e-02
   4.0598556e-02
   1.1250744e-02
   2.6340144e-02
   3.9210312e-02
   5.1818758e-02
   1.4864085e-02
   3.6807194e-02
   2.4365516e-02
   2.2870330e-02
   2.0546984e-02
   1.5660975e-02
   6.1913509e-02
   3.4523286e-02
   1.1213698e-02
   1.6099084e-02
   3.7517428e-02
   4.0958110e-02
   1.0691235e-02
   2.1579549e-02
   3.4382608e-02
   5.6978486e-02
   1.2639469e-02
   2.5963986e-02
   2.3190098e-02
   2.9966112e-02
   1.8496325e-02
   1.7562434e-02
   6.4535588e-02
   4.8271861e-02
   8.5541168e-03
   3.4425810e-02
   2.9771026e-02
   5.1334247e-02
   9.3243467e-03
   2.8896777e-02
   3.2074723e-02
   8.3394624e-02
   1.3009932e-02
   2.9809507e-02
   3.0444736e-02
   4.8169829e-02
   1.5432663e-02
   1.8671399e-02
   5.3300567e-02
   4.3406881e-02
   9.3908841e-03
   2.4994062e-02
   2.5211655e-02
   4.5191552e-02
   9.2000552e-03
   2.5378222e-02
   2.7058367e-02
   6.5957181e-02
   1.1718493e-02
   2.8300280e-02
   2.7873475e-02
   4.9352255e-02
   1.8474519e-02
   2.2038829e-02
   6.2988438e-02
   4.2426597e-02
   9.1564171e-03
   2.1064440e-02
   2.5382070e-02
   3.9397091e-02
   8.8796476e-03
   3.1792309e-02
   3.1580325e-02
   5.5843227e-02
   1.1079839e-02
   4.0924076e-02
   2.7939161e-02
   6.3298211e-02
   2.9053418e-02
   7.5233795e-02
   6.2141601e-02
   5.8820691e-02
   2.3112729e-02
   7.1076244e-02
   3.0698542e-02
   4.9100749e-02
   2.1734281e-02
   1.0219777e-01
   4.0685426e-02
   5.6755677e-02
   2.2686629e-02
   1.0507997e-01
   3.3765215e-02
   8.1027970e-02
   6.7268260e-02
   1.7955905e-01
   6.8319470e-02
   8.1488907e-02
   4.7055367e-02
   1.6675438e-01
   3.3731643e-02
   7.4763283e-02
   4.4951823e-02
   2.3870216e-01
   4.6745483e-02
   6.8720095e-02
   4.8223678e-02
   2.3416743e-01
   4.0573660e-02
   6.6185974e-02
   5.0727826e-02
   8.1196420e-02
   6.2453639e-02
   5.3077903e-02
   2.0559676e-02
   7.7589720e-02
   2.9259462e-02
   5.4024622e-02
   1.9238532e-02
   1.0890892e-01
   4.0664896e-02
   5.2638244e-02
   2.3425471e-02
   1.1300536e-01
   2.8997418e-02
   4.3817934e-02
   2.0169489e-02
   2.1965114e-02
   6.8311699e-02
   4.2679176e-02
   8.6808857e-03
   2.1348722e-02
   2.7225642e-02
   4.0410835e-02
   7.9836603e-03
   3.4354955e-02
   3.8876813e-02
   4.7525119e-02
   1.3261183e-02
   5.1847413e-02
   2.6272720e-02
   3.1645160e-02
   1.7613798e-02
   1.8240178e-02
   6.1455846e-02
   4.3447528e-02
   8.2856184e-03
   2.4529947e-02
   2.5694164e-02
   4.2188171e-02
   8.5840365e-03
   2.8721396e-02
   3.4704063e-02
   6.5230273e-02
   1.1598178e-02
   3.0087804e-02
   2.7769737e-02
   4.1246772e-02
   1.5464524e-02
   3.0634863e-02
   9.7843386e-02
   5.1795196e-02
   1.0243942e-02
   5.3124264e-02
   4.2002752e-02
   5.0678052e-02
   1.0994310e-02
   5.2799720e-02
   3.4227554e-02
   9.6422225e-02
   1.6251346e-02
   3.8049772e-02
   2.8867833e-02
   6.1018296e-02
   1.2650222e-02
   2.6836313e-02
   6.9052823e-02
   5.5951651e-02
   9.4428034e-03
   3.9799858e-02
   2.8681898e-02
   5.5260938e-02
   1.1667532e-02
   3.2324541e-02
   2.5248576e-02
   7.3651187e-02
   1.3319686e-02
   3.4689903e-02
   3.0016275e-02
   6.9075041e-02
   1.6910976e-02
   2.6330715e-02
   7.3960625e-02
   5.6236170e-02
   9.4904779e-03
   3.0159442e-02
   2.7137058e-02
   5.8106951e-02
   9.5192818e-03
   3.5357408e-02
   2.9315481e-02
   5.3255811e-02
   1.2612539e-02
   3.9550718e-02
   3.6035802e-02
   1.0750318e-01
   3.1096900e-02
   5.7490978e-02
   7.3951617e-02
   9.3989491e-02
   2.9927038e-02
   5.7222582e-02
   4.1633226e-02
   6.9207758e-02
   2.5204914e-02
   7.5247854e-02
   3.7786257e-02
   5.8387451e-02
   3.0149087e-02
   7.4412674e-02
   4.3662637e-02
   1.1503159e-01
   5.9219245e-02
   1.3997351e-01
   6.8157844e-02
   1.3215485e-01
   6.2330686e-02
   1.2121596e-01
   3.5086665e-02
   9.6806593e-02
   5.6812808e-02
   1.2452085e-01
   4.2123068e-02
   6.9597051e-02
   6.0733102e-02
   1.2360148e-01
   4.4766903e-02
   8.6603269e-02
   4.6407782e-02
   5.8216102e-02
   5.9455927e-02
   6.8392806e-02
   2.3117395e-02
   6.6882938e-02
   4.1908383e-02
   6.8797901e-02
   2.2935128e-02
   7.2979741e-02
   3.7948556e-02
   5.1088631e-02
   2.6466602e-02
   6.3198730e-02
   3.4425654e-02
   5.9712853e-02
   2.0828111e-02
   2.9938657e-02
   7.6785065e-02
   5.4104149e-02
   1.0481305e-02
   3.1581357e-02
   2.6773380e-02
   6.7610115e-02
   1.0385367e-02
   3.7686531e-02
   2.8896974e-02
   4.8398595e-02
   1.2755635e-02
   4.4246104e-02
   3.8291574e-02
   3.8176768e-02
   1.8059887e-02
   3.0890394e-02
   7.7462085e-02
   4.9180266e-02
   1.0624701e-02
   3.9853327e-02
   2.8131327e-02
   6.1158776e-02
   1.1231749e-02
   4.1719493e-02
   3.4456875e-02
   7.5011872e-02
   1.5670886e-02
   3.3471897e-02
   4.3151584e-02
   5.8539111e-02
   1.6749203e-02
