   7.2413377e-02
   7.5021565e-02
   7.7052020e-02
   3.9229684e-02
   6.8941921e-02
   6.5086439e-02
   6.4682715e-02
   3.3872433e-02
   6.2830567e-02
   7.4831188e-02
   9.5745631e-02
   4.9919270e-02
   3.5516042e-02
   1.2841082e-02
   2.0258691e-02
   1.8771963e-02
   3.4621984e-02
   3.3632465e-02
   3.4432076e-02
   2.3979925e-02
   3.0590089e-02
   2.8376084e-02
   2.6846351e-02
   1.9773280e-02
   3.0653710e-02
   3.3256888e-02
   4.2526081e-02
   3.3155460e-02
   2.6751384e-02
   9.5034381e-03
   1.4866496e-02
   1.9393813e-02
   1.2143162e-02
   9.2090378e-03
   1.0154895e-02
   1.3717204e-02
   8.3373589e-03
   5.7264552e-03
   4.9913516e-03
   1.2172878e-02
   1.4580495e-02
   1.1412932e-02
   9.7829420e-03
   1.6583052e-02
   2.6145747e-02
   6.8480261e-03
   1.2203929e-02
   2.3640258e-02
   1.1413795e-02
   9.4197337e-03
   9.8124985e-03
   1.5685126e-02
   7.8393463e-03
   5.3359689e-03
   4.8544183e-03
   1.5149347e-02
   1.4271023e-02
   1.1979277e-02
   1.2258816e-02
   1.7813226e-02
   2.9889971e-02
   1.0797900e-02
   2.8639587e-02
   3.6547024e-02
   1.2074625e-02
   9.9872397e-03
   1.1103948e-02
   2.3932317e-02
   8.2140723e-03
   5.4730363e-03
   4.9515762e-03
   2.5169918e-02
   1.5585642e-02
   1.3787247e-02
   1.4425872e-02
   2.4687616e-02
   3.7157089e-02
   1.9718567e-02
   5.6266058e-02
   4.3468818e-02
   1.2302369e-02
   9.0453289e-03
   1.1206618e-02
   1.8689292e-02
   8.2939724e-03
   5.5784732e-03
   5.0059669e-03
   1.7245460e-02
   1.4030443e-02
   1.1082070e-02
   9.9436017e-03
   1.9080063e-02
   4.0983703e-02
   1.1441456e-02
   2.6303224e-02
   2.5785860e-02
   1.3082069e-02
   9.2280740e-03
   1.1269567e-02
   1.7248511e-02
   8.9234672e-03
   5.9720762e-03
   5.2360804e-03
   1.3232059e-02
   1.7349267e-02
   1.0274707e-02
   9.6561452e-03
   1.6380860e-02
   6.3334070e-02
   7.0291781e-03
   1.2351768e-02
   1.8543689e-02
   2.9392738e-02
   2.9751450e-02
   3.2577250e-02
   2.3796400e-02
   2.7341537e-02
   2.3903424e-02
   2.4570109e-02
   1.9252025e-02
   3.7281495e-02
   3.0323325e-02
   3.6779892e-02
   2.5802433e-02
   5.3924058e-02
   9.0239784e-03
   1.5510273e-02
   1.8437430e-02
   1.1134887e-01
   1.1324051e-01
   1.0924338e-01
   5.4242700e-02
   1.0041867e-01
   1.0113654e-01
   1.0264510e-01
   4.5996163e-02
   9.9429369e-02
   1.0511976e-01
   1.1863010e-01
   5.4060057e-02
   4.3885998e-02
   1.5735345e-02
   2.6047274e-02
   1.1835626e-02
   4.8558794e-02
   4.8663158e-02
   4.6736516e-02
   3.1926479e-02
   4.2830676e-02
   4.3433506e-02
   4.1545507e-02
   2.6172059e-02
   4.5697249e-02
   4.5354798e-02
   5.3662006e-02
   3.6949594e-02
   3.1630632e-02
   1.1342912e-02
   1.8471994e-02
   1.2670812e-02
   8.0737229e-03
   7.6626102e-03
   8.3549274e-03
   1.5852956e-02
   6.1248238e-03
   4.8971288e-03
   3.9817290e-03
   1.3357655e-02
   1.3366040e-02
   1.3127056e-02
   1.1722673e-02
   1.7674632e-02
   2.9809831e-02
   7.2342227e-03
   1.4907509e-02
   1.6445214e-02
   6.8466212e-03
   7.0132129e-03
   8.5929856e-03
   1.8451484e-02
   5.5500316e-03
   3.6725015e-03
   2.9085840e-03
   1.9113364e-02
   1.3254419e-02
   1.2277446e-02
   1.4600909e-02
   2.0255225e-02
   3.4749065e-02
   1.3518192e-02
   3.7633110e-02
   2.4683442e-02
   7.3549463e-03
   8.3179064e-03
   1.0029732e-02
   3.1029088e-02
   6.2467312e-03
   3.9710561e-03
   3.1062006e-03
   3.5434190e-02
   1.4648247e-02
   1.4563947e-02
   1.5986698e-02
   2.9641038e-02
   5.0190266e-02
   2.7204357e-02
   7.5846478e-02
   3.1476401e-02
   7.2020437e-03
   7.3315995e-03
   9.0182750e-03
   2.5264321e-02
   6.5134126e-03
   3.8627151e-03
   3.1750307e-03
   2.3916425e-02
   1.4181135e-02
   1.2138827e-02
   1.0120574e-02
   2.2660976e-02
   5.7578195e-02
   1.4754833e-02
   3.3064380e-02
   1.8360239e-02
   8.5061500e-03
   7.7520823e-03
   9.3730716e-03
   2.0508191e-02
   7.4947453e-03
   4.7930693e-03
   4.1163764e-03
   1.6420957e-02
   2.0144708e-02
   1.0470228e-02
   9.4271358e-03
   1.7772073e-02
   9.2223279e-02
   7.3173246e-03
   1.5851237e-02
   1.2484902e-02
   3.9389428e-02
   4.1106306e-02
   4.2701740e-02
   3.0875502e-02
   3.6587533e-02
   3.5201047e-02
   3.7816681e-02
   2.5680853e-02
   5.4185901e-02
   4.1011181e-02
   4.3406449e-02
   2.8027944e-02
   7.6898031e-02
   9.3430616e-03
   2.0934010e-02
   1.1559424e-02
   1.9186758e-01
   1.9558212e-01
   1.9690682e-01
   9.1350324e-02
   1.4303888e-01
   1.4246750e-01
   1.4225855e-01
   6.2371872e-02
   1.9371694e-01
   1.8270347e-01
   1.7024811e-01
   8.1065953e-02
   7.4331082e-02
   1.9653168e-02
   3.7925955e-02
   1.0831648e-02
   8.1846505e-02
   8.2127824e-02
   8.0490932e-02
   5.3593483e-02
   6.1893940e-02
   6.1570834e-02
   5.7781328e-02
   4.0814217e-02
   8.3175123e-02
   7.2930053e-02
   7.7741660e-02
   5.8365453e-02
   5.0548229e-02
   1.4514120e-02
   2.7117761e-02
   9.9803051e-03
   7.7296090e-03
   8.6935572e-03
   9.9146459e-03
   2.5245214e-02
   7.6350016e-03
   5.9169922e-03
   4.2443732e-03
   2.4853300e-02
   1.9708475e-02
   1.6159242e-02
   1.6153542e-02
   2.8200058e-02
   5.3166229e-02
   9.5086396e-03
   2.0112900e-02
   1.3986509e-02
   5.6442521e-03
   8.2474835e-03
   8.9199748e-03
   3.1248525e-02
   5.5487305e-03
   3.3433512e-03
   2.3685233e-03
   3.5233028e-02
   2.0825164e-02
   1.4102697e-02
   1.9418834e-02
   3.2526873e-02
   6.1313681e-02
   1.9604363e-02
   4.5383465e-02
   1.9380191e-02
   6.9737164e-03
   9.2132548e-03
   1.0310416e-02
   6.0393747e-02
   6.6264691e-03
   3.3317385e-03
   2.4424964e-03
   6.7907520e-02
   2.1038281e-02
   1.6330998e-02
   2.1076582e-02
   4.9200207e-02
   8.1362970e-02
   4.3238040e-02
   9.5007196e-02
   3.0079652e-02
   5.8061951e-03
   7.8220982e-03
   9.0266177e-03
   5.2883852e-02
   5.8235303e-03
   3.4111310e-03
   2.3857958e-03
   5.1607314e-02
   1.9315248e-02
   1.4770919e-02
   1.3086200e-02
   4.0921368e-02
   8.3296582e-02
   2.2765772e-02
   4.3395702e-02
   1.5693204e-02
   7.5899251e-03
   8.5074957e-03
   8.9462111e-03
   3.6300290e-02
   8.0352854e-03
   5.2943849e-03
   4.2463420e-03
   3.4230519e-02
   3.1902954e-02
   1.3159735e-02
   1.1876028e-02
   3.2950886e-02
   1.2593126e-01
   9.0813460e-03
   2.2569565e-02
   8.8963304e-03
   6.6284262e-02
   6.8884924e-02
   7.3271602e-02
   4.7585305e-02
   5.0621148e-02
   4.8728853e-02
   5.2546553e-02
   3.6450565e-02
   9.6362278e-02
   6.9547616e-02
   6.0928181e-02
   4.1380074e-02
   1.2530132e-01
   1.2093105e-02
   3.2325871e-02
   8.0900397e-03
   2.8848729e-01
   2.9469106e-01
   2.8841743e-01
   1.4391994e-01
   2.5013015e-01
   2.4645025e-01
   2.3996530e-01
   1.1018669e-01
   2.6653844e-01
   2.1090664e-01
   2.1667476e-01
   1.1005885e-01
   6.6668458e-02
   2.6518386e-02
   2.9446144e-02
   9.1274390e-03
   1.2869266e-01
   1.2655400e-01
   1.1735202e-01
   9.8013088e-02
   1.1287469e-01
   1.0665558e-01
   9.9331878e-02
   8.6362757e-02
   1.1794637e-01
   9.0560585e-02
   1.0327230e-01
   8.2576580e-02
   5.3817768e-02
   2.0856531e-02
   2.8776227e-02
   7.1051437e-03
   1.1045652e-02
   1.1032237e-02
   1.2980985e-02
   4.9541842e-02
   9.9128885e-03
   8.9488011e-03
   6.0709715e-03
   4.8078422e-02
   2.3639373e-02
   1.8624416e-02
   2.6773013e-02
   4.4521719e-02
   6.4520098e-02
   1.4026914e-02
   2.3074459e-02
   8.7639242e-03
   7.6413550e-03
   1.1224699e-02
   1.0566640e-02
   5.5803858e-02
   7.0846854e-03
   4.3464880e-03
   2.6506409e-03
   6.1115291e-02
   2.2748703e-02
   1.7096287e-02
   2.4718758e-02
   4.7718491e-02
   6.4807914e-02
   3.3359844e-02
   6.6527456e-02
   1.7728491e-02
   1.1049418e-02
   1.2114227e-02
   1.3304665e-02
   1.2953748e-01
   9.1093220e-03
   3.1731452e-03
   2.7103531e-03
   1.4614795e-01
   2.2818321e-02
   2.5229197e-02
   3.2931145e-02
   8.9023374e-02
   8.9831986e-02
   7.4363932e-02
   1.3970913e-01
   3.6234953e-02
   7.5514754e-03
   1.1127588e-02
   1.2279684e-02
   7.4686870e-02
   6.5458426e-03
   3.9998740e-03
   2.1785081e-03
   7.4199811e-02
   2.2494465e-02
   2.3787202e-02
   2.2551265e-02
   6.0689107e-02
   6.8074323e-02
   3.7907187e-02
   5.7331987e-02
   1.7744709e-02
   1.1748008e-02
   1.1739323e-02
   1.3760605e-02
   6.7771219e-02
   1.0897282e-02
   7.2590858e-03
   6.4391820e-03
   6.3647516e-02
   3.5325900e-02
   1.6247140e-02
   1.7381966e-02
   5.0807159e-02
   1.1481673e-01
   1.4306189e-02
   2.5394062e-02
   8.0978395e-03
   9.8705612e-02
   9.8743841e-02
   1.0844047e-01
   6.2627338e-02
   8.5723162e-02
   8.1498317e-02
   9.0948693e-02
   5.5011738e-02
   1.1719567e-01
   7.9262301e-02
   7.9428568e-02
   5.4878980e-02
   1.2653047e-01
   1.9181745e-02
   2.8615057e-02
   6.3469191e-03
