   4.6263267e-03
   6.0552820e-03
   1.3801918e-02
   4.0645309e-02
   4.3971580e-03
   8.7209651e-03
   9.8307319e-03
   3.3514079e-02
   6.4649773e-03
   1.0738831e-02
   7.5036851e-03
   3.7243772e-02
   1.2461077e-02
   1.5030530e-02
   1.2596960e-02
   4.6919085e-02
   4.4721463e-03
   5.7566077e-03
   1.3817736e-02
   4.0396541e-02
   4.2306697e-03
   8.0792997e-03
   9.8025799e-03
   3.3329491e-02
   6.5744612e-03
   9.9594379e-03
   7.5691859e-03
   3.5999119e-02
   1.2584393e-02
   1.5231169e-02
   1.1360364e-02
   4.6723716e-02
   4.4418462e-03
   5.9828148e-03
   1.4536896e-02
   4.0390439e-02
   4.1427682e-03
   9.1422386e-03
   1.0259220e-02
   3.5287786e-02
   6.2646237e-03
   9.9787274e-03
   7.7598733e-03
   3.6858648e-02
   1.1765585e-02
   1.5382357e-02
   1.1311790e-02
   4.7985483e-02
   5.5970680e-03
   6.4405319e-03
   2.3203367e-02
   3.8835641e-02
   5.2318261e-03
   1.0793103e-02
   1.8161967e-02
   3.6448415e-02
   6.8559907e-03
   1.1404679e-02
   1.0822082e-02
   4.2723019e-02
   1.2007632e-02
   1.8030688e-02
   1.2158325e-02
   5.4859988e-02
   7.6069022e-03
   6.5528909e-03
   3.3841774e-02
   4.0505607e-02
   7.4621406e-03
   1.1503580e-02
   2.7390502e-02
   3.6087979e-02
   9.6831126e-03
   1.3799074e-02
   1.3446946e-02
   5.2091673e-02
   1.4167073e-02
   2.0490915e-02
   1.3199999e-02
   6.5552890e-02
   5.4518082e-03
   6.7538912e-03
   2.1141516e-02
   3.9680038e-02
   5.2029178e-03
   1.2164794e-02
   1.5436179e-02
   3.5117138e-02
   7.4192118e-03
   1.2171052e-02
   9.6710892e-03
   4.1285027e-02
   1.2619247e-02
   1.9350115e-02
   1.1727851e-02
   5.4521661e-02
   4.7991727e-03
   6.6242428e-03
   1.4728136e-02
   4.0834460e-02
   4.1982844e-03
   1.0886236e-02
   1.0457844e-02
   3.5688579e-02
   6.6458350e-03
   1.1852678e-02
   7.6135937e-03
   3.7840150e-02
   1.1476288e-02
   1.6577141e-02
   1.1588346e-02
   4.7076028e-02
   4.5239404e-03
   6.1762808e-03
   1.4097000e-02
   4.2067870e-02
   4.2197499e-03
   9.1590686e-03
   9.3456227e-03
   3.4883186e-02
   6.2659299e-03
   1.1164294e-02
   7.3909299e-03
   3.5600204e-02
   1.1606237e-02
   1.5649300e-02
   1.2626525e-02
   4.7154978e-02
   3.0179312e-03
   3.9510448e-03
   1.1672627e-02
   2.1655565e-02
   2.4911566e-03
   6.5397229e-03
   9.0037230e-03
   1.7847655e-02
   3.7777873e-03
   7.7460567e-03
   5.6381449e-03
   2.1864213e-02
   7.2178799e-03
   1.1005234e-02
   8.8128746e-03
   2.6213465e-02
   2.7697214e-03
   3.7989987e-03
   1.0861089e-02
   2.1790443e-02
   2.4610893e-03
   6.4278855e-03
   8.7150307e-03
   1.7142773e-02
   3.7774628e-03
   7.6957559e-03
   5.6241024e-03
   2.0404160e-02
   6.8955971e-03
   1.0897722e-02
   7.1456907e-03
   2.7057234e-02
   2.8103217e-03
   4.1442695e-03
   1.1436461e-02
   2.2863865e-02
   2.5675870e-03
   7.2415574e-03
   9.6226046e-03
   1.8187908e-02
   3.4482512e-03
   8.5207354e-03
   6.0469890e-03
   2.2439199e-02
   6.5754610e-03
   1.1837931e-02
   6.9437567e-03
   2.9605983e-02
   4.1240929e-03
   4.4419537e-03
   2.5894035e-02
   2.1726776e-02
   3.7244956e-03
   9.3566179e-03
   2.1451073e-02
   2.0301949e-02
   5.1129977e-03
   1.0131129e-02
   1.1204779e-02
   3.3067342e-02
   7.8874268e-03
   1.4331550e-02
   8.2363971e-03
   4.2001344e-02
   7.3156212e-03
   4.7624684e-03
   4.6021756e-02
   2.6128585e-02
   6.9951750e-03
   1.0860515e-02
   3.6007177e-02
   2.4187991e-02
   9.0161040e-03
   1.1352563e-02
   1.6606590e-02
   4.8150558e-02
   1.2081105e-02
   1.6987130e-02
   9.9843135e-03
   6.2536471e-02
   4.0940195e-03
   4.6090903e-03
   2.1290371e-02
   2.2937048e-02
   4.0182769e-03
   1.1574040e-02
   1.4764685e-02
   1.8870877e-02
   5.8848569e-03
   1.0443534e-02
   8.2802102e-03
   2.9520908e-02
   9.4768582e-03
   1.5281647e-02
   8.3450172e-03
   3.5275418e-02
   3.0056869e-03
   4.5173657e-03
   1.1770966e-02
   2.1587539e-02
   2.8349643e-03
   1.0336895e-02
   8.1574917e-03
   1.9636756e-02
   4.1611698e-03
   8.6942455e-03
   5.8502643e-03
   2.4090471e-02
   7.2127390e-03
   1.2040439e-02
   7.0838039e-03
   2.8939337e-02
   2.8075390e-03
   4.0725907e-03
   1.1982881e-02
   1.9917844e-02
   2.5609434e-03
   7.6908739e-03
   8.2885167e-03
   1.8264379e-02
   3.6055665e-03
   7.6717366e-03
   5.4742652e-03
   2.1808874e-02
   7.0674778e-03
   1.1406719e-02
   8.1701819e-03
   2.8692624e-02
   2.9568812e-03
   3.7667875e-03
   9.1875112e-03
   1.2141769e-02
   1.4441831e-03
   6.2396559e-03
   9.4190100e-03
   1.0038619e-02
   2.4587845e-03
   6.7650634e-03
   5.2215643e-03
   1.6595218e-02
   5.5595571e-03
   1.0627072e-02
   7.9869218e-03
   1.8813295e-02
   2.1710892e-03
   3.1926327e-03
   9.0498654e-03
   1.1905776e-02
   1.3523245e-03
   6.4139189e-03
   8.7657757e-03
   9.9470140e-03
   2.4655766e-03
   7.8807278e-03
   4.7960947e-03
   1.5510947e-02
   4.9087396e-03
   1.0372084e-02
   6.2859342e-03
   1.6321409e-02
   1.8348756e-03
   3.6370328e-03
   1.1540772e-02
   1.1743812e-02
   1.5222342e-03
   7.9097208e-03
   1.0586860e-02
   1.1953862e-02
   2.5330775e-03
   8.4272595e-03
   5.5618975e-03
   1.6386935e-02
   5.6138090e-03
   1.1261854e-02
   5.8104834e-03
   1.5988870e-02
   4.5531839e-03
   3.8110455e-03
   3.8659148e-02
   1.5409387e-02
   4.1345567e-03
   9.0189856e-03
   2.9066080e-02
   1.8983293e-02
   5.4199952e-03
   1.1812594e-02
   1.7445894e-02
   3.6347006e-02
   8.6742882e-03
   1.3391943e-02
   9.4098719e-03
   4.7251459e-02
   9.6458057e-03
   5.0380165e-03
   7.3085099e-02
   2.5468340e-02
   9.3981009e-03
   1.2807513e-02
   5.1690605e-02
   2.9629670e-02
   1.1161352e-02
   1.4306145e-02
   2.9618245e-02
   5.9441693e-02
   1.3659110e-02
   1.6662003e-02
   1.3812497e-02
   8.4261373e-02
   4.5913178e-03
   4.6590520e-03
   2.5392784e-02
   1.6484009e-02
   4.3051210e-03
   1.3164718e-02
   1.8847436e-02
   1.3910058e-02
   5.9555215e-03
   1.2578272e-02
   1.1863971e-02
   2.7333103e-02
   9.1139320e-03
   1.4269276e-02
   7.4240216e-03
   3.3644270e-02
   1.9818989e-03
   3.8861183e-03
   1.0186742e-02
   1.1285018e-02
   1.6440048e-03
   8.9266496e-03
   8.0014104e-03
   1.2476275e-02
   2.6688338e-03
   8.6997859e-03
   5.1790648e-03
   1.7486544e-02
   5.8140513e-03
   1.0427906e-02
   5.3723012e-03
   1.4138267e-02
   2.2791708e-03
   3.7565399e-03
   9.0113813e-03
   1.1049315e-02
   1.5347676e-03
   6.5885442e-03
   9.1655422e-03
   1.0830841e-02
   2.3873562e-03
   6.7341854e-03
   5.2202470e-03
   1.5883425e-02
   5.1494241e-03
   9.2393877e-03
   6.2617459e-03
   1.5973985e-02
   4.6452028e-03
   5.4127676e-03
   7.7123274e-03
   8.5741188e-03
   1.3221501e-03
   8.1159975e-03
   6.0898545e-03
   7.1167764e-03
   2.4132414e-03
   9.9401129e-03
   4.8148874e-03
   1.0578574e-02
   6.6989460e-03
   1.4322656e-02
   7.1134581e-03
   1.1040907e-02
   2.8164913e-03
   3.8692092e-03
   7.7209822e-03
   6.2443898e-03
   9.7030064e-04
   9.7812135e-03
   7.6495688e-03
   6.8942220e-03
   2.1600679e-03
   1.0711557e-02
   4.9427822e-03
   1.0792892e-02
   5.1241000e-03
   1.2764908e-02
   4.9843607e-03
   7.9993997e-03
   1.3807674e-03
   4.1448171e-03
   1.3916728e-02
   1.0663068e-02
   1.1049377e-03
   1.1807132e-02
   1.2887469e-02
   9.1868611e-03
   2.5767044e-03
   1.2102854e-02
   7.7872942e-03
   1.4044573e-02
   7.2527886e-03
   1.4562025e-02
   6.6250893e-03
   1.1519126e-02
   7.9454836e-03
   5.5177556e-03
   5.0248571e-02
   2.5135282e-02
   7.2364681e-03
   1.1558419e-02
   4.2671066e-02
   3.1703293e-02
   8.1385570e-03
   1.1024104e-02
   3.0633185e-02
   4.8577607e-02
   1.1897368e-02
   1.7773330e-02
   2.1645332e-02
   5.3993199e-02
   1.8565588e-02
   7.3406934e-03
   9.8059192e-02
   4.5476206e-02
   1.8411452e-02
   1.2639257e-02
   7.6765835e-02
   6.1987583e-02
   1.8631488e-02
   1.5000649e-02
   5.4334696e-02
   9.2230059e-02
   2.0430988e-02
   1.8318946e-02
   3.5090402e-02
   1.0987157e-01
   7.7619511e-03
   5.9400755e-03
   3.3604480e-02
   1.7610833e-02
   8.0645261e-03
   1.3419555e-02
   2.8453648e-02
   2.1903336e-02
   8.0216583e-03
   1.6431272e-02
   2.0708997e-02
   3.2740004e-02
   1.0083068e-02
   1.6999641e-02
   1.2154599e-02
   3.7035767e-02
   2.0128074e-03
   4.2598289e-03
   9.1591440e-03
   7.9261633e-03
   1.8945978e-03
   9.5272847e-03
   6.9185202e-03
   7.7246549e-03
   1.9759496e-03
   1.1311269e-02
   7.0540602e-03
   1.2924892e-02
   6.8463455e-03
   1.1382258e-02
   3.9756522e-03
   8.9083035e-03
   2.7367142e-03
   5.3041563e-03
   7.6202233e-03
   8.7878974e-03
   1.3958837e-03
   7.1606771e-03
   6.0916836e-03
   7.0761871e-03
   1.7115803e-03
   6.9122035e-03
   5.5341893e-03
   1.2784366e-02
   5.5020661e-03
   8.7987212e-03
   4.6410249e-03
   9.6130688e-03
