   9.7060271e-02
   1.4352708e-01
   1.5415443e-01
   4.2487137e-02
   3.4379806e-02
   5.0400652e-02
   5.2559897e-02
   1.7592387e-02
   5.1594377e-02
   6.7832209e-02
   6.8195485e-02
   2.2071013e-02
   4.3408167e-02
   5.3050399e-02
   4.9615964e-02
   2.0388193e-02
   5.4418735e-02
   6.1059594e-02
   6.5256163e-02
   3.1387463e-02
   2.6014514e-02
   2.5118141e-02
   2.9962806e-02
   1.3609969e-02
   3.1900369e-02
   3.1832803e-02
   3.5401225e-02
   1.3616386e-02
   2.9912345e-02
   2.6678937e-02
   2.8652547e-02
   1.3816320e-02
   3.3612516e-02
   2.0455904e-02
   2.5154406e-02
   2.5184477e-02
   2.2724494e-02
   1.1796702e-02
   2.0440718e-02
   1.1426349e-02
   2.2021774e-02
   1.1403907e-02
   1.9000744e-02
   9.7293714e-03
   2.1981841e-02
   1.1604320e-02
   1.6439350e-02
   1.1026570e-02
   4.8589252e-02
   2.2808557e-02
   3.1171426e-02
   2.5701534e-02
   5.5663146e-02
   2.6372768e-02
   4.2816333e-02
   1.4257073e-02
   4.9292963e-02
   2.3326159e-02
   3.5389513e-02
   1.0957277e-02
   4.9034245e-02
   2.5173008e-02
   3.1318158e-02
   1.2145462e-02
   8.2593560e-02
   2.9628824e-02
   4.8136245e-02
   3.3556648e-02
   1.3307172e-01
   5.7301573e-02
   9.2157163e-02
   1.9650098e-02
   1.1870280e-01
   5.0873294e-02
   6.5054864e-02
   1.4244248e-02
   1.1867210e-01
   5.5010460e-02
   5.8510654e-02
   1.5239576e-02
   5.0100777e-02
   2.2375947e-02
   3.3555415e-02
   3.2744627e-02
   6.1699893e-02
   2.7135363e-02
   4.3853607e-02
   1.4468586e-02
   5.6141492e-02
   2.5671801e-02
   3.4168039e-02
   1.0939969e-02
   5.9547089e-02
   2.8568763e-02
   3.0388815e-02
   1.1555820e-02
   3.1147476e-02
   1.9280829e-02
   2.4675380e-02
   2.8200734e-02
   2.2551870e-02
   1.0561694e-02
   1.8418187e-02
   1.2969330e-02
   2.1394419e-02
   1.2271816e-02
   1.8007446e-02
   1.0035323e-02
   2.5563261e-02
   1.2362919e-02
   1.4391877e-02
   1.0842240e-02
   5.1210176e-02
   5.8989868e-02
   6.8209745e-02
   3.0712694e-02
   2.5740163e-02
   2.2986915e-02
   2.9532693e-02
   1.4574451e-02
   3.0490533e-02
   3.0051298e-02
   3.4015149e-02
   1.3221445e-02
   3.0624555e-02
   2.5299706e-02
   2.5284523e-02
   1.3177808e-02
   1.2225340e-01
   2.0372416e-01
   2.1098393e-01
   4.7072813e-02
   4.1321792e-02
   7.2564036e-02
   6.7132838e-02
   1.8245099e-02
   7.5158104e-02
   1.1746356e-01
   9.5490061e-02
   3.3361763e-02
   5.0615121e-02
   7.6007277e-02
   7.3225938e-02
   2.8534677e-02
   5.8365688e-02
   8.1268936e-02
   8.3811544e-02
   2.7241139e-02
   2.7226713e-02
   3.3019401e-02
   3.6415793e-02
   1.1797803e-02
   4.0014509e-02
   5.4566115e-02
   4.7822036e-02
   1.7314244e-02
   2.9668534e-02
   3.9058737e-02
   3.9814275e-02
   1.6416550e-02
   2.6296422e-02
   1.5637789e-02
   1.8880134e-02
   1.9970324e-02
   2.0024130e-02
   1.4698822e-02
   2.0094685e-02
   8.8386489e-03
   2.2195453e-02
   1.6043002e-02
   2.2223217e-02
   8.2042571e-03
   2.0394277e-02
   1.6722247e-02
   2.0464322e-02
   9.3176086e-03
   5.9099451e-02
   2.1911243e-02
   3.4412127e-02
   2.4287511e-02
   8.2839735e-02
   3.9883986e-02
   6.4031623e-02
   1.4764741e-02
   7.3087327e-02
   3.2249141e-02
   4.8435036e-02
   1.0357029e-02
   7.6071575e-02
   3.2416657e-02
   4.4464134e-02
   1.1287144e-02
   1.1842127e-01
   3.6689002e-02
   6.4610153e-02
   3.5151657e-02
   2.1535571e-01
   9.5680602e-02
   1.5199117e-01
   2.4928737e-02
   1.9711883e-01
   7.4388213e-02
   9.2837356e-02
   1.6716542e-02
   2.0607160e-01
   7.1215548e-02
   8.6615384e-02
   1.7455766e-02
   6.1947748e-02
   2.0820290e-02
   3.7472058e-02
   2.9252786e-02
   9.5476344e-02
   4.3597233e-02
   6.6961497e-02
   1.3932190e-02
   9.0324640e-02
   3.6684036e-02
   4.6179045e-02
   1.0555512e-02
   9.5637985e-02
   3.6887612e-02
   4.3951035e-02
   1.0781356e-02
   2.3266690e-02
   1.2694342e-02
   2.0045185e-02
   2.3707137e-02
   1.9467419e-02
   1.2361513e-02
   1.9227337e-02
   9.9097854e-03
   2.3152296e-02
   1.7310513e-02
   1.9167218e-02
   8.4175458e-03
   2.5979711e-02
   1.7118890e-02
   1.8143972e-02
   7.8292824e-03
   5.5445354e-02
   7.8443110e-02
   8.7758996e-02
   2.7267192e-02
   2.3955965e-02
   3.0991940e-02
   3.7128843e-02
   1.3056441e-02
   3.6865581e-02
   5.0261967e-02
   4.2779792e-02
   1.5268450e-02
   3.1680487e-02
   3.6633912e-02
   3.2897007e-02
   1.3597311e-02
   1.2621513e-01
   2.1860512e-01
   2.4518427e-01
   5.9064701e-02
   5.7496015e-02
   9.2232779e-02
   8.5853182e-02
   2.4457581e-02
   1.0342166e-01
   1.8046033e-01
   1.6172794e-01
   6.3701607e-02
   7.7982053e-02
   1.0083106e-01
   9.9877894e-02
   4.7482617e-02
   5.9132650e-02
   8.7881751e-02
   9.5138982e-02
   3.3118039e-02
   3.8023766e-02
   4.2064186e-02
   4.4921968e-02
   1.4074402e-02
   5.5170771e-02
   8.5031271e-02
   7.6335408e-02
   3.1038787e-02
   4.6633817e-02
   5.0501358e-02
   5.2276570e-02
   2.6034256e-02
   3.1909507e-02
   1.6283449e-02
   2.0962626e-02
   2.1709817e-02
   2.6919864e-02
   1.8001609e-02
   2.3049442e-02
   1.0022513e-02
   2.8874576e-02
   2.3293132e-02
   3.2818567e-02
   1.1333149e-02
   2.8332921e-02
   2.5261516e-02
   2.7414111e-02
   1.2380568e-02
   7.9973817e-02
   2.3979165e-02
   3.8284726e-02
   2.7122570e-02
   1.0890394e-01
   5.3417791e-02
   8.0845110e-02
   1.9241003e-02
   9.3653433e-02
   5.7051748e-02
   6.1866939e-02
   1.3037799e-02
   1.0174628e-01
   6.1948750e-02
   6.5164723e-02
   1.4722599e-02
   1.5124346e-01
   4.2904135e-02
   7.4234255e-02
   3.9341267e-02
   2.8311870e-01
   1.3324501e-01
   1.9898574e-01
   3.4412716e-02
   2.6280716e-01
   1.4372925e-01
   1.3614832e-01
   2.3638716e-02
   2.7899888e-01
   1.3165620e-01
   1.3319442e-01
   2.2911347e-02
   8.4042862e-02
   2.2715939e-02
   4.8000012e-02
   3.5977416e-02
   1.2635253e-01
   5.8620371e-02
   8.4437139e-02
   1.7352870e-02
   1.1800215e-01
   6.4994581e-02
   6.3049838e-02
   1.4389670e-02
   1.2997743e-01
   6.7361288e-02
   5.8987129e-02
   1.3766405e-02
   3.0036278e-02
   1.4549111e-02
   2.2029288e-02
   2.7648207e-02
   2.7905915e-02
   1.5170995e-02
   2.1059724e-02
   1.0860329e-02
   2.9892959e-02
   2.6756650e-02
   2.6396215e-02
   1.1613293e-02
   3.5067137e-02
   2.1820014e-02
   2.6206709e-02
   1.1239518e-02
   6.0957838e-02
   8.4133387e-02
   1.0562353e-01
   3.2323055e-02
   3.3974659e-02
   3.8750775e-02
   4.2336471e-02
   1.6187895e-02
   5.1053513e-02
   7.4359536e-02
   6.2732413e-02
   2.7285824e-02
   4.7146339e-02
   5.2111216e-02
   4.4625547e-02
   2.1979917e-02
   9.9376522e-02
   1.5162730e-01
   1.3265657e-01
   6.9617257e-02
   7.3153578e-02
   1.4188579e-01
   1.0605736e-01
   4.6747658e-02
   1.1581738e-01
   2.3127556e-01
   2.7035150e-01
   1.2379792e-01
   9.7870879e-02
   1.5812500e-01
   1.9072711e-01
   1.0717574e-01
   5.8020260e-02
   6.3967958e-02
   5.3945616e-02
   3.1454023e-02
   5.6781426e-02
   5.8466353e-02
   5.2507296e-02
   2.5719455e-02
   6.6258848e-02
   1.0473338e-01
   1.2230819e-01
   5.6410689e-02
   6.2566698e-02
   7.0432499e-02
   9.0138718e-02
   5.3364005e-02
   3.8403422e-02
   1.9772438e-02
   1.9086070e-02
   1.6343337e-02
   3.3850070e-02
   2.3506697e-02
   2.5978511e-02
   1.3429385e-02
   4.1262247e-02
   2.7915949e-02
   4.5660038e-02
   1.9577177e-02
   4.4314239e-02
   2.9684473e-02
   3.0442329e-02
   2.2430794e-02
   6.9556601e-02
   2.9279448e-02
   3.6366336e-02
   2.9356772e-02
   7.8179032e-02
   5.8637436e-02
   7.6294877e-02
   3.1718452e-02
   7.8737743e-02
   6.5037593e-02
   6.7736499e-02
   2.1619653e-02
   8.8287152e-02
   7.9680614e-02
   7.7552825e-02
   2.3825794e-02
   9.9622458e-02
   4.6408705e-02
   8.0883227e-02
   5.5108152e-02
   1.7885798e-01
   1.4303617e-01
   1.9153886e-01
   6.1741926e-02
   1.9533966e-01
   1.7156377e-01
   1.5084618e-01
   4.9406018e-02
   1.9333284e-01
   1.8120599e-01
   1.5323304e-01
   4.7807846e-02
   6.7085266e-02
   2.5432285e-02
   5.7937171e-02
   5.0624665e-02
   8.8479735e-02
   6.2491335e-02
   8.3856784e-02
   3.0149313e-02
   8.6486347e-02
   7.3671609e-02
   6.6668332e-02
   2.3985468e-02
   1.0240973e-01
   7.6875016e-02
   7.1088277e-02
   2.3406092e-02
   3.0227741e-02
   1.3198173e-02
   2.9886935e-02
   3.8666654e-02
   3.1905130e-02
   1.7982874e-02
   2.4195962e-02
   1.4090327e-02
   3.1678822e-02
   3.5167534e-02
   2.9859049e-02
   2.0695876e-02
   4.2399712e-02
   2.0228060e-02
   3.2179520e-02
   2.2249708e-02
   6.1664078e-02
   5.7683665e-02
   6.1859902e-02
   4.3558154e-02
   4.0438414e-02
   5.7355780e-02
   4.5632526e-02
   2.8106337e-02
   5.5796426e-02
   9.1423087e-02
   1.0046097e-01
   5.2287173e-02
   6.3919753e-02
   6.6896439e-02
   7.6887913e-02
   4.8947416e-02
