   2.0555167e-02
   1.0696678e-02
   1.8845357e-02
   3.3721022e-02
   2.6056651e-02
   7.7111372e-03
   4.0412772e-02
   3.9293505e-02
   3.4678955e-02
   5.0901733e-02
   6.2525816e-02
   4.2188108e-02
   3.1991094e-02
   1.8136010e-02
   6.0031965e-02
   3.6359698e-02
   1.8331496e-02
   9.0180179e-03
   1.7535187e-02
   3.3334304e-02
   2.5555311e-02
   7.0097288e-03
   2.6740074e-02
   3.8589273e-02
   3.3624578e-02
   4.8019096e-02
   6.3948654e-02
   4.3354400e-02
   3.2992523e-02
   1.5705358e-02
   6.0925860e-02
   3.3148646e-02
   3.6152385e-02
   1.0873138e-02
   1.8090902e-02
   3.5244085e-02
   6.0639758e-02
   6.5277908e-03
   2.1874860e-02
   4.2567443e-02
   7.7058308e-02
   4.5713112e-02
   5.7597149e-02
   4.7184307e-02
   6.9626480e-02
   1.5002990e-02
   5.5124983e-02
   3.3059943e-02
   9.5291905e-02
   1.3776972e-02
   2.4116278e-02
   4.0113442e-02
   1.4858927e-01
   7.7352850e-03
   3.3739153e-02
   4.8889458e-02
   1.4418943e-01
   5.2828122e-02
   5.5690538e-02
   5.3407103e-02
   7.6593451e-02
   1.7684853e-02
   5.9906501e-02
   3.7002966e-02
   5.4347731e-02
   1.4314496e-02
   3.1143175e-02
   5.1813353e-02
   7.3942825e-02
   1.0231433e-02
   4.2369578e-02
   5.5729613e-02
   6.9299452e-02
   5.4060426e-02
   6.0297672e-02
   6.6648506e-02
   3.6963060e-02
   1.6852992e-02
   6.0426459e-02
   4.4465568e-02
   1.9810848e-02
   1.1942375e-02
   2.3645960e-02
   4.8366062e-02
   2.6111603e-02
   9.6363034e-03
   2.7924258e-02
   6.0305696e-02
   3.4521960e-02
   4.9648736e-02
   5.1235884e-02
   8.5442692e-02
   2.9577542e-02
   1.8887242e-02
   5.1675376e-02
   6.8466730e-02
   1.9340992e-02
   9.9488581e-03
   1.7784657e-02
   3.8299680e-02
   2.5210408e-02
   7.7287275e-03
   2.2017829e-02
   4.6026327e-02
   3.1908568e-02
   4.6524499e-02
   5.1197860e-02
   5.4182358e-02
   2.6483357e-02
   1.5016601e-02
   5.1328257e-02
   5.4426689e-02
   2.0453779e-02
   9.5688468e-03
   1.6855424e-02
   3.4608837e-02
   2.7107010e-02
   6.9702379e-03
   2.7691679e-02
   3.9558232e-02
   3.2836061e-02
   4.7039498e-02
   6.0491506e-02
   4.3301992e-02
   2.8057404e-02
   1.4757711e-02
   5.4736041e-02
   3.9564058e-02
   1.7456191e-02
   1.1310277e-02
   1.7387319e-02
   2.4087934e-02
   2.0062344e-02
   6.7374008e-03
   5.1749617e-02
   2.9482653e-02
   3.3617970e-02
   4.2194784e-02
   5.7471510e-02
   3.6258880e-02
   3.7159488e-02
   2.2364477e-02
   5.2514911e-02
   3.0988073e-02
   1.8511403e-02
   1.0040326e-02
   1.6026532e-02
   2.2105832e-02
   2.3609033e-02
   5.7810401e-03
   3.1164996e-02
   2.8672867e-02
   3.8680647e-02
   4.2891297e-02
   5.1806841e-02
   3.5029043e-02
   4.6459347e-02
   1.9709539e-02
   5.3742263e-02
   2.8301878e-02
   5.1837709e-02
   1.4580323e-02
   1.8975697e-02
   2.6448632e-02
   9.2936195e-02
   5.0527183e-03
   2.3697373e-02
   3.2905675e-02
   1.1487096e-01
   4.2974096e-02
   4.8518326e-02
   3.7829414e-02
   1.2131907e-01
   1.7991917e-02
   5.0608590e-02
   2.8989611e-02
   1.3245910e-01
   1.7846948e-02
   2.9865475e-02
   3.0135114e-02
   2.2873397e-01
   7.6323221e-03
   4.5935821e-02
   3.9358370e-02
   2.0863767e-01
   5.0980918e-02
   5.6798071e-02
   4.4248108e-02
   1.3466728e-01
   2.0852583e-02
   6.1536204e-02
   3.1854596e-02
   7.9521909e-02
   1.8545698e-02
   3.7630353e-02
   3.8889658e-02
   1.1365561e-01
   1.2012854e-02
   5.3144958e-02
   4.9407732e-02
   9.5662408e-02
   5.4089915e-02
   6.7492932e-02
   6.2192637e-02
   5.2880332e-02
   2.1215701e-02
   6.8784051e-02
   4.1189831e-02
   2.5729526e-02
   1.6734052e-02
   2.5085147e-02
   3.5715777e-02
   3.2491911e-02
   1.1521643e-02
   3.0977443e-02
   6.1800715e-02
   4.1065730e-02
   4.8534434e-02
   4.8402943e-02
   1.0308696e-01
   3.5993587e-02
   2.4796803e-02
   4.8171800e-02
   8.7281875e-02
   1.7797632e-02
   1.3054639e-02
   1.4487469e-02
   2.7082849e-02
   2.2538135e-02
   7.5510875e-03
   2.1481270e-02
   3.8300849e-02
   3.1704564e-02
   4.1173279e-02
   4.7156807e-02
   5.5002525e-02
   3.0138619e-02
   2.0873979e-02
   4.4208515e-02
   6.6361509e-02
   1.5556999e-02
   1.0947952e-02
   1.5354010e-02
   2.5568187e-02
   2.0462422e-02
   6.0240095e-03
   3.2156762e-02
   3.0684398e-02
   3.1359319e-02
   3.8670290e-02
   5.5184986e-02
   3.6053821e-02
   3.2026876e-02
   1.8518273e-02
   5.0614625e-02
   3.3594877e-02
   2.6613472e-02
   1.4953996e-02
   2.2646595e-02
   1.9014498e-02
   2.8759582e-02
   9.0420926e-03
   7.4940450e-02
   2.7883274e-02
   4.7700286e-02
   4.2389944e-02
   6.3660674e-02
   3.8734723e-02
   5.5492859e-02
   3.2762427e-02
   6.5818928e-02
   2.7092516e-02
   2.4315877e-02
   1.3937249e-02
   2.5080798e-02
   1.4536876e-02
   3.2749664e-02
   7.6281452e-03
   4.1344650e-02
   2.6965192e-02
   5.7938837e-02
   3.8555551e-02
   4.7918525e-02
   3.1778436e-02
   8.0697827e-02
   2.6176160e-02
   5.9606642e-02
   2.5201196e-02
   4.7836978e-02
   1.7437063e-02
   2.9838972e-02
   2.0488918e-02
   8.8248752e-02
   6.2674647e-03
   2.8890807e-02
   3.1080544e-02
   1.6797243e-01
   4.0751945e-02
   5.0277699e-02
   3.5145409e-02
   2.2786605e-01
   2.1563414e-02
   5.5423811e-02
   2.6409687e-02
   9.6641578e-02
   2.2075014e-02
   4.6894334e-02
   2.3367347e-02
   1.8765180e-01
   1.0471540e-02
   5.4415513e-02
   3.9657962e-02
   2.7110982e-01
   5.3814806e-02
   6.0821697e-02
   4.2268850e-02
   2.3702611e-01
   2.5002811e-02
   7.4792534e-02
   3.1444218e-02
   6.4052247e-02
   2.7319275e-02
   4.8746940e-02
   3.4295630e-02
   9.6112683e-02
   1.6614577e-02
   6.0342681e-02
   4.3283150e-02
   1.0214445e-01
   5.1440012e-02
   6.7143247e-02
   5.6702513e-02
   7.9662211e-02
   2.9562050e-02
   8.4154077e-02
   4.4992767e-02
   3.3693001e-02
   2.7258782e-02
   4.1127454e-02
   3.1968787e-02
   4.5790616e-02
   1.7786264e-02
   4.4932391e-02
   5.5606157e-02
   5.9288599e-02
   4.7980968e-02
   4.9594365e-02
   9.4074421e-02
   5.7312328e-02
   3.4350384e-02
   5.2701250e-02
   9.0250291e-02
   2.6898438e-02
   2.0690195e-02
   2.0106401e-02
   1.9161964e-02
   2.9794980e-02
   1.0757855e-02
   2.9442091e-02
   3.3440404e-02
   4.7866803e-02
   3.8087193e-02
   4.4322811e-02
   5.2099086e-02
   5.2827161e-02
   2.6509747e-02
   3.7721857e-02
   6.8776771e-02
   1.9610854e-02
   1.5789060e-02
   1.9588865e-02
   1.8521503e-02
   2.7659267e-02
   8.2225017e-03
   4.2684004e-02
   2.4559556e-02
   4.7814552e-02
   4.4582114e-02
   5.6877118e-02
   3.1498991e-02
   4.8813004e-02
   2.6902653e-02
   5.5936590e-02
   4.0593244e-02
   3.6336765e-02
   2.1426314e-02
   1.9451952e-02
   1.6292600e-02
   4.2779945e-02
   1.6996128e-02
   1.1444973e-01
   3.9057586e-02
   6.3585050e-02
   5.6682613e-02
   7.5733230e-02
   4.9826343e-02
   8.5749209e-02
   5.4522488e-02
   9.4388388e-02
   3.0920532e-02
   3.2094765e-02
   1.6769852e-02
   2.4598269e-02
   1.2179308e-02
   4.2741138e-02
   1.3336930e-02
   5.7255276e-02
   3.0196324e-02
   6.1578218e-02
   4.1575924e-02
   5.9007093e-02
   3.3493463e-02
   1.0511817e-01
   4.5747302e-02
   7.8757577e-02
   2.9317563e-02
   4.9052443e-02
   2.1096030e-02
   3.1196352e-02
   1.6526561e-02
   7.1715772e-02
   1.0344969e-02
   2.7116574e-02
   2.3576027e-02
   1.2176136e-01
   4.4426430e-02
   5.8966473e-02
   4.2379893e-02
   2.0936693e-01
   3.7333768e-02
   5.9405804e-02
   3.6756892e-02
   9.9818580e-02
   2.3080362e-02
   4.9731478e-02
   2.5302729e-02
   1.5391335e-01
   1.7441768e-02
   4.9193069e-02
   3.4844954e-02
   1.6074757e-01
   6.1771546e-02
   5.6249890e-02
   4.4316012e-02
   2.0267819e-01
   4.0665410e-02
   9.0116791e-02
   4.8446599e-02
   6.7894161e-02
   3.1116774e-02
   6.6910692e-02
   2.9208425e-02
   7.6620013e-02
   2.8542401e-02
   7.0853278e-02
   3.9260883e-02
   7.3111892e-02
   5.8703449e-02
   7.6924108e-02
   6.9947980e-02
   8.4406964e-02
   4.6961449e-02
   1.0035468e-01
   7.5226940e-02
   3.7399411e-02
   3.3009529e-02
   7.6076061e-02
   2.0060517e-02
   4.4649843e-02
   2.9781863e-02
   6.5043867e-02
   5.0442483e-02
   6.6370770e-02
   4.6101820e-02
   7.2909683e-02
   1.4193416e-01
   8.3612263e-02
   4.5368999e-02
   5.6411870e-02
   1.5913536e-01
   4.0933229e-02
   2.5828222e-02
   3.7596416e-02
   2.0279163e-02
   3.7153017e-02
   1.9909099e-02
   4.6927359e-02
   3.1583399e-02
   5.6483053e-02
   4.1607454e-02
   5.5252451e-02
   7.2118983e-02
   8.1388891e-02
   3.4118012e-02
   4.5712527e-02
   1.1189378e-01
   2.4472272e-02
   2.1122547e-02
   1.8450979e-02
   1.8263448e-02
   3.3797469e-02
   1.5877211e-02
   6.3993253e-02
   2.9656850e-02
   6.0847461e-02
   6.7948617e-02
   7.0787348e-02
   4.1286305e-02
   6.9774643e-02
   4.9232818e-02
   8.1368022e-02
   5.7853062e-02
