   1.8655078e-02
   3.4885652e-02
   3.6874861e-02
   2.9884826e-02
   1.4138917e-02
   4.5528647e-02
   3.3122174e-02
   2.4702245e-02
   7.7288686e-03
   5.3179182e-02
   3.0771159e-02
   2.9534526e-02
   2.3803400e-02
   1.3207289e-02
   2.1731546e-02
   4.4758834e-02
   1.6413748e-02
   2.6735872e-02
   2.7274787e-02
   2.9137855e-02
   1.1003255e-02
   3.1902339e-02
   2.3086511e-02
   2.4169760e-02
   6.9443611e-03
   3.4124862e-02
   2.2521591e-02
   2.8433179e-02
   2.2967773e-02
   1.2010279e-02
   2.0718304e-02
   4.3959871e-02
   1.6783234e-02
   2.3747258e-02
   2.3304716e-02
   3.0415660e-02
   1.1488757e-02
   2.5192607e-02
   1.8149843e-02
   2.4655545e-02
   8.6150179e-03
   2.4389310e-02
   1.8966675e-02
   2.9056374e-02
   2.3285413e-02
   1.1477929e-02
   2.1200195e-02
   4.5783915e-02
   2.4942484e-02
   3.6206987e-02
   3.0847134e-02
   3.4250770e-02
   2.0397821e-02
   3.6326822e-02
   2.2608077e-02
   2.7417351e-02
   1.4850039e-02
   3.1508811e-02
   2.1941693e-02
   3.2023236e-02
   2.5251191e-02
   1.2418167e-02
   2.3721335e-02
   5.1237855e-02
   2.3013609e-02
   4.6089344e-02
   5.3409748e-02
   4.2476777e-02
   1.6179640e-02
   4.2746138e-02
   3.9302517e-02
   3.2409638e-02
   1.1609297e-02
   3.5457935e-02
   3.3978950e-02
   3.4797847e-02
   2.7432291e-02
   1.3260336e-02
   2.7922763e-02
   5.4849662e-02
   1.5424096e-02
   2.8444216e-02
   4.4291034e-02
   4.1526619e-02
   1.0043913e-02
   2.7240014e-02
   3.5753630e-02
   3.1431112e-02
   7.4618789e-03
   2.5813533e-02
   3.0996492e-02
   3.2272391e-02
   2.5082963e-02
   1.2408219e-02
   2.5881801e-02
   5.0588682e-02
   1.3733746e-02
   2.3167282e-02
   2.9682955e-02
   3.1087721e-02
   8.7798331e-03
   2.3601098e-02
   2.3842040e-02
   2.5016289e-02
   6.2511144e-03
   2.5015635e-02
   2.1382719e-02
   2.9070012e-02
   2.2795064e-02
   1.1337874e-02
   2.1396955e-02
   4.6084318e-02
   1.5267792e-02
   2.7250394e-02
   3.1735256e-02
   2.9208094e-02
   1.0592964e-02
   3.2494102e-02
   2.7330011e-02
   2.3907125e-02
   6.5280255e-03
   3.7000474e-02
   2.4839099e-02
   2.8579498e-02
   2.2687854e-02
   1.1611571e-02
   2.0892911e-02
   4.3621708e-02
   2.9491214e-02
   6.9262169e-02
   7.0659816e-02
   2.7872957e-02
   1.9561665e-02
   7.5507507e-02
   5.2337717e-02
   2.2914004e-02
   8.2467785e-03
   6.7532584e-02
   3.8709097e-02
   2.7241796e-02
   2.1331500e-02
   1.2413017e-02
   2.0435613e-02
   4.2322081e-02
   2.4793170e-02
   5.0336432e-02
   4.9517293e-02
   2.7644260e-02
   1.4216165e-02
   5.1595669e-02
   3.5752203e-02
   2.2799887e-02
   7.1067885e-03
   4.3193277e-02
   2.7910301e-02
   2.6733324e-02
   2.1237660e-02
   1.1499587e-02
   2.0024803e-02
   4.2771418e-02
   2.4133794e-02
   4.0781483e-02
   3.8180780e-02
   2.8448947e-02
   1.4982767e-02
   3.8109232e-02
   2.6459862e-02
   2.3487106e-02
   1.0148561e-02
   2.9973572e-02
   2.2739500e-02
   2.7515238e-02
   2.1654945e-02
   1.1019542e-02
   2.0623963e-02
   4.4714466e-02
   3.7400495e-02
   6.0676295e-02
   4.9647044e-02
   3.0935070e-02
   2.8240692e-02
   5.2836351e-02
   3.1101556e-02
   2.5449349e-02
   2.0099171e-02
   3.8605593e-02
   2.5127336e-02
   2.9358573e-02
   2.1862371e-02
   1.1746299e-02
   2.2275358e-02
   4.8310325e-02
   3.2944236e-02
   7.7181213e-02
   8.6775288e-02
   4.2091694e-02
   2.0504273e-02
   6.1154041e-02
   5.3579442e-02
   3.0992301e-02
   1.3643336e-02
   4.3463111e-02
   4.0819474e-02
   3.1170484e-02
   2.2552039e-02
   1.2153626e-02
   2.7086537e-02
   4.9872667e-02
   2.0486748e-02
   4.8954178e-02
   7.2580263e-02
   4.3600164e-02
   1.1581024e-02
   4.0771157e-02
   4.8870239e-02
   3.1506348e-02
   7.2011845e-03
   3.1240907e-02
   3.7478492e-02
   2.9790020e-02
   2.1685373e-02
   1.1680224e-02
   2.5871145e-02
   4.8479460e-02
   1.9094462e-02
   4.2658072e-02
   5.1676024e-02
   2.9681280e-02
   1.0673432e-02
   3.8327634e-02
   3.4670450e-02
   2.4262074e-02
   6.2605394e-03
   3.1462677e-02
   2.4862142e-02
   2.7713837e-02
   2.0696826e-02
   1.1065670e-02
   2.0996232e-02
   4.6333425e-02
   2.2970678e-02
   5.3442925e-02
   5.9300169e-02
   2.7652241e-02
   1.4097928e-02
   5.4776113e-02
   4.2153593e-02
   2.2841725e-02
   6.7196540e-03
   4.6944182e-02
   3.0160148e-02
   2.6873767e-02
   2.0642886e-02
   1.1160820e-02
   2.0020338e-02
   4.2484242e-02
   3.3602383e-02
   8.6492583e-02
   8.8551104e-02
   2.1758525e-02
   2.1027625e-02
   7.2420806e-02
   5.1836088e-02
   1.8880205e-02
   8.5992590e-03
   6.2382646e-02
   3.8164943e-02
   2.2217542e-02
   1.5212415e-02
   1.0560577e-02
   1.7296560e-02
   3.5045717e-02
   2.7299915e-02
   6.2401239e-02
   6.4627163e-02
   2.1951685e-02
   1.4501617e-02
   4.9309067e-02
   3.6966965e-02
   1.9113734e-02
   6.7544873e-03
   4.0589690e-02
   2.7970975e-02
   2.2291429e-02
   1.5750246e-02
   9.7166710e-03
   1.6779883e-02
   3.4704939e-02
   2.5800359e-02
   4.5640152e-02
   4.8264496e-02
   2.2810999e-02
   1.5823428e-02
   3.5013638e-02
   2.6819456e-02
   1.9672183e-02
   1.1124241e-02
   2.4227850e-02
   2.0178635e-02
   2.2794088e-02
   1.6963217e-02
   9.2188306e-03
   1.7340574e-02
   3.6724124e-02
   4.0036734e-02
   5.8480404e-02
   5.4937404e-02
   2.4524564e-02
   3.3251442e-02
   4.3259501e-02
   2.8945602e-02
   2.0820223e-02
   2.5023159e-02
   3.1681355e-02
   2.0761136e-02
   2.3979869e-02
   1.5747314e-02
   9.5361983e-03
   1.8894482e-02
   3.9407261e-02
   3.3969853e-02
   7.1432650e-02
   8.6080447e-02
   3.8225114e-02
   2.1846589e-02
   4.9560018e-02
   5.0381348e-02
   2.6828906e-02
   1.5316635e-02
   3.6007985e-02
   4.1320790e-02
   2.5282644e-02
   1.6025458e-02
   9.6288929e-03
   2.5179738e-02
   4.0196616e-02
   2.2341236e-02
   4.9373046e-02
   7.0748188e-02
   4.1186545e-02
   1.0760152e-02
   3.3929098e-02
   4.4727530e-02
   2.8066950e-02
   6.1860573e-03
   2.2277256e-02
   3.7864737e-02
   2.4620743e-02
   1.5756983e-02
   9.3120299e-03
   2.4173554e-02
   4.1693795e-02
   2.2424573e-02
   5.1075906e-02
   5.8678452e-02
   2.4700167e-02
   1.0409602e-02
   3.6029510e-02
   3.0781094e-02
   2.0564051e-02
   5.3530894e-03
   2.4658421e-02
   2.1801112e-02
   2.3410644e-02
   1.5400253e-02
   9.0828100e-03
   1.8253153e-02
   4.2680986e-02
   2.7571246e-02
   6.8326846e-02
   7.3943786e-02
   2.2181785e-02
   1.4340345e-02
   5.3073045e-02
   3.9641771e-02
   1.9165736e-02
   6.4313589e-03
   4.1495029e-02
   2.8605593e-02
   2.2266444e-02
   1.4986567e-02
   9.4175627e-03
   1.7161602e-02
   3.5513174e-02
   2.7351853e-02
   6.4118683e-02
   6.9655694e-02
   1.5296829e-02
   2.1946181e-02
   6.2825449e-02
   4.7545999e-02
   1.3177394e-02
   8.8852709e-03
   6.6037498e-02
   4.0748905e-02
   1.5805090e-02
   1.0288264e-02
   8.7657450e-03
   1.3949899e-02
   2.5952449e-02
   2.2914845e-02
   5.1109966e-02
   5.6224626e-02
   1.4954595e-02
   1.4372830e-02
   4.4920105e-02
   3.4377005e-02
   1.3288589e-02
   6.4206244e-03
   4.0925615e-02
   2.8930338e-02
   1.6043838e-02
   1.1420268e-02
   7.5907684e-03
   1.2504347e-02
   2.5230158e-02
   2.2459565e-02
   3.6998153e-02
   4.2965855e-02
   1.5934436e-02
   1.8117009e-02
   3.3665668e-02
   2.6195318e-02
   1.3588010e-02
   1.2978558e-02
   2.2449194e-02
   1.7647237e-02
   1.5777234e-02
   1.2650216e-02
   6.5458165e-03
   1.2620911e-02
   2.5720093e-02
   4.0258389e-02
   4.6788458e-02
   4.3632574e-02
   1.8107843e-02
   4.2089500e-02
   4.4854835e-02
   2.6089411e-02
   1.4311551e-02
   3.2665934e-02
   4.2580564e-02
   2.0817522e-02
   1.6264366e-02
   1.0758118e-02
   6.8122800e-03
   1.4892429e-02
   2.7332710e-02
   3.1760566e-02
   6.3465774e-02
   8.1487015e-02
   3.9822720e-02
   2.5302948e-02
   5.5808891e-02
   6.1593231e-02
   2.3282690e-02
   1.8885326e-02
   5.1929779e-02
   5.7661653e-02
   1.7846687e-02
   1.0653533e-02
   6.9845542e-03
   2.3209646e-02
   2.8849294e-02
   1.7120853e-02
   3.3908743e-02
   6.0058512e-02
   4.3978438e-02
   8.5887210e-03
   2.8480133e-02
   5.1715277e-02
   2.5085971e-02
   5.2531543e-03
   2.0203633e-02
   5.0062634e-02
   1.7535172e-02
   9.9815102e-03
   6.5376484e-03
   2.1711497e-02
   3.7134584e-02
   1.8188952e-02
   3.8238358e-02
   4.3858659e-02
   1.9446138e-02
   8.8493023e-03
   3.1112274e-02
   2.9169952e-02
   1.5098979e-02
   4.2635677e-03
   2.1279251e-02
   1.9950652e-02
   1.6797893e-02
   9.6244523e-03
   6.5964567e-03
   1.4139394e-02
   4.1496433e-02
   2.3123449e-02
   5.0952565e-02
   5.8357544e-02
   1.5238184e-02
   1.3631343e-02
   4.1489732e-02
   3.5818718e-02
   1.3492246e-02
   6.0361149e-03
   4.3560777e-02
   2.7900390e-02
   1.6193023e-02
   9.7721778e-03
   7.0144604e-03
   1.3594967e-02
   2.8132405e-02
