   1.0296443e-02
   1.0424176e-02
   9.3819583e-03
   2.4774564e-02
   8.6891297e-03
   6.3188742e-03
   4.5336983e-03
   2.2372365e-02
   7.5556501e-03
   5.9132301e-03
   4.0496164e-03
   2.1500338e-02
   8.1175044e-03
   6.9746138e-03
   5.0593475e-03
   2.6207762e-02
   9.5692417e-03
   8.0352314e-03
   7.1976604e-03
   2.1592719e-02
   8.2344050e-03
   6.1306236e-03
   4.3778992e-03
   2.1427760e-02
   7.1516996e-03
   5.6810873e-03
   3.8748779e-03
   2.0553844e-02
   7.7378526e-03
   6.5520452e-03
   4.9879653e-03
   2.4554344e-02
   9.4459206e-03
   6.7946701e-03
   5.7185153e-03
   2.0747917e-02
   8.3266767e-03
   6.4932797e-03
   4.5078928e-03
   2.1931859e-02
   7.2823651e-03
   5.8355611e-03
   4.0224437e-03
   2.1029154e-02
   7.8003248e-03
   6.6483263e-03
   4.9521415e-03
   2.4897365e-02
   1.1142876e-02
   7.6836431e-03
   6.2197717e-03
   2.4108373e-02
   9.4766542e-03
   7.2245444e-03
   5.3200684e-03
   2.5597706e-02
   8.3397049e-03
   6.3523394e-03
   4.9494235e-03
   2.4618344e-02
   8.8453004e-03
   7.2757644e-03
   5.7780026e-03
   2.9090311e-02
   1.3612549e-02
   8.9228321e-03
   7.8781387e-03
   2.8555043e-02
   1.1131871e-02
   7.5160498e-03
   6.8977643e-03
   3.0484445e-02
   1.0007897e-02
   6.5664328e-03
   6.4994683e-03
   2.9067699e-02
   1.0351829e-02
   7.6206303e-03
   6.9444845e-03
   3.4001339e-02
   1.0919097e-02
   7.5658532e-03
   6.5174229e-03
   2.4219818e-02
   9.4190780e-03
   6.9750301e-03
   5.3545572e-03
   2.5583975e-02
   8.3205812e-03
   6.2359939e-03
   4.7041047e-03
   2.4461295e-02
   8.9138821e-03
   7.2485618e-03
   5.2618105e-03
   2.8590454e-02
   9.2822947e-03
   6.6814637e-03
   5.9882901e-03
   2.0778416e-02
   8.3284667e-03
   6.2852860e-03
   4.4613029e-03
   2.1814946e-02
   7.3551522e-03
   5.7702847e-03
   3.9378731e-03
   2.0860994e-02
   7.8260517e-03
   6.6871159e-03
   4.6611810e-03
   2.4739968e-02
   9.5549058e-03
   8.0690077e-03
   7.8995591e-03
   2.1619281e-02
   8.2086446e-03
   6.0398611e-03
   4.3170596e-03
   2.1316802e-02
   7.1879271e-03
   5.6212335e-03
   3.8741366e-03
   2.0468066e-02
   7.7303690e-03
   6.6301282e-03
   4.8050466e-03
   2.4662519e-02
   1.1343936e-02
   1.2695538e-02
   1.1781840e-02
   2.7714785e-02
   9.4832461e-03
   7.2431690e-03
   5.0896551e-03
   2.3268472e-02
   8.2873730e-03
   6.6908747e-03
   4.5958594e-03
   2.2544945e-02
   8.8329455e-03
   7.8809233e-03
   5.7517216e-03
   2.6478872e-02
   1.0654813e-02
   9.5255729e-03
   8.4037650e-03
   2.3623617e-02
   9.2470767e-03
   7.3742643e-03
   5.0826524e-03
   2.2971591e-02
   8.0389045e-03
   6.6865720e-03
   4.5219469e-03
   2.2341497e-02
   8.5945772e-03
   7.6093129e-03
   5.5956533e-03
   2.5685150e-02
   1.0490925e-02
   8.1261834e-03
   6.7634024e-03
   2.2713356e-02
   9.4009619e-03
   7.9470472e-03
   5.2588386e-03
   2.3842743e-02
   8.1724562e-03
   6.9027673e-03
   4.7363127e-03
   2.3049215e-02
   8.6567160e-03
   7.7248453e-03
   5.6108651e-03
   2.6384667e-02
   1.2206000e-02
   9.3626473e-03
   7.3585752e-03
   2.5985042e-02
   1.0156224e-02
   8.5944869e-03
   6.0093189e-03
   2.6658183e-02
   8.9586945e-03
   7.2239228e-03
   5.5902964e-03
   2.6065119e-02
   9.2713423e-03
   8.1205098e-03
   6.2869689e-03
   2.9857341e-02
   1.5072371e-02
   1.1342870e-02
   9.0600671e-03
   3.0290019e-02
   1.1586214e-02
   8.8116881e-03
   7.5876205e-03
   3.1300724e-02
   1.0525192e-02
   7.3721511e-03
   7.0747351e-03
   3.0224033e-02
   1.0670240e-02
   8.3824908e-03
   7.4318899e-03
   3.3802044e-02
   1.1795159e-02
   9.1283098e-03
   7.6020788e-03
   2.6389971e-02
   1.0158107e-02
   8.1697945e-03
   5.9195501e-03
   2.6559647e-02
   8.8436659e-03
   7.0005478e-03
   5.1766760e-03
   2.6071077e-02
   9.4460640e-03
   8.0613783e-03
   5.7473397e-03
   2.9019173e-02
   1.0236220e-02
   8.0049299e-03
   7.0325648e-03
   2.3148062e-02
   9.3803369e-03
   7.5058900e-03
   5.1328284e-03
   2.3445051e-02
   8.2518626e-03
   6.6727810e-03
   4.5055225e-03
   2.2968398e-02
   8.7065641e-03
   7.6949107e-03
   5.3290878e-03
   2.5991267e-02
   1.0709630e-02
   9.7837439e-03
   9.3999011e-03
   2.4216190e-02
   9.1881920e-03
   7.1586696e-03
   4.9966290e-03
   2.2732561e-02
   8.1592537e-03
   6.5170391e-03
   4.4777934e-03
   2.2125507e-02
   8.6927749e-03
   7.6526254e-03
   5.6241495e-03
   2.5719520e-02
   1.0234163e-02
   1.5053512e-02
   1.4712570e-02
   2.7387967e-02
   8.0912663e-03
   7.2485083e-03
   4.9162572e-03
   2.0706506e-02
   7.1735047e-03
   6.2729912e-03
   4.3792906e-03
   2.0430041e-02
   7.3896358e-03
   7.1978639e-03
   5.2540186e-03
   2.3269206e-02
   9.3699917e-03
   1.0426470e-02
   9.2519298e-03
   2.2324137e-02
   7.9209497e-03
   7.5330823e-03
   4.8488034e-03
   2.0915458e-02
   6.9392575e-03
   6.3756281e-03
   4.4205412e-03
   2.0789903e-02
   7.3420596e-03
   7.0551517e-03
   5.2090348e-03
   2.3185041e-02
   9.1331014e-03
   8.4423414e-03
   6.8085506e-03
   2.0827610e-02
   8.0669858e-03
   8.3573340e-03
   4.9985824e-03
   2.1972345e-02
   7.0369765e-03
   6.4735445e-03
   4.5869453e-03
   2.1471875e-02
   7.4582119e-03
   7.1041640e-03
   5.2316603e-03
   2.4167024e-02
   1.1131175e-02
   1.0066548e-02
   7.3930379e-03
   2.4137864e-02
   8.7846657e-03
   8.7282164e-03
   5.5827857e-03
   2.5247971e-02
   7.7434541e-03
   6.6357455e-03
   5.3242035e-03
   2.4193622e-02
   7.8919586e-03
   7.2228634e-03
   5.8337930e-03
   2.7420947e-02
   1.4343905e-02
   1.2871658e-02
   9.4647920e-03
   2.8338196e-02
   1.0312337e-02
   8.5571650e-03
   7.2102826e-03
   3.0052226e-02
   9.3444278e-03
   6.5963129e-03
   6.8401364e-03
   2.9384445e-02
   9.1205016e-03
   7.3338915e-03
   6.9574192e-03
   3.1997800e-02
   1.0557563e-02
   9.6540079e-03
   7.7282130e-03
   2.4523895e-02
   8.7313456e-03
   8.1652608e-03
   5.6135850e-03
   2.4591779e-02
   7.5791948e-03
   6.3305786e-03
   4.9600443e-03
   2.4463320e-02
   7.8229653e-03
   7.0964852e-03
   5.2280012e-03
   2.6212791e-02
   8.8965986e-03
   8.1511419e-03
   7.1695498e-03
   2.1710340e-02
   8.0197873e-03
   7.6058381e-03
   4.9415808e-03
   2.1500342e-02
   7.1941209e-03
   6.4040846e-03
   4.3346873e-03
   2.0976609e-02
   7.3659043e-03
   6.9253170e-03
   4.8784586e-03
   2.3114057e-02
   9.4699562e-03
   1.0923017e-02
   1.0646639e-02
   2.3214022e-02
   7.9261325e-03
   7.2112158e-03
   4.8568891e-03
   2.0656012e-02
   7.1463152e-03
   6.2707392e-03
   4.2922031e-03
   2.0329950e-02
   7.4488069e-03
   7.0247180e-03
   5.1616332e-03
   2.2816058e-02
   9.3901763e-03
   1.9145560e-02
   1.9575587e-02
   2.7602438e-02
   5.8209943e-03
   6.2057558e-03
   3.9586169e-03
   1.6177364e-02
   5.1443242e-03
   5.0087883e-03
   3.6143623e-03
   1.6669679e-02
   5.2573076e-03
   5.7913181e-03
   3.9848778e-03
   1.7987922e-02
   8.1400890e-03
   1.1637640e-02
   1.0329345e-02
   1.9642396e-02
   5.9049064e-03
   6.7066280e-03
   3.9226194e-03
   1.6492631e-02
   5.0886790e-03
   4.8236395e-03
   3.6559682e-03
   1.6479958e-02
   5.2927877e-03
   5.5976338e-03
   4.2980532e-03
   1.7987601e-02
   7.6606930e-03
   8.1164781e-03
   5.8712089e-03
   1.6625557e-02
   6.1521437e-03
   8.2382606e-03
   4.1595967e-03
   1.6750505e-02
   5.3048679e-03
   4.9688029e-03
   3.9310618e-03
   1.7495504e-02
   5.5174483e-03
   5.5907150e-03
   4.4803717e-03
   1.8957008e-02
   9.9478913e-03
   1.0868344e-02
   6.5430198e-03
   1.9822400e-02
   7.0717530e-03
   8.9187883e-03
   4.8676874e-03
   2.1245340e-02
   6.1368165e-03
   5.3517614e-03
   4.7369739e-03
   2.1394745e-02
   6.0025430e-03
   5.8896416e-03
   5.2046622e-03
   2.3011245e-02
   1.3963114e-02
   1.5659815e-02
   9.2963828e-03
   2.6073145e-02
   8.6665601e-03
   8.5476637e-03
   6.6798818e-03
   2.8429896e-02
   8.2787490e-03
   5.4593883e-03
   6.3617355e-03
   2.8860977e-02
   7.6390412e-03
   5.8723842e-03
   6.2537598e-03
   3.0389683e-02
   9.0555456e-03
   1.0479539e-02
   7.2220974e-03
   2.0421514e-02
   6.6103679e-03
   7.8482497e-03
   4.9181888e-03
   2.1407822e-02
   6.1615487e-03
   4.9777236e-03
   4.2632781e-03
   2.1088839e-02
   6.0734213e-03
   5.6185722e-03
   4.3180045e-03
   2.2417819e-02
   7.1189734e-03
   8.1452550e-03
   6.3918005e-03
   1.7244797e-02
   5.8545228e-03
   6.9084307e-03
   4.0691751e-03
   1.7482050e-02
   5.5504031e-03
   5.0685620e-03
   3.6596539e-03
   1.6496347e-02
   5.5621667e-03
   5.5759149e-03
   3.8952390e-03
   1.8468209e-02
   8.2568964e-03
   1.2551568e-02
   1.2448290e-02
   2.0549066e-02
   5.7481104e-03
   6.3236472e-03
   3.9215116e-03
   1.6908770e-02
   5.4049059e-03
   5.0271475e-03
   3.5922474e-03
   1.6183404e-02
   5.4487241e-03
   5.5839666e-03
   4.0111835e-03
   1.7812179e-02
