   1.3777995e-02
   2.9237792e-02
   2.9536275e-02
   2.6339449e-02
   1.4265870e-02
   4.9323183e-02
   7.3618218e-02
   4.6873175e-02
   1.2269033e-02
   1.8397041e-02
   4.5794494e-02
   6.0945664e-02
   1.8873857e-02
   5.5479787e-02
   5.0226852e-02
   4.7987927e-02
   1.2425093e-02
   1.3072976e-02
   1.9479660e-02
   2.6213799e-02
   2.4898194e-02
   2.8338633e-02
   3.5891227e-02
   4.3835659e-02
   1.2151429e-02
   1.6037630e-02
   3.6914639e-02
   5.6525268e-02
   1.7276121e-02
   2.9320100e-02
   3.4326706e-02
   5.6221928e-02
   1.3218154e-02
   5.2441070e-03
   1.4025659e-02
   2.5455372e-02
   2.4527090e-02
   1.6698627e-02
   1.9231509e-02
   4.4638224e-02
   1.1722698e-02
   1.5486258e-02
   3.8154315e-02
   5.4076724e-02
   1.6623557e-02
   1.5330090e-02
   2.9212132e-02
   6.7483693e-02
   1.4308775e-02
   5.1497263e-03
   1.4181007e-02
   2.5252352e-02
   1.5288267e-02
   1.3452582e-02
   1.9276880e-02
   4.5580633e-02
   1.6252708e-02
   2.9906813e-02
   5.6333769e-02
   5.4484870e-02
   1.8868258e-02
   1.5191847e-02
   4.1213673e-02
   5.1179875e-02
   1.0535499e-02
   5.1391381e-03
   2.3277948e-02
   2.6481466e-02
   1.9170811e-02
   1.1334193e-02
   2.4437267e-02
   4.4648238e-02
   2.7498677e-02
   5.5476673e-02
   9.2952281e-02
   5.9203219e-02
   2.2290757e-02
   2.1276109e-02
   3.9880905e-02
   4.6033680e-02
   9.8571731e-03
   5.2217203e-03
   2.6139434e-02
   3.1457629e-02
   1.6552513e-02
   9.0379398e-03
   2.5241414e-02
   4.6789359e-02
   1.7932195e-02
   3.0006396e-02
   5.1408455e-02
   5.4129977e-02
   2.0152031e-02
   3.1494774e-02
   2.6406771e-02
   4.5813765e-02
   9.3136355e-03
   5.2367002e-03
   1.6390471e-02
   4.5427289e-02
   1.3895363e-02
   9.6135335e-03
   2.4550322e-02
   5.9477806e-02
   1.1799477e-02
   1.6340490e-02
   3.3458620e-02
   5.2311603e-02
   3.0289061e-02
   2.6933534e-02
   2.3222383e-02
   4.5124479e-02
   1.0079425e-02
   1.3577903e-02
   2.0462824e-02
   3.4236897e-02
   1.3653779e-02
   2.4484785e-02
   4.0807907e-02
   5.1786594e-02
   1.1859749e-02
   1.5842084e-02
   3.6514360e-02
   5.6858011e-02
   2.7460394e-02
   3.3175308e-02
   3.1980719e-02
   4.6458345e-02
   1.4718803e-02
   3.5288673e-02
   3.2075685e-02
   1.7224014e-02
   1.0513711e-02
   5.9696529e-02
   7.9838552e-02
   3.4438729e-02
   7.2671762e-03
   1.8623415e-02
   4.2902373e-02
   3.7270378e-02
   1.3409986e-02
   6.1505221e-02
   5.7037722e-02
   3.7042871e-02
   1.3391213e-02
   1.5057885e-02
   1.7830418e-02
   1.4968283e-02
   2.1802258e-02
   3.6277130e-02
   3.7677344e-02
   2.7105300e-02
   7.3012146e-03
   1.5724134e-02
   3.4399051e-02
   3.0686963e-02
   1.0369106e-02
   3.1453717e-02
   4.0274762e-02
   4.7496103e-02
   1.5317116e-02
   4.2228498e-03
   9.7144246e-03
   1.5298942e-02
   2.0655975e-02
   2.3062777e-02
   1.6101850e-02
   2.6467247e-02
   7.2152838e-03
   1.4970522e-02
   3.5348829e-02
   2.7922757e-02
   9.8529756e-03
   1.4114828e-02
   3.7331007e-02
   5.9677072e-02
   1.6384332e-02
   3.9667990e-03
   1.2608436e-02
   1.4601908e-02
   1.1384537e-02
   1.6089462e-02
   1.8319404e-02
   2.9947024e-02
   1.4178175e-02
   3.0391283e-02
   5.6233469e-02
   2.9966787e-02
   1.2400684e-02
   1.4468829e-02
   6.1316401e-02
   3.7683520e-02
   1.1552053e-02
   3.5626439e-03
   3.0079734e-02
   1.6362026e-02
   1.5848273e-02
   1.2624887e-02
   2.8235175e-02
   3.1603586e-02
   3.0786550e-02
   6.1964609e-02
   1.0061111e-01
   3.2614797e-02
   1.7620824e-02
   2.1810992e-02
   5.7266418e-02
   3.2047227e-02
   8.7752314e-03
   3.5867540e-03
   3.4923218e-02
   2.3900062e-02
   1.1363619e-02
   9.6188877e-03
   3.1428345e-02
   3.6824640e-02
   1.7124422e-02
   3.3039253e-02
   5.1728595e-02
   2.9145299e-02
   1.5199709e-02
   3.1099850e-02
   3.0991917e-02
   2.8936272e-02
   7.9951035e-03
   4.0698661e-03
   1.7499816e-02
   4.4617664e-02
   7.9214107e-03
   1.1199900e-02
   2.7574673e-02
   5.2358977e-02
   7.6386728e-03
   1.7195871e-02
   3.1248551e-02
   2.7716490e-02
   2.5027437e-02
   2.9564120e-02
   2.2397367e-02
   2.9850191e-02
   9.7370427e-03
   1.5924741e-02
   2.1128029e-02
   2.8267119e-02
   8.0930516e-03
   2.9773960e-02
   4.3481238e-02
   4.0530145e-02
   7.1049398e-03
   1.6267687e-02
   3.2857023e-02
   3.1530805e-02
   2.1745741e-02
   3.8561400e-02
   3.3430889e-02
   3.4956638e-02
   1.4244509e-02
   4.7334462e-02
   4.0956073e-02
   1.5638670e-02
   1.0341721e-02
   8.9039870e-02
   9.6480079e-02
   2.9803466e-02
   6.1404267e-03
   2.5903525e-02
   4.1543581e-02
   2.1299876e-02
   1.1189953e-02
   9.0117261e-02
   7.9005219e-02
   3.6121048e-02
   1.9502431e-02
   2.1683542e-02
   2.2170531e-02
   1.2376699e-02
   2.7398236e-02
   5.8032632e-02
   4.9078215e-02
   2.1340014e-02
   6.2319455e-03
   1.8527126e-02
   3.4286067e-02
   1.4869967e-02
   8.0609955e-03
   4.5161214e-02
   5.4195341e-02
   5.4474320e-02
   1.8325226e-02
   5.4615117e-03
   1.3170208e-02
   1.2390759e-02
   2.5471335e-02
   3.6083750e-02
   2.1111511e-02
   2.0984748e-02
   7.2145280e-03
   1.6431466e-02
   2.8872948e-02
   1.4693540e-02
   7.6945298e-03
   1.8460836e-02
   4.8280984e-02
   6.8157986e-02
   1.8384337e-02
   4.2144959e-03
   1.9398712e-02
   1.2402205e-02
   1.1723126e-02
   2.4249988e-02
   1.9926427e-02
   2.5379026e-02
   1.4921441e-02
   3.4338269e-02
   3.5896644e-02
   1.9059410e-02
   9.5851580e-03
   1.9105917e-02
   7.8094751e-02
   4.0354308e-02
   1.7589130e-02
   3.6283643e-03
   4.9637329e-02
   1.4585981e-02
   1.5878152e-02
   1.7440286e-02
   3.6952171e-02
   2.3592733e-02
   3.6355849e-02
   6.9478124e-02
   5.2287415e-02
   2.2690209e-02
   1.6078413e-02
   2.5346957e-02
   6.6059679e-02
   2.9521996e-02
   1.2042997e-02
   3.7432455e-03
   5.3945985e-02
   2.7025633e-02
   1.0101192e-02
   1.2329419e-02
   4.0119134e-02
   3.0646378e-02
   1.8641939e-02
   3.9107610e-02
   3.8798727e-02
   1.9382579e-02
   1.5332479e-02
   4.2641066e-02
   3.8115177e-02
   2.4164021e-02
   1.1705063e-02
   4.4929534e-03
   2.6278213e-02
   5.3600140e-02
   6.3173650e-03
   1.7196547e-02
   3.0559037e-02
   5.8832359e-02
   7.5793029e-03
   1.9872021e-02
   2.6381226e-02
   1.8388029e-02
   3.2700066e-02
   4.4778973e-02
   2.9363614e-02
   2.7489645e-02
   1.2042925e-02
   2.0983227e-02
   3.0203728e-02
   3.0627314e-02
   6.9634547e-03
   4.6000838e-02
   5.0861891e-02
   4.2409573e-02
   6.6380100e-03
   1.9840984e-02
   2.8794879e-02
   2.0474656e-02
   2.5767451e-02
   5.5337310e-02
   4.5749389e-02
   3.2756168e-02
   2.5265496e-02
   7.4710920e-02
   4.3083902e-02
   2.0371163e-02
   1.7705280e-02
   1.3644204e-01
   1.2781186e-01
   3.4033742e-02
   7.7492637e-03
   3.4516934e-02
   3.5943370e-02
   1.2742740e-02
   1.4690206e-02
   1.0968821e-01
   9.9971972e-02
   3.7542265e-02
   3.9531402e-02
   3.4541119e-02
   3.0463746e-02
   1.3398641e-02
   4.3343171e-02
   8.9994162e-02
   6.5022126e-02
   2.4939757e-02
   8.8065714e-03
   3.1609695e-02
   3.7829340e-02
   9.8901270e-03
   9.9171223e-03
   5.7908870e-02
   6.6656262e-02
   4.9346134e-02
   3.7371907e-02
   8.9871837e-03
   2.2209618e-02
   1.4005046e-02
   3.9946221e-02
   5.2690208e-02
   3.0498562e-02
   1.7177403e-02
   7.9823593e-03
   2.6750011e-02
   3.1979669e-02
   9.2535801e-03
   1.1132980e-02
   2.7304891e-02
   6.4627476e-02
   5.9877664e-02
   3.4512375e-02
   6.7202011e-03
   3.3468105e-02
   1.6539920e-02
   1.5710456e-02
   3.8532291e-02
   3.3353340e-02
   2.0913905e-02
   1.4639645e-02
   3.8412452e-02
   4.0630452e-02
   1.5605686e-02
   1.0803986e-02
   2.7864996e-02
   9.0373456e-02
   4.0780045e-02
   3.5862681e-02
   5.6814081e-03
   9.2504121e-02
   1.7061166e-02
   1.8062785e-02
   3.0938545e-02
   5.5633184e-02
   1.9915527e-02
   3.4580838e-02
   6.6716217e-02
   5.4193038e-02
   2.6168732e-02
   1.7064914e-02
   4.0345289e-02
   6.8192534e-02
   3.3594787e-02
   2.2870172e-02
   6.0106069e-03
   8.8036150e-02
   1.9842815e-02
   1.1788423e-02
   1.9995693e-02
   5.6604505e-02
   2.6102846e-02
   1.8288422e-02
   4.7112063e-02
   2.8972086e-02
   1.8524583e-02
   1.8640658e-02
   6.6646248e-02
   4.8052631e-02
   2.5326256e-02
   2.0107903e-02
   7.4200160e-03
   4.5016602e-02
   3.9245453e-02
   8.8015776e-03
   2.6515175e-02
   4.9248528e-02
   5.2018896e-02
   7.2403019e-03
   2.8791567e-02
   2.3575939e-02
   9.9554164e-03
   5.4172352e-02
   6.8078361e-02
   4.9599160e-02
   2.4756076e-02
   2.2741597e-02
   3.3584937e-02
   3.3623707e-02
   3.0895175e-02
   1.0431688e-02
   7.2598167e-02
   7.4273534e-02
   3.8486194e-02
   9.1078999e-03
   2.5528500e-02
   3.2198809e-02
   1.2374177e-02
   4.1305207e-02
   6.8483450e-02
   7.3576882e-02
   3.2295693e-02
