   1.6024940e-02
   1.5640315e-02
   2.6174372e-02
   3.5891015e-02
   1.0898102e-02
   7.7402261e-03
   8.8612223e-03
   2.3853818e-02
   9.2827622e-03
   6.7495378e-03
   6.0122269e-03
   2.7612213e-02
   9.2810877e-03
   7.9357447e-03
   5.8750222e-03
   3.0768825e-02
   1.5026229e-02
   1.2869181e-02
   1.8602995e-02
   3.5551645e-02
   9.9854441e-03
   6.0942764e-03
   7.6657790e-03
   2.1049157e-02
   8.7807626e-03
   6.4044031e-03
   5.7933573e-03
   2.6202464e-02
   8.6994646e-03
   7.5058397e-03
   5.6456090e-03
   2.8943384e-02
   1.5200604e-02
   1.1852808e-02
   1.6633935e-02
   3.9881099e-02
   1.0055512e-02
   5.5643311e-03
   8.2119573e-03
   2.1011306e-02
   8.8232011e-03
   6.4255511e-03
   6.0952897e-03
   2.6475957e-02
   8.7499190e-03
   7.5508016e-03
   6.0216482e-03
   2.9116107e-02
   1.8122327e-02
   1.4165529e-02
   1.8882096e-02
   5.2134156e-02
   1.1549334e-02
   5.8629634e-03
   1.0237941e-02
   2.3866283e-02
   9.8665301e-03
   6.9462778e-03
   9.6782213e-03
   2.9297542e-02
   9.8096672e-03
   8.2729235e-03
   8.4981686e-03
   3.3017855e-02
   1.9415950e-02
   1.7700985e-02
   2.3973145e-02
   6.2173560e-02
   1.2646676e-02
   6.1988342e-03
   1.1367147e-02
   2.6204541e-02
   1.1457693e-02
   7.2332872e-03
   1.0508060e-02
   3.1997532e-02
   1.1243409e-02
   8.6195823e-03
   8.3536189e-03
   3.6583237e-02
   1.6810508e-02
   1.3110414e-02
   2.0258328e-02
   5.4820675e-02
   1.1078229e-02
   5.8589475e-03
   8.7126223e-03
   2.3676643e-02
   9.9397767e-03
   6.9373208e-03
   6.8655107e-03
   2.9168015e-02
   9.9267988e-03
   8.1370156e-03
   6.1653079e-03
   3.2545816e-02
   1.4959180e-02
   1.1846886e-02
   1.6771853e-02
   4.1267734e-02
   9.9349432e-03
   5.3508966e-03
   7.7226246e-03
   2.0726735e-02
   8.8210879e-03
   6.4159622e-03
   5.8536404e-03
   2.6363615e-02
   8.8288039e-03
   7.4883550e-03
   5.4765115e-03
   2.8909892e-02
   1.4933927e-02
   1.3348707e-02
   1.9365802e-02
   3.5994943e-02
   9.9930307e-03
   6.3936538e-03
   7.8059970e-03
   2.1279305e-02
   8.7511865e-03
   6.4019496e-03
   5.7509434e-03
   2.6194092e-02
   8.7720398e-03
   7.4757934e-03
   5.6356983e-03
   2.8964669e-02
   1.5730536e-02
   2.3025671e-02
   4.0385123e-02
   4.6861466e-02
   1.1194261e-02
   8.8174790e-03
   9.9299327e-03
   2.6214838e-02
   9.3638021e-03
   6.9230739e-03
   6.2123323e-03
   2.6377128e-02
   9.4198063e-03
   8.1662359e-03
   6.2450664e-03
   2.8740833e-02
   1.5183303e-02
   1.7655708e-02
   2.3818169e-02
   4.7627818e-02
   1.0382696e-02
   6.8993121e-03
   8.5195163e-03
   2.3355477e-02
   8.9991605e-03
   6.8412311e-03
   6.2179160e-03
   2.5870845e-02
   8.9917723e-03
   7.9576755e-03
   6.0309563e-03
   2.7906107e-02
   1.5435978e-02
   1.4884355e-02
   1.8956676e-02
   5.4673787e-02
   1.0474150e-02
   6.2114256e-03
   9.0058809e-03
   2.3843829e-02
   9.1076111e-03
   6.9686943e-03
   6.6667879e-03
   2.6540790e-02
   8.9722192e-03
   8.1238542e-03
   6.4478945e-03
   2.8772794e-02
   1.9355582e-02
   1.7502772e-02
   2.1372661e-02
   7.1056783e-02
   1.1977036e-02
   6.3682767e-03
   1.1560004e-02
   2.6605820e-02
   9.7999154e-03
   7.3598665e-03
   1.0884122e-02
   2.8412068e-02
   9.7264890e-03
   8.6434959e-03
   9.2411460e-03
   3.1467557e-02
   1.9371567e-02
   2.3018142e-02
   2.9982541e-02
   8.2854331e-02
   1.2648635e-02
   6.8313777e-03
   1.3199938e-02
   2.8321927e-02
   1.1261156e-02
   7.6036993e-03
   1.1793901e-02
   2.9926594e-02
   1.1035446e-02
   8.9078993e-03
   9.1848802e-03
   3.3199113e-02
   1.6162081e-02
   1.5606829e-02
   2.4387708e-02
   7.7101387e-02
   1.1127990e-02
   6.4505632e-03
   9.7793043e-03
   2.6373424e-02
   9.8658241e-03
   7.3640575e-03
   7.3578949e-03
   2.8132068e-02
   9.7557185e-03
   8.4339241e-03
   6.4814356e-03
   3.0441834e-02
   1.5049359e-02
   1.5642527e-02
   1.9266888e-02
   5.9319861e-02
   1.0455955e-02
   5.9414795e-03
   8.5260570e-03
   2.3730429e-02
   9.1123190e-03
   6.9367462e-03
   6.4329305e-03
   2.6232859e-02
   9.0225954e-03
   8.0058519e-03
   5.8529931e-03
   2.8235907e-02
   1.5147737e-02
   1.9185996e-02
   2.5380030e-02
   4.9230993e-02
   1.0494643e-02
   7.1537090e-03
   8.6826589e-03
   2.3794014e-02
   9.1478135e-03
   6.7954650e-03
   6.1764959e-03
   2.5761012e-02
   9.0395333e-03
   7.9718307e-03
   6.2266439e-03
   2.7959371e-02
   1.2533609e-02
   3.2506693e-02
   6.4302824e-02
   5.1080439e-02
   9.6392818e-03
   9.6278805e-03
   1.0761930e-02
   2.6610356e-02
   7.7002994e-03
   6.2656971e-03
   5.8180569e-03
   2.2522604e-02
   7.6435814e-03
   7.3036179e-03
   5.5694417e-03
   2.3675075e-02
   1.2309166e-02
   2.2817442e-02
   3.1683676e-02
   5.1532645e-02
   8.7644309e-03
   7.2863186e-03
   8.7537766e-03
   2.3017641e-02
   7.5499928e-03
   6.4080944e-03
   5.8773691e-03
   2.2878993e-02
   7.4711875e-03
   7.1657873e-03
   5.4475213e-03
   2.3687989e-02
   1.3145545e-02
   1.8294634e-02
   1.9830991e-02
   5.7301737e-02
   9.0425843e-03
   6.3171252e-03
   9.1343662e-03
   2.3231978e-02
   7.7337911e-03
   6.5593123e-03
   6.5943361e-03
   2.3732094e-02
   7.6317354e-03
   7.2584953e-03
   6.1329319e-03
   2.4901591e-02
   1.8597329e-02
   2.1128764e-02
   2.3214335e-02
   6.6107191e-02
   1.1108523e-02
   6.3446681e-03
   1.2522628e-02
   2.4530746e-02
   8.3090290e-03
   6.7098257e-03
   1.2046266e-02
   2.5130460e-02
   8.1142671e-03
   7.4713510e-03
   9.6715288e-03
   2.7504366e-02
   1.7712200e-02
   2.9940736e-02
   4.0134057e-02
   7.4090041e-02
   1.1308364e-02
   6.8238117e-03
   1.5145994e-02
   2.5467509e-02
   9.8282946e-03
   6.8153660e-03
   1.3072412e-02
   2.6387695e-02
   9.2028864e-03
   7.4592084e-03
   9.3664275e-03
   2.8927770e-02
   1.3108392e-02
   1.8001590e-02
   3.0239284e-02
   7.3827177e-02
   9.3112383e-03
   6.6443952e-03
   1.0631626e-02
   2.4890153e-02
   8.4902216e-03
   6.7793280e-03
   7.2043920e-03
   2.4770895e-02
   7.9795485e-03
   7.4241408e-03
   5.9203911e-03
   2.6362231e-02
   1.2523212e-02
   2.0812932e-02
   2.0649189e-02
   6.1661236e-02
   8.8724038e-03
   6.0906410e-03
   8.6856447e-03
   2.3187798e-02
   7.7642435e-03
   6.4060744e-03
   6.1408905e-03
   2.3378514e-02
   7.5045000e-03
   7.2073201e-03
   5.3794542e-03
   2.4095932e-02
   1.2228336e-02
   2.6934011e-02
   3.3857189e-02
   5.5079646e-02
   9.0201031e-03
   7.5024148e-03
   9.1296146e-03
   2.3672119e-02
   7.6857852e-03
   6.2458878e-03
   5.7968246e-03
   2.2354594e-02
   7.4722711e-03
   7.0921262e-03
   5.5861245e-03
   2.3172954e-02
   9.2239669e-03
   3.2555249e-02
   7.5338215e-02
   3.8967080e-02
   8.1633069e-03
   1.1050329e-02
   1.2362638e-02
   2.6540581e-02
   5.5973507e-03
   4.9644490e-03
   4.8964978e-03
   1.8382465e-02
   5.4518692e-03
   5.5831345e-03
   4.2901570e-03
   1.7947124e-02
   8.9577930e-03
   2.5367208e-02
   3.5058163e-02
   3.8133346e-02
   6.9791744e-03
   7.5721936e-03
   9.0121645e-03
   1.9801321e-02
   5.4948381e-03
   5.0004446e-03
   4.9883937e-03
   1.8165186e-02
   5.4471106e-03
   5.4952721e-03
   4.3767677e-03
   1.8654184e-02
   1.0757240e-02
   2.0862000e-02
   1.9837886e-02
   4.1995231e-02
   7.1566333e-03
   6.0258065e-03
   8.7431688e-03
   1.8605867e-02
   5.6942902e-03
   5.2897688e-03
   5.9101200e-03
   1.8262772e-02
   5.6853360e-03
   5.6077065e-03
   5.2401605e-03
   1.9288488e-02
   2.2465255e-02
   2.1624237e-02
   2.3051422e-02
   4.7035910e-02
   9.8677622e-03
   6.4598727e-03
   1.4301395e-02
   1.9082641e-02
   6.3950401e-03
   5.6444881e-03
   1.4225195e-02
   1.8980822e-02
   6.2123965e-03
   5.8432282e-03
   1.0372136e-02
   2.2018224e-02
   1.9849075e-02
   3.4677342e-02
   4.9577087e-02
   5.5373158e-02
   9.9862795e-03
   6.9817710e-03
   1.8698046e-02
   2.0308949e-02
   8.3013540e-03
   5.5962275e-03
   1.5732896e-02
   2.0343959e-02
   7.6930947e-03
   5.7189744e-03
   1.0388535e-02
   2.3998357e-02
   9.6275900e-03
   1.7987775e-02
   3.5696987e-02
   5.6030437e-02
   7.2138016e-03
   6.7249443e-03
   1.1327889e-02
   1.9789176e-02
   6.7601861e-03
   5.3945887e-03
   6.7187436e-03
   1.9341564e-02
   6.4129722e-03
   5.7034981e-03
   5.1837140e-03
   1.9953173e-02
   9.0644620e-03
   2.4675816e-02
   2.0650271e-02
   4.4719584e-02
   6.7277928e-03
   5.9527475e-03
   8.2409456e-03
   1.8245494e-02
   5.7288455e-03
   5.0348579e-03
   5.0502862e-03
   1.8419484e-02
   5.6050001e-03
   5.4319985e-03
   4.3456010e-03
   1.7836878e-02
   9.1018304e-03
   2.8982561e-02
   3.7679240e-02
   4.0338617e-02
   7.2568762e-03
   8.0156503e-03
   9.6441014e-03
   2.0560471e-02
   5.6381812e-03
   4.8349546e-03
   4.5680073e-03
   1.8050129e-02
   5.5787340e-03
   5.3289877e-03
   4.3374184e-03
   1.7403401e-02
