   3.2363310e-02
   3.3972554e-02
   4.1785263e-02
   4.7456127e-02
   3.3544015e-02
   2.2511888e-02
   5.2030388e-02
   3.4223076e-02
   2.2807892e-02
   4.8274277e-03
   4.1263554e-02
   1.1050173e-02
   3.1428371e-02
   2.0363871e-02
   4.9061514e-02
   1.2357048e-02
   3.0688604e-02
   3.5264075e-02
   3.6264852e-02
   4.6481855e-02
   2.9035041e-02
   2.1214100e-02
   5.0916076e-02
   3.1369999e-02
   2.2060733e-02
   4.2886324e-03
   4.2479374e-02
   1.1382944e-02
   3.2881252e-02
   1.7190361e-02
   4.3196872e-02
   1.3010260e-02
   3.8615603e-02
   3.3822488e-02
   3.2575425e-02
   4.3596074e-02
   4.3506376e-02
   2.0496905e-02
   4.6099488e-02
   3.0707765e-02
   4.6775542e-02
   4.2838696e-03
   4.1427992e-02
   1.2005406e-02
   7.1617030e-02
   2.0100512e-02
   4.0403008e-02
   1.3527220e-02
   1.2454969e-01
   3.0981340e-02
   3.5584699e-02
   4.4755422e-02
   1.1768059e-01
   1.9476576e-02
   4.7247507e-02
   3.3262845e-02
   1.0754053e-01
   5.0374637e-03
   4.5260347e-02
   1.2687874e-02
   1.2526454e-01
   3.6617722e-02
   4.7554698e-02
   1.5382593e-02
   9.7359762e-02
   3.3088453e-02
   4.6306804e-02
   7.5998835e-02
   8.0512531e-02
   2.4006035e-02
   5.0493706e-02
   3.8531240e-02
   5.2785121e-02
   4.8585064e-03
   4.8730850e-02
   1.2531354e-02
   6.1390951e-02
   3.0846493e-02
   5.5392966e-02
   1.4831167e-02
   3.2182183e-02
   3.4574844e-02
   3.8355857e-02
   9.6766584e-02
   2.8912887e-02
   2.8078996e-02
   4.4948090e-02
   4.8844993e-02
   2.2095894e-02
   4.4751405e-03
   4.4158913e-02
   1.1822676e-02
   3.4467306e-02
   1.9967681e-02
   4.8920814e-02
   1.3512435e-02
   3.0691795e-02
   2.5558129e-02
   3.5495397e-02
   4.9985394e-02
   2.7991269e-02
   2.1739971e-02
   4.2343821e-02
   4.3290365e-02
   2.1369977e-02
   4.1197855e-03
   3.7973456e-02
   1.1039820e-02
   3.1405810e-02
   1.7591828e-02
   4.1626681e-02
   1.2397162e-02
   2.9942410e-02
   2.5605418e-02
   3.8555242e-02
   4.1997861e-02
   2.8633632e-02
   1.8678768e-02
   4.5828830e-02
   3.5921875e-02
   2.2569640e-02
   4.4521452e-03
   3.7990868e-02
   1.0884421e-02
   3.0985698e-02
   1.7936496e-02
   4.3172926e-02
   1.2507033e-02
   2.0296181e-02
   3.9049000e-02
   4.6854228e-02
   3.1542387e-02
   3.3601452e-02
   2.2585111e-02
   4.4869825e-02
   2.7452329e-02
   2.1914823e-02
   3.7062443e-03
   4.6059143e-02
   8.0255624e-03
   3.6603786e-02
   1.9978927e-02
   5.6100160e-02
   8.6843837e-03
   2.0832391e-02
   3.9711270e-02
   3.8476970e-02
   3.0000616e-02
   2.9935474e-02
   1.7670790e-02
   4.3218661e-02
   2.3543786e-02
   2.4344966e-02
   3.4147196e-03
   4.4574272e-02
   8.7568182e-03
   4.4343065e-02
   1.7700322e-02
   4.6207715e-02
   8.7143444e-03
   4.9558215e-02
   3.7407484e-02
   3.4446198e-02
   3.0058466e-02
   6.9753200e-02
   1.6869962e-02
   4.2884663e-02
   2.4040051e-02
   7.9895593e-02
   3.7420695e-03
   4.5851640e-02
   9.5037986e-03
   1.2210040e-01
   2.3172563e-02
   3.9116845e-02
   9.2730895e-03
   1.7410998e-01
   3.8103167e-02
   3.9163433e-02
   3.5026323e-02
   1.8756741e-01
   1.8349012e-02
   4.5421440e-02
   2.7592957e-02
   1.8833542e-01
   4.7326335e-03
   4.8236724e-02
   1.0509245e-02
   2.1970701e-01
   4.5962699e-02
   4.7896482e-02
   1.2132552e-02
   1.3292132e-01
   4.2601570e-02
   5.3928517e-02
   8.1434809e-02
   1.1988197e-01
   2.7651463e-02
   4.9849074e-02
   3.4544166e-02
   8.9767896e-02
   4.1309157e-03
   5.8088314e-02
   1.1188250e-02
   9.9309757e-02
   3.6541030e-02
   6.2963359e-02
   1.2093519e-02
   3.2823421e-02
   3.9946213e-02
   4.6746850e-02
   1.1940780e-01
   3.5733473e-02
   3.5544273e-02
   4.3737531e-02
   5.9072029e-02
   2.7337100e-02
   3.4689251e-03
   5.3789634e-02
   8.5943360e-03
   4.4141944e-02
   2.5666546e-02
   5.0713178e-02
   1.0087274e-02
   1.9213060e-02
   2.6231173e-02
   3.9828233e-02
   4.7476120e-02
   2.3924451e-02
   2.2228686e-02
   3.3675447e-02
   4.9543723e-02
   2.0749617e-02
   3.1415757e-03
   4.0956344e-02
   6.6368836e-03
   3.6433991e-02
   1.9910147e-02
   3.6227480e-02
   8.5560903e-03
   1.7593263e-02
   2.7216619e-02
   4.2448718e-02
   3.2258257e-02
   2.6249895e-02
   1.8016450e-02
   3.5950571e-02
   3.0876057e-02
   1.9797869e-02
   3.3803291e-03
   3.9196167e-02
   7.0422548e-03
   3.3928148e-02
   1.8801879e-02
   4.2470388e-02
   7.9847556e-03
   2.0371562e-02
   5.4332193e-02
   4.9201652e-02
   2.8455198e-02
   4.9236525e-02
   3.1546347e-02
   4.4946358e-02
   2.8426485e-02
   3.1599205e-02
   4.0774732e-03
   6.1074562e-02
   7.4528186e-03
   5.5441201e-02
   2.4695167e-02
   6.5177210e-02
   9.0598017e-03
   2.5417149e-02
   4.9276352e-02
   4.0345129e-02
   2.3966355e-02
   5.1184446e-02
   2.1611236e-02
   5.0096493e-02
   2.0131629e-02
   3.7209693e-02
   3.2799647e-03
   5.8829002e-02
   8.2208794e-03
   7.1170449e-02
   2.2752702e-02
   5.8021817e-02
   8.3348164e-03
   5.6695193e-02
   3.7097588e-02
   4.1909996e-02
   2.7736070e-02
   1.0137083e-01
   1.6392387e-02
   4.9238466e-02
   1.7615838e-02
   1.2609147e-01
   4.0588593e-03
   5.8613919e-02
   8.7747276e-03
   1.8594435e-01
   2.2455702e-02
   4.6630584e-02
   8.5685654e-03
   1.7935473e-01
   4.4099733e-02
   5.5728067e-02
   3.3714548e-02
   2.4096669e-01
   1.8605623e-02
   5.0051674e-02
   2.3507191e-02
   2.8875163e-01
   5.8781411e-03
   5.6114510e-02
   1.0451576e-02
   2.9836613e-01
   4.0357899e-02
   4.9122144e-02
   1.3347567e-02
   1.2717563e-01
   6.0924087e-02
   6.8407871e-02
   9.0490893e-02
   1.4064263e-01
   3.7478134e-02
   5.9671976e-02
   3.4044627e-02
   1.2640940e-01
   4.7185100e-03
   8.0949858e-02
   1.4042053e-02
   1.1955148e-01
   3.6985721e-02
   6.2869817e-02
   1.3635481e-02
   4.5025229e-02
   5.7938989e-02
   5.8140095e-02
   1.2142427e-01
   5.8398273e-02
   5.4541379e-02
   5.3625163e-02
   7.3646203e-02
   4.7238015e-02
   3.8389063e-03
   6.6570945e-02
   1.0577897e-02
   7.1998402e-02
   2.6256790e-02
   5.4640628e-02
   9.9430298e-03
   2.4086054e-02
   3.0933451e-02
   4.2844567e-02
   5.2467011e-02
   3.4462973e-02
   2.9116599e-02
   3.3821110e-02
   6.3159734e-02
   3.7646089e-02
   3.6507992e-03
   5.0726380e-02
   7.4066925e-03
   5.7990406e-02
   2.1844693e-02
   4.0181968e-02
   8.2648648e-03
   1.8030230e-02
   3.1133668e-02
   4.1836157e-02
   2.8385537e-02
   3.6308669e-02
   2.2693502e-02
   3.5718471e-02
   3.6086600e-02
   3.0308297e-02
   3.8792524e-03
   5.5478390e-02
   6.7541813e-03
   5.3256188e-02
   2.6490150e-02
   5.0336152e-02
   7.2440067e-03
   1.8413760e-02
   7.1522057e-02
   6.3777797e-02
   3.3414796e-02
   7.8022487e-02
   5.4078221e-02
   6.7877352e-02
   3.4991011e-02
   4.6851393e-02
   6.2943180e-03
   9.2851833e-02
   1.2916830e-02
   6.7688003e-02
   3.4514416e-02
   9.0068541e-02
   1.2759293e-02
   1.9778699e-02
   4.7489960e-02
   3.9292514e-02
   2.3782216e-02
   6.3735679e-02
   3.5587009e-02
   6.4507984e-02
   2.3603767e-02
   4.4588700e-02
   5.4544006e-03
   7.0917144e-02
   1.1874476e-02
   7.5686134e-02
   3.4831341e-02
   6.1825752e-02
   1.3222168e-02
   3.1796776e-02
   3.9013378e-02
   3.9773162e-02
   3.0055545e-02
   6.5418869e-02
   2.5819099e-02
   6.9072835e-02
   1.8844612e-02
   9.4321445e-02
   7.7398000e-03
   6.5763630e-02
   9.2844265e-03
   1.2024312e-01
   3.1825211e-02
   4.8890360e-02
   1.0477840e-02
   1.0206636e-01
   4.4249725e-02
   6.1923154e-02
   3.8939584e-02
   1.0946871e-01
   3.0175092e-02
   5.8151290e-02
   2.8099334e-02
   1.6453443e-01
   1.1589559e-02
   6.5349288e-02
   1.3142225e-02
   1.6067027e-01
   6.9390982e-02
   4.4592123e-02
   1.8643642e-02
   8.2293227e-02
   5.7723064e-02
   9.0289310e-02
   1.1855858e-01
   8.8013314e-02
   6.0226925e-02
   6.0843755e-02
   5.5745468e-02
   8.2050584e-02
   9.0637449e-03
   1.1009105e-01
   2.3640735e-02
   8.5270986e-02
   6.2791340e-02
   7.7133320e-02
   2.1501210e-02
   4.0952824e-02
   6.5111071e-02
   6.3876659e-02
   1.7173919e-01
   6.1142437e-02
   8.1912190e-02
   5.5827778e-02
   8.4694937e-02
   5.5739563e-02
   6.3947500e-03
   9.3552440e-02
   1.7040096e-02
   8.3042234e-02
   3.4023818e-02
   6.5250628e-02
   1.4207096e-02
   3.2001454e-02
   4.2255949e-02
   5.8584962e-02
   8.3106980e-02
   5.0729506e-02
   4.3892201e-02
   4.8145998e-02
   7.5527638e-02
   5.3921081e-02
   6.1313426e-03
   5.8147825e-02
   1.0336090e-02
   6.0766194e-02
   2.2698414e-02
   4.6079088e-02
   1.0053659e-02
   2.0797800e-02
   5.0399512e-02
   6.0923100e-02
   3.3305340e-02
   5.8371123e-02
   3.8135216e-02
   4.8404042e-02
   4.1985691e-02
   4.5769993e-02
   5.6376313e-03
   7.9123087e-02
   7.5711338e-03
   6.7848191e-02
   3.5730831e-02
   6.4939588e-02
   9.8233195e-03
