   7.3595983e-03
   2.2983881e-02
   5.5191956e-02
   1.8700752e-02
   3.1924322e-02
   3.5856329e-02
   8.6672954e-02
   1.7081801e-02
   2.3842491e-02
   2.0811526e-02
   3.5145219e-02
   2.9112006e-02
   1.9679984e-02
   4.7895711e-02
   6.1594073e-02
   4.9245615e-02
   6.7526014e-03
   4.2324346e-02
   5.5773385e-02
   1.8142994e-02
   2.6995186e-02
   4.8506960e-02
   7.9554647e-02
   1.7609917e-02
   2.3699382e-02
   2.2298157e-02
   2.9413445e-02
   2.8323537e-02
   2.0306012e-02
   4.3896426e-02
   5.5832203e-02
   4.7959104e-02
   6.8242764e-03
   4.9854521e-02
   5.4887436e-02
   1.6960053e-02
   2.4651937e-02
   5.2746326e-02
   7.2639965e-02
   1.8352201e-02
   2.4674773e-02
   2.5275582e-02
   2.7889926e-02
   3.2372888e-02
   2.0846814e-02
   4.2670835e-02
   4.8672151e-02
   5.4579653e-02
   1.0630854e-02
   4.4352964e-02
   5.2043449e-02
   2.1189708e-02
   5.7472154e-02
   4.6979316e-02
   7.0441760e-02
   2.2883974e-02
   6.2555782e-02
   2.9435521e-02
   2.9002909e-02
   3.7417077e-02
   6.1516751e-02
   5.0112292e-02
   5.2647844e-02
   8.2735695e-02
   2.0009805e-02
   6.7185760e-02
   6.2614501e-02
   3.0475482e-02
   1.1205591e-01
   5.1084448e-02
   7.0761845e-02
   3.4336664e-02
   1.3904828e-01
   2.4868336e-02
   3.6175694e-02
   3.4484893e-02
   1.4414144e-01
   5.5205140e-02
   5.6591477e-02
   7.1107827e-02
   1.0870596e-02
   4.2052060e-02
   5.6705266e-02
   2.1217601e-02
   5.1036090e-02
   4.2210419e-02
   6.8494946e-02
   2.2504773e-02
   6.4532571e-02
   2.1489551e-02
   2.7584849e-02
   2.5627784e-02
   6.3709959e-02
   5.5222970e-02
   4.3644223e-02
   4.8113547e-02
   6.4514219e-03
   4.7801334e-02
   5.6785483e-02
   1.7087622e-02
   2.2606732e-02
   4.8697755e-02
   7.1652628e-02
   1.6081981e-02
   2.4978554e-02
   2.1428114e-02
   2.5809351e-02
   2.2962390e-02
   2.2594370e-02
   5.0203018e-02
   4.4815458e-02
   4.6970710e-02
   6.4831264e-03
   3.8968418e-02
   5.6745160e-02
   1.7547792e-02
   2.5662597e-02
   4.6852466e-02
   8.0323793e-02
   1.6224176e-02
   2.3004198e-02
   2.0954430e-02
   3.1089500e-02
   2.5897266e-02
   1.9599680e-02
   4.9325284e-02
   5.3291321e-02
   4.5344472e-02
   5.6220088e-03
   2.6333686e-02
   4.2490568e-02
   1.6500019e-02
   3.6960855e-02
   3.4522220e-02
   7.0646122e-02
   1.5266709e-02
   2.0428721e-02
   2.1640321e-02
   3.5367932e-02
   2.3688937e-02
   1.6553186e-02
   4.1770190e-02
   6.0266305e-02
   3.9615560e-02
   5.1524369e-03
   4.4512611e-02
   4.3394104e-02
   1.2755348e-02
   3.0787550e-02
   4.8138052e-02
   6.8543211e-02
   1.4205947e-02
   2.0846054e-02
   2.4150349e-02
   3.0301059e-02
   2.8561078e-02
   1.6637729e-02
   4.2779680e-02
   5.2966103e-02
   3.5996705e-02
   5.4533873e-03
   5.1075675e-02
   4.6647601e-02
   1.2043403e-02
   2.8479280e-02
   5.0629560e-02
   6.5837361e-02
   1.4380509e-02
   2.6627580e-02
   2.8272558e-02
   3.2791194e-02
   3.6728561e-02
   1.9197175e-02
   4.5808136e-02
   5.0766353e-02
   4.6782374e-02
   1.5600926e-02
   4.4618566e-02
   4.4955436e-02
   2.0659408e-02
   8.6428858e-02
   4.5086008e-02
   6.4323917e-02
   2.5154645e-02
   9.3068086e-02
   3.5951190e-02
   3.4297783e-02
   4.2989954e-02
   8.9506127e-02
   5.0415017e-02
   5.8747496e-02
   9.8489314e-02
   3.5141513e-02
   6.3056022e-02
   6.1785772e-02
   3.8985845e-02
   1.6191608e-01
   4.7552999e-02
   6.5539345e-02
   4.3768551e-02
   2.1056761e-01
   2.9799487e-02
   4.4521511e-02
   3.5989407e-02
   2.1338135e-01
   6.0789749e-02
   6.6761665e-02
   7.6878697e-02
   1.6074728e-02
   4.3588951e-02
   5.0699793e-02
   2.2322046e-02
   7.5570337e-02
   4.1743010e-02
   6.0619041e-02
   2.3890348e-02
   9.6361764e-02
   1.9746065e-02
   3.0565917e-02
   2.3257807e-02
   9.1658615e-02
   6.5931395e-02
   4.9329434e-02
   3.7288252e-02
   5.0373506e-03
   4.7830768e-02
   4.8155066e-02
   1.2669066e-02
   2.7681910e-02
   4.4948731e-02
   6.1111934e-02
   1.2065161e-02
   2.8003927e-02
   1.5482356e-02
   2.5381070e-02
   1.8245149e-02
   2.2305405e-02
   5.6969777e-02
   4.4109538e-02
   3.1959098e-02
   4.6313810e-03
   4.1539121e-02
   4.5460243e-02
   1.4324686e-02
   2.7998654e-02
   4.6185080e-02
   6.8382405e-02
   1.3962129e-02
   2.2300832e-02
   1.7270615e-02
   3.3127170e-02
   1.9437790e-02
   1.5903639e-02
   4.8508480e-02
   5.1249243e-02
   3.4874856e-02
   8.2991859e-03
   3.1350300e-02
   5.1806692e-02
   2.0734107e-02
   5.2938066e-02
   3.2265436e-02
   7.6533839e-02
   2.0460142e-02
   2.5172396e-02
   3.1669535e-02
   4.9419034e-02
   2.6721766e-02
   1.8627562e-02
   5.1536240e-02
   6.1816864e-02
   3.4535967e-02
   6.5967813e-03
   3.4118049e-02
   3.9046913e-02
   1.3495448e-02
   4.8764240e-02
   2.9796425e-02
   5.7622515e-02
   1.4690701e-02
   2.2567857e-02
   2.8007850e-02
   4.4781297e-02
   3.4859672e-02
   2.1513533e-02
   4.3861210e-02
   6.3448884e-02
   2.8733280e-02
   6.7817075e-03
   3.6403891e-02
   3.7916690e-02
   1.3285792e-02
   3.8711365e-02
   3.8226325e-02
   4.8466731e-02
   1.4712593e-02
   3.3079769e-02
   3.3931214e-02
   4.0595386e-02
   5.3246230e-02
   2.7086888e-02
   4.7192302e-02
   5.6105949e-02
   5.0204698e-02
   2.4320589e-02
   3.9710287e-02
   4.5189295e-02
   3.0456677e-02
   1.0842343e-01
   4.3882828e-02
   5.9853371e-02
   3.2728806e-02
   1.0870379e-01
   4.2867500e-02
   4.6336181e-02
   6.3590087e-02
   1.0413367e-01
   4.6426889e-02
   7.1667910e-02
   1.0939424e-01
   5.5811286e-02
   4.7338210e-02
   7.4865654e-02
   6.4657934e-02
   2.0793885e-01
   4.7988720e-02
   7.1361519e-02
   6.8462558e-02
   2.4510463e-01
   4.2559940e-02
   5.1185060e-02
   4.5842871e-02
   2.4257027e-01
   5.2742489e-02
   8.0541015e-02
   8.4398985e-02
   2.5184626e-02
   3.5906527e-02
   5.8511741e-02
   3.1848665e-02
   9.9638052e-02
   3.6525249e-02
   5.8064971e-02
   3.1926453e-02
   1.0684236e-01
   2.4498027e-02
   4.0797122e-02
   2.5062904e-02
   9.6870638e-02
   5.0361607e-02
   6.0035713e-02
   3.5932649e-02
   7.0779561e-03
   3.2481249e-02
   4.5207269e-02
   1.4657608e-02
   3.8722247e-02
   3.7838425e-02
   5.4450899e-02
   1.3208733e-02
   3.1299494e-02
   1.4303279e-02
   3.2590177e-02
   1.8027449e-02
   3.1308696e-02
   5.0570309e-02
   4.7392279e-02
   3.1583689e-02
   6.4673545e-03
   3.0115640e-02
   4.6386763e-02
   1.6823990e-02
   3.4803074e-02
   3.7392408e-02
   6.6180684e-02
   1.5936518e-02
   2.9710172e-02
   1.7693503e-02
   4.4435203e-02
   1.8786322e-02
   1.8979168e-02
   5.3697620e-02
   5.0482266e-02
   3.3165738e-02
   1.7276606e-02
   4.7434043e-02
   5.6526553e-02
   2.0146213e-02
   7.6778285e-02
   3.8452744e-02
   9.1034189e-02
   3.0922895e-02
   3.3330023e-02
   2.2985093e-02
   6.7054719e-02
   3.7845470e-02
   1.8442769e-02
   5.4447938e-02
   5.5680681e-02
   2.8775902e-02
   1.3749472e-02
   3.9549395e-02
   4.6950024e-02
   1.6967313e-02
   7.2303660e-02
   2.3749487e-02
   5.5822346e-02
   2.0682251e-02
   2.1240352e-02
   2.3291830e-02
   6.4212389e-02
   5.7723209e-02
   1.9127166e-02
   5.0401311e-02
   6.5949455e-02
   2.7828572e-02
   1.2115537e-02
   3.3483949e-02
   4.6707306e-02
   2.4325332e-02
   5.6988474e-02
   3.1687260e-02
   4.4897113e-02
   1.5879072e-02
   2.4636386e-02
   3.7212729e-02
   6.2325370e-02
   9.6441254e-02
   2.6504677e-02
   4.5939606e-02
   6.9665655e-02
   8.1332006e-02
   4.0635720e-02
   4.6897471e-02
   6.3526563e-02
   4.4214055e-02
   7.3060378e-02
   3.9338499e-02
   4.9927011e-02
   4.1557044e-02
   7.1139269e-02
   5.2989040e-02
   5.6809146e-02
   1.0455414e-01
   6.4295113e-02
   4.5687750e-02
   8.1684761e-02
   1.6877994e-01
   8.6807288e-02
   4.3562539e-02
   8.0992468e-02
   8.2636118e-02
   1.1137410e-01
   4.3911241e-02
   5.1283900e-02
   9.0756416e-02
   1.5129092e-01
   4.5842100e-02
   6.8295851e-02
   7.6103680e-02
   1.4937812e-01
   5.0279088e-02
   8.9599721e-02
   1.0003696e-01
   4.3552417e-02
   4.4295128e-02
   6.9132768e-02
   4.2797014e-02
   6.5282501e-02
   4.1835755e-02
   4.1032664e-02
   4.3716218e-02
   6.3319869e-02
   2.5946995e-02
   5.6012250e-02
   3.4281775e-02
   6.4684950e-02
   4.7742508e-02
   5.5981349e-02
   3.4500089e-02
   1.2739821e-02
   3.0153316e-02
   5.7431933e-02
   2.1805057e-02
   4.4661272e-02
   3.1935073e-02
   4.3819014e-02
   1.8262617e-02
   3.0694997e-02
   1.8960910e-02
   4.3448243e-02
   2.0781189e-02
   3.4569860e-02
   4.8468079e-02
   5.2784070e-02
   2.5266889e-02
   1.1836360e-02
   3.4166239e-02
   5.0341163e-02
   2.0644810e-02
   4.6774339e-02
   3.6707815e-02
   8.3668426e-02
   2.3004128e-02
   4.4097740e-02
   2.4975317e-02
   7.6112852e-02
   2.3712227e-02
   2.4524327e-02
   5.8094844e-02
   6.0546424e-02
   1.9372560e-02
