   7.9551987e-02
   1.0014568e-01
   8.1365474e-02
   5.2721458e-03
   7.7724040e-02
   1.0502069e-01
   8.8961944e-02
   6.8904255e-03
   7.3867261e-02
   8.6743049e-02
   7.1905315e-02
   8.7008988e-03
   4.5059986e-02
   2.8875822e-02
   3.5743628e-02
   1.2621530e-02
   5.2353021e-02
   4.5276687e-02
   3.9434072e-02
   4.3984149e-03
   4.8572954e-02
   4.6400327e-02
   4.2255938e-02
   5.6794956e-03
   3.7129823e-02
   3.6964737e-02
   3.6485448e-02
   7.3101912e-03
   3.8063250e-02
   1.5188076e-02
   2.5295887e-02
   1.4713224e-02
   3.3995818e-02
   9.6768271e-03
   1.2767686e-02
   4.0383236e-03
   2.0063991e-02
   8.5495599e-03
   1.4418352e-02
   5.2812281e-03
   1.7054189e-02
   8.9560105e-03
   1.2546062e-02
   6.9059548e-03
   3.5771638e-02
   7.7060047e-03
   1.9986005e-02
   2.3747616e-02
   2.7047694e-02
   8.2983561e-03
   1.3823061e-02
   4.9607796e-03
   1.8739359e-02
   8.0597531e-03
   1.6221324e-02
   6.5157576e-03
   1.8180791e-02
   8.4546544e-03
   1.5348881e-02
   7.8971414e-03
   3.7126217e-02
   1.0437900e-02
   3.4096263e-02
   1.6356619e-02
   2.6710244e-02
   8.0448324e-03
   2.3224220e-02
   7.8602852e-03
   2.4448780e-02
   8.4353043e-03
   2.5871953e-02
   9.4431266e-03
   2.3699852e-02
   8.1482036e-03
   2.4648292e-02
   9.9633876e-03
   4.9140569e-02
   1.6784558e-02
   6.4218909e-02
   1.4915577e-02
   2.1679338e-02
   7.9205958e-03
   1.7490415e-02
   5.2993228e-03
   1.9562267e-02
   8.4688310e-03
   1.9081345e-02
   6.5671219e-03
   1.8723456e-02
   8.1082657e-03
   1.7387809e-02
   7.3385332e-03
   6.5631717e-02
   1.1351750e-02
   3.2438025e-02
   1.1878317e-02
   1.9942494e-02
   9.4105378e-03
   1.2988289e-02
   4.2616660e-03
   1.6904889e-02
   8.8637276e-03
   1.3468841e-02
   5.3199814e-03
   1.8147789e-02
   8.5009178e-03
   1.2268829e-02
   6.5101082e-03
   1.0072347e-01
   8.3506349e-03
   1.7634869e-02
   1.1719620e-02
   3.7901122e-02
   3.7918117e-02
   3.5293177e-02
   4.3502585e-03
   3.3969734e-02
   3.8801674e-02
   3.7880905e-02
   5.7556019e-03
   4.1546665e-02
   3.3563294e-02
   3.1593051e-02
   6.7193746e-03
   6.8970844e-02
   1.4815587e-02
   2.3268841e-02
   1.1767134e-02
   1.2310605e-01
   1.6104753e-01
   1.2877066e-01
   5.7857269e-03
   1.0996079e-01
   1.4130579e-01
   1.1702179e-01
   7.5651868e-03
   1.1887930e-01
   1.4402522e-01
   1.0179118e-01
   1.0220936e-02
   5.5220768e-02
   3.9399505e-02
   4.4027943e-02
   9.3715210e-03
   7.8964233e-02
   7.2515056e-02
   6.2497389e-02
   3.6909890e-03
   6.8183266e-02
   6.3436881e-02
   5.8952034e-02
   4.1919113e-03
   5.8326129e-02
   5.9344713e-02
   5.4454587e-02
   5.9911152e-03
   4.3207817e-02
   1.9632200e-02
   2.9078813e-02
   1.3079226e-02
   4.3908533e-02
   9.5730759e-03
   1.7361514e-02
   2.7603477e-03
   2.3068098e-02
   9.6999742e-03
   2.2195412e-02
   3.4644182e-03
   1.5620594e-02
   8.2444018e-03
   1.9221220e-02
   4.3112561e-03
   4.1645452e-02
   8.7820413e-03
   2.2127472e-02
   2.4245588e-02
   3.2245513e-02
   5.9569883e-03
   1.9251987e-02
   3.9129118e-03
   1.9405266e-02
   7.4142059e-03
   2.4380103e-02
   4.8398171e-03
   1.8011695e-02
   6.3684979e-03
   2.4071518e-02
   5.6066797e-03
   4.4391926e-02
   1.2745201e-02
   3.8706467e-02
   1.4329875e-02
   3.1078028e-02
   5.5990741e-03
   3.9390575e-02
   7.3333113e-03
   2.8042810e-02
   7.9432810e-03
   4.5469090e-02
   7.9129720e-03
   2.6767552e-02
   6.3181245e-03
   4.2762443e-02
   8.7251430e-03
   6.4797200e-02
   2.2551440e-02
   7.3645972e-02
   9.9852057e-03
   2.2761725e-02
   5.8381287e-03
   2.6974034e-02
   4.1668941e-03
   1.9066155e-02
   8.3932793e-03
   3.0493580e-02
   4.9575274e-03
   2.1203006e-02
   5.8555566e-03
   2.9116243e-02
   5.1470832e-03
   9.4853722e-02
   1.4394299e-02
   3.7257750e-02
   8.3769029e-03
   1.9220315e-02
   8.7653697e-03
   1.8107925e-02
   3.1847062e-03
   1.6484240e-02
   9.6076643e-03
   2.1396039e-02
   3.3293238e-03
   2.2149796e-02
   7.0012091e-03
   1.8774200e-02
   3.8576711e-03
   1.6023554e-01
   9.1143465e-03
   2.0306723e-02
   7.7587571e-03
   5.0651278e-02
   5.5573579e-02
   5.3508740e-02
   3.3868107e-03
   4.3842833e-02
   5.0465461e-02
   5.2616455e-02
   4.3622712e-03
   6.4918622e-02
   5.2528221e-02
   4.4071954e-02
   5.4835603e-03
   1.0487784e-01
   1.9192852e-02
   2.6812883e-02
   7.9654772e-03
   1.6902772e-01
   2.3312148e-01
   1.8903026e-01
   1.0601947e-02
   2.0051362e-01
   2.3938186e-01
   1.8618166e-01
   1.4038203e-02
   2.1310191e-01
   2.7300248e-01
   1.9261543e-01
   1.9432737e-02
   9.6523888e-02
   3.4858972e-02
   4.5929238e-02
   7.9834480e-03
   1.2010377e-01
   1.0663941e-01
   1.0254567e-01
   5.1476141e-03
   1.1519971e-01
   1.0817328e-01
   1.0182611e-01
   5.4250690e-03
   1.1064749e-01
   1.1249822e-01
   1.0730780e-01
   8.4458794e-03
   6.2558584e-02
   2.2164380e-02
   3.2268267e-02
   2.1932596e-02
   5.4657668e-02
   1.1626779e-02
   3.3182975e-02
   2.6095926e-03
   4.1811392e-02
   1.3962604e-02
   3.9431024e-02
   2.9434569e-03
   2.6217636e-02
   9.1773830e-03
   3.7612163e-02
   3.1305293e-03
   6.1253909e-02
   1.2734801e-02
   2.8374232e-02
   4.7542516e-02
   4.5656517e-02
   5.6522586e-03
   3.1541575e-02
   4.2804200e-03
   2.1855149e-02
   8.2461406e-03
   3.6536053e-02
   5.0830566e-03
   2.0961164e-02
   5.9091859e-03
   4.0610861e-02
   5.7301326e-03
   6.6069752e-02
   2.0574931e-02
   4.8134837e-02
   2.4141941e-02
   3.9631806e-02
   5.7573267e-03
   7.1639948e-02
   9.4080325e-03
   3.5810020e-02
   9.3409037e-03
   8.0230772e-02
   1.0053568e-02
   3.6275011e-02
   4.9348120e-03
   8.1414774e-02
   1.0721846e-02
   9.0785958e-02
   3.7182353e-02
   9.0700559e-02
   1.0571488e-02
   3.0123563e-02
   6.9577042e-03
   3.5794854e-02
   4.6133469e-03
   2.0975379e-02
   1.0002768e-02
   3.9409600e-02
   5.8999886e-03
   2.5934290e-02
   4.8800586e-03
   4.2534985e-02
   5.0338004e-03
   1.3274539e-01
   2.1308940e-02
   4.7135074e-02
   7.2077122e-03
   2.8626861e-02
   9.9368012e-03
   2.4542542e-02
   2.9096243e-03
   2.6765207e-02
   1.1989515e-02
   2.8531227e-02
   3.0470216e-03
   4.5322102e-02
   9.3688713e-03
   2.9799791e-02
   2.6912466e-03
   2.3613185e-01
   1.3639183e-02
   2.4353540e-02
   5.8211405e-03
   7.2709389e-02
   7.5247265e-02
   7.2017215e-02
   4.4988059e-03
   8.3636887e-02
   8.0610819e-02
   7.6945074e-02
   5.5175605e-03
   1.2140533e-01
   9.7291462e-02
   7.5160190e-02
   7.4567702e-03
   1.6395083e-01
   2.2701388e-02
   3.2539986e-02
   6.3620349e-03
   3.0062398e-01
   4.5179740e-01
   3.6423433e-01
   2.0454381e-02
   3.5770315e-01
   4.3908650e-01
   3.3674803e-01
   2.4974866e-02
   3.0018926e-01
   4.4480887e-01
   3.2393792e-01
   3.5645112e-02
   8.9114688e-02
   5.1186293e-02
   3.3750873e-02
   1.3420132e-02
   1.9562288e-01
   2.0559458e-01
   1.8969592e-01
   1.0193891e-02
   1.7095046e-01
   1.9605820e-01
   1.7492487e-01
   8.4154792e-03
   1.7062801e-01
   1.8649015e-01
   1.7832845e-01
   1.3841352e-02
   8.2061134e-02
   4.6061862e-02
   4.3218434e-02
   4.2380020e-02
   5.6283798e-02
   1.5028558e-02
   3.5850905e-02
   4.7569033e-03
   5.1843129e-02
   1.8008959e-02
   3.8076025e-02
   3.6946675e-03
   3.2577794e-02
   1.3680021e-02
   4.2176362e-02
   4.1896617e-03
   9.0928450e-02
   2.4779361e-02
   4.3365996e-02
   8.8131502e-02
   5.5323429e-02
   5.6830226e-03
   3.8207807e-02
   8.5506318e-03
   2.3091974e-02
   9.5058912e-03
   4.3381788e-02
   8.0325054e-03
   2.6527513e-02
   7.7676517e-03
   5.2959140e-02
   8.7792194e-03
   7.3758736e-02
   3.7979286e-02
   7.2974302e-02
   4.7420032e-02
   3.9584778e-02
   5.4171546e-03
   9.7103514e-02
   2.0366361e-02
   5.4061387e-02
   1.0810931e-02
   1.0660461e-01
   1.8885298e-02
   5.4478295e-02
   8.0572506e-03
   1.0906938e-01
   1.8564355e-02
   1.2028404e-01
   6.5811887e-02
   1.1699038e-01
   1.7855931e-02
   3.2843556e-02
   9.3823755e-03
   4.1016009e-02
   8.9579616e-03
   2.7114213e-02
   1.2215480e-02
   4.8661329e-02
   8.9577166e-03
   2.9156622e-02
   7.7574062e-03
   5.4189414e-02
   8.2742739e-03
   8.4198341e-02
   3.6052044e-02
   6.3775361e-02
   1.3189903e-02
   2.8469188e-02
   1.1221198e-02
   1.8087262e-02
   3.9365673e-03
   2.7962482e-02
   1.3930247e-02
   1.8720219e-02
   3.2320044e-03
   6.1002895e-02
   1.2531020e-02
   2.5509631e-02
   3.1057752e-03
   1.4259335e-01
   2.0561520e-02
   3.0206477e-02
   9.7500822e-03
   1.2329438e-01
   1.4434053e-01
   1.3685222e-01
   9.3279397e-03
   1.4838700e-01
   1.4418796e-01
   1.1714144e-01
   8.8421339e-03
   1.9332765e-01
   1.5580918e-01
   1.1469121e-01
   1.3651964e-02
   1.2631132e-01
   2.6664458e-02
   2.9034358e-02
   1.1137261e-02
