   1.2004686e-02
   5.7708759e-02
   5.6458231e-02
   5.3230770e-02
   2.1174133e-02
   7.4034542e-02
   7.6453768e-02
   8.9358598e-02
   2.2409672e-02
   5.0295975e-02
   6.1837159e-02
   7.4801691e-02
   7.2946008e-03
   1.0595793e-02
   3.2904427e-02
   5.3719781e-02
   1.1521131e-02
   5.8531221e-02
   5.6239028e-02
   5.1947199e-02
   2.1815903e-02
   7.6820917e-02
   6.9626734e-02
   8.3199285e-02
   2.4503713e-02
   5.7800546e-02
   7.3277362e-02
   8.6775310e-02
   7.5306525e-03
   1.0420219e-02
   4.0805288e-02
   6.0684700e-02
   1.4689783e-02
   5.8603603e-02
   5.1450524e-02
   5.1292017e-02
   2.7352968e-02
   7.6486215e-02
   5.9457034e-02
   6.8876572e-02
   2.8441956e-02
   7.0864514e-02
   7.3410489e-02
   7.9779819e-02
   9.5837070e-03
   1.2371453e-02
   4.8257384e-02
   6.9388442e-02
   2.0187307e-02
   6.2556624e-02
   5.3511467e-02
   5.0304081e-02
   3.8682990e-02
   7.4941002e-02
   5.9984125e-02
   5.8202364e-02
   3.2250695e-02
   7.6897621e-02
   7.0064172e-02
   6.6396438e-02
   1.0854836e-02
   1.3471236e-02
   4.8676912e-02
   6.6430286e-02
   2.7500382e-02
   6.9543272e-02
   5.9044179e-02
   4.7812078e-02
   4.4063646e-02
   7.7323943e-02
   6.2605910e-02
   5.3030401e-02
   3.1723287e-02
   6.3086510e-02
   7.0191845e-02
   6.0500991e-02
   1.1971282e-02
   1.3532422e-02
   3.8796630e-02
   6.2141545e-02
   2.2039615e-02
   7.0732959e-02
   6.1176769e-02
   4.7302902e-02
   3.6359590e-02
   7.4564539e-02
   6.8051606e-02
   5.2470688e-02
   2.4729956e-02
   5.3111758e-02
   6.9181241e-02
   5.9265625e-02
   9.0344409e-03
   1.0210870e-02
   3.0530274e-02
   5.2486677e-02
   1.6231317e-02
   6.5843508e-02
   6.3023493e-02
   4.8981864e-02
   2.7597494e-02
   7.0481800e-02
   7.3500484e-02
   5.9262302e-02
   2.3205129e-02
   4.7833733e-02
   6.3777618e-02
   5.9690855e-02
   7.8853965e-03
   9.2180632e-03
   2.7140748e-02
   4.9997259e-02
   1.2822560e-02
   5.8419164e-02
   6.1395224e-02
   5.3046122e-02
   2.4116246e-02
   6.7324527e-02
   7.3969714e-02
   7.2320528e-02
   2.4709107e-02
   4.5178033e-02
   5.9954580e-02
   6.1600309e-02
   7.1798214e-03
   1.0019508e-02
   2.8319441e-02
   5.1833533e-02
   1.3920078e-02
   7.8731045e-02
   7.6182924e-02
   7.1338922e-02
   2.5694214e-02
   8.1998870e-02
   8.6234793e-02
   9.2916250e-02
   2.7010575e-02
   6.3832998e-02
   7.6614700e-02
   8.3738826e-02
   6.5766540e-03
   1.3688119e-02
   4.5956522e-02
   6.3122295e-02
   1.4531376e-02
   7.2635494e-02
   7.4494973e-02
   6.9306880e-02
   2.5983496e-02
   8.3786942e-02
   8.3412580e-02
   9.0095446e-02
   2.7458020e-02
   7.7101558e-02
   8.7964654e-02
   9.7866386e-02
   6.7933630e-03
   1.4091535e-02
   5.5160448e-02
   7.9731889e-02
   1.5777186e-02
   6.9837503e-02
   6.7587078e-02
   7.2784424e-02
   3.2880407e-02
   8.5775457e-02
   6.7159675e-02
   7.9524852e-02
   3.9241418e-02
   1.0002757e-01
   8.6753048e-02
   9.3824156e-02
   1.0346369e-02
   1.7912216e-02
   6.3838042e-02
   9.0297028e-02
   2.1826670e-02
   7.5236239e-02
   6.8144038e-02
   6.9034599e-02
   4.7605220e-02
   7.5656913e-02
   6.1512738e-02
   6.7906879e-02
   5.0331302e-02
   1.0542234e-01
   8.0562212e-02
   7.5594835e-02
   1.3210819e-02
   1.8083783e-02
   6.6713966e-02
   8.2211360e-02
   3.0193653e-02
   8.6247303e-02
   7.5500652e-02
   6.0991582e-02
   6.3150831e-02
   8.4919170e-02
   6.3695692e-02
   6.0020804e-02
   4.6912659e-02
   8.3145812e-02
   7.7028446e-02
   6.9517501e-02
   1.2783546e-02
   1.7925123e-02
   5.6229178e-02
   7.8143999e-02
   2.4893554e-02
   9.8654151e-02
   7.6912947e-02
   5.8221348e-02
   4.9403917e-02
   8.4211431e-02
   7.5899146e-02
   5.9418559e-02
   3.4252066e-02
   6.6124387e-02
   7.6573357e-02
   6.5680273e-02
   8.6921537e-03
   1.1916609e-02
   4.2097319e-02
   6.0663860e-02
   1.6857659e-02
   8.8781960e-02
   8.6080469e-02
   6.1134458e-02
   3.7603777e-02
   8.3000250e-02
   8.6491592e-02
   6.7799360e-02
   3.0688476e-02
   5.9564337e-02
   7.9369508e-02
   6.2341016e-02
   6.7739608e-03
   1.0392967e-02
   3.5505239e-02
   5.1818244e-02
   1.3995904e-02
   7.4912377e-02
   8.3467275e-02
   6.6662133e-02
   3.0850712e-02
   7.7997692e-02
   8.4944345e-02
   8.0329627e-02
   3.0141179e-02
   5.2243765e-02
   7.3365949e-02
   6.1618794e-02
   6.5116682e-03
   1.1890604e-02
   3.6599878e-02
   5.5821840e-02
   1.5314649e-02
   9.3761101e-02
   9.3103103e-02
   1.0408317e-01
   3.3481419e-02
   9.9159122e-02
   1.0384606e-01
   1.1052679e-01
   3.4004372e-02
   8.2491726e-02
   8.5607439e-02
   8.9343786e-02
   6.9952677e-03
   1.9602293e-02
   6.9379613e-02
   7.7534460e-02
   1.2539863e-02
   6.7162409e-02
   8.7477699e-02
   8.9358427e-02
   3.1813107e-02
   9.8879963e-02
   8.5509568e-02
   1.0009196e-01
   3.2527477e-02
   9.4769739e-02
   8.2056589e-02
   9.7406410e-02
   7.7200057e-03
   2.0799939e-02
   8.1681132e-02
   9.7119279e-02
   1.3614591e-02
   6.7037620e-02
   8.7220520e-02
   9.6697286e-02
   3.5857301e-02
   9.1811202e-02
   8.1067018e-02
   9.9194631e-02
   4.5653231e-02
   1.1949559e-01
   8.2729787e-02
   8.4857985e-02
   1.1639978e-02
   2.3750473e-02
   8.9259528e-02
   9.1368273e-02
   2.3088271e-02
   8.0134630e-02
   7.6097794e-02
   8.9826815e-02
   6.2575914e-02
   7.0602939e-02
   7.2782896e-02
   8.1575558e-02
   5.7168927e-02
   1.3033253e-01
   8.1396692e-02
   6.3571624e-02
   1.9021833e-02
   2.7342377e-02
   8.4089115e-02
   8.6570986e-02
   3.8711157e-02
   9.2998035e-02
   8.3306678e-02
   7.7940382e-02
   8.3405599e-02
   7.6393947e-02
   7.3545143e-02
   7.5113289e-02
   5.7046432e-02
   1.0108351e-01
   8.6740509e-02
   7.1199216e-02
   1.9546904e-02
   2.8369648e-02
   6.6679664e-02
   9.8346300e-02
   3.3293579e-02
   1.1808563e-01
   8.9291245e-02
   7.4245773e-02
   6.9963433e-02
   8.2672097e-02
   7.5150222e-02
   7.3037162e-02
   4.5107536e-02
   8.1398547e-02
   8.2738586e-02
   7.0165001e-02
   1.1272131e-02
   1.7096741e-02
   5.4595616e-02
   8.2081527e-02
   1.7794838e-02
   9.7607471e-02
   1.0822886e-01
   7.3675342e-02
   5.4959297e-02
   1.0095889e-01
   9.1833062e-02
   8.5614055e-02
   4.5774493e-02
   7.1686275e-02
   8.8670231e-02
   6.2825292e-02
   7.2097871e-03
   1.5095882e-02
   5.2649070e-02
   6.9996700e-02
   1.4942878e-02
   8.6112686e-02
   1.0571488e-01
   8.5978396e-02
   4.1359413e-02
   9.0060562e-02
   1.0847501e-01
   1.0576504e-01
   3.6906537e-02
   6.2053625e-02
   8.7434024e-02
   6.5246671e-02
   6.6169989e-03
   1.6097946e-02
   5.7467084e-02
   6.8319254e-02
   1.5906610e-02
   8.3480798e-02
   9.1930985e-02
   1.2562288e-01
   4.4462755e-02
   8.7760858e-02
   9.2960551e-02
   1.0274251e-01
   4.4401627e-02
   7.4033141e-02
   1.1280380e-01
   6.6198424e-02
   9.7309127e-03
   2.7711675e-02
   6.3421659e-02
   7.1999334e-02
   1.4616561e-02
   7.6032296e-02
   9.1459230e-02
   8.7427467e-02
   4.3747146e-02
   7.3683716e-02
   6.3864559e-02
   9.0361960e-02
   3.5277151e-02
   9.0100512e-02
   7.2765447e-02
   7.3469013e-02
   9.5384037e-03
   2.7641976e-02
   8.0998041e-02
   8.4884591e-02
   1.6664218e-02
   7.7841088e-02
   1.1811917e-01
   7.6978274e-02
   4.5843143e-02
   6.7244031e-02
   6.0191981e-02
   7.5834893e-02
   5.3346276e-02
   1.2468881e-01
   7.9007410e-02
   7.4212104e-02
   1.6757637e-02
   3.4600470e-02
   7.9761289e-02
   8.2665771e-02
   2.9546503e-02
   7.4766479e-02
   8.4179625e-02
   9.1553934e-02
   7.6676868e-02
   7.8049213e-02
   6.4131849e-02
   5.8726069e-02
   6.6564724e-02
   1.2517574e-01
   8.2458459e-02
   5.6027889e-02
   2.6458379e-02
   4.0393282e-02
   9.4248421e-02
   9.1915943e-02
   5.9293181e-02
   9.4229303e-02
   8.1526414e-02
   9.8239474e-02
   9.2433736e-02
   8.9384221e-02
   7.0644341e-02
   7.9816654e-02
   6.3181899e-02
   7.9083771e-02
   8.7947540e-02
   7.7637881e-02
   2.8894901e-02
   4.3649927e-02
   7.5890519e-02
   1.0778114e-01
   4.6459675e-02
   9.0303309e-02
   7.9371773e-02
   7.9142287e-02
   7.2330743e-02
   7.5778000e-02
   5.5072945e-02
   9.2194699e-02
   5.4279398e-02
   5.4684117e-02
   7.5258091e-02
   8.4680364e-02
   2.0278778e-02
   2.7030351e-02
   8.3417967e-02
   7.9087026e-02
   2.1689357e-02
   9.0826124e-02
   9.4512485e-02
   6.6629015e-02
   4.8662998e-02
   7.5084016e-02
   8.8553078e-02
   7.7323198e-02
   4.1438691e-02
   5.8911730e-02
   8.0519997e-02
   6.0715422e-02
   1.3927307e-02
   2.4948966e-02
   6.5025136e-02
   6.9327660e-02
   1.7147245e-02
   8.8885382e-02
   9.3102224e-02
   8.6235121e-02
   4.4266146e-02
   8.1140675e-02
   1.1363155e-01
   9.6876211e-02
   4.9937494e-02
   6.4110994e-02
   9.5103890e-02
   5.7279900e-02
   1.1064856e-02
   2.5720803e-02
   6.9543265e-02
   8.8977531e-02
