   1.7752441e-02
   1.8372210e-02
   7.9821065e-02
   2.7633622e-02
   2.2740554e-02
   1.0858181e-02
   4.3099351e-02
   3.1476472e-02
   8.8590197e-03
   1.2375914e-02
   3.7476711e-02
   2.4866296e-02
   1.0625468e-02
   1.1560426e-02
   4.4647180e-02
   4.3703068e-02
   1.7050756e-02
   1.8023495e-02
   7.9293288e-02
   2.6091076e-02
   1.6404323e-02
   8.6365733e-03
   4.6401467e-02
   2.9068012e-02
   8.4058251e-03
   9.8048309e-03
   3.6130313e-02
   2.5173852e-02
   9.9355029e-03
   1.0005143e-02
   4.6929713e-02
   4.0862188e-02
   1.8330624e-02
   2.0954221e-02
   7.3573418e-02
   2.1811971e-02
   1.3809614e-02
   8.2065221e-03
   4.8408389e-02
   2.6408060e-02
   8.4400317e-03
   8.6034536e-03
   3.5329577e-02
   2.7292170e-02
   1.0124698e-02
   1.0028112e-02
   4.7286306e-02
   3.6196522e-02
   4.7513910e-02
   2.1500453e-02
   7.1512669e-02
   2.3747215e-02
   2.7823925e-02
   1.0092109e-02
   5.0258599e-02
   2.8388005e-02
   9.1850664e-03
   1.0700822e-02
   3.4347117e-02
   3.1625401e-02
   1.1135480e-02
   1.1490974e-02
   4.5964446e-02
   4.0270101e-02
   1.0855777e-01
   2.2776829e-02
   7.1280092e-02
   3.1671055e-02
   5.3218652e-02
   1.3575817e-02
   5.0200496e-02
   3.3831201e-02
   1.0875383e-02
   1.5492503e-02
   3.3447806e-02
   3.5759557e-02
   1.2300583e-02
   1.3914932e-02
   4.5649141e-02
   4.7623646e-02
   4.9497500e-02
   2.2151206e-02
   7.3966220e-02
   2.8288759e-02
   2.9183308e-02
   1.0065802e-02
   4.4854678e-02
   3.2396432e-02
   9.9011566e-03
   1.0937021e-02
   3.7081394e-02
   2.9656963e-02
   1.1445718e-02
   1.2436046e-02
   4.6736877e-02
   3.7057985e-02
   1.7292710e-02
   1.9819858e-02
   7.5780235e-02
   2.5295671e-02
   1.4199756e-02
   8.5281217e-03
   4.2930540e-02
   2.7481498e-02
   8.8921273e-03
   8.7120440e-03
   4.0856149e-02
   2.6553567e-02
   1.0650794e-02
   1.0378129e-02
   4.5593757e-02
   3.3217691e-02
   1.6998079e-02
   1.8819049e-02
   7.9591386e-02
   2.7286466e-02
   1.6769018e-02
   9.4802557e-03
   4.2148400e-02
   2.9404748e-02
   9.0782382e-03
   9.4823986e-03
   3.7598982e-02
   2.4723182e-02
   1.0323918e-02
   1.0272678e-02
   4.3947622e-02
   3.7587866e-02
   1.3334554e-02
   1.7342996e-02
   6.5608241e-02
   2.5556482e-02
   3.1278372e-02
   1.1994567e-02
   3.7488170e-02
   2.9435175e-02
   6.0529374e-03
   1.4669627e-02
   3.1907447e-02
   2.2630729e-02
   7.8909956e-03
   1.1723735e-02
   3.6949821e-02
   3.3118330e-02
   1.2782090e-02
   1.7895153e-02
   6.4879581e-02
   2.0960553e-02
   2.0869173e-02
   9.0051526e-03
   3.7383717e-02
   2.4410756e-02
   5.5976738e-03
   9.6062403e-03
   3.6204528e-02
   2.2919208e-02
   6.8808752e-03
   8.6931139e-03
   3.8522046e-02
   3.4749042e-02
   1.7819809e-02
   1.6691456e-02
   6.0858563e-02
   1.7022045e-02
   1.7819203e-02
   7.3919971e-03
   4.1435756e-02
   2.2711005e-02
   6.1966283e-03
   8.0535002e-03
   3.9091945e-02
   2.4524365e-02
   7.0643029e-03
   8.3222575e-03
   3.4958243e-02
   3.0791169e-02
   7.0791744e-02
   1.7000558e-02
   6.0025964e-02
   2.3197616e-02
   4.1738763e-02
   1.0328953e-02
   4.1542079e-02
   2.6632778e-02
   7.3009315e-03
   1.1433120e-02
   3.8270354e-02
   3.5536002e-02
   7.6622954e-03
   9.8947734e-03
   3.8585436e-02
   3.9620325e-02
   1.6784362e-01
   2.2352831e-02
   6.5529369e-02
   3.8567293e-02
   7.2878689e-02
   1.7202688e-02
   4.6077713e-02
   3.4908853e-02
   9.5214015e-03
   1.9637119e-02
   3.4045331e-02
   4.3633021e-02
   9.7762644e-03
   1.3071761e-02
   4.2152151e-02
   4.5654289e-02
   7.2881244e-02
   2.1601157e-02
   6.1079446e-02
   2.8921973e-02
   4.1668426e-02
   1.0532788e-02
   3.7322626e-02
   3.0033706e-02
   6.9838502e-03
   1.1960619e-02
   3.5789434e-02
   3.0956339e-02
   8.7688109e-03
   1.0401002e-02
   3.9055195e-02
   3.1887408e-02
   1.5736962e-02
   1.8160518e-02
   6.6493586e-02
   2.1373484e-02
   1.8155029e-02
   7.3483698e-03
   3.1759460e-02
   2.3844145e-02
   5.6143627e-03
   8.2016159e-03
   4.1640244e-02
   2.5709461e-02
   7.4349763e-03
   8.4663713e-03
   3.4122609e-02
   2.4465265e-02
   1.2267250e-02
   1.5559729e-02
   5.9380695e-02
   2.3244340e-02
   2.1491554e-02
   8.7898877e-03
   3.1748861e-02
   2.4474841e-02
   5.6723151e-03
   9.9242181e-03
   3.3090364e-02
   2.3554541e-02
   7.1748621e-03
   9.6552037e-03
   3.5048075e-02
   2.7715016e-02
   1.2533552e-02
   2.0496612e-02
   5.0740398e-02
   2.7415689e-02
   5.1597256e-02
   1.6326403e-02
   3.3664137e-02
   4.8138630e-02
   4.6189716e-03
   1.7410718e-02
   3.9614428e-02
   3.0071480e-02
   6.9385641e-03
   1.4480177e-02
   2.8829902e-02
   3.8739730e-02
   1.3763118e-02
   1.8877910e-02
   5.2819245e-02
   1.9411996e-02
   3.7482981e-02
   1.0297870e-02
   3.4182128e-02
   3.2403387e-02
   4.3477244e-03
   1.0254122e-02
   4.4853982e-02
   3.1294283e-02
   5.5289636e-03
   9.9030985e-03
   3.2779038e-02
   4.0361468e-02
   1.8927904e-02
   1.5615513e-02
   5.0457619e-02
   1.7819099e-02
   2.4687691e-02
   8.2679205e-03
   3.9180789e-02
   2.7921520e-02
   4.1969935e-03
   8.1030829e-03
   4.7948379e-02
   3.4500390e-02
   4.9990355e-03
   8.5464474e-03
   3.5336658e-02
   3.4205485e-02
   6.1342329e-02
   2.0430066e-02
   4.6202201e-02
   2.6418271e-02
   4.4196431e-02
   1.2858323e-02
   4.4764049e-02
   3.8358796e-02
   7.0540817e-03
   1.2704012e-02
   4.4177361e-02
   5.3139083e-02
   7.3864954e-03
   9.3362685e-03
   4.6724733e-02
   4.8124682e-02
   1.4214061e-01
   2.9139087e-02
   5.9616555e-02
   5.4235298e-02
   7.0298053e-02
   2.4154972e-02
   5.0605547e-02
   4.3476496e-02
   9.4030332e-03
   2.4926314e-02
   4.7796760e-02
   5.6636468e-02
   1.1312031e-02
   1.1849076e-02
   5.9046861e-02
   6.1252631e-02
   6.9351427e-02
   2.5443919e-02
   6.2706970e-02
   3.6686860e-02
   4.7448650e-02
   1.2654277e-02
   4.1083269e-02
   3.0721877e-02
   6.0418658e-03
   1.1572632e-02
   4.7825426e-02
   4.1633677e-02
   8.2027381e-03
   8.9123566e-03
   4.5460168e-02
   3.6055546e-02
   2.1083914e-02
   2.0528503e-02
   5.0103847e-02
   2.3311641e-02
   3.0509733e-02
   7.5503169e-03
   2.9244645e-02
   2.8341535e-02
   4.7338554e-03
   7.3564425e-03
   5.1316474e-02
   3.1282306e-02
   5.6157140e-03
   7.4988208e-03
   3.7666831e-02
   2.3140974e-02
   1.4324481e-02
   1.7642856e-02
   4.9349856e-02
   2.4209170e-02
   3.5189711e-02
   1.1292026e-02
   2.9033331e-02
   3.6924191e-02
   3.9742598e-03
   1.0280310e-02
   3.5790078e-02
   2.6919473e-02
   5.7023410e-03
   1.1274120e-02
   2.9502787e-02
   2.6547210e-02
   1.4962828e-02
   2.8946104e-02
   6.1441816e-02
   3.4763783e-02
   8.7425813e-02
   2.9980592e-02
   4.5047380e-02
   6.2772319e-02
   3.6913746e-03
   2.0110769e-02
   4.0428758e-02
   5.3041089e-02
   7.1556633e-03
   2.2988174e-02
   2.5872603e-02
   5.4884359e-02
   2.1615176e-02
   2.6023116e-02
   5.6476135e-02
   2.3140036e-02
   5.7868406e-02
   1.7475918e-02
   4.0685356e-02
   4.7294524e-02
   3.1841584e-03
   1.1315441e-02
   3.6213651e-02
   5.0252687e-02
   5.5771628e-03
   1.6106825e-02
   2.9215597e-02
   5.1771414e-02
   2.4876645e-02
   2.2406615e-02
   5.4627527e-02
   2.7127769e-02
   3.3320177e-02
   7.8154402e-03
   4.6880074e-02
   3.8769901e-02
   3.6005552e-03
   7.5764218e-03
   4.1409507e-02
   5.0530300e-02
   5.0322604e-03
   8.3765108e-03
   3.4855492e-02
   3.7193354e-02
   6.9290347e-02
   2.7293071e-02
   4.7492363e-02
   3.6924269e-02
   4.0190201e-02
   1.1477209e-02
   5.3249214e-02
   4.8925038e-02
   9.6468814e-03
   1.4360601e-02
   6.0614485e-02
   7.7148460e-02
   9.5630931e-03
   1.0033385e-02
   6.5391548e-02
   7.0563301e-02
   1.7185320e-01
   3.5396617e-02
   6.4859077e-02
   7.3504448e-02
   8.1406817e-02
   2.3757312e-02
   7.8296565e-02
   6.4592198e-02
   1.5790043e-02
   2.9559314e-02
   9.2922464e-02
   7.8752883e-02
   1.6984470e-02
   1.4020488e-02
   8.6292699e-02
   8.8619135e-02
   7.5897545e-02
   2.7253332e-02
   5.9522852e-02
   4.9712062e-02
   5.2120470e-02
   1.1769945e-02
   5.3679414e-02
   4.4511732e-02
   7.9983119e-03
   1.1963950e-02
   6.6452995e-02
   5.7137653e-02
   1.0005946e-02
   8.4581021e-03
   5.9820030e-02
   4.6537820e-02
   2.6569361e-02
   2.4795607e-02
   5.7403196e-02
   3.5515472e-02
   3.2120608e-02
   6.7879623e-03
   4.3799032e-02
   4.5176443e-02
   4.8465785e-03
   5.5588838e-03
   6.1896421e-02
   4.3215211e-02
   5.6788363e-03
   9.4337640e-03
   5.3443719e-02
   2.5552340e-02
   1.5708040e-02
   1.8483194e-02
   6.4202718e-02
   2.8082244e-02
   5.4319929e-02
   1.9202022e-02
   3.9668508e-02
   5.1095314e-02
   3.4194652e-03
   1.0329636e-02
   4.2306539e-02
   3.9982852e-02
   5.9026433e-03
   1.8115954e-02
   3.7270959e-02
   3.9603226e-02
