   4.6895210e-02
   6.0150744e-03
   2.8168917e-02
   9.3510896e-03
   3.2196250e-02
   4.0229529e-02
   4.6589423e-02
   9.8890783e-03
   3.9717548e-02
   7.1749091e-02
   7.1429417e-02
   6.5875938e-03
   6.1512109e-02
   8.4801145e-02
   8.6406499e-02
   6.9954889e-03
   4.1855451e-02
   5.3834128e-03
   2.5286969e-02
   9.6884733e-03
   2.8495951e-02
   3.1003049e-02
   3.1332437e-02
   8.2636289e-03
   3.1546421e-02
   4.1949917e-02
   3.7477721e-02
   5.5253985e-03
   3.5902772e-02
   3.4251314e-02
   4.1715201e-02
   5.3254724e-03
   5.5485662e-02
   5.2837897e-03
   2.7670931e-02
   1.0318812e-02
   5.8015417e-02
   2.8332086e-02
   2.5193693e-02
   7.7277995e-03
   6.6122122e-02
   3.4742672e-02
   1.9890957e-02
   5.4370072e-03
   3.6087278e-02
   9.1345664e-03
   1.7444666e-02
   4.9037971e-03
   1.6235825e-01
   1.0917494e-02
   3.0825691e-02
   1.0776646e-02
   1.6767769e-01
   7.5444639e-02
   3.0443795e-02
   8.8788718e-03
   1.3789648e-01
   9.0681762e-02
   2.8846085e-02
   7.3477030e-03
   3.6740933e-02
   8.6137624e-03
   2.2471791e-02
   6.1274250e-03
   1.1971392e-01
   1.0622646e-02
   3.8880613e-02
   1.1000440e-02
   9.8310754e-02
   7.2550990e-02
   3.4916610e-02
   1.0016911e-02
   7.1218632e-02
   8.0132492e-02
   3.5846457e-02
   8.2546063e-03
   2.4076635e-02
   1.0028837e-02
   2.6671261e-02
   7.4968673e-03
   3.8573448e-02
   5.7417681e-03
   3.3319004e-02
   9.6059954e-03
   3.0019125e-02
   3.1476177e-02
   2.6731158e-02
   8.8485237e-03
   3.1066075e-02
   3.5091799e-02
   2.6904443e-02
   6.1306073e-03
   2.3488382e-02
   9.2608770e-03
   1.9120829e-02
   5.5830232e-03
   4.4595901e-02
   5.7499418e-03
   2.5179954e-02
   8.7147113e-03
   3.2618165e-02
   2.8012181e-02
   2.7299061e-02
   7.8795049e-03
   2.9349426e-02
   3.1365346e-02
   2.1494534e-02
   4.9604019e-03
   2.1151245e-02
   8.7753786e-03
   1.7155988e-02
   4.9277628e-03
   4.5570984e-02
   5.3663184e-03
   2.6516747e-02
   9.2892451e-03
   3.4580436e-02
   3.3814795e-02
   3.5700418e-02
   8.8484259e-03
   3.3692691e-02
   4.5596179e-02
   3.8670421e-02
   5.3090849e-03
   3.4056738e-02
   3.6297929e-02
   4.2340197e-02
   5.3947475e-03
   3.2591980e-02
   5.4559400e-03
   3.7450891e-02
   6.6693900e-03
   2.4076723e-02
   3.0092128e-02
   5.8246218e-02
   8.8165142e-03
   4.7830015e-02
   9.4833940e-02
   8.4681533e-02
   6.7778183e-03
   8.9007258e-02
   1.3554378e-01
   1.2203726e-01
   9.2468597e-03
   3.5522752e-02
   4.5446218e-03
   3.3769663e-02
   6.6120992e-03
   2.6255889e-02
   2.3999754e-02
   3.6024407e-02
   6.6781393e-03
   4.0345483e-02
   5.1202912e-02
   4.3982964e-02
   4.6688113e-03
   5.1023781e-02
   5.3485546e-02
   5.8675498e-02
   5.4217512e-03
   7.9396687e-02
   5.3698928e-03
   3.0205278e-02
   7.2158049e-03
   9.1761060e-02
   2.6605034e-02
   2.5558192e-02
   5.5112727e-03
   1.0800841e-01
   4.1082453e-02
   2.6743934e-02
   3.7058259e-03
   4.9339354e-02
   9.4826734e-03
   2.8298724e-02
   3.5234888e-03
   2.2540075e-01
   1.5712881e-02
   3.7659302e-02
   8.0169654e-03
   2.5563473e-01
   5.7216123e-02
   3.4746919e-02
   7.7018323e-03
   2.1957354e-01
   7.6484390e-02
   4.0549289e-02
   6.0321903e-03
   5.4302011e-02
   8.6663291e-03
   3.8155612e-02
   5.5235946e-03
   1.6518685e-01
   1.5140614e-02
   5.3616200e-02
   9.7590117e-03
   1.4116621e-01
   5.5672023e-02
   4.3481905e-02
   9.6850749e-03
   1.1188521e-01
   7.5269356e-02
   5.0588336e-02
   7.5004608e-03
   3.2883804e-02
   1.0942121e-02
   4.3873146e-02
   7.6720016e-03
   4.2813189e-02
   4.9049919e-03
   4.2118378e-02
   7.2449874e-03
   3.5069365e-02
   3.0766482e-02
   2.9893529e-02
   7.3747397e-03
   4.0378746e-02
   4.3086592e-02
   3.8199037e-02
   4.6154014e-03
   2.6623832e-02
   9.4941016e-03
   2.8915409e-02
   4.8435810e-03
   2.9769186e-02
   3.6098219e-03
   3.0632349e-02
   5.7532694e-03
   2.3286602e-02
   2.1995410e-02
   2.9322866e-02
   5.9703826e-03
   3.1346988e-02
   2.8764166e-02
   2.9252745e-02
   3.3900547e-03
   2.2927690e-02
   9.7563947e-03
   2.4083175e-02
   3.8759208e-03
   2.9018361e-02
   4.2436994e-03
   3.0934600e-02
   6.4360164e-03
   2.2150796e-02
   2.4453275e-02
   4.1206345e-02
   6.7932056e-03
   3.6088314e-02
   5.0810345e-02
   4.7283705e-02
   4.1834209e-03
   4.7748491e-02
   5.8102749e-02
   6.1132532e-02
   4.8514865e-03
   4.4093467e-02
   7.4135591e-03
   4.5151874e-02
   5.9410683e-03
   3.1840019e-02
   3.8855705e-02
   8.6077146e-02
   1.0503486e-02
   7.2094075e-02
   1.2112984e-01
   9.8407403e-02
   9.5526669e-03
   1.4835976e-01
   2.2644460e-01
   1.8887413e-01
   1.6547367e-02
   4.9963735e-02
   5.5317786e-03
   4.5170102e-02
   5.2828635e-03
   3.6604512e-02
   2.9703666e-02
   5.3704623e-02
   7.8592487e-03
   6.2267546e-02
   5.7768732e-02
   5.2713603e-02
   6.0928818e-03
   8.3767913e-02
   8.6164892e-02
   9.6122220e-02
   9.3731610e-03
   8.1360824e-02
   6.6081155e-03
   3.7704166e-02
   5.5034175e-03
   1.0897183e-01
   3.2428298e-02
   3.6528796e-02
   5.8490471e-03
   1.3405724e-01
   3.9051358e-02
   2.6549451e-02
   4.1278885e-03
   8.7943636e-02
   1.4361098e-02
   4.6216931e-02
   5.4201400e-03
   1.7232306e-01
   2.3694433e-02
   4.2718355e-02
   7.9497490e-03
   2.4571563e-01
   7.1055710e-02
   4.2672463e-02
   8.4367413e-03
   2.4190223e-01
   5.0533544e-02
   4.2673450e-02
   8.3976174e-03
   1.0144955e-01
   1.0973058e-02
   6.1783582e-02
   9.1951452e-03
   1.2620316e-01
   2.3101442e-02
   7.0657127e-02
   1.2622109e-02
   1.1585795e-01
   6.4792089e-02
   4.7240872e-02
   1.2293534e-02
   1.0917930e-01
   7.1059078e-02
   5.7338219e-02
   1.1162971e-02
   5.2970760e-02
   1.3689016e-02
   7.1037054e-02
   1.3609244e-02
   5.3065676e-02
   6.6654077e-03
   5.2119166e-02
   8.2210489e-03
   4.7702238e-02
   3.6825400e-02
   4.1692197e-02
   8.6534666e-03
   6.3972361e-02
   4.8772171e-02
   4.0981725e-02
   5.8311024e-03
   4.0447406e-02
   1.2125344e-02
   4.1475561e-02
   7.5606829e-03
   4.3557815e-02
   4.3918905e-03
   4.4611588e-02
   4.9116835e-03
   2.8417546e-02
   2.7771842e-02
   3.3996072e-02
   5.6911656e-03
   5.1848687e-02
   3.1465635e-02
   3.2801189e-02
   3.0385864e-03
   3.5544816e-02
   1.4376991e-02
   4.5587853e-02
   6.2886951e-03
   3.6289379e-02
   5.3142952e-03
   4.4039868e-02
   5.0285440e-03
   3.1471111e-02
   3.2167684e-02
   5.6381002e-02
   6.8031629e-03
   5.5753116e-02
   7.3288135e-02
   5.4709032e-02
   5.3224838e-03
   8.6898036e-02
   1.0059821e-01
   9.6326515e-02
   7.6944032e-03
   5.6227200e-02
   1.2724448e-02
   7.9318136e-02
   1.0552726e-02
   4.3264501e-02
   4.7483791e-02
   1.5042330e-01
   1.9389929e-02
   6.3060895e-02
   7.9770252e-02
   8.3998114e-02
   1.4366706e-02
   2.4305409e-01
   3.3688140e-01
   3.1951118e-01
   2.6853777e-02
   5.2493896e-02
   8.5300459e-03
   6.4462721e-02
   8.7439111e-03
   4.4394445e-02
   4.3576229e-02
   7.4805044e-02
   1.4558860e-02
   6.2715337e-02
   4.7424991e-02
   4.4458970e-02
   9.1476887e-03
   1.3209650e-01
   1.2479131e-01
   1.4753850e-01
   1.3940905e-02
   7.1368851e-02
   1.0158139e-02
   5.2884981e-02
   6.1938437e-03
   6.0327746e-02
   4.2067584e-02
   5.3651061e-02
   7.6694312e-03
   1.1020810e-01
   3.4934260e-02
   2.8706392e-02
   6.7229448e-03
   1.2684515e-01
   2.2523837e-02
   3.4869727e-02
   6.5936120e-03
   9.4722889e-02
   3.8287155e-02
   5.3180713e-02
   1.0704180e-02
   6.6416375e-02
   1.0402782e-01
   6.5836929e-02
   1.1647944e-02
   1.3771677e-01
   4.8070539e-02
   4.8137981e-02
   1.5051912e-02
   1.1583669e-01
   1.9277394e-02
   7.4717209e-02
   2.2000065e-02
   8.0322579e-02
   3.7931506e-02
   9.6403621e-02
   2.2206062e-02
   3.6954824e-02
   9.4886802e-02
   7.3910788e-02
   2.2634279e-02
   7.1254820e-02
   1.0571638e-01
   6.5693580e-02
   2.1542523e-02
   7.4405171e-02
   2.2636985e-02
   8.6703151e-02
   3.4352835e-02
   5.4761786e-02
   9.6982894e-03
   6.8203732e-02
   1.2363978e-02
   5.2598488e-02
   4.6106037e-02
   5.4922111e-02
   1.3781928e-02
   8.2951605e-02
   7.7580385e-02
   3.8764570e-02
   1.1040980e-02
   6.7651659e-02
   1.9425392e-02
   2.7830448e-02
   1.1727029e-02
   5.4797102e-02
   5.9916060e-03
   4.5130633e-02
   6.6326382e-03
   3.1083958e-02
   3.1683676e-02
   4.9954403e-02
   9.7588655e-03
   6.7132987e-02
   3.6527075e-02
   3.4569420e-02
   4.3132193e-03
   5.4892953e-02
   2.1718604e-02
   4.8085559e-02
   1.0525377e-02
   3.7568990e-02
   7.4085435e-03
   6.6200599e-02
   8.6946134e-03
   3.5972208e-02
   3.4346435e-02
   9.4185024e-02
   1.1930374e-02
   6.7687362e-02
   5.6334790e-02
   4.8787817e-02
   9.8707415e-03
   1.3354798e-01
   1.4302847e-01
   1.5794893e-01
   1.3277614e-02
