   9.1853037e-02
   9.9737220e-02
   1.2970410e-01
   1.8635254e-02
   7.1975365e-02
   1.2298316e-01
   7.0485659e-02
   8.0880057e-03
   8.1172958e-02
   1.4315213e-01
   7.1031183e-02
   7.5865346e-03
   3.7513904e-02
   4.9142562e-02
   2.6108401e-02
   9.6867755e-03
   5.5758763e-02
   4.9095839e-02
   5.9595510e-02
   1.0700892e-02
   9.6492812e-02
   8.7969013e-02
   3.5978269e-02
   7.1888743e-03
   4.4012539e-02
   7.6603554e-02
   3.9343629e-02
   7.7602849e-03
   3.3216145e-02
   4.3506425e-02
   2.3457499e-02
   9.7699519e-03
   3.9802369e-02
   2.1009579e-02
   1.6050920e-02
   7.6624919e-03
   5.6783777e-02
   3.6265839e-02
   1.4294701e-02
   7.7353874e-03
   3.7126809e-02
   4.1150909e-02
   1.9265080e-02
   7.9721827e-03
   3.1168779e-02
   4.1407097e-02
   2.6640937e-02
   1.0865258e-02
   2.6778743e-02
   3.3684958e-02
   1.5014927e-02
   1.2419838e-02
   4.4355337e-02
   3.3020321e-02
   2.1143261e-02
   1.5496925e-02
   4.1974247e-02
   5.0409522e-02
   2.6858991e-02
   1.3082836e-02
   3.3143003e-02
   5.0655760e-02
   4.3051433e-02
   1.4987485e-02
   1.7680999e-02
   2.4419421e-02
   2.1181449e-02
   2.2026427e-02
   5.0128769e-02
   3.4509111e-02
   3.8196042e-02
   3.0784098e-02
   5.5358987e-02
   6.6022761e-02
   4.8517480e-02
   2.4671284e-02
   4.4144582e-02
   7.9119973e-02
   5.7556108e-02
   2.4535904e-02
   1.5143365e-02
   1.3707107e-02
   2.4419343e-02
   1.9387174e-02
   4.1280195e-02
   2.7649159e-02
   2.6971789e-02
   1.6093057e-02
   4.5006480e-02
   6.6166125e-02
   2.5257407e-02
   1.3523245e-02
   6.2742934e-02
   1.4285421e-01
   3.4931164e-02
   1.4928224e-02
   1.5391231e-02
   1.3624644e-02
   2.1212330e-02
   1.4142804e-02
   3.8384557e-02
   2.5909103e-02
   1.7044671e-02
   7.9576997e-03
   4.8720874e-02
   7.7150792e-02
   1.6600709e-02
   7.1740914e-03
   1.0370447e-01
   1.0986768e-01
   2.2141274e-02
   1.0286434e-02
   4.0138192e-02
   4.2870402e-02
   5.6475766e-02
   1.2595605e-02
   4.3561503e-02
   5.3906389e-02
   3.2186482e-02
   7.6418868e-03
   8.7363474e-02
   1.0156579e-01
   3.2859400e-02
   6.9869058e-03
   6.6659406e-02
   5.5037554e-02
   2.2395391e-02
   9.9123903e-03
   1.2402333e-01
   1.3780598e-01
   1.5384685e-01
   2.3958210e-02
   1.0953439e-01
   1.8176088e-01
   1.1094953e-01
   7.1954490e-03
   1.2536617e-01
   2.2562213e-01
   1.2727679e-01
   5.0853994e-03
   4.6469621e-02
   4.7253903e-02
   2.5252175e-02
   6.0458202e-03
   7.5462453e-02
   6.9091067e-02
   7.3938720e-02
   1.3993737e-02
   1.5779537e-01
   1.1826187e-01
   5.7413828e-02
   5.6984709e-03
   5.5909816e-02
   1.1788739e-01
   6.6269763e-02
   5.1731374e-03
   3.8040888e-02
   4.1436430e-02
   2.3517109e-02
   6.5444182e-03
   5.2324064e-02
   3.0174579e-02
   2.1305475e-02
   8.9676175e-03
   8.3428331e-02
   4.2472657e-02
   1.8771036e-02
   5.6227073e-03
   4.5356337e-02
   5.5930201e-02
   2.1386819e-02
   5.2825515e-03
   3.6286660e-02
   4.5999292e-02
   3.0476367e-02
   7.1475920e-03
   3.3643018e-02
   4.5584202e-02
   1.8155022e-02
   1.3966173e-02
   5.4881681e-02
   4.1444883e-02
   2.5741614e-02
   1.6347218e-02
   5.4422054e-02
   6.5776087e-02
   3.2879211e-02
   1.4488150e-02
   4.4442341e-02
   5.5073503e-02
   5.3048667e-02
   1.5623786e-02
   2.1915687e-02
   3.0943858e-02
   2.8557612e-02
   2.7624121e-02
   6.3506529e-02
   4.1219588e-02
   5.1938523e-02
   3.6528733e-02
   7.6523311e-02
   6.7877233e-02
   6.7169666e-02
   3.3548992e-02
   5.8628246e-02
   7.7874526e-02
   6.7217030e-02
   3.2290470e-02
   1.7885039e-02
   1.7467985e-02
   3.8669012e-02
   2.5546890e-02
   4.8873339e-02
   3.5292435e-02
   3.8969275e-02
   1.7123360e-02
   6.2756412e-02
   7.0288047e-02
   3.0295772e-02
   1.5354246e-02
   9.6021622e-02
   1.1893327e-01
   3.6240168e-02
   1.5595805e-02
   1.9168368e-02
   1.8272500e-02
   3.3558227e-02
   1.8703433e-02
   3.8676426e-02
   3.3707764e-02
   2.4078468e-02
   6.0821716e-03
   7.3003881e-02
   1.0355674e-01
   1.6317505e-02
   4.4908482e-03
   1.6388975e-01
   1.1169486e-01
   2.0004548e-02
   6.6151470e-03
   5.1074646e-02
   5.7720643e-02
   6.8475492e-02
   1.4757141e-02
   4.7586791e-02
   7.4221417e-02
   4.5189604e-02
   6.1789509e-03
   1.3663572e-01
   1.5499716e-01
   5.0111756e-02
   4.6557281e-03
   1.0512242e-01
   5.7902768e-02
   2.1335488e-02
   6.2723663e-03
   1.6633068e-01
   1.8958880e-01
   2.0615354e-01
   3.9212920e-02
   1.6728128e-01
   1.8538174e-01
   1.1621603e-01
   8.2089277e-03
   1.8879543e-01
   9.6391253e-02
   2.5293032e-02
   3.7972066e-03
   7.5387165e-02
   4.6318427e-02
   2.5191290e-02
   5.2555604e-03
   9.9444449e-02
   9.7632878e-02
   9.9198185e-02
   2.3575865e-02
   2.2377054e-01
   1.1528093e-01
   5.7874355e-02
   5.1975371e-03
   9.0514511e-02
   5.3630028e-02
   1.7795796e-02
   4.2739003e-03
   6.1130665e-02
   4.4569764e-02
   2.9372768e-02
   5.2258996e-03
   7.7981427e-02
   4.4731844e-02
   2.6251582e-02
   1.4833859e-02
   1.1437159e-01
   4.5684732e-02
   1.8281350e-02
   5.3192293e-03
   7.0629232e-02
   5.3039689e-02
   1.3042821e-02
   4.3875109e-03
   5.8116596e-02
   5.1993631e-02
   4.2648435e-02
   5.9263073e-03
   4.7254212e-02
   7.0332073e-02
   2.4516737e-02
   2.0724824e-02
   7.8791052e-02
   3.9390519e-02
   3.3786666e-02
   2.1990849e-02
   7.5952053e-02
   6.1988346e-02
   4.5342084e-02
   2.2567106e-02
   7.1490966e-02
   5.3324118e-02
   7.6710418e-02
   2.3020564e-02
   3.2392796e-02
   4.7868155e-02
   4.3290932e-02
   4.3122299e-02
   7.2986715e-02
   4.2836457e-02
   6.9423370e-02
   5.2723467e-02
   8.1974439e-02
   7.2737105e-02
   9.1887005e-02
   5.5626467e-02
   7.2013043e-02
   8.8052608e-02
   9.3694508e-02
   5.5284068e-02
   2.6693856e-02
   2.3668870e-02
   6.5258905e-02
   4.3200850e-02
   6.7683563e-02
   3.2490157e-02
   5.0740629e-02
   2.2798466e-02
   8.4893130e-02
   5.1613778e-02
   3.8681131e-02
   2.2961361e-02
   1.3271104e-01
   7.5799577e-02
   4.7405817e-02
   2.2821659e-02
   2.9730834e-02
   2.4504272e-02
   5.1632196e-02
   3.4658358e-02
   5.6989312e-02
   2.6676165e-02
   3.0739142e-02
   5.0091399e-03
   1.2559338e-01
   7.8556947e-02
   1.3635807e-02
   3.7616228e-03
   2.6648363e-01
   5.8480136e-02
   1.9033762e-02
   5.0886362e-03
   7.1928732e-02
   7.2134994e-02
   9.1209300e-02
   2.5274040e-02
   8.1397831e-02
   6.9696166e-02
   4.7991112e-02
   5.2715265e-03
   2.2686793e-01
   1.0714591e-01
   1.5496934e-02
   3.3911741e-03
   1.8110891e-01
   4.0664304e-02
   1.9173600e-02
   4.6058847e-03
   2.2440676e-01
   1.9310074e-01
   2.2712383e-01
   6.4388350e-02
   1.6610156e-01
   1.1457293e-01
   7.1457818e-02
   7.7908323e-03
   1.7857359e-01
   4.3961007e-02
   1.3315961e-02
   3.9636241e-03
   8.1566505e-02
   4.4037882e-02
   3.2620449e-02
   5.7209013e-03
   1.2163033e-01
   9.2470922e-02
   1.1350828e-01
   3.5859358e-02
   2.0542441e-01
   7.9891451e-02
   3.7395615e-02
   4.9328580e-03
   9.9878438e-02
   2.4131494e-02
   1.2697835e-02
   4.0779668e-03
   8.2875252e-02
   4.9355343e-02
   4.3999169e-02
   5.5285650e-03
   8.1011444e-02
   5.2055277e-02
   3.1053884e-02
   2.6572591e-02
   1.2242771e-01
   4.8090808e-02
   2.0878799e-02
   7.3759858e-03
   1.0004856e-01
   3.4322035e-02
   1.6013468e-02
   5.0459476e-03
   7.2608858e-02
   4.2707067e-02
   7.8523979e-02
   6.2670875e-03
   5.7299603e-02
   1.0306872e-01
   2.5868164e-02
   3.3530466e-02
   8.7329306e-02
   4.6394251e-02
   4.2594261e-02
   3.8039166e-02
   8.2006909e-02
   3.9100312e-02
   5.7542443e-02
   3.7869442e-02
   7.1069196e-02
   4.7975972e-02
   1.2219843e-01
   3.8999215e-02
   4.8432406e-02
   7.2803862e-02
   5.6749254e-02
   7.8043610e-02
   9.8205835e-02
   3.8516276e-02
   8.9715362e-02
   9.4315484e-02
   1.0528518e-01
   5.8258805e-02
   1.2076563e-01
   9.7510636e-02
   9.0709455e-02
   8.9096636e-02
   1.1323921e-01
   1.0242580e-01
   3.8230058e-02
   2.9798800e-02
   8.9629412e-02
   7.6223142e-02
   8.2214065e-02
   2.4655536e-02
   6.1699364e-02
   3.8478419e-02
   7.6408885e-02
   3.5463110e-02
   5.3060532e-02
   3.8604196e-02
   8.7360002e-02
   7.1349621e-02
   6.0219802e-02
   4.0439162e-02
   3.3909440e-02
   2.4278227e-02
   7.4872933e-02
   5.7488576e-02
   8.2778469e-02
   2.3953473e-02
   3.8446244e-02
   6.8253828e-03
   1.0978302e-01
   4.0071927e-02
   1.7742444e-02
   4.0647835e-03
   1.5291123e-01
   4.1682426e-02
   2.7765853e-02
   4.8462409e-03
   8.9331977e-02
   7.2605960e-02
   1.0850250e-01
   3.7000600e-02
   9.7083084e-02
   4.8214935e-02
   4.0001858e-02
   5.5110906e-03
   2.0199113e-01
   5.5705320e-02
   1.3423157e-02
   3.2588060e-03
   1.4150876e-01
   2.6764825e-02
   1.8622680e-02
   4.5231772e-03
