   4.3546207e-02
   5.3318176e-02
   4.5869902e-02
   4.6757948e-02
   1.2230765e-02
   6.7376912e-02
   3.9653454e-02
   1.9840842e-02
   5.3300876e-02
   9.7488470e-02
   6.5342627e-02
   7.3165640e-02
   4.5065939e-02
   5.9711475e-02
   5.7075825e-02
   4.9984202e-02
   2.4110658e-02
   3.0558873e-02
   3.0390313e-02
   2.8082116e-02
   1.0585872e-02
   4.4121031e-02
   3.6087159e-02
   1.5628248e-02
   2.9982382e-02
   4.8640046e-02
   4.0738277e-02
   3.9307822e-02
   2.5746232e-02
   3.1622309e-02
   3.4019027e-02
   2.8005680e-02
   1.6331645e-02
   1.7888248e-02
   2.4255428e-02
   1.8302409e-02
   1.9694887e-02
   2.5684290e-02
   3.1507209e-02
   1.3258615e-02
   2.3901591e-02
   1.6877128e-02
   2.4219085e-02
   1.5286409e-02
   2.0709006e-02
   1.3463911e-02
   1.9042946e-02
   1.4368291e-02
   2.6040018e-02
   2.4607493e-02
   2.8960470e-02
   1.7732602e-02
   4.5546740e-02
   4.1756697e-02
   3.4355301e-02
   1.3876837e-02
   4.0608887e-02
   2.2357378e-02
   2.4262629e-02
   1.3472690e-02
   3.4369938e-02
   1.8849742e-02
   2.1990666e-02
   1.3090068e-02
   2.4141956e-02
   3.0695722e-02
   4.5062233e-02
   2.2568610e-02
   2.3717340e-02
   4.6788029e-02
   5.9499905e-02
   1.9083675e-02
   2.3263860e-02
   2.5147479e-02
   4.1880168e-02
   1.3827682e-02
   2.0593062e-02
   1.8779388e-02
   3.7650939e-02
   1.6044678e-02
   1.7782226e-02
   2.1462612e-02
   3.6893032e-02
   2.3769645e-02
   1.1440590e-02
   2.8780011e-02
   5.2203953e-02
   2.1765912e-02
   1.5827030e-02
   1.7036196e-02
   3.5266176e-02
   1.6108533e-02
   1.4492561e-02
   1.2388048e-02
   3.1776220e-02
   2.3963057e-02
   1.7238993e-02
   1.7744146e-02
   2.4001583e-02
   1.7416498e-02
   1.1958151e-02
   2.8894961e-02
   3.1213792e-02
   1.3801415e-02
   1.5617037e-02
   1.8334754e-02
   2.2282124e-02
   1.4242411e-02
   1.4536209e-02
   1.2850506e-02
   1.8775705e-02
   2.3622429e-02
   2.4509372e-02
   2.8199894e-02
   2.7674453e-02
   2.6441138e-02
   1.3180590e-02
   4.1475032e-02
   3.2882132e-02
   1.5756670e-02
   2.7050540e-02
   4.8492566e-02
   3.5609592e-02
   3.3389606e-02
   2.5177365e-02
   2.8027553e-02
   3.0578272e-02
   2.7112179e-02
   5.7609521e-02
   7.2649352e-02
   5.6589235e-02
   6.2101569e-02
   6.6441293e-03
   5.2358400e-02
   2.8282328e-02
   1.6203534e-02
   7.4399509e-02
   1.0191039e-01
   7.8363992e-02
   8.2124010e-02
   5.7759482e-02
   6.1543688e-02
   5.2665766e-02
   5.8162842e-02
   2.7225466e-02
   3.8114879e-02
   3.4157097e-02
   2.9900698e-02
   6.9872118e-03
   3.4306750e-02
   2.7730726e-02
   1.1712755e-02
   3.8435839e-02
   4.8661686e-02
   4.3687750e-02
   4.1577447e-02
   3.0448208e-02
   3.1744894e-02
   3.1481601e-02
   3.0032316e-02
   1.3084234e-02
   1.7357882e-02
   1.9607557e-02
   1.1517996e-02
   2.6400965e-02
   2.4622157e-02
   2.1300221e-02
   8.6911544e-03
   2.8878910e-02
   1.6563216e-02
   2.1038953e-02
   1.2444467e-02
   2.5374852e-02
   1.2635722e-02
   1.5863117e-02
   1.2858242e-02
   2.7796697e-02
   2.9647315e-02
   2.6255378e-02
   1.1458443e-02
   7.0168406e-02
   5.1613864e-02
   2.5302522e-02
   9.4075287e-03
   5.7624899e-02
   2.9031079e-02
   2.4459610e-02
   9.4177378e-03
   4.9297716e-02
   2.2717498e-02
   2.6513478e-02
   1.1368304e-02
   2.4450285e-02
   3.6201660e-02
   5.4591190e-02
   2.0785904e-02
   3.4612950e-02
   5.4589666e-02
   7.0180610e-02
   1.8664358e-02
   2.9269813e-02
   3.3054881e-02
   5.7151660e-02
   1.0788037e-02
   2.4832403e-02
   2.2297258e-02
   5.5996798e-02
   1.5203635e-02
   1.1556191e-02
   1.7821966e-02
   4.2676393e-02
   2.1689257e-02
   1.0339567e-02
   2.5130348e-02
   6.1834920e-02
   2.3275923e-02
   1.2889026e-02
   1.4528906e-02
   4.6205655e-02
   1.3665062e-02
   1.1192754e-02
   1.0830538e-02
   4.3166898e-02
   3.1409014e-02
   9.8962970e-03
   1.5488006e-02
   2.0498818e-02
   1.1103058e-02
   6.8234634e-03
   2.1886788e-02
   2.2414569e-02
   1.0505653e-02
   1.2009789e-02
   1.4150680e-02
   1.9395363e-02
   1.1965485e-02
   1.0095728e-02
   9.7642774e-03
   1.7228797e-02
   3.2178890e-02
   2.3416910e-02
   3.1781994e-02
   2.9978370e-02
   2.5119530e-02
   6.4759208e-03
   2.9372053e-02
   2.4248134e-02
   1.0568711e-02
   3.0945905e-02
   4.3903861e-02
   3.5706557e-02
   3.1690948e-02
   2.3868730e-02
   2.5741814e-02
   2.6124101e-02
   2.8934084e-02
   9.8266222e-02
   1.2051935e-01
   8.9774676e-02
   1.0318415e-01
   7.4891853e-03
   6.9877081e-02
   2.1210017e-02
   2.3620596e-02
   1.3534981e-01
   1.5800872e-01
   1.2387385e-01
   1.4075097e-01
   7.0717834e-02
   7.4634083e-02
   5.8775153e-02
   8.5789911e-02
   4.4087950e-02
   5.8759511e-02
   4.6670482e-02
   4.6744812e-02
   8.7059066e-03
   4.2843901e-02
   1.8319612e-02
   1.5823869e-02
   6.5969445e-02
   7.4826695e-02
   6.5908745e-02
   6.7669161e-02
   3.6439881e-02
   3.8555928e-02
   3.4287725e-02
   4.2837646e-02
   1.6493579e-02
   2.2221979e-02
   2.1910477e-02
   9.6213575e-03
   3.8623370e-02
   3.2679006e-02
   1.7396156e-02
   7.9572825e-03
   4.4161700e-02
   2.4279419e-02
   2.4737712e-02
   1.5826570e-02
   3.8278859e-02
   1.8673256e-02
   2.1615403e-02
   1.9365376e-02
   4.2199187e-02
   3.6073729e-02
   3.3017393e-02
   9.9360207e-03
   1.0486203e-01
   7.9131752e-02
   3.1728864e-02
   9.1713006e-03
   8.5614592e-02
   5.1398411e-02
   3.7815318e-02
   1.0784406e-02
   6.7186572e-02
   3.9395627e-02
   4.7300890e-02
   1.5723106e-02
   3.8665216e-02
   3.6304932e-02
   7.2234116e-02
   2.2600805e-02
   5.3794887e-02
   8.2947537e-02
   1.1390582e-01
   2.6166875e-02
   4.1422144e-02
   5.8213811e-02
   9.2798598e-02
   1.4618993e-02
   3.4715485e-02
   3.7894186e-02
   1.0219459e-01
   2.1527175e-02
   1.4775719e-02
   1.8703092e-02
   5.9998836e-02
   2.4212552e-02
   1.5349723e-02
   3.2267559e-02
   9.3905561e-02
   3.4072526e-02
   1.9274101e-02
   2.3231108e-02
   7.5190410e-02
   1.8809877e-02
   1.6816819e-02
   1.6371030e-02
   8.1062607e-02
   4.4557318e-02
   9.6466457e-03
   1.9684184e-02
   2.7549740e-02
   1.2003649e-02
   8.5237669e-03
   2.8115978e-02
   2.4667991e-02
   1.2768667e-02
   1.6369300e-02
   1.6869271e-02
   2.8211040e-02
   1.4191153e-02
   1.4211494e-02
   1.3591137e-02
   2.6281929e-02
   4.7827777e-02
   3.6051132e-02
   4.4739902e-02
   4.5210086e-02
   3.7640553e-02
   7.4456055e-03
   3.3259653e-02
   1.9676261e-02
   1.4153508e-02
   5.1235657e-02
   5.8462784e-02
   4.8247185e-02
   4.8618253e-02
   2.7922757e-02
   2.8982103e-02
   2.6752921e-02
   4.3392468e-02
   1.6138238e-01
   1.8629457e-01
   1.2894638e-01
   1.5889630e-01
   1.2333973e-02
   9.2755549e-02
   3.0684458e-02
   3.0536603e-02
   1.9898947e-01
   2.1354733e-01
   1.6215105e-01
   1.8080766e-01
   8.6716957e-02
   1.0076963e-01
   8.2104646e-02
   1.2867542e-01
   7.0525080e-02
   9.2132859e-02
   5.7609621e-02
   7.3783286e-02
   1.4662059e-02
   5.4139081e-02
   2.3462670e-02
   2.1036727e-02
   9.1834806e-02
   9.8017626e-02
   8.1895553e-02
   8.8204458e-02
   4.7856603e-02
   5.2781869e-02
   4.3792583e-02
   6.1743423e-02
   2.5289081e-02
   2.2188101e-02
   3.8043205e-02
   1.3223982e-02
   5.3518239e-02
   2.5884278e-02
   2.0445390e-02
   7.8869006e-03
   7.7957265e-02
   3.9455112e-02
   3.1982034e-02
   1.9759798e-02
   6.2639505e-02
   3.1779096e-02
   3.4828797e-02
   3.3877175e-02
   6.5678790e-02
   5.0464913e-02
   5.8558024e-02
   1.3191279e-02
   1.4912044e-01
   1.1325240e-01
   4.9852882e-02
   1.3508590e-02
   1.5050526e-01
   7.0671104e-02
   5.6404725e-02
   1.6934432e-02
   1.0838446e-01
   6.1272547e-02
   7.6654151e-02
   3.0228965e-02
   6.3730836e-02
   4.6490248e-02
   1.2497852e-01
   3.6877427e-02
   8.6525291e-02
   1.2022389e-01
   2.1472891e-01
   4.4933420e-02
   6.8947338e-02
   6.9764324e-02
   1.6198780e-01
   2.5143666e-02
   6.0436174e-02
   5.7552438e-02
   1.5041779e-01
   3.7217520e-02
   2.4089346e-02
   1.8441668e-02
   1.0624205e-01
   3.6786374e-02
   3.0418212e-02
   3.5549507e-02
   1.7061619e-01
   5.8776587e-02
   2.9195398e-02
   2.9491888e-02
   1.2741622e-01
   3.1988908e-02
   2.7664332e-02
   2.6851267e-02
   1.2933534e-01
   7.2013564e-02
   1.2485604e-02
   1.4504577e-02
   4.6029396e-02
   1.8979501e-02
   1.5583935e-02
   2.1974677e-02
   3.9204970e-02
   1.8059075e-02
   2.0467212e-02
   2.1723133e-02
   3.6579430e-02
   2.0089203e-02
   1.9444011e-02
   1.9961221e-02
   4.2063918e-02
   7.2226755e-02
   5.9399396e-02
   6.6849768e-02
   6.6143274e-02
   5.8708064e-02
   1.1653447e-02
   4.4205889e-02
   2.1546138e-02
   1.8763326e-02
   7.3932365e-02
   7.7976100e-02
   5.6701902e-02
   6.1695781e-02
   3.5824396e-02
   3.5895791e-02
   3.2635290e-02
   6.9418654e-02
