   1.0918559e-02
   1.0175618e-02
   1.1274991e-02
   1.5440547e-02
   2.2387661e-02
   2.2606805e-02
   4.3652203e-02
   7.1378060e-02
   3.7483376e-02
   8.7328412e-02
   1.2524368e-01
   1.0522752e-01
   4.8617128e-02
   6.7608058e-02
   5.8523584e-02
   6.4671062e-02
   1.0927517e-02
   9.0189613e-03
   9.8095238e-03
   1.5550575e-02
   2.2678617e-02
   2.0068226e-02
   3.6810070e-02
   5.8723506e-02
   4.5067918e-02
   7.9244964e-02
   9.1709085e-02
   8.4808484e-02
   4.7026165e-02
   6.0057513e-02
   5.4533824e-02
   6.3399598e-02
   1.1080137e-02
   9.0534873e-03
   9.5562385e-03
   1.5381654e-02
   2.2750635e-02
   1.8119005e-02
   3.2016881e-02
   4.6632562e-02
   4.7087163e-02
   7.4202575e-02
   6.9164813e-02
   7.0205323e-02
   4.6284180e-02
   5.7894871e-02
   4.8432183e-02
   6.0723573e-02
   1.1278882e-02
   9.1443667e-03
   9.7656166e-03
   1.6337207e-02
   2.4349142e-02
   1.5360028e-02
   2.7017755e-02
   4.0363777e-02
   4.3882728e-02
   6.9756530e-02
   6.3497260e-02
   6.3525736e-02
   5.2172203e-02
   5.8554269e-02
   4.6254400e-02
   5.3323288e-02
   1.1125112e-02
   9.1157211e-03
   1.0430415e-02
   1.6773961e-02
   2.3009796e-02
   1.4890124e-02
   2.7720761e-02
   3.9812997e-02
   4.0882051e-02
   6.6549301e-02
   6.1973996e-02
   6.2285434e-02
   5.5309027e-02
   5.9241090e-02
   5.1102038e-02
   4.9803194e-02
   1.0433491e-02
   9.0866713e-03
   1.0172124e-02
   1.5804540e-02
   2.3282869e-02
   1.5036012e-02
   3.0170256e-02
   4.3894108e-02
   3.4963891e-02
   7.3298112e-02
   6.1898243e-02
   6.8726726e-02
   5.3365670e-02
   6.1628722e-02
   4.5250513e-02
   4.7019877e-02
   1.0352509e-02
   8.5986629e-03
   9.8261451e-03
   1.5732873e-02
   2.2381747e-02
   1.9385358e-02
   3.6411691e-02
   5.0894234e-02
   3.4189686e-02
   7.1688272e-02
   7.2375059e-02
   7.5450234e-02
   5.4890946e-02
   6.4891815e-02
   4.9196608e-02
   5.2756131e-02
   1.0214302e-02
   9.1284895e-03
   9.7366888e-03
   1.5134312e-02
   2.1920187e-02
   2.2681460e-02
   4.5382906e-02
   6.3470028e-02
   3.5068918e-02
   7.9696424e-02
   1.0896295e-01
   8.8773750e-02
   5.4149106e-02
   7.0265919e-02
   5.5777010e-02
   6.2394854e-02
   8.3461162e-03
   8.7867659e-03
   9.2741027e-03
   1.1379904e-02
   2.6544435e-02
   2.6196394e-02
   5.6031469e-02
   8.3084479e-02
   4.5616247e-02
   8.9885734e-02
   1.2739284e-01
   9.8921932e-02
   6.1880533e-02
   8.2811430e-02
   7.4739777e-02
   8.3467975e-02
   7.8447703e-03
   6.8201288e-03
   7.2560636e-03
   9.8726815e-03
   2.4732552e-02
   2.3765817e-02
   4.3212835e-02
   6.3365571e-02
   5.6088943e-02
   8.4450632e-02
   9.2765450e-02
   8.1317730e-02
   5.9637394e-02
   7.4391186e-02
   6.1499722e-02
   7.3104754e-02
   7.7652065e-03
   6.5595442e-03
   7.3022367e-03
   9.6117230e-03
   2.5513967e-02
   2.0623351e-02
   3.6902759e-02
   5.1149577e-02
   6.1177038e-02
   7.8553237e-02
   7.1991414e-02
   6.6147491e-02
   5.6271452e-02
   7.0222124e-02
   5.5100989e-02
   6.7264289e-02
   7.7908784e-03
   7.0842043e-03
   8.0988491e-03
   1.0541733e-02
   2.6595615e-02
   1.7269878e-02
   2.8265242e-02
   4.4294484e-02
   5.5206478e-02
   7.3093988e-02
   6.6356651e-02
   6.5110050e-02
   6.6999212e-02
   7.1002059e-02
   5.8207396e-02
   6.6389211e-02
   8.9350734e-03
   7.4322750e-03
   8.3410181e-03
   1.1720095e-02
   2.7662402e-02
   1.4579573e-02
   2.7235372e-02
   4.1947708e-02
   4.7744468e-02
   6.7609474e-02
   6.0992032e-02
   5.9992325e-02
   7.7111393e-02
   7.2823361e-02
   6.9635957e-02
   6.2728666e-02
   7.7033527e-03
   6.8070628e-03
   7.9769669e-03
   1.0917619e-02
   3.3296812e-02
   1.6389828e-02
   3.2057434e-02
   4.4122487e-02
   4.1448206e-02
   7.8553379e-02
   6.5871738e-02
   6.3125737e-02
   6.7952946e-02
   7.0489861e-02
   5.9694849e-02
   6.4070731e-02
   7.4487645e-03
   6.5125246e-03
   7.5286236e-03
   1.0366132e-02
   2.8755486e-02
   2.4266301e-02
   4.0778495e-02
   5.1171940e-02
   3.6517754e-02
   7.9725951e-02
   8.1113629e-02
   7.1700186e-02
   6.8269677e-02
   7.7232681e-02
   6.1299946e-02
   6.8131536e-02
   7.3234844e-03
   7.0390352e-03
   7.4955835e-03
   1.0296462e-02
   2.6314070e-02
   2.7583050e-02
   5.8712501e-02
   7.2294906e-02
   3.8572658e-02
   8.7150931e-02
   1.2362500e-01
   8.9635968e-02
   6.6527277e-02
   8.4091201e-02
   6.9240883e-02
   8.1441753e-02
   7.4076476e-03
   9.3952175e-03
   9.2498446e-03
   1.1463968e-02
   3.2239605e-02
   3.5804581e-02
   5.9517581e-02
   8.2728863e-02
   5.0178211e-02
   9.0135902e-02
   1.1226352e-01
   1.0240356e-01
   8.3917223e-02
   8.6634077e-02
   8.2717851e-02
   1.0112262e-01
   6.1363527e-03
   6.6172699e-03
   6.6320356e-03
   8.5125752e-03
   2.8422177e-02
   2.6852626e-02
   4.8878983e-02
   6.6375047e-02
   5.9163451e-02
   7.7385195e-02
   8.9449339e-02
   9.0181544e-02
   9.2003927e-02
   8.3217628e-02
   6.4072885e-02
   8.7799959e-02
   6.7176502e-03
   5.0220271e-03
   4.9791327e-03
   7.6006120e-03
   2.8222421e-02
   2.2147650e-02
   3.7257619e-02
   5.6570917e-02
   5.9683260e-02
   7.7448793e-02
   6.7215413e-02
   7.4739635e-02
   7.4224837e-02
   7.9459555e-02
   5.9017766e-02
   8.0538750e-02
   7.1053538e-03
   5.5834851e-03
   5.6451987e-03
   8.5109053e-03
   3.0170104e-02
   1.9507788e-02
   2.8109010e-02
   4.8108831e-02
   6.4284869e-02
   8.2975626e-02
   5.3912282e-02
   6.3861951e-02
   7.8451961e-02
   8.4427692e-02
   7.9364412e-02
   7.9776116e-02
   8.8420119e-03
   5.9956242e-03
   6.8226242e-03
   1.0051068e-02
   4.0822405e-02
   1.8574709e-02
   3.0179271e-02
   5.2045979e-02
   6.2271435e-02
   8.0529802e-02
   6.1282299e-02
   6.7880183e-02
   9.1191299e-02
   9.0179838e-02
   1.0345760e-01
   7.0776202e-02
   6.4339535e-03
   5.7296660e-03
   6.8451851e-03
   8.6941617e-03
   5.7394587e-02
   2.2573445e-02
   3.7442535e-02
   4.8506811e-02
   5.3088166e-02
   8.6961366e-02
   7.3265329e-02
   6.1799482e-02
   7.6305538e-02
   7.5649872e-02
   8.3109334e-02
   6.9728062e-02
   4.9048620e-03
   5.0393897e-03
   6.0013719e-03
   7.6668700e-03
   4.2460892e-02
   3.2622304e-02
   4.3050278e-02
   5.8289841e-02
   4.2194646e-02
   8.3200708e-02
   8.3757535e-02
   7.0951261e-02
   6.8115942e-02
   8.1491776e-02
   7.5647503e-02
   7.7027507e-02
   5.3498019e-03
   6.1284779e-03
   6.1207996e-03
   8.7819258e-03
   3.0448755e-02
   3.8106918e-02
   5.9081346e-02
   8.0471709e-02
   4.3709844e-02
   8.5438676e-02
   1.0714736e-01
   9.0559423e-02
   6.6276662e-02
   9.7667217e-02
   7.2774559e-02
   9.4564788e-02
   7.6977601e-03
   1.2750053e-02
   1.4067589e-02
   2.0324619e-02
   2.8706698e-02
   5.1667139e-02
   7.2117582e-02
   1.1391174e-01
   5.4305624e-02
   6.7107871e-02
   8.7279268e-02
   7.5422697e-02
   7.6248452e-02
   7.9593942e-02
   9.6191041e-02
   9.8019131e-02
   5.9897886e-03
   7.6073171e-03
   8.0039948e-03
   1.0663538e-02
   2.9729232e-02
   2.6470948e-02
   6.5428145e-02
   8.3199434e-02
   6.1797041e-02
   6.9131613e-02
   7.5400114e-02
   6.4053595e-02
   9.4236881e-02
   9.7081311e-02
   6.1559670e-02
   8.0531999e-02
   5.1934319e-03
   3.9475914e-03
   4.4927425e-03
   6.6630300e-03
   2.6529359e-02
   1.8111972e-02
   5.6610800e-02
   6.8689965e-02
   7.6989494e-02
   7.8217767e-02
   6.9359139e-02
   6.9636516e-02
   6.8518274e-02
   6.0658749e-02
   6.0451038e-02
   9.4555624e-02
   7.9982039e-03
   3.9094617e-03
   3.9864387e-03
   6.8934392e-03
   2.9059410e-02
   2.1604106e-02
   3.3565316e-02
   5.1426958e-02
   8.3769605e-02
   7.5460918e-02
   5.6932081e-02
   6.0348690e-02
   8.1200257e-02
   7.4966408e-02
   7.5917482e-02
   7.3022179e-02
   1.3302714e-02
   4.6297731e-03
   5.4563684e-03
   1.2006508e-02
   5.8751177e-02
   2.1582611e-02
   3.1363666e-02
   4.9167067e-02
   7.3760882e-02
   6.3489631e-02
   6.9474801e-02
   6.2010702e-02
   8.5052036e-02
   9.5387034e-02
   1.1038312e-01
   8.7834358e-02
   6.8903225e-03
   4.3247072e-03
   6.8674008e-03
   9.4971592e-03
   6.9125853e-02
   3.1358108e-02
   3.4027983e-02
   5.3561695e-02
   5.3898130e-02
   5.7650439e-02
   6.8547331e-02
   5.0074480e-02
   6.3267402e-02
   7.3949739e-02
   8.7068990e-02
   8.5880414e-02
   5.0469269e-03
   4.6048914e-03
   6.6413041e-03
   6.8207933e-03
   5.1257912e-02
   3.6584280e-02
   4.6918295e-02
   5.4247271e-02
   4.6951529e-02
   8.1607118e-02
   8.6863592e-02
   5.7448681e-02
   5.5276431e-02
   7.6520287e-02
   7.9800554e-02
   8.0547005e-02
   5.9774267e-03
   7.6031182e-03
   7.8541217e-03
   1.2107832e-02
   3.5072148e-02
   4.6960630e-02
   6.7612953e-02
   7.3899582e-02
   5.2508608e-02
   6.9653839e-02
   9.2883669e-02
   7.6796994e-02
   6.9597661e-02
   8.1753433e-02
   8.6126760e-02
   8.5759707e-02
