   1.2647464e-02
   1.1102773e-02
   2.7895806e-02
   3.0249488e-02
   8.9635523e-03
   2.0789444e-02
   5.2725304e-02
   4.3358453e-02
   9.7695254e-03
   2.0117939e-02
   6.0951006e-02
   4.1368123e-02
   3.9460562e-02
   7.1683951e-02
   5.7585996e-02
   3.6402799e-02
   1.5678382e-02
   9.5731420e-03
   2.1692917e-02
   2.7720748e-02
   9.0920115e-03
   1.5474209e-02
   4.3569267e-02
   4.2240132e-02
   9.1714999e-03
   1.4998384e-02
   4.2411298e-02
   4.1944936e-02
   1.9157581e-02
   3.9778195e-02
   3.4023099e-02
   3.8216125e-02
   1.5012885e-02
   8.1762346e-03
   1.9550599e-02
   2.8332062e-02
   9.2078028e-03
   1.3398949e-02
   4.0464107e-02
   4.3908041e-02
   9.4274059e-03
   1.2574484e-02
   3.8587343e-02
   4.6128377e-02
   1.1641434e-02
   2.3760980e-02
   2.3340043e-02
   4.9321964e-02
   1.1012463e-02
   1.5063061e-02
   3.1258635e-02
   3.1800147e-02
   1.1379382e-02
   3.0510174e-02
   7.0125818e-02
   4.6856478e-02
   1.1650034e-02
   2.7537562e-02
   6.8806596e-02
   4.5680825e-02
   1.1343420e-02
   1.8348400e-02
   3.5188742e-02
   3.5318144e-02
   1.1276756e-02
   2.7138062e-02
   6.0420431e-02
   3.6560606e-02
   1.6294625e-02
   6.2855840e-02
   1.3079906e-01
   5.2736398e-02
   1.6590903e-02
   5.3148706e-02
   1.2793475e-01
   4.7195632e-02
   1.1565663e-02
   3.2297466e-02
   3.4662779e-02
   2.9014291e-02
   1.0793810e-02
   1.4468732e-02
   3.8073339e-02
   3.7724644e-02
   1.1090943e-02
   3.0274136e-02
   6.9096155e-02
   4.6492647e-02
   1.1874192e-02
   2.5307659e-02
   6.2235743e-02
   4.2188015e-02
   1.5372470e-02
   2.9363597e-02
   1.9064143e-02
   2.7690893e-02
   1.0802713e-02
   7.8592431e-03
   1.9980868e-02
   5.0385222e-02
   8.5759340e-03
   1.5366590e-02
   3.7124846e-02
   4.4063251e-02
   1.2107066e-02
   1.1265213e-02
   3.2132182e-02
   3.9648540e-02
   2.3190608e-02
   2.0497547e-02
   2.0116450e-02
   2.8353291e-02
   1.1937000e-02
   8.6265458e-03
   2.3196325e-02
   3.9421331e-02
   8.3782468e-03
   1.6140314e-02
   3.9565552e-02
   4.3656733e-02
   1.1382618e-02
   1.4083929e-02
   4.1619863e-02
   4.1159704e-02
   2.7676417e-02
   4.7204807e-02
   3.1546429e-02
   3.1443216e-02
   1.0078822e-02
   1.1990421e-02
   3.0890243e-02
   2.2971766e-02
   4.8301234e-03
   1.7020393e-02
   5.0967705e-02
   3.0736838e-02
   7.1813655e-03
   1.6595162e-02
   5.5767987e-02
   2.9993925e-02
   4.9692191e-02
   6.0583871e-02
   3.5150584e-02
   3.2849800e-02
   1.4395784e-02
   1.0343622e-02
   2.1688500e-02
   2.0893656e-02
   5.4032118e-03
   1.4319388e-02
   4.2567175e-02
   2.6453072e-02
   5.9727049e-03
   1.3970979e-02
   3.9884485e-02
   3.1473789e-02
   2.1850964e-02
   2.7968263e-02
   1.8960543e-02
   4.0842485e-02
   1.3355478e-02
   7.7658533e-03
   1.8782225e-02
   2.0684293e-02
   5.5534439e-03
   1.3819436e-02
   4.3151982e-02
   3.0545522e-02
   5.4125427e-03
   1.4545809e-02
   4.2563606e-02
   3.5266597e-02
   9.4739674e-03
   1.3055510e-02
   1.6384207e-02
   5.6458842e-02
   9.0907924e-03
   1.6396837e-02
   3.1157713e-02
   2.2605240e-02
   1.0830934e-02
   3.3271790e-02
   7.0660919e-02
   3.4009174e-02
   1.0223615e-02
   3.4940764e-02
   7.1968675e-02
   3.2981619e-02
   1.0259376e-02
   1.7602647e-02
   4.0132307e-02
   3.1168003e-02
   1.0822938e-02
   3.0945221e-02
   6.3734934e-02
   2.5822330e-02
   1.9736130e-02
   7.4648052e-02
   1.2675153e-01
   4.0420171e-02
   1.8909831e-02
   6.6468813e-02
   1.2671871e-01
   3.4823060e-02
   1.2010146e-02
   3.4182847e-02
   3.9409623e-02
   2.0405024e-02
   8.1809619e-03
   1.5888156e-02
   4.5117129e-02
   2.9331697e-02
   9.5322430e-03
   3.1304810e-02
   6.4126730e-02
   3.6849663e-02
   1.0397687e-02
   2.9910069e-02
   5.7608441e-02
   2.8580468e-02
   1.8836685e-02
   2.5640754e-02
   1.4676915e-02
   1.7449027e-02
   7.5914008e-03
   7.1226810e-03
   2.1896547e-02
   4.8435848e-02
   5.2195350e-03
   1.4505968e-02
   4.1176625e-02
   3.0810069e-02
   8.6561395e-03
   1.2769690e-02
   3.0484118e-02
   2.5913680e-02
   3.0236347e-02
   1.2327042e-02
   1.1044240e-02
   1.8374741e-02
   8.4609613e-03
   8.9097507e-03
   2.2882901e-02
   3.5480805e-02
   5.1115202e-03
   1.3612486e-02
   3.9590906e-02
   2.8976530e-02
   8.2503911e-03
   1.2556657e-02
   3.9981667e-02
   2.7611293e-02
   3.3222515e-02
   2.9037571e-02
   1.9088453e-02
   2.3718232e-02
   1.1773011e-02
   1.3971327e-02
   3.9283264e-02
   2.2342876e-02
   3.0973703e-03
   1.4626409e-02
   5.3353429e-02
   2.4952570e-02
   6.9923252e-03
   2.1592828e-02
   6.2902473e-02
   2.3215216e-02
   3.4000307e-02
   5.6301288e-02
   3.9808270e-02
   3.9623991e-02
   1.7127585e-02
   1.1389696e-02
   2.4565969e-02
   2.0245826e-02
   3.4142549e-03
   1.4057328e-02
   4.2677525e-02
   1.8606264e-02
   4.4044373e-03
   1.6010782e-02
   4.3888502e-02
   2.2880701e-02
   1.8163718e-02
   2.5577236e-02
   2.0330140e-02
   4.5821048e-02
   1.6880950e-02
   9.1859223e-03
   2.2633325e-02
   2.0772349e-02
   4.0635937e-03
   1.3746399e-02
   4.8716433e-02
   2.3060588e-02
   4.2826813e-03
   1.4804548e-02
   3.9711241e-02
   2.7145695e-02
   1.0998840e-02
   1.2696233e-02
   1.8226033e-02
   6.2062621e-02
   1.0273682e-02
   1.9362954e-02
   4.0656827e-02
   2.2742860e-02
   1.2259887e-02
   3.5769865e-02
   7.5999998e-02
   3.2755885e-02
   1.2149801e-02
   4.3999799e-02
   7.8864731e-02
   2.5811823e-02
   1.1771985e-02
   1.6465610e-02
   3.6032930e-02
   3.0723153e-02
   1.3189336e-02
   3.3645395e-02
   8.4920563e-02
   2.5283050e-02
   2.7290903e-02
   8.8391304e-02
   1.5182476e-01
   3.8773034e-02
   2.5499782e-02
   8.0961168e-02
   1.4723538e-01
   2.9098444e-02
   1.4535122e-02
   2.7451124e-02
   3.5123203e-02
   1.8645726e-02
   7.8963889e-03
   1.8382408e-02
   6.2208842e-02
   2.7494475e-02
   1.1065062e-02
   3.5478294e-02
   7.0680045e-02
   3.2097980e-02
   1.2711862e-02
   3.5733689e-02
   6.0726158e-02
   2.2857724e-02
   2.9586900e-02
   2.1714652e-02
   1.2430685e-02
   1.4083322e-02
   7.7108997e-03
   8.2410704e-03
   2.7956873e-02
   4.8618078e-02
   3.9089038e-03
   1.4255614e-02
   4.5157213e-02
   2.6380848e-02
   8.6832540e-03
   1.3250947e-02
   2.7939180e-02
   1.6763244e-02
   4.3529753e-02
   1.1197824e-02
   9.5964428e-03
   1.4613968e-02
   9.5718978e-03
   1.0522070e-02
   2.8377453e-02
   3.4937955e-02
   3.2076023e-03
   1.2661119e-02
   3.8242564e-02
   2.1074478e-02
   7.9223681e-03
   1.5836587e-02
   4.2200860e-02
   1.8137736e-02
   3.4350440e-02
   2.6025170e-02
   1.9524921e-02
   2.2840131e-02
   2.0415213e-02
   1.8703587e-02
   5.3835079e-02
   3.5142008e-02
   2.2979367e-03
   1.3766727e-02
   4.4541609e-02
   2.4261169e-02
   7.9627177e-03
   2.1100588e-02
   6.3813545e-02
   2.8194293e-02
   5.5993322e-02
   1.0541811e-01
   7.4292734e-02
   5.9521973e-02
   2.7632961e-02
   1.7745724e-02
   3.5731111e-02
   2.6653042e-02
   3.1725608e-03
   1.2084954e-02
   3.9288577e-02
   1.6656639e-02
   4.4050445e-03
   1.7986072e-02
   5.3180713e-02
   2.1873200e-02
   3.0705551e-02
   4.6527769e-02
   3.7033200e-02
   3.4370396e-02
   2.7407805e-02
   1.3421252e-02
   2.6699072e-02
   2.1971991e-02
   4.1564200e-03
   1.1084954e-02
   3.7584823e-02
   2.4782382e-02
   4.2249649e-03
   1.3361945e-02
   3.2793630e-02
   2.0624632e-02
   1.7869774e-02
   1.0362091e-02
   3.4433182e-02
   2.8242206e-02
   1.4870522e-02
   1.7240195e-02
   3.3923175e-02
   2.3442527e-02
   1.3452878e-02
   2.7972108e-02
   3.1002777e-02
   3.4951676e-02
   1.3703128e-02
   3.6509123e-02
   4.8539247e-02
   2.6824299e-02
   1.9907227e-02
   1.3745848e-02
   4.6884727e-02
   2.1832354e-02
   1.6852163e-02
   2.5945311e-02
   6.3577071e-02
   3.6487736e-02
   3.2597911e-02
   7.2598599e-02
   4.2531561e-02
   4.6022344e-02
   2.9709645e-02
   7.2699443e-02
   4.6270058e-02
   2.9359845e-02
   2.7392698e-02
   2.0714538e-02
   5.3903885e-02
   2.2400012e-02
   9.8448750e-03
   1.7543146e-02
   5.5414822e-02
   2.8367307e-02
   1.2577860e-02
   3.1380970e-02
   4.3559887e-02
   3.3870276e-02
   1.5075337e-02
   3.3626869e-02
   4.0285766e-02
   2.0156844e-02
   4.7151122e-02
   1.7656054e-02
   2.1314573e-02
   1.3776938e-02
   1.0713411e-02
   1.1526612e-02
   2.9472141e-02
   3.7971389e-02
   3.4626436e-03
   1.2620186e-02
   3.5643797e-02
   1.8309098e-02
   1.2536187e-02
   1.3294356e-02
   3.0806083e-02
   1.5566956e-02
   6.2289391e-02
   1.2889862e-02
   1.4573582e-02
   1.5702223e-02
   1.5575523e-02
   1.5643362e-02
   3.6134701e-02
   3.6506604e-02
   2.7467473e-03
   1.1633286e-02
   3.3175945e-02
   2.0631699e-02
   1.1414341e-02
   1.8705633e-02
   3.9618619e-02
   1.9125510e-02
   6.0489349e-02
   4.3394905e-02
   3.5685915e-02
   2.7234104e-02
