   6.6331722e-02
   2.6273793e-02
   1.3293925e-02
   4.5028824e-02
   7.0395112e-02
   2.6122339e-02
   7.5786915e-03
   3.4702152e-02
   2.3803823e-02
   1.0160356e-02
   6.9442019e-03
   2.1789907e-02
   2.0165209e-02
   9.8508475e-03
   9.2563638e-03
   1.9777171e-02
   7.1186021e-02
   2.9332250e-02
   1.2389186e-02
   4.3386333e-02
   7.8990273e-02
   3.1378180e-02
   7.3816562e-03
   3.3692572e-02
   2.3308331e-02
   1.0360081e-02
   6.6538593e-03
   2.1484485e-02
   2.1527380e-02
   1.0027251e-02
   8.4467465e-03
   2.0153889e-02
   6.2678561e-02
   2.4025671e-02
   1.2582455e-02
   4.4259734e-02
   6.8082578e-02
   2.5271574e-02
   7.6193116e-03
   3.4272533e-02
   1.9709276e-02
   8.5367765e-03
   6.8821907e-03
   2.2170642e-02
   2.0957362e-02
   9.0218103e-03
   8.3997622e-03
   2.5869543e-02
   5.3211294e-02
   2.0827038e-02
   1.4690667e-02
   4.9130097e-02
   4.9631275e-02
   1.8313106e-02
   9.5009953e-03
   3.7501432e-02
   1.5567192e-02
   7.4426727e-03
   9.0174153e-03
   2.4420068e-02
   1.6234934e-02
   7.9053361e-03
   1.0615259e-02
   2.5148872e-02
   5.2548528e-02
   2.2679640e-02
   1.8762458e-02
   5.3414743e-02
   4.7102656e-02
   1.9937646e-02
   1.3518536e-02
   4.0339574e-02
   1.5246065e-02
   8.0972388e-03
   1.3043841e-02
   2.6253929e-02
   1.5867762e-02
   8.0221081e-03
   1.4453972e-02
   2.4519574e-02
   5.4837041e-02
   2.0930804e-02
   1.4936009e-02
   4.8863534e-02
   4.9599763e-02
   1.8490611e-02
   9.6088154e-03
   3.7624516e-02
   1.5595944e-02
   7.4958317e-03
   8.8548185e-03
   2.4382075e-02
   1.5954645e-02
   7.6195127e-03
   1.0461945e-02
   2.1856105e-02
   6.7659974e-02
   2.5010327e-02
   1.2608891e-02
   4.3933503e-02
   7.1452476e-02
   2.6237478e-02
   7.4804160e-03
   3.3834070e-02
   2.0810984e-02
   9.2592174e-03
   6.7248419e-03
   2.1648115e-02
   1.9360870e-02
   8.7801805e-03
   8.3410395e-03
   1.9454628e-02
   7.9305604e-02
   2.9944329e-02
   1.2413523e-02
   4.3330356e-02
   9.0637788e-02
   3.4418277e-02
   7.3079919e-03
   3.3488199e-02
   2.6240330e-02
   1.1296481e-02
   6.5751080e-03
   2.1424364e-02
   2.2757497e-02
   1.0147369e-02
   8.3285924e-03
   1.9246107e-02
   8.0751404e-02
   3.2182448e-02
   1.2549849e-02
   4.0638428e-02
   9.1293283e-02
   3.4403659e-02
   7.0686736e-03
   3.1842861e-02
   3.1712983e-02
   1.2916514e-02
   6.6765272e-03
   2.2605373e-02
   2.4134517e-02
   1.1424534e-02
   9.1002388e-03
   1.9198144e-02
   1.0768498e-01
   4.6584744e-02
   1.1954094e-02
   3.9904241e-02
   1.2455379e-01
   5.1927302e-02
   7.1902350e-03
   3.1377956e-02
   3.4552738e-02
   1.5148517e-02
   6.6333497e-03
   2.3326062e-02
   3.0264536e-02
   1.4178060e-02
   8.4087756e-03
   2.1220155e-02
   8.6202420e-02
   3.3659667e-02
   1.2246129e-02
   4.0760990e-02
   1.0175674e-01
   3.9747395e-02
   7.7513517e-03
   3.1894665e-02
   2.8000962e-02
   1.1983398e-02
   7.0779901e-03
   2.4224659e-02
   2.8993431e-02
   1.2221195e-02
   8.4260004e-03
   3.2591846e-02
   5.8179781e-02
   2.3010990e-02
   1.4463031e-02
   4.3107823e-02
   5.8040064e-02
   2.2470504e-02
   9.9253114e-03
   3.3875573e-02
   1.8159764e-02
   8.7404102e-03
   9.6443668e-03
   2.5533887e-02
   1.9184269e-02
   9.0551255e-03
   1.0851901e-02
   2.8383471e-02
   5.6098092e-02
   2.4955058e-02
   1.9196548e-02
   4.5128971e-02
   5.0637878e-02
   2.2885788e-02
   1.4801315e-02
   3.5311911e-02
   1.6562628e-02
   9.4460873e-03
   1.4580793e-02
   2.7058106e-02
   1.6753616e-02
   8.6372532e-03
   1.5340766e-02
   2.4233371e-02
   6.1531086e-02
   2.3763586e-02
   1.4644376e-02
   4.3006536e-02
   5.8137897e-02
   2.2273201e-02
   1.0077490e-02
   3.3942219e-02
   1.8101333e-02
   8.8425158e-03
   9.3506658e-03
   2.5401291e-02
   1.7590959e-02
   8.5516842e-03
   1.0641833e-02
   2.1231128e-02
   1.0017564e-01
   3.6640234e-02
   1.2302263e-02
   4.0346608e-02
   1.1232481e-01
   4.1681141e-02
   7.4593271e-03
   3.1679448e-02
   3.0598298e-02
   1.3240258e-02
   6.8189125e-03
   2.3288714e-02
   2.6995528e-02
   1.1906658e-02
   8.2779173e-03
   1.8953100e-02
   1.3154539e-01
   4.8901986e-02
   1.1988615e-02
   4.0024143e-02
   1.5608637e-01
   5.8940485e-02
   7.0171407e-03
   3.1208938e-02
   4.1925985e-02
   1.7336529e-02
   6.5067303e-03
   2.3272153e-02
   3.4487944e-02
   1.4728907e-02
   8.1590312e-03
   1.8729119e-02
   7.8176714e-02
   3.3372473e-02
   1.0745008e-02
   3.1416271e-02
   8.7745421e-02
   3.4515202e-02
   6.2203202e-03
   2.5568413e-02
   3.5130858e-02
   1.3470612e-02
   6.0136528e-03
   2.2815919e-02
   2.4708064e-02
   1.1966301e-02
   8.2411934e-03
   1.6836192e-02
   1.2416901e-01
   5.5112466e-02
   1.0295049e-02
   3.1397730e-02
   1.3295220e-01
   5.7439342e-02
   6.6911308e-03
   2.4937848e-02
   3.9311040e-02
   1.6526761e-02
   6.1757350e-03
   2.3467438e-02
   3.2804597e-02
   1.6122555e-02
   7.5013950e-03
   2.1187453e-02
   8.0331773e-02
   3.3548310e-02
   1.0568680e-02
   3.2128330e-02
   9.2743509e-02
   3.9034989e-02
   7.3284428e-03
   2.5646657e-02
   2.6989538e-02
   1.2068192e-02
   6.6162664e-03
   2.4430625e-02
   2.5883717e-02
   1.2310118e-02
   7.6591289e-03
   3.9853018e-02
   5.4373454e-02
   2.2683736e-02
   1.3229355e-02
   3.3170022e-02
   6.4943522e-02
   2.7028348e-02
   9.9172527e-03
   2.7283225e-02
   2.1240801e-02
   1.0031080e-02
   9.5416587e-03
   2.5299108e-02
   2.0949746e-02
   1.0266420e-02
   1.0548015e-02
   3.1696357e-02
   5.2375723e-02
   2.5050145e-02
   1.9431965e-02
   3.4071445e-02
   5.1860571e-02
   2.6852803e-02
   1.6331248e-02
   2.7804321e-02
   1.8606409e-02
   1.0719677e-02
   1.5415957e-02
   2.6523361e-02
   1.6632764e-02
   9.2272209e-03
   1.6386312e-02
   2.2607071e-02
   6.0594197e-02
   2.4547379e-02
   1.3470017e-02
   3.2967433e-02
   6.5784991e-02
   2.7099539e-02
   1.0353180e-02
   2.7634146e-02
   2.0852644e-02
   1.0162168e-02
   9.2416974e-03
   2.5355045e-02
   1.9368792e-02
   9.8657655e-03
   1.0354097e-02
   1.8759437e-02
   1.0001969e-01
   3.8757857e-02
   1.0660174e-02
   3.1802546e-02
   1.0606396e-01
   4.0267408e-02
   6.9485442e-03
   2.6265722e-02
   2.8509036e-02
   1.2772650e-02
   6.1860257e-03
   2.3699732e-02
   2.6721425e-02
   1.2808594e-02
   7.2824871e-03
   1.6368169e-02
   1.5928806e-01
   5.8979198e-02
   1.0080474e-02
   3.0158177e-02
   1.7334342e-01
   6.4973034e-02
   6.3126679e-03
   2.5522888e-02
   4.5786895e-02
   1.8525722e-02
   5.9120948e-03
   2.3990056e-02
   3.9268978e-02
   1.7136607e-02
   7.2276853e-03
   1.5977969e-02
   6.6310026e-02
   2.9740809e-02
   8.5719517e-03
   2.1030655e-02
   6.8940960e-02
   2.9220792e-02
   5.0231470e-03
   1.8233970e-02
   3.8174819e-02
   1.3279409e-02
   5.0845807e-03
   2.3943599e-02
   2.3026597e-02
   1.1735943e-02
   7.1327202e-03
   1.4777038e-02
   1.3439631e-01
   5.7902381e-02
   7.7935914e-03
   2.0500747e-02
   1.3978818e-01
   6.1104476e-02
   5.1142978e-03
   1.7844297e-02
   4.5435790e-02
   1.7815871e-02
   5.0413501e-03
   2.2842392e-02
   3.5582770e-02
   1.7794155e-02
   6.3194744e-03
   2.1469813e-02
   6.8993278e-02
   3.0046931e-02
   7.7708741e-03
   2.1100651e-02
   7.2122790e-02
   3.3282734e-02
   5.6650462e-03
   1.8269978e-02
   2.2684138e-02
   1.0581286e-02
   5.3682467e-03
   2.2842916e-02
   2.2823380e-02
   1.0344206e-02
   5.9377518e-03
   4.7137212e-02
   3.3986460e-02
   1.7718177e-02
   1.1935746e-02
   2.2037525e-02
   3.4114901e-02
   1.6258469e-02
   9.9876300e-03
   1.8563934e-02
   1.4248650e-02
   8.3513036e-03
   9.8881898e-03
   2.4395213e-02
   1.0693467e-02
   7.0933164e-03
   1.0395568e-02
   3.5349686e-02
   6.1833505e-02
   3.4438148e-02
   2.1636846e-02
   2.1929158e-02
   6.8649806e-02
   3.4568999e-02
   1.9669285e-02
   1.9101981e-02
   2.5582556e-02
   1.3619486e-02
   1.9308528e-02
   2.7261622e-02
   2.2450918e-02
   1.2742933e-02
   1.9492179e-02
   2.2404894e-02
   3.2638598e-02
   1.6664824e-02
   1.2543512e-02
   2.0925716e-02
   3.1755555e-02
   1.6062828e-02
   1.0552782e-02
   1.9151961e-02
   1.4622320e-02
   7.7077351e-03
   9.8948320e-03
   2.6157973e-02
   1.2597171e-02
   7.2744749e-03
   1.0392428e-02
   1.6667925e-02
   9.1733724e-02
   3.7268620e-02
   7.7445405e-03
   2.0813202e-02
   8.7835178e-02
   3.2597203e-02
   5.3735198e-03
   1.7916607e-02
   2.3085400e-02
   1.0483462e-02
   4.8078396e-03
   2.4220398e-02
   2.1522019e-02
   1.0507748e-02
   5.7901344e-03
   1.3470908e-02
   1.7091928e-01
   6.3214257e-02
   7.5503630e-03
   1.9938247e-02
   1.7558321e-01
   6.5779395e-02
   5.1118815e-03
   1.7969171e-02
   4.7697011e-02
   1.8897943e-02
   4.6918835e-03
   2.5369858e-02
   4.1539870e-02
   1.8569974e-02
   5.7609971e-03
   1.3210106e-02
