   3.2739367e-02
   3.2714829e-02
   4.2423032e-02
   2.1518989e-02
   3.2099299e-02
   5.4705333e-02
   4.7051318e-02
   1.8776750e-02
   3.4085635e-02
   3.7019618e-02
   7.3833883e-02
   3.2248706e-02
   3.1844839e-02
   2.3106650e-02
   2.6159026e-02
   4.8586395e-02
   3.2107189e-02
   3.0908423e-02
   3.9144129e-02
   2.0863578e-02
   2.9756650e-02
   5.6065641e-02
   4.8290938e-02
   1.9541180e-02
   3.0944603e-02
   4.4206936e-02
   6.9907352e-02
   3.4202695e-02
   3.0416863e-02
   2.0276103e-02
   2.4374846e-02
   4.5281041e-02
   3.2106761e-02
   2.9105052e-02
   3.7445955e-02
   2.0958601e-02
   2.7970511e-02
   5.3390782e-02
   4.2993363e-02
   2.1726860e-02
   2.7498771e-02
   4.7760811e-02
   6.5455481e-02
   4.4755418e-02
   2.8955663e-02
   1.8443897e-02
   2.1442764e-02
   5.3962555e-02
   3.2672405e-02
   3.2568045e-02
   4.5431048e-02
   2.0738401e-02
   2.8838931e-02
   4.6154618e-02
   5.0333299e-02
   2.4741428e-02
   2.8103981e-02
   4.7029678e-02
   6.6688322e-02
   4.4377290e-02
   3.0264817e-02
   2.8071512e-02
   2.6202880e-02
   8.3781414e-02
   3.9426301e-02
   5.6615029e-02
   5.2783065e-02
   1.9807205e-02
   5.0278272e-02
   6.2833935e-02
   6.0558986e-02
   2.1460513e-02
   6.6494830e-02
   4.7836747e-02
   7.2572656e-02
   3.6998224e-02
   8.8502616e-02
   2.9692026e-02
   3.6128853e-02
   6.3533470e-02
   9.4755828e-02
   8.6424932e-02
   4.1821554e-02
   2.0847114e-02
   1.2222242e-01
   6.3873149e-02
   4.8024297e-02
   1.9312466e-02
   1.2432391e-01
   3.9034151e-02
   6.9109343e-02
   3.1656004e-02
   1.3685372e-01
   2.1881523e-02
   2.8985497e-02
   4.4913221e-02
   8.8419661e-02
   4.7549024e-02
   3.7382066e-02
   2.1233940e-02
   7.3089637e-02
   4.6816152e-02
   4.3316156e-02
   1.9158207e-02
   5.6807447e-02
   3.6244761e-02
   6.5471448e-02
   2.9753776e-02
   5.1513378e-02
   1.8311769e-02
   2.2476483e-02
   4.2736702e-02
   3.9364111e-02
   2.9439453e-02
   3.7530441e-02
   1.9901419e-02
   3.0711234e-02
   5.6676324e-02
   4.6167411e-02
   1.8437546e-02
   2.9675025e-02
   4.1065522e-02
   7.1117036e-02
   3.1569991e-02
   3.1424697e-02
   1.9322574e-02
   2.1788072e-02
   4.5636479e-02
   3.5294775e-02
   3.1806774e-02
   3.7896927e-02
   1.5691523e-02
   3.4226730e-02
   7.0842773e-02
   5.4238841e-02
   1.2716914e-02
   3.4812219e-02
   3.3490896e-02
   6.2207904e-02
   2.7372144e-02
   2.4102286e-02
   2.7280966e-02
   3.3665992e-02
   4.0760383e-02
   3.4823123e-02
   2.9234089e-02
   3.6699235e-02
   1.5451697e-02
   2.7848477e-02
   5.7018012e-02
   5.1799692e-02
   1.3709035e-02
   2.8069133e-02
   3.6812633e-02
   5.8984865e-02
   3.2763619e-02
   2.1542441e-02
   2.1640630e-02
   2.8750308e-02
   3.8697757e-02
   3.5860326e-02
   3.2099500e-02
   3.3372529e-02
   1.5188199e-02
   2.6587263e-02
   4.5550924e-02
   4.2825464e-02
   1.6131252e-02
   2.5869535e-02
   3.9594993e-02
   5.6058921e-02
   4.9082119e-02
   2.1941936e-02
   2.2655649e-02
   2.6125895e-02
   5.4683290e-02
   3.7974447e-02
   3.9007898e-02
   4.4940539e-02
   1.4908181e-02
   3.2029424e-02
   3.8095091e-02
   5.8005236e-02
   1.5811790e-02
   3.6834717e-02
   4.4963628e-02
   6.0600560e-02
   4.8088670e-02
   3.5098523e-02
   3.6622576e-02
   3.0036621e-02
   1.0473192e-01
   5.9738409e-02
   6.5725617e-02
   5.5617992e-02
   1.3136895e-02
   7.8297943e-02
   5.1509175e-02
   7.1669124e-02
   1.3242494e-02
   9.7543068e-02
   4.6776291e-02
   6.9604106e-02
   3.2563742e-02
   1.2220427e-01
   3.8599178e-02
   4.6762608e-02
   6.6140629e-02
   1.6817404e-01
   1.1784960e-01
   4.1007023e-02
   1.3538570e-02
   2.1034025e-01
   5.2516192e-02
   5.0046995e-02
   1.2538821e-02
   1.9532350e-01
   3.5188254e-02
   7.0860416e-02
   2.5611352e-02
   1.9081563e-01
   2.5732577e-02
   3.6570352e-02
   3.7156176e-02
   1.5367755e-01
   6.4284258e-02
   3.2744180e-02
   1.3655357e-02
   1.2573984e-01
   4.6530120e-02
   4.1869499e-02
   1.2538983e-02
   9.4848610e-02
   2.8868757e-02
   5.8512542e-02
   2.5470566e-02
   7.3011778e-02
   2.0722790e-02
   2.5798429e-02
   3.1693015e-02
   5.1081292e-02
   3.2007195e-02
   3.0752191e-02
   1.4150362e-02
   3.8305067e-02
   6.0395591e-02
   4.3102324e-02
   1.2164455e-02
   3.5216112e-02
   3.2845154e-02
   6.4189687e-02
   2.3993609e-02
   2.8352970e-02
   2.0896636e-02
   2.5171712e-02
   3.4616351e-02
   5.7155024e-02
   3.0378265e-02
   3.3463381e-02
   8.8162078e-03
   4.8814155e-02
   8.5551500e-02
   6.6504709e-02
   1.0516113e-02
   5.3207893e-02
   3.8752593e-02
   6.2985167e-02
   3.1691086e-02
   3.0030219e-02
   3.8573775e-02
   4.7499388e-02
   3.8683664e-02
   5.7417337e-02
   3.2632507e-02
   3.9102420e-02
   8.8900458e-03
   4.0682852e-02
   6.2215336e-02
   7.1117453e-02
   1.0614845e-02
   4.4366449e-02
   3.2164391e-02
   5.9606183e-02
   3.3494130e-02
   2.4018142e-02
   2.4086703e-02
   3.9284326e-02
   3.9896563e-02
   6.2635906e-02
   3.8956501e-02
   3.8416680e-02
   1.0357302e-02
   4.1947015e-02
   4.2982291e-02
   6.0009290e-02
   1.0607217e-02
   4.2655587e-02
   4.5252573e-02
   5.4925367e-02
   4.9251080e-02
   3.1498820e-02
   3.1518422e-02
   3.5288401e-02
   6.2446907e-02
   6.3179977e-02
   4.6670187e-02
   5.5154424e-02
   1.0986029e-02
   5.3294174e-02
   3.4633216e-02
   7.6916441e-02
   1.1950813e-02
   6.0097490e-02
   5.9877470e-02
   6.0487151e-02
   4.9960431e-02
   5.2216370e-02
   5.1575929e-02
   4.2655934e-02
   1.0332207e-01
   8.7842628e-02
   6.6258229e-02
   7.1874335e-02
   1.0197666e-02
   1.0356302e-01
   4.3057349e-02
   9.4526067e-02
   1.0812748e-02
   1.2767836e-01
   5.1271606e-02
   6.5222315e-02
   3.2543864e-02
   1.1962716e-01
   4.7926102e-02
   6.2326394e-02
   6.2125981e-02
   2.6670033e-01
   7.7408828e-02
   4.4972204e-02
   9.0001151e-03
   3.0847648e-01
   5.1216308e-02
   6.7418076e-02
   8.5614119e-03
   2.7312616e-01
   3.7051667e-02
   7.0627898e-02
   2.8605169e-02
   1.9549011e-01
   3.0590333e-02
   4.7837295e-02
   3.4265187e-02
   2.6428732e-01
   4.6987440e-02
   3.4897771e-02
   8.0709802e-03
   1.9101597e-01
   4.8252266e-02
   5.1983703e-02
   7.4114213e-03
   1.3805179e-01
   3.0757910e-02
   6.4167134e-02
   2.3764363e-02
   8.4196024e-02
   3.0146051e-02
   3.9141305e-02
   2.5096474e-02
   9.0339616e-02
   3.4755543e-02
   2.6808994e-02
   8.8260444e-03
   6.1223932e-02
   6.3453324e-02
   5.1945318e-02
   9.3299830e-03
   5.6349244e-02
   3.2927152e-02
   6.3749902e-02
   2.6260583e-02
   3.6086433e-02
   2.7202489e-02
   3.4375865e-02
   2.8226608e-02
   7.9656594e-02
   2.9808788e-02
   4.3718372e-02
   6.9345213e-03
   6.5367930e-02
   6.0705014e-02
   8.2215190e-02
   8.2099047e-03
   6.1681088e-02
   4.8627559e-02
   7.6822206e-02
   2.8891537e-02
   3.9717894e-02
   3.5867281e-02
   6.6060133e-02
   3.8123317e-02
   6.7517519e-02
   3.7718233e-02
   5.4109015e-02
   6.8851751e-03
   5.3412750e-02
   4.0120527e-02
   9.1986403e-02
   8.0298325e-03
   7.0335448e-02
   3.7104409e-02
   7.7128842e-02
   3.3437006e-02
   2.6510287e-02
   2.6697824e-02
   6.1988819e-02
   4.6309937e-02
   9.0415947e-02
   3.5819642e-02
   5.9151351e-02
   7.4092378e-03
   5.0920486e-02
   3.6371414e-02
   8.0479197e-02
   7.2064684e-03
   6.3712925e-02
   3.4816932e-02
   6.3205108e-02
   4.8281092e-02
   3.8928639e-02
   2.7852876e-02
   4.2675376e-02
   9.9862911e-02
   8.9164466e-02
   4.8346538e-02
   7.6187588e-02
   7.7395397e-03
   5.8184180e-02
   5.2074082e-02
   1.1419281e-01
   1.4066553e-02
   6.7982905e-02
   6.4348973e-02
   6.5972537e-02
   6.6091567e-02
   5.6470469e-02
   6.4138755e-02
   4.6051126e-02
   1.6007560e-01
   7.2137862e-02
   7.8919299e-02
   8.8850774e-02
   1.0923085e-02
   7.0276350e-02
   6.9821067e-02
   1.4374331e-01
   1.5044629e-02
   6.8137296e-02
   6.1896030e-02
   7.5865403e-02
   4.6307050e-02
   8.1445158e-02
   6.3273050e-02
   7.4727669e-02
   8.6573534e-02
   1.7121415e-01
   8.5161321e-02
   5.4166351e-02
   8.9043230e-03
   1.6864537e-01
   8.3821669e-02
   8.2178548e-02
   7.9351552e-03
   1.2443367e-01
   4.7764879e-02
   7.2743811e-02
   3.3676386e-02
   1.0456316e-01
   2.8520979e-02
   5.5364043e-02
   4.3857656e-02
   2.1688786e-01
   5.0665189e-02
   3.9005995e-02
   5.0531775e-03
   1.2578733e-01
   5.6115393e-02
   6.5141745e-02
   6.2512769e-03
   8.4466942e-02
   4.2157780e-02
   5.5565022e-02
   2.5904097e-02
   5.0052177e-02
   3.4889501e-02
   3.7808023e-02
   2.8481362e-02
   9.8388366e-02
   3.0841418e-02
   3.0935446e-02
   5.5581657e-03
   7.1133375e-02
   3.5916016e-02
   6.2619805e-02
   7.8372862e-03
   7.1922198e-02
   3.7600573e-02
   7.0475295e-02
   2.8963903e-02
   3.8287334e-02
   3.1202113e-02
   5.2356537e-02
   3.3391986e-02
