   3.7080541e-02
   5.1446859e-02
   6.5191075e-02
   2.3484275e-02
   4.8389293e-02
   4.6763439e-02
   4.7675811e-02
   3.3300865e-02
   6.0484023e-03
   6.1581819e-03
   1.0345139e-02
   2.5567109e-02
   9.6562747e-03
   9.4062462e-03
   8.0273449e-03
   3.4700893e-02
   3.0621398e-02
   4.4754326e-02
   5.8802463e-02
   2.3521027e-02
   2.3936685e-02
   2.2573601e-02
   2.6893415e-02
   2.6602171e-02
   5.6380997e-03
   5.6149648e-03
   8.6014289e-03
   2.3928067e-02
   9.7249541e-03
   9.2248945e-03
   8.0810022e-03
   3.6536939e-02
   2.7181307e-02
   3.6838952e-02
   5.1911544e-02
   2.4381237e-02
   7.7861561e-03
   5.9798164e-03
   1.6232030e-02
   2.3858400e-02
   5.2547175e-03
   5.3743627e-03
   7.3715504e-03
   2.5007715e-02
   9.1520268e-03
   8.9780064e-03
   8.1816996e-03
   3.5433240e-02
   3.1990126e-02
   4.0631436e-02
   5.5722415e-02
   3.8976580e-02
   7.7667395e-03
   5.5457558e-03
   1.9353915e-02
   3.0057393e-02
   5.7742679e-03
   5.5034962e-03
   1.3526514e-02
   2.6613630e-02
   9.3351277e-03
   8.9690303e-03
   1.3632500e-02
   3.5441291e-02
   4.9029112e-02
   5.8289465e-02
   8.3616130e-02
   7.4935712e-02
   1.0610517e-02
   6.3706310e-03
   2.6852405e-02
   4.0984239e-02
   7.1944087e-03
   5.6153871e-03
   2.7289696e-02
   2.7927205e-02
   1.0842955e-02
   9.1520380e-03
   2.6254583e-02
   3.6969364e-02
   3.2866154e-02
   3.9531920e-02
   5.5608176e-02
   4.5348536e-02
   8.5800709e-03
   5.9082694e-03
   2.0106779e-02
   3.1307697e-02
   5.6755613e-03
   5.5269236e-03
   1.5379535e-02
   2.6010888e-02
   9.8609114e-03
   9.2399959e-03
   1.5465921e-02
   3.5880078e-02
   2.9588820e-02
   3.9830979e-02
   4.8454747e-02
   2.3899419e-02
   7.6147956e-03
   5.8321422e-03
   1.5756799e-02
   2.5829852e-02
   5.1440643e-03
   5.1462566e-03
   7.4282042e-03
   2.4630204e-02
   9.1668740e-03
   8.8299979e-03
   8.3217304e-03
   3.6228117e-02
   3.0465640e-02
   4.5703124e-02
   5.8426280e-02
   2.3662616e-02
   2.0653337e-02
   1.9638645e-02
   2.5759550e-02
   2.7806278e-02
   5.4701315e-03
   5.0979066e-03
   8.4639071e-03
   2.5625832e-02
   9.4034038e-03
   9.1221873e-03
   8.0615850e-03
   3.6704652e-02
   3.7944350e-02
   3.9940957e-02
   5.2933801e-02
   1.4473018e-02
   6.0414385e-02
   5.9382476e-02
   6.1158493e-02
   3.4868252e-02
   3.6370137e-03
   4.5251427e-03
   9.9195112e-03
   1.4022640e-02
   5.3712549e-03
   5.7988907e-03
   5.3104148e-03
   1.9081112e-02
   2.8655134e-02
   3.5168175e-02
   4.5696221e-02
   1.4438782e-02
   2.8757429e-02
   2.8909495e-02
   3.2295149e-02
   2.2161173e-02
   3.2734929e-03
   3.8388283e-03
   7.5025558e-03
   1.2741326e-02
   5.1200707e-03
   5.4186080e-03
   4.7073499e-03
   1.8106341e-02
   2.2767009e-02
   3.0399948e-02
   4.0636260e-02
   1.7013572e-02
   8.5447337e-03
   6.4441329e-03
   1.6069504e-02
   1.7481372e-02
   2.9427437e-03
   3.0941800e-03
   6.4640413e-03
   1.3767099e-02
   4.8876470e-03
   4.9807569e-03
   4.9183080e-03
   1.9518817e-02
   3.5963703e-02
   4.4074204e-02
   5.6973036e-02
   3.8753282e-02
   9.1372794e-03
   5.0650230e-03
   2.0803489e-02
   2.7622512e-02
   4.2757704e-03
   3.0032597e-03
   1.5824471e-02
   1.5767718e-02
   5.7651848e-03
   5.4662339e-03
   1.5289394e-02
   1.9913865e-02
   6.9336727e-02
   7.5446017e-02
   1.1541654e-01
   9.5908932e-02
   1.4587427e-02
   8.0968589e-03
   3.1529330e-02
   5.0252251e-02
   6.3056420e-03
   3.3923725e-03
   3.8570754e-02
   2.0093584e-02
   8.2877865e-03
   5.4932148e-03
   3.8199794e-02
   2.2430575e-02
   3.7243366e-02
   3.9770462e-02
   6.2469926e-02
   4.7704458e-02
   1.1865719e-02
   7.4259839e-03
   2.1102272e-02
   3.1183504e-02
   4.1035479e-03
   3.2778657e-03
   1.9918963e-02
   1.5874261e-02
   6.0746060e-03
   5.3548939e-03
   1.8534899e-02
   1.8603124e-02
   2.3205383e-02
   3.0431185e-02
   3.8031939e-02
   1.5825385e-02
   8.5233161e-03
   6.6659148e-03
   1.4993315e-02
   1.9022459e-02
   3.0306187e-03
   3.1743518e-03
   7.2164903e-03
   1.2741146e-02
   5.3246086e-03
   5.1714834e-03
   5.9164753e-03
   1.8449008e-02
   2.6101166e-02
   3.3087138e-02
   4.3153267e-02
   1.4509929e-02
   2.5354855e-02
   2.5346324e-02
   3.1113777e-02
   2.3697320e-02
   2.8878821e-03
   3.3520209e-03
   8.3397767e-03
   1.3689941e-02
   5.3918990e-03
   5.4005403e-03
   5.0496040e-03
   1.8610818e-02
   2.8683227e-02
   3.2070529e-02
   2.7127413e-02
   1.0395688e-02
   8.7409675e-02
   8.5907236e-02
   8.5107803e-02
   4.7058642e-02
   3.1439422e-03
   4.6608285e-03
   1.1406926e-02
   9.2730345e-03
   3.4541590e-03
   4.3020742e-03
   4.3292209e-03
   1.2649244e-02
   2.1940626e-02
   2.6739461e-02
   2.6540669e-02
   9.3788384e-03
   4.2256501e-02
   4.2757675e-02
   4.5854077e-02
   2.9540818e-02
   2.4044027e-03
   2.9097369e-03
   8.1307609e-03
   8.0682114e-03
   4.1730045e-03
   3.1502212e-03
   3.8691955e-03
   1.1482520e-02
   1.8323181e-02
   2.7100019e-02
   2.4530862e-02
   1.3556191e-02
   1.3581303e-02
   1.0053064e-02
   2.2688560e-02
   1.6571403e-02
   1.9219982e-03
   2.0053491e-03
   5.6734248e-03
   7.7339262e-03
   3.7234880e-03
   2.9963322e-03
   4.1640685e-03
   1.2070566e-02
   3.3784054e-02
   4.0622164e-02
   6.6264786e-02
   4.9689762e-02
   1.5209656e-02
   6.3314140e-03
   3.0265002e-02
   3.6379110e-02
   4.2263130e-03
   1.9807443e-03
   2.0371176e-02
   1.4473461e-02
   4.9935919e-03
   3.2161667e-03
   2.0022951e-02
   1.5223579e-02
   6.7642927e-02
   7.1964368e-02
   1.5952010e-01
   1.3754155e-01
   2.0566359e-02
   9.5539279e-03
   4.5840796e-02
   7.2703905e-02
   8.4429821e-03
   2.3513786e-03
   5.3593624e-02
   2.9199997e-02
   8.7697152e-03
   3.3299122e-03
   5.4902688e-02
   2.4419205e-02
   4.1522492e-02
   4.3130912e-02
   7.6342389e-02
   6.2769964e-02
   1.5650649e-02
   1.0093849e-02
   2.9628843e-02
   4.1526794e-02
   4.2162850e-03
   2.3135412e-03
   2.7039839e-02
   1.5553287e-02
   4.7912044e-03
   3.6094745e-03
   2.5661681e-02
   1.3791895e-02
   2.4153640e-02
   2.7163047e-02
   2.6975209e-02
   1.3927240e-02
   1.1645296e-02
   9.1252588e-03
   2.0881128e-02
   2.1852672e-02
   1.8181540e-03
   2.5034216e-03
   8.1154983e-03
   8.0044083e-03
   2.4614746e-03
   3.8076937e-03
   5.1872898e-03
   9.9504404e-03
   2.0287706e-02
   2.2217205e-02
   2.3630137e-02
   9.6413139e-03
   3.5674021e-02
   3.2899585e-02
   4.2726256e-02
   2.8405383e-02
   1.9467667e-03
   3.1084390e-03
   9.5436005e-03
   8.7213870e-03
   2.8010842e-03
   4.1870768e-03
   3.9207796e-03
   9.7879907e-03
   3.4784760e-02
   3.7323788e-02
   3.7486199e-02
   1.2885523e-02
   1.5637228e-01
   1.5612169e-01
   1.4094687e-01
   8.4981777e-02
   4.3622646e-03
   6.9919936e-03
   9.8578930e-03
   8.0874590e-03
   3.7674252e-03
   3.9256220e-03
   4.5715319e-03
   6.1325645e-03
   2.5978995e-02
   2.5238156e-02
   3.3890475e-02
   1.0846710e-02
   7.2665147e-02
   7.1493044e-02
   7.0367880e-02
   5.6086108e-02
   2.7254093e-03
   3.1860443e-03
   7.5810058e-03
   6.8254271e-03
   3.9913612e-03
   2.7281195e-03
   3.4104940e-03
   4.6794848e-03
   1.9793577e-02
   1.6925687e-02
   1.9785250e-02
   8.8852849e-03
   2.6926922e-02
   1.4303812e-02
   3.7704132e-02
   2.3179894e-02
   1.7504523e-03
   1.5054253e-03
   8.2950750e-03
   5.6762910e-03
   3.2029627e-03
   2.0595565e-03
   4.3069529e-03
   6.3583106e-03
   2.8357172e-02
   2.8786939e-02
   2.9887708e-02
   5.2048162e-02
   2.1845119e-02
   7.9765115e-03
   3.7892524e-02
   5.2528955e-02
   7.5633223e-03
   1.4039532e-03
   3.0721702e-02
   2.4501797e-02
   8.1576137e-03
   2.2836225e-03
   2.7959995e-02
   2.1969337e-02
   5.4311950e-02
   4.3690260e-02
   7.4843407e-02
   1.4672680e-01
   2.4826206e-02
   1.0642549e-02
   5.7424512e-02
   9.7104177e-02
   1.6655162e-02
   1.8917056e-03
   7.7092580e-02
   5.9573248e-02
   1.6631512e-02
   2.9156066e-03
   8.0470972e-02
   5.6093287e-02
   3.3065110e-02
   2.6575817e-02
   4.1540224e-02
   6.8962105e-02
   1.6627295e-02
   1.3301989e-02
   4.5787714e-02
   5.9148755e-02
   6.6700974e-03
   2.2158697e-03
   3.8584106e-02
   2.6088785e-02
   7.8078406e-03
   2.4571316e-03
   3.5518169e-02
   2.5085341e-02
   2.0000560e-02
   1.7758599e-02
   1.8900665e-02
   1.0420792e-02
   1.3487576e-02
   1.3372744e-02
   3.5373159e-02
   2.8886175e-02
   1.6539190e-03
   2.7817360e-03
   1.1970866e-02
   7.8353202e-03
   1.8841531e-03
   2.0520224e-03
   5.4354346e-03
   7.9329154e-03
   1.9376088e-02
   1.9794438e-02
   2.6688000e-02
   9.3379570e-03
   5.6575593e-02
   5.4403298e-02
   6.8027280e-02
   4.9313627e-02
   1.9791520e-03
   3.5687517e-03
   1.0774910e-02
   6.1114831e-03
   2.6367845e-03
   3.2603028e-03
   4.3958630e-03
   5.9176423e-03
