   5.9557348e-02
   6.4500734e-02
   6.7037158e-02
   1.5398288e-02
   7.0347719e-02
   1.1887862e-01
   9.7277410e-02
   1.0010771e-02
   7.6857425e-02
   1.4313634e-01
   7.3020816e-02
   9.1497684e-03
   3.6662471e-02
   5.5345807e-02
   3.5244439e-02
   1.2218458e-02
   3.3349574e-02
   2.8907754e-02
   3.0229317e-02
   9.2981756e-03
   8.2443669e-02
   9.2129685e-02
   4.9149565e-02
   7.3687062e-03
   4.0867951e-02
   7.9910189e-02
   4.1847292e-02
   9.8290378e-03
   3.2580409e-02
   5.0242580e-02
   2.9128034e-02
   1.1297800e-02
   2.4132177e-02
   1.0131372e-02
   1.0262743e-02
   6.7425244e-03
   4.4540700e-02
   3.9119251e-02
   1.6591199e-02
   7.0691998e-03
   3.5240453e-02
   4.7953576e-02
   2.0155758e-02
   9.0709412e-03
   3.2198187e-02
   4.8425298e-02
   2.8693495e-02
   1.2992301e-02
   1.5626756e-02
   1.5912142e-02
   1.2843343e-02
   8.0557643e-03
   3.9319493e-02
   3.7995815e-02
   2.0528192e-02
   8.3388723e-03
   4.0684558e-02
   6.0682260e-02
   2.8010696e-02
   1.0637985e-02
   3.4444418e-02
   5.4164745e-02
   3.8399108e-02
   1.3534451e-02
   1.0325532e-02
   1.2265678e-02
   2.2389578e-02
   1.1908555e-02
   4.8030872e-02
   4.4680323e-02
   3.5338804e-02
   1.0780495e-02
   5.3499404e-02
   7.5869024e-02
   5.1106311e-02
   1.4609947e-02
   4.2910285e-02
   8.3504498e-02
   5.1610567e-02
   1.6615773e-02
   8.2087051e-03
   6.8528359e-03
   1.9942949e-02
   1.3560214e-02
   3.9843407e-02
   3.6719073e-02
   2.6785240e-02
   8.5426616e-03
   4.3644223e-02
   7.6445125e-02
   2.4851646e-02
   1.0710521e-02
   5.9944216e-02
   1.4087062e-01
   3.4894798e-02
   1.4073971e-02
   7.9752319e-03
   7.0190923e-03
   1.2968743e-02
   1.2021967e-02
   3.4714814e-02
   3.3723287e-02
   1.9903682e-02
   7.2482601e-03
   4.7255810e-02
   8.8775441e-02
   1.4843119e-02
   8.9670625e-03
   9.4527110e-02
   1.0639074e-01
   2.4811100e-02
   1.2024675e-02
   2.4581714e-02
   2.6418995e-02
   2.8829200e-02
   1.0363013e-02
   4.0869802e-02
   5.6682091e-02
   4.2862084e-02
   8.8047963e-03
   8.1677504e-02
   1.0939177e-01
   3.2745108e-02
   8.3802287e-03
   6.3589819e-02
   5.8509879e-02
   2.7618926e-02
   1.1675138e-02
   9.4535649e-02
   9.6313819e-02
   9.7301662e-02
   1.9757664e-02
   1.1001373e-01
   1.4078932e-01
   1.0200387e-01
   1.0511950e-02
   1.1887792e-01
   1.7220145e-01
   8.8946477e-02
   6.5954234e-03
   4.7363713e-02
   5.2821107e-02
   3.7273962e-02
   8.6870492e-03
   5.1788852e-02
   4.2181548e-02
   4.2377621e-02
   1.1199468e-02
   1.3715206e-01
   1.0826265e-01
   5.5216826e-02
   6.6761891e-03
   5.0646707e-02
   9.0817541e-02
   4.9822100e-02
   7.3524942e-03
   3.6840551e-02
   4.4264261e-02
   3.3483148e-02
   7.7445684e-03
   3.2362688e-02
   1.6465062e-02
   1.4050366e-02
   8.2690604e-03
   6.5561652e-02
   4.8077073e-02
   1.9023759e-02
   5.7557621e-03
   3.8501143e-02
   5.2233379e-02
   1.8065106e-02
   6.6248197e-03
   3.6570843e-02
   5.1321711e-02
   3.4399886e-02
   1.0213271e-02
   2.1243136e-02
   2.9057922e-02
   1.9854315e-02
   9.1685168e-03
   4.5473658e-02
   4.5753445e-02
   2.6345897e-02
   7.1625561e-03
   4.5385607e-02
   6.7336157e-02
   3.4441486e-02
   8.2201669e-03
   4.3094609e-02
   5.8482654e-02
   4.9086139e-02
   1.0145728e-02
   1.4935762e-02
   2.1033151e-02
   3.8496904e-02
   1.5569284e-02
   5.8070220e-02
   4.2264428e-02
   4.7714449e-02
   1.0771339e-02
   6.7594126e-02
   7.2301321e-02
   7.1404912e-02
   1.2215610e-02
   5.6073818e-02
   7.7239782e-02
   6.4411849e-02
   1.3288760e-02
   1.1055796e-02
   1.0202617e-02
   3.4682147e-02
   2.1121811e-02
   4.2774405e-02
   3.6395933e-02
   3.8555287e-02
   8.1519978e-03
   5.4987010e-02
   7.5119518e-02
   3.1077582e-02
   7.7665462e-03
   9.4150521e-02
   1.1755443e-01
   3.9482601e-02
   1.0000305e-02
   1.0063180e-02
   9.4436007e-03
   2.1858847e-02
   1.8636754e-02
   3.5996564e-02
   3.4836847e-02
   2.8320838e-02
   6.0997484e-03
   6.9098607e-02
   1.0950346e-01
   1.3020902e-02
   6.1097052e-03
   1.5494660e-01
   1.0915279e-01
   2.4512492e-02
   7.9767844e-03
   3.6415759e-02
   3.6635198e-02
   4.1740209e-02
   1.3514258e-02
   4.6786834e-02
   6.4141393e-02
   4.5952987e-02
   7.7005355e-03
   1.2741011e-01
   1.4259091e-01
   3.7189387e-02
   6.0363482e-03
   1.0194995e-01
   6.1183579e-02
   2.6960736e-02
   7.6186792e-03
   1.2347358e-01
   1.2510277e-01
   1.2738371e-01
   2.7934128e-02
   1.6587217e-01
   1.2346336e-01
   9.0919450e-02
   1.5113535e-02
   1.8463542e-01
   8.8326044e-02
   1.5324219e-02
   6.0194284e-03
   8.1779420e-02
   4.8759498e-02
   5.3080596e-02
   5.9173354e-03
   6.5809615e-02
   5.4736797e-02
   5.4790966e-02
   1.7799221e-02
   1.8999200e-01
   1.0608003e-01
   5.3374272e-02
   8.5004754e-03
   8.6429574e-02
   5.0160028e-02
   1.6099200e-02
   6.5318551e-03
   6.1693892e-02
   5.3983238e-02
   4.9467862e-02
   5.6360038e-03
   4.6549212e-02
   2.3894548e-02
   2.1355249e-02
   1.3763146e-02
   9.0862490e-02
   5.5548809e-02
   2.7871802e-02
   6.8304143e-03
   6.5497063e-02
   5.4133054e-02
   1.5326752e-02
   5.2789552e-03
   6.4656757e-02
   5.4308079e-02
   5.1984392e-02
   8.8069104e-03
   3.3807445e-02
   4.3995198e-02
   3.2143459e-02
   1.4773306e-02
   6.2825084e-02
   4.7550939e-02
   3.9569400e-02
   9.9454392e-03
   6.9050267e-02
   6.1027750e-02
   4.6755705e-02
   7.9697585e-03
   6.5935560e-02
   5.9312746e-02
   7.7935487e-02
   1.0763383e-02
   2.5566496e-02
   3.0793536e-02
   5.6224033e-02
   2.6013827e-02
   6.3106604e-02
   4.2975407e-02
   6.7512795e-02
   1.6278716e-02
   7.3854648e-02
   8.0566339e-02
   9.2274271e-02
   1.4926421e-02
   7.2659254e-02
   8.1180029e-02
   9.0726450e-02
   1.4754723e-02
   1.9094840e-02
   1.5593432e-02
   5.3257637e-02
   4.1744240e-02
   5.5209026e-02
   3.6672629e-02
   5.7962582e-02
   1.2621289e-02
   7.7252500e-02
   5.4698154e-02
   4.0113054e-02
   8.6313877e-03
   1.2508962e-01
   8.0407508e-02
   5.1788643e-02
   7.6429718e-03
   1.5696336e-02
   1.5128005e-02
   3.6067408e-02
   3.5272911e-02
   5.5986442e-02
   3.9852586e-02
   4.5260359e-02
   7.9125911e-03
   1.1917353e-01
   7.7190943e-02
   1.3327340e-02
   5.2607968e-03
   2.4363644e-01
   6.0247842e-02
   2.8730042e-02
   5.4164776e-03
   4.7769949e-02
   4.6804592e-02
   5.7108879e-02
   2.0456297e-02
   7.6935314e-02
   6.2846094e-02
   4.8904024e-02
   9.2729889e-03
   2.1245411e-01
   1.0690009e-01
   1.5388244e-02
   4.4564991e-03
   1.6836059e-01
   4.3414008e-02
   3.5976466e-02
   5.9817908e-03
   1.6997632e-01
   1.3985667e-01
   1.5490007e-01
   4.1167945e-02
   1.8452258e-01
   1.3989653e-01
   1.1939979e-01
   2.7894501e-02
   1.8570918e-01
   4.3030303e-02
   1.5395290e-02
   4.2620506e-03
   1.0714414e-01
   4.8016664e-02
   8.0796264e-02
   6.1508710e-03
   8.9279763e-02
   6.1446793e-02
   6.5796562e-02
   2.4920108e-02
   1.7098422e-01
   1.0229403e-01
   5.7206687e-02
   1.4556590e-02
   9.2118375e-02
   2.5466729e-02
   1.2792178e-02
   4.4759177e-03
   8.0280326e-02
   6.6573106e-02
   7.6278061e-02
   6.3583483e-03
   6.4271212e-02
   2.6931183e-02
   3.2601055e-02
   1.9578340e-02
   9.4688527e-02
   5.7229970e-02
   4.1935604e-02
   1.0758841e-02
   8.6924843e-02
   3.5848349e-02
   2.1607524e-02
   4.0416326e-03
   7.8018025e-02
   4.9606141e-02
   6.6422485e-02
   8.2718963e-03
   5.2213166e-02
   4.7908984e-02
   4.3119099e-02
   2.3389926e-02
   6.3802972e-02
   4.3043632e-02
   5.4936498e-02
   1.8785059e-02
   7.0630558e-02
   3.9761726e-02
   6.9415756e-02
   1.1937715e-02
   6.2059276e-02
   3.9043881e-02
   1.1998853e-01
   1.4036948e-02
   4.4377111e-02
   3.4373343e-02
   7.3465280e-02
   3.4861032e-02
   7.5277656e-02
   3.7247442e-02
   9.4586231e-02
   3.2193717e-02
   9.2092924e-02
   5.5746537e-02
   1.3726301e-01
   2.3489395e-02
   8.4980555e-02
   8.1490085e-02
   1.1950009e-01
   2.2836491e-02
   3.3735972e-02
   2.1269323e-02
   6.5736137e-02
   6.1110724e-02
   6.4919062e-02
   3.1508785e-02
   7.3414356e-02
   2.2708675e-02
   6.9225021e-02
   3.2749359e-02
   5.5372156e-02
   1.2137434e-02
   7.3302776e-02
   8.4980898e-02
   6.5749496e-02
   1.0357021e-02
   2.5361357e-02
   1.9560900e-02
   4.6110839e-02
   4.8234172e-02
   7.5311325e-02
   3.3226915e-02
   5.7707265e-02
   1.1917431e-02
   9.9695593e-02
   3.9092138e-02
   1.5804553e-02
   5.0609703e-03
   1.5133238e-01
   5.6832954e-02
   3.6321100e-02
   4.3869140e-03
   6.2618889e-02
   5.2606177e-02
   7.0790291e-02
   2.8209791e-02
   8.7588333e-02
   5.7230491e-02
   7.1518056e-02
   1.5310571e-02
   1.9327752e-01
   5.2121259e-02
   1.2946346e-02
   3.6089122e-03
   1.4065243e-01
   3.9009795e-02
   3.9910354e-02
   3.8550338e-03
