   7.2603941e-02
   6.6819593e-02
   6.5351881e-02
   3.0681444e-02
   6.4350106e-02
   7.1073689e-02
   7.5893834e-02
   3.4377199e-02
   5.3714309e-02
   4.9819369e-02
   5.5369891e-02
   2.6576860e-02
   6.7573749e-02
   6.0058091e-02
   5.4950420e-02
   2.9294472e-02
   3.3945769e-02
   3.1423934e-02
   2.7904870e-02
   1.9089097e-02
   2.9141314e-02
   3.2159295e-02
   3.1321276e-02
   2.0206470e-02
   2.3219679e-02
   2.1957707e-02
   2.5955025e-02
   1.9332396e-02
   2.9412242e-02
   2.5088241e-02
   2.4694014e-02
   2.0613201e-02
   1.0640555e-02
   7.4719042e-03
   5.8703185e-03
   1.0708204e-02
   7.8373281e-03
   6.8025026e-03
   5.3439243e-03
   1.1861766e-02
   6.9321911e-03
   7.3920488e-03
   8.2918666e-03
   1.2639677e-02
   9.7859744e-03
   6.7682490e-03
   6.6090254e-03
   1.4858476e-02
   9.7238068e-03
   6.2786518e-03
   5.1746457e-03
   1.2551238e-02
   7.7490513e-03
   5.8947806e-03
   5.0200932e-03
   1.5284725e-02
   6.4913235e-03
   7.3158741e-03
   8.7227914e-03
   1.5144749e-02
   9.6147647e-03
   6.8526361e-03
   6.3145417e-03
   1.7998066e-02
   1.0058699e-02
   6.3462136e-03
   5.3274212e-03
   2.1301178e-02
   8.2307765e-03
   5.9259813e-03
   5.0496664e-03
   2.4499470e-02
   7.1293768e-03
   8.0008805e-03
   1.0289902e-02
   2.4082158e-02
   9.6444115e-03
   6.8232729e-03
   6.4872997e-03
   2.5923334e-02
   9.1769183e-03
   6.8616313e-03
   5.2479166e-03
   1.5155554e-02
   8.2883714e-03
   6.0287598e-03
   4.8957402e-03
   1.6197329e-02
   6.8077357e-03
   7.7718482e-03
   9.2459749e-03
   1.5380614e-02
   9.7073289e-03
   6.6256747e-03
   6.4142402e-03
   1.6672149e-02
   1.0466860e-02
   7.7871634e-03
   5.3814119e-03
   1.2883026e-02
   8.6080441e-03
   6.9114487e-03
   5.3434800e-03
   1.2657091e-02
   7.0237988e-03
   6.7046294e-03
   8.7647587e-03
   1.2076236e-02
   9.9399006e-03
   6.8284455e-03
   6.1918674e-03
   1.3042602e-02
   2.9508352e-02
   2.6042083e-02
   2.4440922e-02
   1.8655386e-02
   2.5895515e-02
   2.6483249e-02
   2.8516121e-02
   1.9991457e-02
   2.1522211e-02
   2.0960722e-02
   2.4109690e-02
   1.6201640e-02
   2.7668210e-02
   2.3890369e-02
   2.1346496e-02
   1.8017840e-02
   1.0701039e-01
   1.0026017e-01
   9.7075254e-02
   4.2233530e-02
   9.3489237e-02
   1.0457821e-01
   1.1263714e-01
   4.5525722e-02
   7.3095143e-02
   6.8174481e-02
   7.5367853e-02
   3.4719214e-02
   9.9882834e-02
   8.9180045e-02
   8.1362002e-02
   3.8331065e-02
   4.7663536e-02
   4.5375377e-02
   4.0787403e-02
   2.5913266e-02
   4.1075561e-02
   4.7113810e-02
   4.6442594e-02
   2.7824828e-02
   3.0239560e-02
   2.9834468e-02
   3.4424730e-02
   2.4252919e-02
   4.0690064e-02
   3.5600349e-02
   3.5207894e-02
   2.5632052e-02
   8.0107190e-03
   7.8487806e-03
   4.5348420e-03
   1.3720267e-02
   6.1799083e-03
   6.6461391e-03
   4.1049598e-03
   1.6122762e-02
   4.6002171e-03
   7.4734781e-03
   9.0369815e-03
   1.4805673e-02
   6.2037962e-03
   4.3284185e-03
   4.7404645e-03
   1.5047752e-02
   6.6791470e-03
   5.4889037e-03
   3.4297884e-03
   1.6694587e-02
   5.7649007e-03
   4.8514088e-03
   2.9520520e-03
   1.9386832e-02
   3.9570741e-03
   7.4785170e-03
   1.0497888e-02
   2.0647747e-02
   6.1633363e-03
   3.6466925e-03
   3.8903742e-03
   2.2815058e-02
   7.2680949e-03
   5.1987264e-03
   3.3386303e-03
   3.0173630e-02
   7.0504434e-03
   4.7998000e-03
   3.0424376e-03
   3.2505926e-02
   4.7067357e-03
   8.4129553e-03
   1.1583874e-02
   3.4651622e-02
   6.8186047e-03
   4.0946631e-03
   4.0524658e-03
   3.4555536e-02
   6.4280997e-03
   4.7207139e-03
   3.0986662e-03
   2.2759704e-02
   6.5239328e-03
   4.5008073e-03
   2.7856675e-03
   2.3256231e-02
   4.2067291e-03
   8.5621672e-03
   1.0268470e-02
   2.1414051e-02
   5.9615024e-03
   3.7111577e-03
   4.0701004e-03
   2.1409981e-02
   8.1008533e-03
   7.2344448e-03
   4.2401715e-03
   1.7627722e-02
   7.5699538e-03
   5.9630810e-03
   3.9053527e-03
   1.6985992e-02
   4.8319348e-03
   7.6385015e-03
   9.3137091e-03
   1.4299964e-02
   6.1792736e-03
   4.0465617e-03
   4.3255561e-03
   1.4081357e-02
   3.8628194e-02
   3.5707761e-02
   3.4819514e-02
   2.5825955e-02
   3.4387741e-02
   3.6130380e-02
   4.1256536e-02
   2.6347436e-02
   2.7235966e-02
   2.7085498e-02
   3.1637207e-02
   2.0254981e-02
   3.7051491e-02
   3.3055916e-02
   2.9350268e-02
   2.0870019e-02
   1.8198171e-01
   1.6445053e-01
   1.6427924e-01
   6.8411574e-02
   1.3703021e-01
   1.4786603e-01
   1.5248390e-01
   6.7518003e-02
   1.1842854e-01
   1.1574449e-01
   1.2268171e-01
   5.8741633e-02
   1.2575318e-01
   1.1862505e-01
   1.1009405e-01
   4.9714990e-02
   7.9447456e-02
   7.2971106e-02
   6.9376610e-02
   4.2815305e-02
   6.0144786e-02
   6.6318795e-02
   6.4004809e-02
   4.2652484e-02
   4.9706969e-02
   5.1846743e-02
   5.5757001e-02
   4.1342791e-02
   5.1461078e-02
   4.6918705e-02
   4.8000246e-02
   3.7711445e-02
   8.6735077e-03
   9.2002703e-03
   5.8727828e-03
   2.3887077e-02
   8.2905767e-03
   8.0539742e-03
   5.1726592e-03
   2.6770741e-02
   4.9033212e-03
   1.3753430e-02
   1.5532970e-02
   2.7263625e-02
   5.8656023e-03
   4.1566128e-03
   5.1180203e-03
   2.3576677e-02
   6.5913419e-03
   5.5514150e-03
   2.9628451e-03
   3.0928131e-02
   6.5856646e-03
   4.9868673e-03
   2.2802907e-03
   3.2758802e-02
   3.4872191e-03
   1.2126133e-02
   1.3697246e-02
   3.5573587e-02
   5.0107497e-03
   2.7378544e-03
   3.7153128e-03
   3.9241940e-02
   8.3688982e-03
   5.4626591e-03
   2.9485284e-03
   6.0789052e-02
   8.0954777e-03
   4.2779432e-03
   2.1277065e-03
   6.1751608e-02
   5.3373254e-03
   1.3603669e-02
   1.3581206e-02
   6.1900280e-02
   6.3357963e-03
   2.6838831e-03
   3.2748424e-03
   5.7750929e-02
   6.2073087e-03
   4.5685563e-03
   2.6298233e-03
   4.8178017e-02
   7.0757540e-03
   4.8901415e-03
   2.3108930e-03
   4.9648859e-02
   3.8494226e-03
   1.3241353e-02
   1.1923518e-02
   4.3359619e-02
   4.7475677e-03
   2.8473351e-03
   2.8248834e-03
   4.2321030e-02
   9.0118740e-03
   8.5231895e-03
   5.6299693e-03
   3.1658702e-02
   8.8265138e-03
   7.2035408e-03
   4.8696846e-03
   3.4519862e-02
   4.9170502e-03
   1.2921017e-02
   1.3057740e-02
   3.0073738e-02
   5.2803606e-03
   4.2509688e-03
   4.6199635e-03
   2.6837880e-02
   6.2136579e-02
   5.4996427e-02
   5.8265362e-02
   3.9310738e-02
   4.8884336e-02
   4.9509794e-02
   5.5510703e-02
   3.8539186e-02
   4.3345623e-02
   4.5640625e-02
   5.1375426e-02
   3.4642983e-02
   4.6663977e-02
   4.4115391e-02
   4.0015556e-02
   2.9596811e-02
   2.5172669e-01
   2.4825251e-01
   2.3543569e-01
   1.0352212e-01
   2.5775361e-01
   2.5809988e-01
   2.6074660e-01
   1.1774966e-01
   2.6530889e-01
   2.5570196e-01
   2.4472651e-01
   1.0374139e-01
   2.2161911e-01
   2.1211927e-01
   2.0989162e-01
   8.8186808e-02
   1.1345660e-01
   1.1168064e-01
   9.8954685e-02
   8.0214180e-02
   1.1467545e-01
   1.1630114e-01
   1.0934551e-01
   8.9207798e-02
   1.1237844e-01
   1.0771766e-01
   1.0974758e-01
   8.8503756e-02
   9.1104224e-02
   8.4513634e-02
   9.3256861e-02
   7.5006828e-02
   9.3693640e-03
   9.0048043e-03
   6.7245732e-03
   4.1919127e-02
   9.9611739e-03
   1.0003773e-02
   7.8569790e-03
   4.8327796e-02
   8.6934296e-03
   2.0211345e-02
   1.9169448e-02
   5.3778935e-02
   7.9227826e-03
   6.0520899e-03
   7.5822673e-03
   4.9131043e-02
   9.0144016e-03
   7.9422239e-03
   3.6946447e-03
   5.3014420e-02
   8.8763367e-03
   6.6683190e-03
   3.3853459e-03
   5.4287586e-02
   4.8248251e-03
   1.7293757e-02
   1.5131653e-02
   5.5181820e-02
   6.0144560e-03
   2.7892345e-03
   5.2814903e-03
   6.3004464e-02
   1.3496934e-02
   6.3270722e-03
   3.8091028e-03
   1.3364688e-01
   1.2062984e-02
   3.8953321e-03
   2.6598149e-03
   1.3059106e-01
   8.2132462e-03
   1.8470265e-02
   1.6674632e-02
   1.3286373e-01
   9.8753059e-03
   2.6357630e-03
   4.2979759e-03
   1.2322445e-01
   9.0099322e-03
   5.8866497e-03
   3.0318201e-03
   6.4243026e-02
   8.2284668e-03
   5.5558635e-03
   3.7289334e-03
   6.5178201e-02
   5.0018639e-03
   1.9296240e-02
   1.5987460e-02
   6.4928390e-02
   5.9145400e-03
   2.9476455e-03
   3.8524151e-03
   6.6919774e-02
   1.2055412e-02
   1.0375318e-02
   6.7003751e-03
   5.1435396e-02
   1.0148428e-02
   7.4052135e-03
   7.8923600e-03
   5.4080136e-02
   7.6033138e-03
   1.8384451e-02
   2.0794269e-02
   5.4675050e-02
   7.3747761e-03
   5.8939974e-03
   6.5379133e-03
   5.5449665e-02
   8.6006902e-02
   8.0281779e-02
   8.6502939e-02
   5.0690200e-02
   8.9810468e-02
   8.2219236e-02
   9.5904149e-02
   5.6670658e-02
   9.6512757e-02
   9.7069070e-02
   9.5250189e-02
   5.0228063e-02
   8.3891243e-02
   7.7031732e-02
   7.7453710e-02
   4.2262737e-02
