   1.8223116e-02
   2.6885131e-02
   2.7831636e-02
   3.3885058e-02
   1.3478165e-02
   8.9211641e-03
   1.9657135e-02
   4.0775590e-02
   1.3788679e-02
   1.9805646e-02
   2.1944707e-02
   3.6827207e-02
   1.8652333e-02
   2.3329526e-02
   2.3992360e-02
   3.5230651e-02
   1.7440995e-02
   1.8803136e-02
   1.8861474e-02
   3.1208728e-02
   1.2961545e-02
   7.1001919e-03
   1.3688264e-02
   3.8601104e-02
   1.2700530e-02
   1.1382285e-02
   1.5689671e-02
   3.7632752e-02
   1.6829528e-02
   1.5406279e-02
   1.8116310e-02
   3.2933418e-02
   1.8259682e-02
   1.4109528e-02
   1.5374406e-02
   3.2177854e-02
   1.3054227e-02
   6.5053557e-03
   1.1247569e-02
   4.1497115e-02
   1.2461492e-02
   6.4676665e-03
   1.3144179e-02
   4.3505881e-02
   1.6141769e-02
   1.1305464e-02
   1.5398630e-02
   3.4587868e-02
   1.8664034e-02
   1.4273521e-02
   1.6627038e-02
   3.9681610e-02
   1.7063141e-02
   7.8583593e-03
   1.2199621e-02
   5.3774882e-02
   1.4264586e-02
   6.3044350e-03
   1.3555263e-02
   5.2564606e-02
   1.7670307e-02
   1.1465982e-02
   1.7955139e-02
   3.6988590e-02
   1.9612446e-02
   1.3126727e-02
   1.9495875e-02
   4.8822153e-02
   2.3267629e-02
   1.0153359e-02
   1.4581594e-02
   6.6235781e-02
   1.6557835e-02
   7.2476529e-03
   1.3614143e-02
   5.8091015e-02
   1.9332282e-02
   1.2542338e-02
   1.8874682e-02
   3.9556868e-02
   1.7860737e-02
   1.1721163e-02
   1.8236455e-02
   4.7537670e-02
   1.6636662e-02
   7.2736968e-03
   1.3329969e-02
   5.8818620e-02
   1.4465531e-02
   8.2094073e-03
   1.1508073e-02
   4.8351593e-02
   1.8186146e-02
   1.2862303e-02
   1.6355610e-02
   3.5931025e-02
   1.6129559e-02
   1.1769222e-02
   1.6349899e-02
   4.1050695e-02
   1.2788707e-02
   5.8264416e-03
   1.2407161e-02
   4.5919169e-02
   1.3993936e-02
   9.2046531e-03
   1.0772974e-02
   3.8080141e-02
   1.7390598e-02
   1.2426644e-02
   1.4739883e-02
   3.2156035e-02
   1.6585985e-02
   1.7602379e-02
   1.9546442e-02
   3.4412459e-02
   1.2699859e-02
   6.6483300e-03
   1.3852662e-02
   4.0577717e-02
   1.4057118e-02
   1.3463136e-02
   1.4009086e-02
   3.5173450e-02
   1.7305223e-02
   1.5970372e-02
   1.6945008e-02
   3.2203007e-02
   1.8335644e-02
   4.0437780e-02
   4.3925665e-02
   4.2065628e-02
   1.4199435e-02
   1.1697738e-02
   2.8904576e-02
   5.7051387e-02
   1.4168794e-02
   3.0732188e-02
   3.3750281e-02
   4.8734482e-02
   1.9845834e-02
   3.5889760e-02
   3.6830507e-02
   3.8028408e-02
   1.8483873e-02
   2.5454689e-02
   2.5742356e-02
   3.8078506e-02
   1.4145900e-02
   8.8880872e-03
   1.8807109e-02
   5.3032551e-02
   1.3289773e-02
   1.5898535e-02
   2.2473417e-02
   5.1489122e-02
   1.7694188e-02
   2.0806989e-02
   2.4508560e-02
   3.5884798e-02
   2.0100275e-02
   1.7548651e-02
   1.7848939e-02
   3.9258208e-02
   1.4253807e-02
   7.8862179e-03
   1.3748416e-02
   5.6283060e-02
   1.3115066e-02
   7.6441942e-03
   1.7053096e-02
   5.9890125e-02
   1.6437285e-02
   1.2938542e-02
   1.7507287e-02
   3.8238812e-02
   1.8334895e-02
   1.7830944e-02
   1.8713592e-02
   4.5843419e-02
   1.9618826e-02
   9.5244851e-03
   1.4687855e-02
   6.7102633e-02
   1.4953255e-02
   7.2382139e-03
   1.6709870e-02
   6.5919966e-02
   1.6889574e-02
   1.2817254e-02
   2.0552123e-02
   3.7581217e-02
   1.7942833e-02
   1.5854012e-02
   2.2953268e-02
   5.5042215e-02
   2.8255690e-02
   1.2455078e-02
   1.7970147e-02
   7.9097219e-02
   1.7479250e-02
   8.4684659e-03
   1.6297864e-02
   6.8953790e-02
   1.7765243e-02
   1.4546590e-02
   2.1409154e-02
   3.8057957e-02
   1.7019957e-02
   1.3510118e-02
   2.1963280e-02
   5.6717545e-02
   1.8658660e-02
   8.4764184e-03
   1.6540609e-02
   7.3763847e-02
   1.5131053e-02
   1.0228268e-02
   1.3404006e-02
   5.9833635e-02
   1.7776811e-02
   1.5193947e-02
   1.7875651e-02
   3.5809897e-02
   1.6442835e-02
   1.3793610e-02
   1.9684503e-02
   5.4668248e-02
   1.3748649e-02
   6.6862889e-03
   1.6230222e-02
   6.3153230e-02
   1.6054820e-02
   1.2151975e-02
   1.3069148e-02
   5.0909266e-02
   1.8872784e-02
   1.5217850e-02
   1.6750701e-02
   3.3702806e-02
   1.6885374e-02
   2.4418183e-02
   2.6799494e-02
   4.5141332e-02
   1.3599726e-02
   8.1772497e-03
   1.9026831e-02
   5.7188053e-02
   1.5907452e-02
   1.9487286e-02
   1.9162100e-02
   4.7016293e-02
   1.8558409e-02
   2.2493454e-02
   2.1528229e-02
   3.3860579e-02
   1.5797207e-02
   5.7704113e-02
   5.7178702e-02
   4.5090321e-02
   1.2387739e-02
   1.4515612e-02
   3.8022868e-02
   5.7819337e-02
   1.2059120e-02
   4.2449046e-02
   4.4635050e-02
   4.8827056e-02
   1.8977566e-02
   5.2412085e-02
   4.9002659e-02
   3.8707305e-02
   1.7289378e-02
   3.2734778e-02
   2.9753026e-02
   3.8047355e-02
   1.2669720e-02
   1.0461647e-02
   2.3168040e-02
   5.2041572e-02
   1.1238351e-02
   2.0268776e-02
   2.8448196e-02
   5.0369475e-02
   1.5435971e-02
   2.6648514e-02
   2.9214760e-02
   3.4730256e-02
   1.9897237e-02
   2.0391017e-02
   1.8670145e-02
   3.6797453e-02
   1.3061771e-02
   8.7107643e-03
   1.4881467e-02
   5.0927836e-02
   1.1245595e-02
   8.1325779e-03
   2.0509206e-02
   5.6748942e-02
   1.3281671e-02
   1.2849919e-02
   1.7702013e-02
   3.6546372e-02
   1.5342546e-02
   2.0997554e-02
   1.8866440e-02
   4.0238332e-02
   1.9786237e-02
   1.0778696e-02
   1.5979484e-02
   5.4364689e-02
   1.2960922e-02
   7.3655471e-03
   1.9346152e-02
   5.5153713e-02
   1.3232576e-02
   1.2289388e-02
   2.1550678e-02
   3.3327643e-02
   1.3682483e-02
   1.7807966e-02
   2.5667150e-02
   4.5539122e-02
   3.0747157e-02
   1.4769471e-02
   2.0758988e-02
   6.1442554e-02
   1.6023401e-02
   9.2927562e-03
   1.8709071e-02
   5.6426853e-02
   1.3854368e-02
   1.4821289e-02
   2.3059634e-02
   3.2329008e-02
   1.3331232e-02
   1.3435925e-02
   2.3890655e-02
   4.7461793e-02
   1.8711969e-02
   9.2391903e-03
   1.8869432e-02
   5.8390941e-02
   1.3672056e-02
   1.2125158e-02
   1.4120804e-02
   5.0168030e-02
   1.4928495e-02
   1.6383186e-02
   1.7278155e-02
   3.0692915e-02
   1.3314504e-02
   1.3835900e-02
   2.1410739e-02
   5.3599980e-02
   1.2636181e-02
   6.8954406e-03
   1.9417997e-02
   5.4546800e-02
   1.6108567e-02
   1.4955906e-02
   1.3709062e-02
   4.6453297e-02
   1.7753910e-02
   1.6740289e-02
   1.6705770e-02
   2.9480077e-02
   1.3879939e-02
   3.2770041e-02
   3.1765863e-02
   4.6066172e-02
   1.2065996e-02
   9.3748355e-03
   2.3601267e-02
   5.4423090e-02
   1.5763829e-02
   2.6378820e-02
   2.3082614e-02
   4.6273060e-02
   1.7194016e-02
   3.0487556e-02
   2.4362404e-02
   3.0840276e-02
   1.3377951e-02
   8.0266938e-02
   6.5974973e-02
   4.6068236e-02
   1.0364752e-02
   1.9317187e-02
   4.5563262e-02
   4.3153942e-02
   9.8482687e-03
   5.0338902e-02
   5.0138637e-02
   3.9600633e-02
   2.0478876e-02
   6.8567157e-02
   5.7101618e-02
   4.2086173e-02
   1.7647598e-02
   4.0021572e-02
   3.1705115e-02
   3.3765748e-02
   1.0627971e-02
   1.3248695e-02
   2.6942810e-02
   3.7826691e-02
   8.6169336e-03
   2.4240905e-02
   3.2820679e-02
   4.0083762e-02
   1.4401555e-02
   3.3557966e-02
   3.1062279e-02
   3.4624439e-02
   2.1935562e-02
   2.1211458e-02
   1.5733983e-02
   2.8313419e-02
   1.1606964e-02
   9.4366884e-03
   1.5070681e-02
   3.5743941e-02
   8.5846540e-03
   7.5537269e-03
   2.4113918e-02
   4.5848247e-02
   1.0150500e-02
   1.1724426e-02
   1.4015284e-02
   3.4061342e-02
   1.2909124e-02
   2.5886711e-02
   1.7339576e-02
   2.8969090e-02
   2.0695075e-02
   1.1750829e-02
   1.6515793e-02
   3.6488760e-02
   1.0554940e-02
   7.4228514e-03
   2.2318888e-02
   3.9955348e-02
   9.7636841e-03
   1.1140177e-02
   2.2524150e-02
   2.6718659e-02
   9.9953339e-03
   2.0616319e-02
   2.9084748e-02
   3.4734000e-02
   3.4852825e-02
   1.7544543e-02
   2.3895202e-02
   4.1934233e-02
   1.4486845e-02
   1.0433851e-02
   2.1505328e-02
   3.9394084e-02
   1.0337568e-02
   1.6368441e-02
   2.4768954e-02
   2.3905484e-02
   9.6654827e-03
   1.3058539e-02
   2.5710000e-02
   3.8454380e-02
   1.7742615e-02
   1.0183156e-02
   2.0876236e-02
   3.9419860e-02
   1.1808152e-02
   1.4222448e-02
   1.4600076e-02
   3.5290968e-02
   1.3089942e-02
   1.8668810e-02
   1.4632817e-02
   2.3173325e-02
   9.4281072e-03
   1.3568370e-02
   2.1086482e-02
   5.0880514e-02
   1.0936758e-02
   7.0416573e-03
   2.2376820e-02
   3.5473760e-02
   1.6642082e-02
   1.6423337e-02
   1.2744534e-02
   3.3727691e-02
   1.7756317e-02
   1.5629210e-02
   1.2745256e-02
   2.3562040e-02
   1.0338801e-02
   4.2083710e-02
   3.4936875e-02
   4.4052776e-02
   1.0353060e-02
   1.1473934e-02
   2.7491800e-02
   3.6454972e-02
   1.5891850e-02
   2.7300293e-02
   2.4675710e-02
   3.4282956e-02
   1.6919207e-02
   3.4171872e-02
   2.4691803e-02
   2.7187772e-02
