   2.0242497e-02
   3.1510640e-02
   2.2905301e-02
   4.4080831e-02
   1.4018736e-02
   2.8218621e-02
   2.9024845e-02
   4.4166241e-02
   1.6521750e-02
   1.8770084e-02
   6.6148169e-02
   5.0240830e-02
   2.1530930e-02
   2.9786473e-02
   6.1846875e-02
   7.2886974e-02
   1.8902982e-02
   2.0688197e-02
   2.0464621e-02
   4.3166202e-02
   1.4066019e-02
   1.9672856e-02
   2.0152677e-02
   4.4089817e-02
   1.6229477e-02
   1.3993933e-02
   4.4167880e-02
   5.1351275e-02
   2.1421419e-02
   2.2262909e-02
   4.5729510e-02
   6.5942742e-02
   2.0046333e-02
   1.5174196e-02
   2.2285432e-02
   4.4681914e-02
   1.4642142e-02
   1.3105699e-02
   1.5464042e-02
   4.2348232e-02
   1.6839605e-02
   1.2478029e-02
   4.7039643e-02
   4.7938172e-02
   2.0620495e-02
   2.0583190e-02
   4.6217538e-02
   7.5565450e-02
   1.9173671e-02
   1.8762553e-02
   2.7863052e-02
   4.6698362e-02
   1.7759657e-02
   2.5120752e-02
   2.2590503e-02
   4.3923508e-02
   1.6728936e-02
   1.4621429e-02
   5.2972846e-02
   4.5555837e-02
   2.0383829e-02
   2.8373247e-02
   6.6149577e-02
   6.0932618e-02
   1.9468686e-02
   1.5905939e-02
   4.4706609e-02
   5.4198086e-02
   2.1577511e-02
   5.1588029e-02
   3.5872053e-02
   4.7295775e-02
   1.7424688e-02
   2.6027728e-02
   4.9376495e-02
   5.2757137e-02
   2.2110570e-02
   6.2893525e-02
   6.0341626e-02
   4.5709956e-02
   1.9293247e-02
   1.1827062e-02
   3.6122505e-02
   5.1671855e-02
   1.7109685e-02
   2.6267989e-02
   2.6053593e-02
   4.4986039e-02
   1.8411970e-02
   2.6655925e-02
   4.0309206e-02
   5.2126497e-02
   2.5856547e-02
   5.5640373e-02
   4.0962536e-02
   4.1759253e-02
   1.9195139e-02
   1.2563555e-02
   2.1488275e-02
   4.7792535e-02
   1.4058596e-02
   1.2555644e-02
   1.8579362e-02
   4.2193342e-02
   2.2656677e-02
   2.1125957e-02
   4.0911168e-02
   4.9404822e-02
   3.9613407e-02
   2.6654238e-02
   4.3914910e-02
   4.9345005e-02
   2.0571986e-02
   1.8860949e-02
   2.2650385e-02
   4.5339402e-02
   1.4206565e-02
   1.7386314e-02
   2.1797033e-02
   4.2358279e-02
   1.8667154e-02
   2.0882906e-02
   5.7654355e-02
   4.8929136e-02
   2.9504826e-02
   2.8740928e-02
   5.9257172e-02
   6.5971017e-02
   1.0544676e-02
   4.4469826e-02
   3.0409787e-02
   3.2220017e-02
   8.7000914e-03
   4.4732753e-02
   3.8042482e-02
   2.6734835e-02
   9.4793988e-03
   2.2173135e-02
   9.6159741e-02
   3.5534412e-02
   1.2405907e-02
   3.6184657e-02
   8.4313266e-02
   8.7885402e-02
   1.1558296e-02
   2.9760797e-02
   2.7809493e-02
   3.0943051e-02
   8.5984124e-03
   2.9334011e-02
   2.4702964e-02
   2.6389055e-02
   9.6822381e-03
   1.5254370e-02
   5.8538195e-02
   3.2951780e-02
   1.1298048e-02
   2.4485556e-02
   5.2801497e-02
   7.2833650e-02
   1.4912070e-02
   2.2140604e-02
   3.1945918e-02
   3.0329240e-02
   9.0738405e-03
   1.6829271e-02
   1.5486911e-02
   2.7029334e-02
   9.5986128e-03
   1.3652777e-02
   6.2310562e-02
   3.5319611e-02
   1.1689578e-02
   1.9885534e-02
   5.1155567e-02
   7.8522190e-02
   1.3510133e-02
   2.6336147e-02
   4.0764298e-02
   3.2425001e-02
   1.3650993e-02
   3.9025776e-02
   2.7969874e-02
   2.9214252e-02
   9.6297292e-03
   1.6144477e-02
   7.3257372e-02
   3.1626727e-02
   1.2042472e-02
   3.1999096e-02
   8.1417695e-02
   6.6429868e-02
   1.2636409e-02
   2.2245664e-02
   6.8724848e-02
   3.9838489e-02
   1.9741809e-02
   8.4324509e-02
   5.0535168e-02
   3.0653629e-02
   1.0063780e-02
   3.6330272e-02
   7.3154032e-02
   3.5048738e-02
   1.2381637e-02
   8.3208151e-02
   7.6770820e-02
   4.6544835e-02
   1.1664755e-02
   1.4873154e-02
   5.2921370e-02
   3.9076157e-02
   1.3371973e-02
   4.1756608e-02
   3.6335684e-02
   2.9154701e-02
   1.1003781e-02
   4.0465359e-02
   5.5125419e-02
   3.3234797e-02
   1.4698177e-02
   7.9312995e-02
   5.1304728e-02
   3.9528467e-02
   1.0628800e-02
   1.3025207e-02
   2.8270883e-02
   3.4155954e-02
   9.0387296e-03
   1.4708576e-02
   2.2682846e-02
   2.6920745e-02
   1.6262658e-02
   3.4092687e-02
   6.2166095e-02
   3.0308710e-02
   2.5834767e-02
   3.3251114e-02
   5.4019704e-02
   4.6577923e-02
   1.1354105e-02
   2.4140965e-02
   3.0512761e-02
   3.3334609e-02
   8.7325023e-03
   2.4109526e-02
   2.7205382e-02
   2.5751606e-02
   1.1893254e-02
   2.7218873e-02
   7.6909065e-02
   3.0938543e-02
   1.7887715e-02
   3.3914853e-02
   7.4837379e-02
   6.8420812e-02
   7.8807985e-03
   6.1530687e-02
   4.5256112e-02
   2.4770921e-02
   7.2190547e-03
   6.5486059e-02
   4.8781190e-02
   1.8617535e-02
   5.9317830e-03
   3.5711847e-02
   1.5166639e-01
   2.8535353e-02
   8.7468540e-03
   4.4061650e-02
   9.6177332e-02
   9.1476589e-02
   9.0882257e-03
   4.6034940e-02
   3.6123309e-02
   1.9681774e-02
   7.2305901e-03
   4.3430332e-02
   3.1238776e-02
   1.6603129e-02
   5.8863377e-03
   1.8837232e-02
   8.5698359e-02
   2.7295701e-02
   7.8495117e-03
   3.1507540e-02
   6.7288242e-02
   7.6084420e-02
   1.2812889e-02
   3.9102748e-02
   3.7397925e-02
   2.2814851e-02
   8.4087690e-03
   2.6747622e-02
   2.1352379e-02
   1.7108461e-02
   5.5106198e-03
   1.7771460e-02
   8.3526485e-02
   2.5809331e-02
   8.6714020e-03
   2.3176236e-02
   5.9539299e-02
   7.8639567e-02
   1.0828447e-02
   4.2979091e-02
   5.9001725e-02
   2.8219163e-02
   1.4801912e-02
   6.0002211e-02
   4.1725967e-02
   1.8554427e-02
   5.7944516e-03
   2.3217950e-02
   1.0675120e-01
   2.2362912e-02
   7.9059731e-03
   4.0318776e-02
   8.3308578e-02
   7.0830025e-02
   1.1310162e-02
   3.6584821e-02
   1.1167183e-01
   3.8644217e-02
   2.6746616e-02
   1.2530403e-01
   7.7072747e-02
   2.8990332e-02
   7.7096024e-03
   5.4548010e-02
   9.8742157e-02
   2.6261626e-02
   7.9634460e-03
   1.0345870e-01
   9.0362154e-02
   5.2672923e-02
   9.1828331e-03
   2.6897535e-02
   7.8276120e-02
   3.8570046e-02
   1.4068664e-02
   6.5406315e-02
   5.7471085e-02
   2.2983162e-02
   1.0193677e-02
   6.5852888e-02
   7.7584386e-02
   2.1374462e-02
   1.4445242e-02
   1.0799730e-01
   6.9094852e-02
   4.5940161e-02
   7.8383712e-03
   2.1926412e-02
   3.6039129e-02
   2.8010750e-02
   7.5176479e-03
   2.3814935e-02
   3.7568398e-02
   1.8185599e-02
   1.9528979e-02
   4.8379105e-02
   9.3963943e-02
   2.2685902e-02
   3.5440318e-02
   4.6370864e-02
   6.6230163e-02
   5.0505605e-02
   7.9296092e-03
   3.8221788e-02
   4.3382484e-02
   2.7715264e-02
   7.1485289e-03
   3.6421537e-02
   3.9740529e-02
   1.8545723e-02
   1.2306072e-02
   4.0702552e-02
   9.6266001e-02
   2.4935283e-02
   2.1781882e-02
   4.7764912e-02
   8.6972170e-02
   7.0165202e-02
   8.3652819e-03
   9.2355348e-02
   6.8567671e-02
   2.7429854e-02
   7.4494709e-03
   8.4464103e-02
   6.1049409e-02
   1.7014612e-02
   4.8530009e-03
   4.6594705e-02
   1.3470630e-01
   3.0280823e-02
   9.7480724e-03
   4.4027839e-02
   1.0855544e-01
   9.1533706e-02
   9.2237247e-03
   9.0752169e-02
   5.8715273e-02
   2.3756357e-02
   7.2619421e-03
   6.3279413e-02
   4.2611219e-02
   1.3192730e-02
   5.3923633e-03
   2.9335365e-02
   7.2029285e-02
   3.0156868e-02
   8.2712350e-03
   2.8014867e-02
   7.8822210e-02
   6.2013753e-02
   1.4237575e-02
   5.8596827e-02
   5.1030915e-02
   2.6881853e-02
   8.6436337e-03
   3.6402188e-02
   2.9491875e-02
   1.4004505e-02
   4.0283608e-03
   2.1646397e-02
   5.7588659e-02
   2.5219679e-02
   8.2795974e-03
   2.9792542e-02
   6.2538683e-02
   8.7912925e-02
   1.4523320e-02
   6.9072463e-02
   9.2318021e-02
   3.3959925e-02
   1.5289920e-02
   6.8658896e-02
   7.3315889e-02
   2.2253789e-02
   5.9047146e-03
   2.6587851e-02
   9.6857525e-02
   2.3535583e-02
   7.4070054e-03
   4.1574661e-02
   9.0207607e-02
   8.0955341e-02
   1.3406540e-02
   5.5408243e-02
   1.7180298e-01
   5.8732960e-02
   3.1156724e-02
   1.3880606e-01
   1.4823006e-01
   3.2049362e-02
   9.4692083e-03
   6.9576718e-02
   9.3760535e-02
   2.5315331e-02
   6.9005908e-03
   1.3012457e-01
   9.7400770e-02
   5.7127636e-02
   9.9850986e-03
   4.9040873e-02
   1.1829615e-01
   4.6977121e-02
   1.5679082e-02
   7.5849757e-02
   1.0431533e-01
   2.3486411e-02
   1.1800113e-02
   7.8066200e-02
   6.1554603e-02
   1.6772114e-02
   1.9399231e-02
   1.3484821e-01
   7.0480891e-02
   6.1814435e-02
   8.9923963e-03
   4.8343830e-02
   4.6589166e-02
   3.2413971e-02
   6.9383988e-03
   3.0418962e-02
   7.4745916e-02
   1.7472927e-02
   2.4826355e-02
   4.8155956e-02
   5.1989432e-02
   1.6667599e-02
   5.0876942e-02
   5.2500829e-02
   6.5335885e-02
   7.8115158e-02
   8.5058277e-03
   7.4442148e-02
   5.7372238e-02
   3.0025942e-02
   7.0299036e-03
   5.2363567e-02
   6.7639768e-02
   1.9278230e-02
   1.4703921e-02
   4.4320252e-02
   7.2931007e-02
   2.0076381e-02
   3.1280521e-02
   5.1183764e-02
   7.0316173e-02
   8.1431836e-02
