   8.0566555e-03
   7.4544200e-03
   1.4345475e-02
   2.4804454e-02
   7.2259852e-03
   7.5585274e-03
   1.7609827e-02
   2.7819939e-02
   7.3635769e-03
   7.4822409e-03
   1.6562833e-02
   2.5952842e-02
   8.3823092e-03
   9.5930090e-03
   1.8826386e-02
   2.6673827e-02
   7.8259734e-03
   6.4100674e-03
   1.0713605e-02
   2.3368441e-02
   7.0518232e-03
   6.1413338e-03
   1.1592313e-02
   2.6012596e-02
   7.1779061e-03
   6.1210319e-03
   1.2464254e-02
   2.6392382e-02
   8.0872746e-03
   8.3477385e-03
   1.4460981e-02
   2.8520208e-02
   8.2316445e-03
   6.5949867e-03
   1.0443825e-02
   2.5140544e-02
   7.4366797e-03
   6.0260817e-03
   9.6950978e-03
   2.8758105e-02
   7.5709382e-03
   5.7986043e-03
   1.0545868e-02
   3.0835088e-02
   8.4363064e-03
   8.0694519e-03
   1.2701111e-02
   3.6621518e-02
   1.0104545e-02
   1.0833884e-02
   1.9045463e-02
   3.5071362e-02
   9.0340637e-03
   1.0156360e-02
   1.6780097e-02
   3.9726514e-02
   9.0150703e-03
   1.0413936e-02
   1.7772833e-02
   4.2183943e-02
   9.8745311e-03
   1.1108051e-02
   1.7960800e-02
   5.1155552e-02
   1.2457949e-02
   1.9223973e-02
   3.7064292e-02
   4.9770132e-02
   1.1325028e-02
   1.8366234e-02
   3.2913044e-02
   5.3072006e-02
   1.1019108e-02
   1.9321671e-02
   3.2773487e-02
   5.1899221e-02
   1.1720438e-02
   1.7240072e-02
   2.7631778e-02
   5.7780478e-02
   9.8654330e-03
   1.0995448e-02
   2.0437276e-02
   4.4616360e-02
   8.9149643e-03
   1.0375435e-02
   1.8340399e-02
   4.4647623e-02
   8.9252247e-03
   1.0393731e-02
   1.7606163e-02
   3.9419435e-02
   9.8326607e-03
   1.1024249e-02
   1.7725581e-02
   4.0620122e-02
   8.1932219e-03
   6.9103329e-03
   1.0952171e-02
   3.3011720e-02
   7.4111181e-03
   6.1419858e-03
   1.0010868e-02
   3.2446511e-02
   7.5012664e-03
   5.7617519e-03
   9.4896453e-03
   2.7802180e-02
   8.4514087e-03
   8.2071032e-03
   1.2058141e-02
   2.8152004e-02
   7.7926540e-03
   6.8966215e-03
   1.2000492e-02
   2.6077993e-02
   7.0471549e-03
   6.1968467e-03
   1.2191971e-02
   2.7615998e-02
   7.1310312e-03
   5.9630037e-03
   1.0953535e-02
   2.5022944e-02
   8.0829849e-03
   8.3501535e-03
   1.3257531e-02
   2.5429102e-02
   9.1260560e-03
   1.0040210e-02
   2.1408107e-02
   3.5025343e-02
   8.1613185e-03
   1.1386893e-02
   3.0558227e-02
   4.1994464e-02
   8.3026439e-03
   1.0580026e-02
   2.6725980e-02
   3.9038226e-02
   9.5407236e-03
   1.4625451e-02
   3.0118518e-02
   3.8315203e-02
   9.0342499e-03
   8.2777394e-03
   1.5144694e-02
   3.2800034e-02
   8.2055572e-03
   8.5493494e-03
   1.8220346e-02
   3.9422005e-02
   8.3535528e-03
   8.2323579e-03
   1.9322243e-02
   4.1246194e-02
   9.3238065e-03
   1.2172293e-02
   2.1372175e-02
   4.3592025e-02
   9.4897058e-03
   8.3388304e-03
   1.4047277e-02
   3.5873890e-02
   8.6758388e-03
   7.7069295e-03
   1.3120669e-02
   4.4119995e-02
   8.8396966e-03
   7.3577682e-03
   1.4776967e-02
   4.8778757e-02
   9.6651372e-03
   1.0894146e-02
   1.6602403e-02
   5.6449112e-02
   1.1769066e-02
   1.4872907e-02
   2.8070832e-02
   4.9708053e-02
   1.0778274e-02
   1.4007568e-02
   2.4727562e-02
   5.8684915e-02
   1.0592453e-02
   1.4369790e-02
   2.6549734e-02
   6.3448913e-02
   1.1345978e-02
   1.4946733e-02
   2.4351683e-02
   7.3438659e-02
   1.5178823e-02
   2.7798131e-02
   5.7617906e-02
   7.0642434e-02
   1.4243337e-02
   2.6135959e-02
   5.1103730e-02
   7.6928191e-02
   1.3354188e-02
   2.8149245e-02
   5.0858058e-02
   7.6702781e-02
   1.3947155e-02
   2.4353661e-02
   4.0030189e-02
   8.1489041e-02
   1.1415667e-02
   1.5166832e-02
   3.0284079e-02
   6.5036051e-02
   1.0508474e-02
   1.4292537e-02
   2.7525747e-02
   6.6406563e-02
   1.0311759e-02
   1.4479817e-02
   2.6490636e-02
   5.9047740e-02
   1.1287129e-02
   1.4758657e-02
   2.4161596e-02
   5.8718156e-02
   9.4295461e-03
   8.8752331e-03
   1.4722724e-02
   5.1307049e-02
   8.6650942e-03
   7.9425992e-03
   1.3797249e-02
   5.0902635e-02
   8.7233009e-03
   7.2121690e-03
   1.3052561e-02
   4.2432364e-02
   9.6792486e-03
   1.1432664e-02
   1.5466248e-02
   4.1120276e-02
   9.0738460e-03
   9.3496079e-03
   1.7695777e-02
   3.9731629e-02
   8.2047256e-03
   8.7142978e-03
   1.9341303e-02
   4.2921346e-02
   8.3131734e-03
   8.0554010e-03
   1.6253239e-02
   3.7839137e-02
   9.2936894e-03
   1.2397512e-02
   1.8327266e-02
   3.6547065e-02
   8.1164436e-03
   1.1798237e-02
   2.8127350e-02
   4.0615689e-02
   7.5671659e-03
   1.4782032e-02
   4.1009791e-02
   5.1245026e-02
   7.6374835e-03
   1.2842012e-02
   3.7192542e-02
   4.7350999e-02
   8.6096181e-03
   2.1085545e-02
   4.6618883e-02
   4.4620197e-02
   8.1099290e-03
   9.3888426e-03
   1.9208750e-02
   3.8201049e-02
   7.6478915e-03
   1.0411792e-02
   2.3986870e-02
   4.7057517e-02
   7.6643117e-03
   9.7028315e-03
   2.6513949e-02
   4.9555052e-02
   8.3486950e-03
   1.6569240e-02
   2.9895063e-02
   5.0416581e-02
   8.4744059e-03
   9.1388002e-03
   1.7402736e-02
   4.0986013e-02
   8.0013163e-03
   8.8626323e-03
   1.6357128e-02
   5.0771259e-02
   8.0552688e-03
   8.2485322e-03
   1.9055430e-02
   5.4904077e-02
   8.5561015e-03
   1.3988689e-02
   2.0071963e-02
   5.9723064e-02
   1.0787960e-02
   1.8708479e-02
   3.9295014e-02
   5.1201034e-02
   1.0472205e-02
   1.8714208e-02
   3.5395339e-02
   6.1632689e-02
   1.0393627e-02
   1.8699706e-02
   3.7264369e-02
   6.3794419e-02
   1.0558195e-02
   1.9239003e-02
   3.1045752e-02
   6.9254629e-02
   1.4973017e-02
   3.7180480e-02
   8.3343133e-02
   6.7361265e-02
   1.4827559e-02
   3.7509501e-02
   7.5859003e-02
   7.8596599e-02
   1.4883568e-02
   3.8375873e-02
   7.3174991e-02
   7.8079477e-02
   1.4301389e-02
   3.3770341e-02
   5.5019591e-02
   7.9851605e-02
   1.0400868e-02
   1.9219685e-02
   4.2316865e-02
   6.1052684e-02
   9.9296058e-03
   1.9391783e-02
   3.9804127e-02
   6.5663725e-02
   9.9251261e-03
   1.8677305e-02
   3.7498519e-02
   6.1819360e-02
   1.0432951e-02
   1.8606713e-02
   3.0657502e-02
   6.2442154e-02
   8.4387697e-03
   9.7967405e-03
   1.7952640e-02
   5.4497950e-02
   7.8221606e-03
   9.0566771e-03
   1.7257163e-02
   5.3615253e-02
   7.8205820e-03
   7.8833075e-03
   1.6254358e-02
   4.8610218e-02
   8.5658934e-03
   1.5004476e-02
   1.7848622e-02
   4.7285371e-02
   8.0948742e-03
   1.0651441e-02
   2.2987930e-02
   4.6286784e-02
   7.4277115e-03
   1.0562963e-02
   2.4655376e-02
   5.0037082e-02
   7.6457462e-03
   9.2582833e-03
   2.1596080e-02
   4.5648951e-02
   8.3217574e-03
   1.7357390e-02
   2.4592899e-02
   4.2848989e-02
   6.1747292e-03
   1.4567017e-02
   3.8917914e-02
   3.5066385e-02
   6.1487798e-03
   1.7656082e-02
   4.9737245e-02
   4.5153189e-02
   5.6955768e-03
   1.6270092e-02
   5.0402150e-02
   4.0958270e-02
   6.4921975e-03
   2.3362398e-02
   6.1335601e-02
   3.8273938e-02
   6.5103462e-03
   1.0913922e-02
   2.5884923e-02
   3.3922479e-02
   6.1074989e-03
   1.1928001e-02
   2.9471228e-02
   4.0082920e-02
   5.9716809e-03
   1.1848691e-02
   3.6568925e-02
   4.1629650e-02
   6.5396009e-03
   1.9427493e-02
   3.9540488e-02
   4.0649079e-02
   6.8735275e-03
   1.0161928e-02
   2.1505265e-02
   3.5500348e-02
   6.3136653e-03
   9.9484771e-03
   2.0709744e-02
   4.1588768e-02
   6.4817630e-03
   9.4940225e-03
   2.6384220e-02
   4.4134822e-02
   6.7366017e-03
   1.7052438e-02
   2.4298221e-02
   4.6245698e-02
   1.0452882e-02
   2.4731942e-02
   5.1933467e-02
   4.2987585e-02
   1.0447736e-02
   2.5593026e-02
   4.7142964e-02
   5.1619068e-02
   1.1608979e-02
   2.4974765e-02
   5.0158788e-02
   5.0826516e-02
   1.0903466e-02
   2.3115017e-02
   3.6703024e-02
   5.4647993e-02
   1.7427742e-02
   5.1514201e-02
   1.1179059e-01
   6.1754286e-02
   1.7874867e-02
   5.3767208e-02
   1.0020602e-01
   7.1588986e-02
   2.0174470e-02
   5.3851165e-02
   9.8208398e-02
   6.8811849e-02
   1.8476056e-02
   4.4911433e-02
   6.8603061e-02
   7.4775614e-02
   9.8936316e-03
   2.5072174e-02
   5.6596231e-02
   4.9795412e-02
   9.8337010e-03
   2.6574189e-02
   5.2692305e-02
   5.3997170e-02
   1.0648957e-02
   2.5012232e-02
   5.0766449e-02
   5.1801290e-02
   1.0492602e-02
   2.2463512e-02
   3.5639562e-02
   5.4194085e-02
   6.7941411e-03
   1.1123080e-02
   2.2910666e-02
   4.3784209e-02
   6.3380240e-03
   1.0566846e-02
   2.1714371e-02
   4.0370543e-02
   6.2022018e-03
   8.4205801e-03
   2.1611923e-02
   3.9339516e-02
   6.7449892e-03
   1.7930601e-02
   1.9643834e-02
   3.9775558e-02
   6.1507202e-03
   1.2720474e-02
   3.1038379e-02
   3.8442068e-02
   5.9400173e-03
   1.2577241e-02
   3.0254394e-02
   4.1950833e-02
   5.9913546e-03
   1.0515288e-02
   2.9243443e-02
   3.8804345e-02
   6.3883420e-03
   1.9865677e-02
   2.9770508e-02
   3.6589708e-02
