   1.3999521e-02
   4.6065290e-02
   4.3768059e-02
   1.9283528e-02
   1.3717688e-02
   3.4898177e-02
   3.4946077e-02
   2.2155762e-02
   6.1721146e-02
   6.4552024e-02
   6.2361024e-02
   6.7518219e-02
   3.7728421e-02
   4.0679157e-02
   4.1647092e-02
   3.4613863e-02
   1.1478893e-02
   2.7106933e-02
   3.0805951e-02
   1.4262950e-02
   1.4108429e-02
   2.2087112e-02
   2.4071189e-02
   1.5897878e-02
   3.1460911e-02
   3.3403590e-02
   3.6163222e-02
   3.5661113e-02
   1.9652020e-02
   2.2793112e-02
   2.7283255e-02
   2.1428438e-02
   1.0188575e-02
   1.5856659e-02
   2.5727123e-02
   1.1923745e-02
   1.2566359e-02
   1.3059701e-02
   1.8291110e-02
   1.4869423e-02
   1.3301052e-02
   1.3524602e-02
   1.9153247e-02
   1.3354209e-02
   9.3712350e-03
   1.0330376e-02
   2.0854170e-02
   1.3505830e-02
   1.5105936e-02
   2.3792142e-02
   3.6646716e-02
   1.8428288e-02
   1.6754707e-02
   1.9698877e-02
   3.4832619e-02
   2.1426624e-02
   1.9319413e-02
   1.7878350e-02
   3.2569695e-02
   1.7606487e-02
   1.4002859e-02
   1.3875043e-02
   2.7215010e-02
   1.6053427e-02
   2.8109230e-02
   3.9635126e-02
   6.0843047e-02
   3.2695517e-02
   2.9455923e-02
   3.2889016e-02
   7.2880670e-02
   3.7624773e-02
   3.1330127e-02
   2.5761599e-02
   5.8512155e-02
   2.8554354e-02
   2.3263492e-02
   1.9730616e-02
   3.4935746e-02
   2.0531328e-02
   1.5607251e-02
   2.4971886e-02
   4.0189013e-02
   1.9319495e-02
   1.8040249e-02
   1.9954983e-02
   3.9372068e-02
   2.1500420e-02
   2.0439282e-02
   1.7022997e-02
   3.3511706e-02
   1.7134136e-02
   1.5347312e-02
   1.4453346e-02
   2.5955064e-02
   1.5514866e-02
   8.3145248e-03
   1.4983150e-02
   2.7243569e-02
   1.4440010e-02
   1.0765243e-02
   1.2663612e-02
   1.9445371e-02
   1.5591970e-02
   1.3137734e-02
   1.2715746e-02
   1.9547306e-02
   1.2856662e-02
   1.0119372e-02
   1.0940309e-02
   2.0075915e-02
   1.3030332e-02
   9.1056628e-03
   2.5286527e-02
   3.2174207e-02
   1.5029974e-02
   1.1469831e-02
   1.9052003e-02
   2.3722786e-02
   1.8711096e-02
   2.7684351e-02
   2.9624436e-02
   3.1894974e-02
   2.9091917e-02
   1.7718647e-02
   1.9814799e-02
   2.4019836e-02
   1.8558811e-02
   1.5008895e-02
   5.3812321e-02
   4.1214127e-02
   1.9214973e-02
   1.1398934e-02
   4.8144504e-02
   4.2892482e-02
   2.2713531e-02
   7.7400230e-02
   8.2869425e-02
   8.1592269e-02
   9.3973443e-02
   5.4428469e-02
   5.6498133e-02
   5.6987006e-02
   4.6018787e-02
   1.0759762e-02
   2.9704265e-02
   2.9338332e-02
   1.0887533e-02
   1.1295395e-02
   2.8890645e-02
   2.7810838e-02
   1.4996990e-02
   3.7740212e-02
   4.2010281e-02
   4.7337525e-02
   4.7276009e-02
   2.5709938e-02
   2.9297195e-02
   3.2425515e-02
   2.5370026e-02
   8.8820290e-03
   1.6414216e-02
   2.0464979e-02
   8.2572065e-03
   1.0583061e-02
   1.4198108e-02
   1.9814882e-02
   1.2425409e-02
   1.1653392e-02
   1.4714235e-02
   2.0417811e-02
   1.1732651e-02
   8.0957003e-03
   1.0392972e-02
   1.8100347e-02
   9.6111745e-03
   1.6322292e-02
   2.5615133e-02
   3.7123553e-02
   1.7662192e-02
   1.9072222e-02
   2.7280731e-02
   4.0189538e-02
   2.3075417e-02
   1.7943839e-02
   1.9499972e-02
   3.6976501e-02
   1.7433388e-02
   1.4031460e-02
   1.3323919e-02
   2.3600044e-02
   1.2229141e-02
   3.4418013e-02
   4.4427618e-02
   7.4221812e-02
   3.7416812e-02
   3.7875138e-02
   4.9457990e-02
   8.8111706e-02
   4.5854185e-02
   3.4266159e-02
   3.1823542e-02
   6.8206280e-02
   3.3250358e-02
   2.6972167e-02
   1.7885024e-02
   3.3372123e-02
   1.8199606e-02
   1.8178970e-02
   2.8708862e-02
   4.1990429e-02
   2.1318924e-02
   1.9821860e-02
   2.7727837e-02
   4.7359154e-02
   2.4014676e-02
   2.0312594e-02
   2.0606818e-02
   3.7534982e-02
   1.7838569e-02
   1.7084602e-02
   1.3732815e-02
   2.4468288e-02
   1.2259922e-02
   7.0720864e-03
   1.5409944e-02
   1.9965217e-02
   1.2157355e-02
   9.4858538e-03
   1.3764475e-02
   1.9028656e-02
   1.4006602e-02
   1.1605792e-02
   1.3750742e-02
   2.0570073e-02
   1.1217014e-02
   9.6733216e-03
   1.0414084e-02
   1.7885000e-02
   9.8270718e-03
   7.7004433e-03
   2.9084565e-02
   2.6165882e-02
   1.4087793e-02
   8.9774309e-03
   2.4690397e-02
   2.6830062e-02
   1.7893143e-02
   3.0014779e-02
   3.6348246e-02
   3.8107917e-02
   3.4835435e-02
   2.1802569e-02
   2.3337157e-02
   2.7498305e-02
   1.9099152e-02
   2.2038516e-02
   7.3795058e-02
   5.5144768e-02
   2.7293177e-02
   1.3931799e-02
   7.7647798e-02
   5.6880187e-02
   2.8922347e-02
   1.1146202e-01
   1.2791418e-01
   1.1210659e-01
   1.3991852e-01
   9.4724506e-02
   9.2226267e-02
   9.6089683e-02
   8.4323592e-02
   1.2574187e-02
   3.8478147e-02
   3.4205735e-02
   1.3778830e-02
   9.7622359e-03
   4.6602797e-02
   3.6074713e-02
   1.8716210e-02
   5.2542914e-02
   6.2925123e-02
   6.2183131e-02
   6.7061007e-02
   4.2923752e-02
   4.4183698e-02
   5.2139882e-02
   4.1776322e-02
   1.0109950e-02
   2.5180759e-02
   2.0690056e-02
   9.9285981e-03
   1.0561886e-02
   2.1907693e-02
   2.5373794e-02
   1.4980042e-02
   1.4213088e-02
   2.0829599e-02
   2.7549172e-02
   1.3679328e-02
   9.7950110e-03
   1.2553147e-02
   1.9953698e-02
   1.0032425e-02
   2.3703095e-02
   2.8416291e-02
   5.0981581e-02
   1.9747706e-02
   2.9551588e-02
   4.4759311e-02
   5.6315906e-02
   2.9740740e-02
   2.4757756e-02
   3.1515159e-02
   5.2189752e-02
   2.1039372e-02
   1.8420493e-02
   1.4894228e-02
   2.7424265e-02
   1.4009010e-02
   5.4744795e-02
   4.9242083e-02
   1.0730385e-01
   4.6236258e-02
   6.6380225e-02
   8.0165438e-02
   1.2888607e-01
   6.0061939e-02
   4.8264492e-02
   4.9905758e-02
   1.0322378e-01
   3.9343853e-02
   3.7628565e-02
   1.7491477e-02
   3.7122060e-02
   2.1554029e-02
   3.0098177e-02
   3.4277301e-02
   5.4359842e-02
   2.7804635e-02
   3.1134510e-02
   4.7866773e-02
   6.7291819e-02
   3.2653116e-02
   2.6382176e-02
   3.1572703e-02
   5.4004695e-02
   2.0193441e-02
   2.2641752e-02
   1.4616958e-02
   2.9028006e-02
   1.3775542e-02
   9.0378234e-03
   2.0949086e-02
   2.0821393e-02
   1.4775774e-02
   1.0923394e-02
   2.1860527e-02
   2.0196604e-02
   1.7301111e-02
   1.2655069e-02
   2.1219058e-02
   2.6239820e-02
   1.1359685e-02
   9.8695215e-03
   1.2968045e-02
   2.1620063e-02
   1.1049583e-02
   9.6441442e-03
   3.5240889e-02
   3.2230765e-02
   1.8513175e-02
   9.8485360e-03
   4.0629137e-02
   3.0945880e-02
   2.1743465e-02
   3.9272185e-02
   5.4094441e-02
   4.8390750e-02
   4.8040554e-02
   3.4189913e-02
   3.3253301e-02
   4.0377565e-02
   3.0083997e-02
   4.3991491e-02
   1.2349602e-01
   7.1854547e-02
   4.6268877e-02
   2.7815262e-02
   1.3958961e-01
   6.4114027e-02
   3.8743727e-02
   1.0610769e-01
   1.3469668e-01
   8.9113906e-02
   8.5949451e-02
   1.8145120e-01
   1.5974721e-01
   1.7112735e-01
   1.7948975e-01
   1.9259404e-02
   6.0258217e-02
   4.4004552e-02
   2.2291942e-02
   1.5142441e-02
   8.4912628e-02
   3.5899390e-02
   2.1871064e-02
   5.0776187e-02
   6.8846256e-02
   5.3286858e-02
   4.0474750e-02
   8.0691613e-02
   7.2354645e-02
   8.4288433e-02
   8.9020357e-02
   1.0383869e-02
   1.9562069e-02
   2.8163752e-02
   1.5240622e-02
   1.2579382e-02
   4.1890889e-02
   3.6511734e-02
   2.0361619e-02
   1.8152975e-02
   3.2787643e-02
   3.7376445e-02
   1.6782528e-02
   1.5770584e-02
   1.5282420e-02
   2.7368603e-02
   1.3165912e-02
   3.2311801e-02
   3.2024249e-02
   8.2766064e-02
   3.0550579e-02
   4.0122379e-02
   6.7170471e-02
   8.9805506e-02
   4.9155101e-02
   4.0110514e-02
   4.9483374e-02
   9.7139925e-02
   3.3437978e-02
   3.3763029e-02
   1.9722186e-02
   3.9209284e-02
   2.2566708e-02
   9.1403067e-02
   6.9946580e-02
   1.8176915e-01
   8.6420283e-02
   1.1071657e-01
   1.0532517e-01
   2.2784039e-01
   9.9980220e-02
   7.5357370e-02
   6.8222247e-02
   1.8310861e-01
   6.8321802e-02
   6.7663588e-02
   2.4442699e-02
   5.0017688e-02
   3.7196871e-02
   4.7717236e-02
   4.6432998e-02
   7.7886112e-02
   4.8691846e-02
   5.2443575e-02
   7.1543172e-02
   1.1527669e-01
   4.7118548e-02
   3.7103917e-02
   4.8193399e-02
   9.0378210e-02
   3.5966478e-02
   4.0423252e-02
   1.5564262e-02
   3.1437661e-02
   2.1196585e-02
   1.1290016e-02
   2.2663331e-02
   2.0003427e-02
   2.1794973e-02
   1.6065229e-02
   3.6647484e-02
   2.7466444e-02
   2.4063641e-02
   1.8981200e-02
   3.8834997e-02
   3.6092646e-02
   1.5023179e-02
   1.1425829e-02
   1.3566375e-02
   2.8353285e-02
   1.6530117e-02
   1.6778221e-02
   5.2630331e-02
   3.6658682e-02
   2.6618682e-02
   1.5045955e-02
   6.9370799e-02
   3.2466464e-02
   2.4392923e-02
   3.9913040e-02
   6.2504873e-02
   4.0465590e-02
   3.4776647e-02
   6.6864856e-02
   5.2849315e-02
   6.1909828e-02
   6.0383372e-02
