   8.8872276e-03
   3.6265537e-02
   2.9816056e-02
   3.0065257e-02
   1.7141294e-02
   4.7647316e-02
   3.8249206e-02
   2.4974445e-02
   2.6095577e-02
   4.4238783e-02
   3.9801065e-02
   2.2148246e-02
   2.3851812e-02
   2.8067494e-02
   3.6249537e-02
   2.1616703e-02
   9.0717962e-03
   2.6785726e-02
   2.3788461e-02
   2.9524034e-02
   1.3882491e-02
   2.5386756e-02
   2.6524577e-02
   2.5617033e-02
   1.8975794e-02
   2.9628128e-02
   2.6709368e-02
   2.1703156e-02
   2.2953065e-02
   2.1484366e-02
   2.8396634e-02
   2.1078249e-02
   8.3014611e-03
   2.1017244e-02
   2.3231754e-02
   3.5018444e-02
   1.2047644e-02
   1.5507489e-02
   2.2968799e-02
   2.5539501e-02
   1.4495566e-02
   2.2264171e-02
   2.0474840e-02
   2.2459740e-02
   1.9595142e-02
   1.8610602e-02
   2.3767184e-02
   2.2860609e-02
   7.4958950e-03
   2.2780618e-02
   5.6814376e-02
   3.2309309e-02
   1.0191502e-02
   2.3503494e-02
   5.9269708e-02
   3.0373145e-02
   1.3451918e-02
   3.1952456e-02
   5.1797830e-02
   4.1855801e-02
   1.8650793e-02
   3.0750919e-02
   5.0251365e-02
   4.9413010e-02
   1.9227173e-02
   4.9478218e-02
   6.0914561e-02
   2.6674245e-02
   2.4134433e-02
   4.5879904e-02
   7.3753208e-02
   2.9550575e-02
   3.1423651e-02
   7.8096241e-02
   7.7401817e-02
   3.7870482e-02
   4.7221124e-02
   7.2292835e-02
   7.9295814e-02
   4.7938511e-02
   2.9878963e-02
   4.3021645e-02
   2.6245868e-02
   2.6264763e-02
   3.8065281e-02
   3.4046292e-02
   3.1877737e-02
   2.5456609e-02
   4.7822192e-02
   5.6621399e-02
   3.1456951e-02
   2.2844627e-02
   5.8621038e-02
   4.4750847e-02
   3.2823898e-02
   2.2715228e-02
   1.2050210e-02
   2.2518506e-02
   2.2628972e-02
   2.6993472e-02
   1.5397916e-02
   1.8054457e-02
   2.1908473e-02
   2.4645329e-02
   1.8591985e-02
   2.4475796e-02
   2.1000259e-02
   2.3737360e-02
   2.2247048e-02
   1.9284761e-02
   2.2624858e-02
   2.3337936e-02
   7.3907161e-03
   2.6413651e-02
   2.6576636e-02
   2.8589083e-02
   1.2927229e-02
   2.8538596e-02
   2.7019158e-02
   2.4241365e-02
   1.7946046e-02
   3.1637266e-02
   2.7886428e-02
   2.2590585e-02
   2.0235939e-02
   2.2489790e-02
   2.8131282e-02
   2.2173790e-02
   5.2435072e-03
   2.8945653e-02
   2.4773665e-02
   2.1934651e-02
   1.3009467e-02
   5.0649375e-02
   4.5602120e-02
   1.4532510e-02
   2.7748467e-02
   5.3012926e-02
   3.1183755e-02
   1.2448510e-02
   1.9015405e-02
   3.2125950e-02
   3.5747714e-02
   1.1744491e-02
   5.0659375e-03
   2.1377059e-02
   1.9747393e-02
   2.6205454e-02
   9.2466287e-03
   3.0360810e-02
   2.8154347e-02
   1.5617533e-02
   1.7609559e-02
   3.5735749e-02
   2.2066729e-02
   1.1540079e-02
   1.8409941e-02
   2.5712399e-02
   2.7646024e-02
   1.1021812e-02
   4.5564296e-03
   1.7852552e-02
   2.5966156e-02
   3.1941798e-02
   7.6456070e-03
   2.0820191e-02
   2.8972212e-02
   1.6666215e-02
   1.1418425e-02
   2.4310010e-02
   2.0779224e-02
   1.7877074e-02
   1.5286412e-02
   2.0393996e-02
   2.3995666e-02
   1.6715113e-02
   5.6529385e-03
   2.1391870e-02
   7.4605830e-02
   2.7313910e-02
   9.3972767e-03
   2.8916527e-02
   7.9023413e-02
   2.6503466e-02
   1.1582039e-02
   3.6349434e-02
   6.8091646e-02
   5.0785098e-02
   1.9184520e-02
   4.2850751e-02
   7.6453686e-02
   6.1345395e-02
   2.1538837e-02
   4.7984272e-02
   7.6259233e-02
   2.0583106e-02
   3.2989323e-02
   5.2724220e-02
   9.5285900e-02
   2.4250444e-02
   4.0757280e-02
   9.5043600e-02
   9.7876318e-02
   4.3311279e-02
   6.7706607e-02
   1.2254617e-01
   1.2707987e-01
   5.9251245e-02
   3.4838825e-02
   4.6822034e-02
   2.7163727e-02
   1.9124957e-02
   5.3989399e-02
   4.0352963e-02
   3.7973717e-02
   1.5165556e-02
   6.3570231e-02
   6.6093802e-02
   3.3377312e-02
   1.3984759e-02
   7.9227686e-02
   7.3467366e-02
   4.4488754e-02
   1.6594319e-02
   1.2117707e-02
   2.1710237e-02
   1.7346069e-02
   1.9929903e-02
   1.7958431e-02
   2.5417872e-02
   2.3843911e-02
   1.3032558e-02
   2.0348538e-02
   2.9022681e-02
   1.9102268e-02
   1.1750701e-02
   2.4461348e-02
   2.2731908e-02
   2.1747885e-02
   1.2204691e-02
   5.4313196e-03
   2.0889137e-02
   1.9710684e-02
   2.0528313e-02
   1.1651390e-02
   3.3311356e-02
   3.0792907e-02
   1.3160166e-02
   1.7423483e-02
   3.7704241e-02
   2.5277957e-02
   1.2551030e-02
   1.7873347e-02
   2.6121661e-02
   2.8034871e-02
   1.1967532e-02
   6.0028592e-03
   3.1914152e-02
   2.8019769e-02
   2.2721926e-02
   1.5055605e-02
   6.8663053e-02
   5.2568749e-02
   9.5409788e-03
   2.9287567e-02
   6.4751118e-02
   3.7507351e-02
   9.7052595e-03
   1.6659522e-02
   4.2419191e-02
   3.8241819e-02
   9.4333123e-03
   5.6980224e-03
   2.2026600e-02
   2.0263813e-02
   2.7884362e-02
   1.1177058e-02
   4.1124593e-02
   3.1955242e-02
   8.9153750e-03
   1.7364187e-02
   4.3970250e-02
   2.5993880e-02
   9.4219632e-03
   1.6342843e-02
   3.1971015e-02
   3.2082334e-02
   9.1047827e-03
   4.8556728e-03
   1.6803116e-02
   3.6311325e-02
   3.7873186e-02
   9.0260422e-03
   3.1184629e-02
   4.6510719e-02
   1.2356685e-02
   1.0774364e-02
   3.2657191e-02
   2.5709096e-02
   1.9095488e-02
   1.7311577e-02
   2.8379409e-02
   3.4215484e-02
   2.0310977e-02
   5.8765016e-03
   2.0190720e-02
   1.1818769e-01
   3.1869054e-02
   1.1780742e-02
   4.4045612e-02
   1.2672751e-01
   3.6188595e-02
   1.2708891e-02
   4.6918344e-02
   9.0429373e-02
   7.7940799e-02
   2.7429113e-02
   5.4846667e-02
   8.3912700e-02
   9.3817562e-02
   1.8460523e-02
   4.5275416e-02
   1.1713647e-01
   2.3543518e-02
   3.9610997e-02
   6.7515172e-02
   1.4910200e-01
   3.1845074e-02
   5.9008472e-02
   1.1811048e-01
   1.2908337e-01
   6.4580552e-02
   8.2616784e-02
   1.3884714e-01
   1.2227464e-01
   8.9934140e-02
   2.5905713e-02
   3.7926190e-02
   3.7346482e-02
   2.1568900e-02
   6.1695978e-02
   5.4904785e-02
   5.7911377e-02
   1.1320620e-02
   9.2848837e-02
   8.1119515e-02
   4.6260096e-02
   1.2266014e-02
   1.0202496e-01
   8.2943067e-02
   4.9208365e-02
   1.7716769e-02
   1.1223939e-02
   2.0534920e-02
   1.9656159e-02
   2.0747399e-02
   2.1442462e-02
   3.8606957e-02
   2.9196007e-02
   7.2536403e-03
   2.7444016e-02
   4.1846212e-02
   2.2713285e-02
   7.4568298e-03
   3.2849737e-02
   3.5830975e-02
   2.2219205e-02
   8.3974423e-03
   6.4593973e-03
   2.3622552e-02
   2.0035964e-02
   2.1236349e-02
   1.4259971e-02
   4.3815278e-02
   3.3056639e-02
   8.2185026e-03
   1.6699070e-02
   4.8914880e-02
   2.8525969e-02
   8.7347925e-03
   1.6724782e-02
   3.4125622e-02
   2.6338840e-02
   8.5812192e-03
   8.1596626e-03
   3.9829731e-02
   3.0669346e-02
   3.8604215e-02
   1.9068904e-02
   6.8564616e-02
   4.8445862e-02
   6.3013034e-03
   2.4238059e-02
   6.3568681e-02
   4.6595257e-02
   7.6392493e-03
   2.1349661e-02
   6.4305663e-02
   5.4981727e-02
   8.9877648e-03
   8.7189637e-03
   2.5914133e-02
   2.2656949e-02
   3.7914988e-02
   1.7161734e-02
   4.0717565e-02
   3.5984326e-02
   6.8304334e-03
   1.2679578e-02
   4.2535823e-02
   3.0584237e-02
   8.9143096e-03
   2.2455037e-02
   3.4481633e-02
   3.4558088e-02
   1.1717189e-02
   6.2269373e-03
   2.2734506e-02
   4.3750159e-02
   4.1278537e-02
   1.2435975e-02
   3.2885239e-02
   4.9870893e-02
   1.5876736e-02
   9.5990906e-03
   3.5117548e-02
   3.2827094e-02
   2.4410261e-02
   2.4763428e-02
   3.8594291e-02
   4.2971447e-02
   2.6285222e-02
   8.7737525e-03
   2.9172515e-02
   1.4610685e-01
   3.1964574e-02
   1.8530734e-02
   4.8182435e-02
   1.3693632e-01
   5.9688821e-02
   1.7388986e-02
   5.4225281e-02
   1.0247734e-01
   1.1314295e-01
   3.7118644e-02
   7.4062571e-02
   9.3273722e-02
   1.0959422e-01
   2.8050937e-02
   6.2509656e-02
   1.3998413e-01
   2.8835071e-02
   5.4132875e-02
   5.4769401e-02
   1.3672259e-01
   5.4273378e-02
   6.5074161e-02
   1.4257112e-01
   1.3568068e-01
   9.9750496e-02
   7.9178274e-02
   1.8877353e-01
   1.3867247e-01
   1.0741779e-01
   4.0257439e-02
   5.3039186e-02
   3.6275357e-02
   2.3448557e-02
   8.9253567e-02
   4.8021562e-02
   5.3050149e-02
   1.4324242e-02
   9.7617313e-02
   9.0934210e-02
   5.9053700e-02
   1.7000804e-02
   8.7696917e-02
   1.1407863e-01
   6.4826019e-02
   2.1188533e-02
   1.5300071e-02
   2.6903089e-02
   2.0865656e-02
   2.8308582e-02
   3.1306598e-02
   4.2725328e-02
   3.5867747e-02
   5.7795313e-03
   2.9324243e-02
   4.0801167e-02
   3.1735197e-02
   6.8864916e-03
   3.5422426e-02
   4.1740723e-02
   2.9379858e-02
   1.1607879e-02
   1.0589096e-02
   3.4510218e-02
   2.7116992e-02
   3.0945431e-02
   1.8101795e-02
   5.9443176e-02
   4.3935623e-02
   7.0454432e-03
   1.6769871e-02
   5.2425653e-02
   2.9751761e-02
   5.2749864e-03
   2.1921314e-02
   4.3634091e-02
   3.1587869e-02
   8.8471640e-03
