   4.4894356e-02
   3.7996829e-02
   4.6285611e-02
   1.1218910e-02
   3.7207786e-02
   4.0188968e-02
   2.4438886e-02
   6.9650286e-03
   3.5554104e-02
   3.3563361e-02
   3.2461517e-02
   6.6369544e-03
   3.0079518e-02
   3.8418092e-02
   4.0216014e-02
   7.1892645e-03
   4.0323246e-02
   3.7381489e-02
   4.2844214e-02
   1.0595215e-02
   3.3185806e-02
   3.5714544e-02
   2.4231397e-02
   7.1570422e-03
   3.3035330e-02
   3.2555230e-02
   2.7594900e-02
   6.5593743e-03
   3.2278202e-02
   3.5290014e-02
   3.2404754e-02
   7.2244038e-03
   5.4187395e-02
   3.9744757e-02
   4.0723789e-02
   1.0708455e-02
   5.7858016e-02
   3.5138313e-02
   2.6020916e-02
   8.6811595e-03
   6.6045955e-02
   4.0246278e-02
   2.7102258e-02
   7.0738397e-03
   7.9349801e-02
   5.0708152e-02
   3.2184653e-02
   7.5197457e-03
   1.6561934e-01
   5.6456000e-02
   5.0073743e-02
   1.0889944e-02
   1.6065694e-01
   7.5105950e-02
   3.3815339e-02
   9.0585174e-03
   1.3322377e-01
   1.0180451e-01
   3.7521254e-02
   8.5967323e-03
   1.0740343e-01
   1.2711842e-01
   4.8159197e-02
   9.7661223e-03
   1.2617429e-01
   6.1738916e-02
   7.4596643e-02
   1.8122038e-02
   9.7945020e-02
   7.5134881e-02
   5.6451086e-02
   1.4979833e-02
   7.0448548e-02
   9.1417074e-02
   5.2083328e-02
   9.5780548e-03
   4.9619231e-02
   9.5025256e-02
   6.4126231e-02
   1.0952282e-02
   4.2743929e-02
   4.3232083e-02
   5.4427516e-02
   1.7369762e-02
   3.2032687e-02
   3.9099775e-02
   4.3629609e-02
   1.4044501e-02
   3.3902440e-02
   4.5778081e-02
   3.8896371e-02
   7.8839734e-03
   3.5055079e-02
   4.4606857e-02
   4.3481439e-02
   8.7050907e-03
   4.6412002e-02
   4.1641418e-02
   4.1143514e-02
   1.0482302e-02
   3.4143258e-02
   3.8533717e-02
   2.8936228e-02
   7.1895989e-03
   3.1604890e-02
   4.1961059e-02
   2.5398735e-02
   6.4427056e-03
   3.1623375e-02
   3.9669972e-02
   2.9985707e-02
   8.0223829e-03
   4.4182412e-02
   3.9125975e-02
   4.3562382e-02
   1.1083986e-02
   3.6540721e-02
   3.6446642e-02
   2.4287194e-02
   7.1102548e-03
   3.4188177e-02
   3.5253171e-02
   2.7893556e-02
   6.3810814e-03
   3.1100921e-02
   3.5890736e-02
   3.3898771e-02
   7.3516020e-03
   2.8314540e-02
   3.7979841e-02
   3.8656335e-02
   6.1740796e-03
   2.7297335e-02
   3.2992199e-02
   2.2361968e-02
   3.9682905e-03
   3.6614150e-02
   2.9204242e-02
   3.7032701e-02
   4.1259555e-03
   3.2648183e-02
   3.7038494e-02
   4.4614602e-02
   4.8331162e-03
   2.9354014e-02
   3.4389239e-02
   3.5335064e-02
   5.8972049e-03
   3.0680809e-02
   2.8309606e-02
   1.8992944e-02
   3.8521262e-03
   3.9996684e-02
   3.2101724e-02
   3.1911682e-02
   4.0030326e-03
   4.4882588e-02
   3.7126634e-02
   3.4752503e-02
   4.3857121e-03
   7.2970651e-02
   3.7149180e-02
   3.5170816e-02
   5.5684596e-03
   8.8658750e-02
   2.9469309e-02
   2.1692911e-02
   4.4958633e-03
   1.1054700e-01
   3.8034342e-02
   2.9244576e-02
   4.5752572e-03
   1.3292637e-01
   5.4439403e-02
   3.3760168e-02
   4.9866182e-03
   2.1857269e-01
   5.2141197e-02
   4.0871177e-02
   8.4707970e-03
   2.4181432e-01
   5.3273473e-02
   2.7648043e-02
   6.7034275e-03
   2.2606057e-01
   7.5822555e-02
   4.1330967e-02
   7.0496020e-03
   1.8146522e-01
   1.1430672e-01
   5.5579904e-02
   7.5420747e-03
   1.5730497e-01
   5.8759157e-02
   7.9493053e-02
   2.5282579e-02
   1.4026624e-01
   5.5156421e-02
   6.5006413e-02
   2.0416427e-02
   1.1156578e-01
   7.3122650e-02
   6.3026980e-02
   9.1685243e-03
   7.7261373e-02
   8.3431244e-02
   7.7634215e-02
   1.0444996e-02
   4.3742932e-02
   3.7701908e-02
   5.6343026e-02
   2.4390029e-02
   3.6314499e-02
   3.0426903e-02
   4.9267866e-02
   2.0054704e-02
   4.3720767e-02
   5.1707517e-02
   5.7677519e-02
   6.2990990e-03
   4.2576686e-02
   4.7160763e-02
   4.9203474e-02
   7.8138420e-03
   2.8459046e-02
   3.3742830e-02
   3.4510866e-02
   7.6101231e-03
   2.4985379e-02
   2.8228408e-02
   2.2030013e-02
   5.6984071e-03
   3.5037939e-02
   4.5006860e-02
   3.1616632e-02
   3.9518415e-03
   3.8152121e-02
   4.0395495e-02
   3.1655941e-02
   5.4001473e-03
   2.6076095e-02
   3.5513613e-02
   3.4820672e-02
   5.8869929e-03
   2.4924947e-02
   2.9470440e-02
   2.1053925e-02
   3.6970333e-03
   3.3211745e-02
   3.2077495e-02
   2.9634584e-02
   3.9787851e-03
   3.2954395e-02
   3.4387257e-02
   3.7743945e-02
   4.7040372e-03
   3.6730755e-02
   3.7868749e-02
   3.8322676e-02
   5.9719849e-03
   3.5514325e-02
   3.0058648e-02
   1.8838052e-02
   3.0437189e-03
   5.2743334e-02
   3.3971813e-02
   4.3941151e-02
   3.0450944e-03
   5.4013696e-02
   4.2280748e-02
   4.8902292e-02
   3.8815327e-03
   3.8122904e-02
   3.0591093e-02
   3.3012100e-02
   5.2614491e-03
   4.2515501e-02
   2.8046144e-02
   1.6244300e-02
   3.0879818e-03
   6.0632523e-02
   3.2964848e-02
   3.6760375e-02
   3.1530710e-03
   7.9675063e-02
   4.4701267e-02
   3.6761679e-02
   3.7627243e-03
   6.9396727e-02
   3.1209551e-02
   3.7677351e-02
   4.7463109e-03
   1.0349096e-01
   2.9645663e-02
   2.1854784e-02
   2.8217160e-03
   1.4536670e-01
   3.3055913e-02
   3.8381636e-02
   4.1285283e-03
   2.1318619e-01
   3.9224021e-02
   4.0772595e-02
   4.8000123e-03
   1.3937032e-01
   6.5275475e-02
   4.3308552e-02
   9.8010553e-03
   2.2451055e-01
   6.6299722e-02
   2.9260883e-02
   8.0455719e-03
   2.4309151e-01
   6.1323814e-02
   6.6969544e-02
   8.2899565e-03
   2.6716101e-01
   6.3547544e-02
   7.2867595e-02
   9.9570910e-03
   9.7155452e-02
   7.3703423e-02
   8.0467619e-02
   4.0476177e-02
   1.1227689e-01
   7.1937755e-02
   6.7607075e-02
   3.3488840e-02
   1.0298979e-01
   6.7944840e-02
   9.9522047e-02
   1.3213498e-02
   1.0116415e-01
   6.8190493e-02
   1.1500868e-01
   1.4181205e-02
   5.0319239e-02
   3.3424627e-02
   5.8843430e-02
   3.8688641e-02
   5.1554747e-02
   3.1168511e-02
   5.2331783e-02
   3.3003628e-02
   6.1687864e-02
   4.9350336e-02
   9.0423815e-02
   8.2326941e-03
   6.4710006e-02
   4.3491777e-02
   6.6111274e-02
   8.8724662e-03
   3.5284538e-02
   2.8699938e-02
   3.7837669e-02
   8.6697657e-03
   3.4044221e-02
   2.5227450e-02
   2.4187008e-02
   6.7881402e-03
   5.2941274e-02
   4.6615213e-02
   4.9263097e-02
   3.3817245e-03
   6.4583600e-02
   4.1218948e-02
   3.3771776e-02
   5.2907164e-03
   2.7185304e-02
   3.6810335e-02
   4.0752009e-02
   4.4875685e-03
   3.7518393e-02
   2.8056221e-02
   2.1270758e-02
   2.9236141e-03
   4.8799429e-02
   4.1048463e-02
   4.3614656e-02
   3.0722669e-03
   5.0003845e-02
   3.8862031e-02
   4.2014647e-02
   4.2979582e-03
   4.0909290e-02
   3.9835420e-02
   5.8531750e-02
   8.8029103e-03
   4.5558367e-02
   2.6025016e-02
   1.8143704e-02
   2.7524529e-03
   6.9736324e-02
   4.4717468e-02
   6.5037295e-02
   4.5890352e-03
   6.3982092e-02
   4.3056671e-02
   5.3084407e-02
   4.4465596e-03
   4.0724326e-02
   3.3537235e-02
   4.9599290e-02
   7.1665049e-03
   5.0988354e-02
   2.0334465e-02
   1.5548013e-02
   2.5832390e-03
   6.0329214e-02
   3.7716731e-02
   6.8732433e-02
   4.4318945e-03
   9.6396111e-02
   5.1210985e-02
   4.2545769e-02
   4.8987134e-03
   4.6687104e-02
   2.8160146e-02
   5.2746665e-02
   7.2373454e-03
   6.0946170e-02
   2.4525354e-02
   1.9899588e-02
   2.3206451e-03
   9.2565343e-02
   4.0821403e-02
   5.2683007e-02
   6.2188087e-03
   1.7035554e-01
   4.5694999e-02
   4.6664707e-02
   7.2732330e-03
   5.9908211e-02
   8.5011415e-02
   4.7950868e-02
   1.7033130e-02
   6.0948957e-02
   8.9571051e-02
   4.1045308e-02
   1.2378900e-02
   1.1069008e-01
   8.2604401e-02
   1.0329022e-01
   1.3826600e-02
   1.5808001e-01
   7.9730667e-02
   1.1672452e-01
   1.6741183e-02
   5.1597618e-02
   1.0566670e-01
   6.3532226e-02
   7.4645281e-02
   3.5029143e-02
   1.0151370e-01
   8.5587047e-02
   5.6698114e-02
   6.1835937e-02
   8.1909545e-02
   1.3897578e-01
   2.4242010e-02
   7.1165539e-02
   7.8289069e-02
   1.4189257e-01
   2.8000742e-02
   4.1706637e-02
   4.1396722e-02
   5.8434062e-02
   6.7279778e-02
   5.7141852e-02
   3.8753539e-02
   6.4533137e-02
   5.3048808e-02
   7.6095685e-02
   5.7655677e-02
   9.9530376e-02
   1.6064480e-02
   7.0494287e-02
   3.9914917e-02
   9.0963662e-02
   1.2029141e-02
   3.8839929e-02
   2.7508233e-02
   4.3850455e-02
   1.4008455e-02
   3.6732901e-02
   2.3728635e-02
   2.4091691e-02
   9.4995853e-03
   5.1169734e-02
   4.9768429e-02
   8.3684310e-02
   4.6494002e-03
   8.2643799e-02
   3.5529871e-02
   5.2159555e-02
   6.7237774e-03
   2.5070077e-02
   3.5222195e-02
   4.8260480e-02
   6.2725772e-03
   3.9609738e-02
   2.1962756e-02
   2.1260062e-02
   2.1831559e-03
   6.1597791e-02
   5.2028447e-02
   9.0501644e-02
   4.6917223e-03
   6.5073356e-02
   4.2973656e-02
   5.1793519e-02
   4.9822535e-03
