   1.0117441e-02
   2.6577128e-02
   2.3770815e-02
   5.6408197e-02
   1.1189146e-02
   4.5106165e-02
   6.2226657e-02
   8.0033585e-02
   5.9534539e-03
   1.1604757e-01
   1.2697251e-01
   3.2294210e-02
   5.1428247e-03
   1.1868916e-01
   1.5338516e-01
   2.9830227e-02
   9.6820900e-03
   2.1300096e-02
   2.2081764e-02
   4.3897081e-02
   9.4168214e-03
   2.1959355e-02
   2.7530372e-02
   3.6683675e-02
   5.7188710e-03
   8.2411848e-02
   6.2211502e-02
   2.3760332e-02
   5.0984719e-03
   8.3303005e-02
   7.4843772e-02
   2.4128150e-02
   9.2855161e-03
   1.9982027e-02
   2.1122016e-02
   4.1986383e-02
   7.7960445e-03
   1.0468098e-02
   1.3607419e-02
   2.0564759e-02
   5.9254486e-03
   6.4771332e-02
   3.4764290e-02
   2.1042259e-02
   5.1407958e-03
   6.6232599e-02
   3.9251901e-02
   2.3257421e-02
   1.6199648e-02
   3.6615141e-02
   4.6780959e-02
   5.4313824e-02
   9.0827476e-03
   1.2433987e-02
   1.6575750e-02
   2.0520292e-02
   1.2051128e-02
   5.9181314e-02
   4.6999931e-02
   2.2797760e-02
   1.1455944e-02
   6.0901389e-02
   4.8810702e-02
   2.5751064e-02
   2.8607845e-02
   6.6651970e-02
   9.8477468e-02
   7.6561823e-02
   1.2700577e-02
   1.5824798e-02
   2.3967719e-02
   2.1605529e-02
   2.3971410e-02
   9.3198024e-02
   7.4915260e-02
   2.8608512e-02
   2.3271643e-02
   1.0300304e-01
   8.1260085e-02
   3.0479243e-02
   1.4451057e-02
   3.6240183e-02
   5.4262377e-02
   6.0720455e-02
   8.9018829e-03
   1.1657558e-02
   1.7909043e-02
   1.9589083e-02
   1.1403339e-02
   5.7197932e-02
   4.0795039e-02
   2.2390977e-02
   1.0480395e-02
   6.0879916e-02
   4.2994402e-02
   2.4250897e-02
   9.8374225e-03
   2.5729179e-02
   2.4624420e-02
   4.4380665e-02
   8.5402271e-03
   9.3190540e-03
   1.3618452e-02
   1.7606899e-02
   6.2500113e-03
   7.4085034e-02
   3.0474504e-02
   2.0547098e-02
   5.1417020e-03
   8.0441438e-02
   3.5347007e-02
   2.1617418e-02
   9.6991630e-03
   2.8454497e-02
   2.3088319e-02
   4.8208922e-02
   9.9554062e-03
   2.2078812e-02
   3.1022035e-02
   3.8724922e-02
   5.8293138e-03
   1.0097558e-01
   5.9798814e-02
   2.4170849e-02
   5.0855470e-03
   1.0194260e-01
   6.9794200e-02
   2.3953896e-02
   7.2989734e-03
   3.2279134e-02
   2.7252480e-02
   7.6649830e-02
   1.3132109e-02
   6.3096389e-02
   7.9780079e-02
   1.0278439e-01
   4.2110425e-03
   1.4674582e-01
   1.9293424e-01
   3.3225086e-02
   3.3823613e-03
   1.3866280e-01
   2.1332705e-01
   3.2008465e-02
   6.6884202e-03
   2.2798548e-02
   2.3882942e-02
   5.7998296e-02
   1.0113386e-02
   2.9837735e-02
   3.3571299e-02
   4.3556623e-02
   3.9790017e-03
   1.0606496e-01
   9.2148118e-02
   1.9946022e-02
   3.3473445e-03
   1.0777242e-01
   1.0268538e-01
   2.0990178e-02
   7.0815119e-03
   2.0682996e-02
   2.2762066e-02
   4.4678237e-02
   8.5689463e-03
   1.3436518e-02
   1.4524638e-02
   1.9472474e-02
   4.2868382e-03
   9.7272113e-02
   5.2298516e-02
   1.3819442e-02
   3.5618409e-03
   9.5402271e-02
   5.7154216e-02
   1.6618203e-02
   2.0971032e-02
   5.2832555e-02
   5.2212704e-02
   5.4230627e-02
   1.1278203e-02
   1.7101543e-02
   1.8832760e-02
   1.8971482e-02
   1.5336343e-02
   7.4385174e-02
   5.4043218e-02
   1.8453833e-02
   1.4636406e-02
   7.7126667e-02
   5.5613499e-02
   2.1747014e-02
   4.3135386e-02
   1.0580585e-01
   1.1066177e-01
   8.8387161e-02
   1.6681075e-02
   2.2764565e-02
   2.9093698e-02
   2.0859139e-02
   3.5051677e-02
   1.2837802e-01
   1.0690851e-01
   2.6860924e-02
   3.4301952e-02
   1.5035565e-01
   1.1841364e-01
   3.1404618e-02
   1.8229404e-02
   5.1452130e-02
   5.7092406e-02
   6.3691646e-02
   1.0793478e-02
   1.5350978e-02
   1.9199705e-02
   1.6084060e-02
   1.3843413e-02
   6.6235065e-02
   4.8689142e-02
   1.5856398e-02
   1.3531055e-02
   7.2691508e-02
   5.2108739e-02
   2.0320734e-02
   6.8175937e-03
   2.4683816e-02
   2.5043949e-02
   4.4839069e-02
   8.6913947e-03
   1.1113713e-02
   1.3860162e-02
   1.3395408e-02
   4.8003672e-03
   9.6430898e-02
   3.8002186e-02
   1.2008604e-02
   3.5333887e-03
   1.0809718e-01
   4.2117368e-02
   1.5191509e-02
   6.6174329e-03
   3.1243743e-02
   2.5919180e-02
   5.6948777e-02
   1.1543179e-02
   3.1472132e-02
   3.9850656e-02
   4.4713248e-02
   4.0721423e-03
   1.2347912e-01
   8.3286680e-02
   1.9267835e-02
   3.2219903e-03
   1.2468450e-01
   9.0130739e-02
   2.1245258e-02
   8.6792940e-03
   3.4172155e-02
   3.6302440e-02
   7.7923030e-02
   1.9194808e-02
   8.1146158e-02
   1.2131900e-01
   1.6616189e-01
   3.4283523e-03
   1.4251134e-01
   2.7507603e-01
   4.0119976e-02
   2.3647784e-03
   9.3751930e-02
   2.4429873e-01
   4.4228043e-02
   7.1750274e-03
   2.6971102e-02
   3.1668387e-02
   5.8118775e-02
   1.4668575e-02
   3.8085461e-02
   4.9273878e-02
   6.4531848e-02
   3.2860311e-03
   1.0776894e-01
   1.2782936e-01
   2.3226744e-02
   2.6069458e-03
   1.0100566e-01
   1.1760545e-01
   2.9186636e-02
   7.9174824e-03
   2.1276128e-02
   2.5685297e-02
   4.0803522e-02
   1.2162033e-02
   2.0304393e-02
   1.9233612e-02
   2.1250367e-02
   3.5959752e-03
   6.4542845e-02
   3.3608407e-02
   1.0720296e-02
   3.3946785e-03
   6.5886572e-02
   3.5342310e-02
   1.9305488e-02
   3.5165314e-02
   7.3298842e-02
   6.5973304e-02
   5.1185042e-02
   1.6309001e-02
   2.4379991e-02
   2.5967646e-02
   2.0495094e-02
   2.2132771e-02
   5.5552043e-02
   5.5324186e-02
   1.6431166e-02
   1.8138496e-02
   6.1715487e-02
   5.5436827e-02
   2.3888962e-02
   7.6771542e-02
   1.5031376e-01
   1.4824630e-01
   9.2274614e-02
   2.5106663e-02
   2.9000448e-02
   3.9360173e-02
   2.4174454e-02
   5.3237200e-02
   1.1136781e-01
   1.2814204e-01
   2.7125349e-02
   4.5227692e-02
   1.3921098e-01
   1.4084171e-01
   3.9606098e-02
   2.8902963e-02
   7.0211157e-02
   6.8811916e-02
   5.1355485e-02
   1.7573433e-02
   2.0544523e-02
   2.7116966e-02
   1.7124958e-02
   2.0206422e-02
   5.1159751e-02
   5.3704992e-02
   1.4288023e-02
   1.7450208e-02
   5.8522739e-02
   5.6051828e-02
   2.2116393e-02
   8.0186632e-03
   2.7777297e-02
   2.9255120e-02
   4.0612645e-02
   1.4245742e-02
   1.6336661e-02
   2.1209886e-02
   1.4049930e-02
   4.7540679e-03
   7.3204972e-02
   2.7570922e-02
   8.5750408e-03
   2.8462678e-03
   8.4112108e-02
   2.6250608e-02
   1.5050853e-02
   6.9358852e-03
   3.4515679e-02
   3.3317465e-02
   6.1755162e-02
   1.6715640e-02
   4.1816231e-02
   5.7854947e-02
   6.9509111e-02
   3.4525495e-03
   1.2023496e-01
   1.1344060e-01
   1.9560805e-02
   2.4034297e-03
   1.0732731e-01
   1.0153215e-01
   2.5106689e-02
   1.6430419e-02
   3.7879091e-02
   5.4870885e-02
   9.9220172e-02
   2.9354423e-02
   1.1436754e-01
   1.4946948e-01
   1.6849080e-01
   4.8185522e-03
   4.1844025e-02
   3.9469134e-02
   3.5465598e-02
   2.4092544e-03
   2.7439594e-02
   4.8490487e-02
   3.6986943e-02
   1.3055297e-02
   2.7837642e-02
   3.7388746e-02
   6.7849569e-02
   2.4579460e-02
   5.0883736e-02
   6.2906496e-02
   6.4395919e-02
   4.6474575e-03
   2.1230483e-02
   1.8572634e-02
   1.8536313e-02
   2.4739890e-03
   1.6936840e-02
   2.2384284e-02
   2.6521476e-02
   1.2532345e-02
   2.1904249e-02
   2.9167900e-02
   4.8917979e-02
   2.2207454e-02
   2.8091567e-02
   3.7327513e-02
   2.6586492e-02
   5.2100825e-03
   1.3285632e-02
   1.3122576e-02
   1.0090606e-02
   3.6059313e-03
   1.0609054e-02
   1.1849788e-02
   1.8526440e-02
   5.4629814e-02
   8.9719415e-02
   8.1991911e-02
   5.7502422e-02
   3.0743729e-02
   3.6198873e-02
   3.9178342e-02
   2.5176682e-02
   4.0394552e-02
   3.1251598e-02
   3.2896459e-02
   1.9596456e-02
   3.4727212e-02
   4.2979121e-02
   3.2559268e-02
   3.0801557e-02
   1.1959098e-01
   2.0043990e-01
   1.5712635e-01
   1.1613420e-01
   4.8706841e-02
   4.3541443e-02
   6.0025577e-02
   3.1466976e-02
   9.6973531e-02
   6.9075294e-02
   7.5372279e-02
   3.5848346e-02
   8.5229591e-02
   9.4800644e-02
   8.1473991e-02
   5.0318398e-02
   4.3510970e-02
   8.4140070e-02
   7.2918102e-02
   5.9437733e-02
   3.4261983e-02
   3.3051640e-02
   3.9576299e-02
   2.2537308e-02
   3.7345238e-02
   3.3418555e-02
   3.4080137e-02
   1.7287496e-02
   3.0365171e-02
   3.4695562e-02
   3.3971671e-02
   2.7394654e-02
   1.2089005e-02
   3.1501874e-02
   3.9007030e-02
   4.5569979e-02
   2.6028745e-02
   2.7979692e-02
   3.0658856e-02
   1.6152456e-02
   7.0244772e-03
   1.7465191e-02
   1.3323223e-02
   6.5881889e-03
   3.1381070e-03
   1.1966308e-02
   9.0399077e-03
   1.3406293e-02
   1.3594429e-02
   4.4570133e-02
   4.5247257e-02
   8.4903583e-02
   3.0390389e-02
   5.8597591e-02
   7.2341330e-02
   7.6252960e-02
   5.3468766e-03
   2.5848642e-02
   2.3623088e-02
   1.8782135e-02
   2.7065750e-03
   1.6545368e-02
   2.5737999e-02
   2.2946434e-02
