   4.6876647e-02
   2.8111691e-02
   8.2442546e-03
   1.9873371e-02
   4.1889738e-02
   5.0567701e-02
   8.2524111e-03
   9.3371309e-03
   2.7251685e-02
   1.7487198e-02
   1.2244397e-02
   5.2764430e-03
   2.5482411e-02
   2.9780522e-02
   2.9273672e-02
   1.4565783e-02
   4.8718657e-02
   2.3640366e-02
   8.3431704e-03
   2.2631770e-02
   3.8344532e-02
   4.2274792e-02
   8.2575241e-03
   9.7205676e-03
   2.5116112e-02
   1.2417482e-02
   1.1496030e-02
   5.2846465e-03
   2.3000861e-02
   1.7053638e-02
   2.0220712e-02
   1.3179457e-02
   3.8302019e-02
   2.1772003e-02
   8.7335091e-03
   4.0484980e-02
   5.6331851e-02
   6.3147217e-02
   9.3033565e-03
   9.3536191e-03
   2.5829762e-02
   1.1154976e-02
   1.2390677e-02
   5.7713613e-03
   2.1865202e-02
   9.5293485e-03
   1.4046982e-02
   1.3238936e-02
   5.1161516e-02
   2.8264074e-02
   1.0213062e-02
   4.9731974e-02
   7.1687959e-02
   8.1355482e-02
   1.1059401e-02
   9.7306566e-03
   2.8685641e-02
   1.3351412e-02
   1.4958798e-02
   6.8248441e-03
   2.0791881e-02
   9.3376264e-03
   2.5612529e-02
   1.5143082e-02
   5.1487308e-02
   3.1184483e-02
   1.9555703e-02
   2.9933227e-02
   5.4645348e-02
   8.2116902e-02
   2.2058070e-02
   1.9008303e-02
   2.5666520e-02
   1.3767254e-02
   3.2262783e-02
   7.4182176e-03
   2.5112530e-02
   9.8447548e-03
   3.9362818e-02
   1.5738918e-02
   5.3026676e-02
   2.5167651e-02
   1.5555895e-02
   2.8257631e-02
   5.7025451e-02
   6.5054268e-02
   1.7800780e-02
   2.2189671e-02
   2.3333978e-02
   1.1613412e-02
   2.7005246e-02
   7.2050299e-03
   2.9783923e-02
   9.7183371e-03
   1.9839669e-02
   3.6595721e-02
   5.7471860e-02
   3.1626754e-02
   8.7034833e-03
   1.7811932e-02
   5.5538852e-02
   5.8124911e-02
   8.9188190e-03
   9.5035098e-03
   2.3132175e-02
   1.0714994e-02
   1.2086058e-02
   5.6046322e-03
   2.2508135e-02
   9.7905155e-03
   1.3965623e-02
   4.8235640e-02
   4.5646116e-02
   3.1144461e-02
   8.5344128e-03
   1.6842790e-02
   3.3447813e-02
   3.8381871e-02
   8.6891744e-03
   8.3815837e-03
   2.3108078e-02
   1.1653171e-02
   1.1446839e-02
   5.1124603e-03
   2.2657312e-02
   1.6047744e-02
   1.8651418e-02
   1.9817276e-02
   3.9884191e-02
   2.1318039e-02
   6.5423860e-03
   1.1409279e-02
   3.4905199e-02
   4.6399519e-02
   6.5490073e-03
   5.0252532e-03
   2.0341825e-02
   2.2933278e-02
   9.1810627e-03
   3.7552761e-03
   2.0574609e-02
   3.2350760e-02
   2.9991945e-02
   1.0525868e-02
   2.7681386e-02
   1.5264209e-02
   6.4424984e-03
   1.3350096e-02
   2.5660651e-02
   2.8875230e-02
   5.9805741e-03
   5.0845919e-03
   1.7963810e-02
   1.3359540e-02
   7.4419910e-03
   3.6553489e-03
   1.6158076e-02
   1.7103678e-02
   2.0646652e-02
   9.7448062e-03
   2.4016147e-02
   1.2454876e-02
   5.8931583e-03
   3.8905825e-02
   2.7962888e-02
   2.1778947e-02
   6.1252564e-03
   5.4386887e-03
   1.9618234e-02
   7.7802381e-03
   8.0669485e-03
   4.4221124e-03
   1.2593722e-02
   6.8956218e-03
   1.2559035e-02
   1.0783315e-02
   4.0640254e-02
   2.0190988e-02
   8.8453265e-03
   5.4768078e-02
   5.6252472e-02
   3.6131140e-02
   9.5508965e-03
   8.5998187e-03
   2.2542654e-02
   9.1041736e-03
   1.5095420e-02
   6.0732602e-03
   1.4720724e-02
   6.8811392e-03
   3.6428485e-02
   1.2897039e-02
   2.7182210e-02
   2.1702457e-02
   2.9281458e-02
   4.0017318e-02
   3.5738848e-02
   4.3938994e-02
   3.3092435e-02
   2.7467547e-02
   1.6292172e-02
   8.9026010e-03
   5.2329835e-02
   7.4111698e-03
   2.1965260e-02
   8.4031159e-03
   5.9357241e-02
   1.4321219e-02
   1.5241286e-02
   1.2508851e-02
   2.0977348e-02
   3.8195878e-02
   1.8359577e-02
   2.1202454e-02
   2.4920346e-02
   3.3709113e-02
   1.6193435e-02
   7.1809720e-03
   4.3332461e-02
   6.8735774e-03
   2.9240320e-02
   7.0058601e-03
   2.2725919e-02
   3.4387015e-02
   1.5269443e-02
   1.3048220e-02
   6.6410559e-03
   1.6561998e-02
   1.6563810e-02
   1.9838562e-02
   6.2110266e-03
   1.0399258e-02
   1.4965860e-02
   7.5879828e-03
   1.1054053e-02
   4.4882479e-03
   1.7362207e-02
   7.6182461e-03
   1.2595221e-02
   4.4740114e-02
   2.2288401e-02
   1.7607246e-02
   6.7586480e-03
   1.1292417e-02
   2.2823362e-02
   3.0732276e-02
   6.1815954e-03
   5.1303026e-03
   1.6459359e-02
   1.2601567e-02
   8.0652870e-03
   3.6862716e-03
   1.6702296e-02
   1.4227392e-02
   1.8668288e-02
   1.7459316e-02
   5.6831360e-02
   2.6609492e-02
   3.8725007e-03
   1.2713473e-02
   4.3759186e-02
   6.5851986e-02
   3.3026123e-03
   4.3855524e-03
   2.4941808e-02
   3.8229823e-02
   7.8416774e-03
   3.2671813e-03
   2.1522278e-02
   3.9876454e-02
   3.3715960e-02
   1.0791852e-02
   3.1105334e-02
   1.7400300e-02
   3.8901437e-03
   1.4481794e-02
   2.4241203e-02
   3.4230158e-02
   3.1158307e-03
   4.1433885e-03
   2.0367194e-02
   2.0980278e-02
   5.6917900e-03
   3.5598897e-03
   1.8930892e-02
   2.1106519e-02
   2.4362532e-02
   1.1726750e-02
   2.2553325e-02
   1.2480693e-02
   3.5872639e-03
   4.1352052e-02
   2.6705427e-02
   1.8414717e-02
   3.2922768e-03
   4.3565393e-03
   2.4658823e-02
   9.5122205e-03
   6.9384584e-03
   4.7580223e-03
   1.2384347e-02
   7.7721565e-03
   1.7350823e-02
   1.2799857e-02
   3.7463386e-02
   2.7851015e-02
   1.2727492e-02
   6.0756341e-02
   5.7510670e-02
   4.3432236e-02
   1.3047378e-02
   1.0271950e-02
   3.2386627e-02
   1.3376096e-02
   2.4076026e-02
   7.8385333e-03
   1.6469063e-02
   6.3142492e-03
   6.3315272e-02
   1.5545357e-02
   2.4693226e-02
   3.1982347e-02
   5.0808802e-02
   6.0781013e-02
   3.4961071e-02
   5.2759212e-02
   5.8043472e-02
   4.2844947e-02
   2.0545283e-02
   1.2102265e-02
   9.2525527e-02
   1.1311351e-02
   2.8894475e-02
   7.8691598e-03
   1.0439129e-01
   1.7584922e-02
   1.5230973e-02
   1.3527190e-02
   3.4752287e-02
   6.1284631e-02
   1.5111584e-02
   1.7596619e-02
   4.4005368e-02
   5.3471792e-02
   1.9260287e-02
   7.6713902e-03
   7.4733637e-02
   9.9901948e-03
   3.5518866e-02
   6.3670510e-03
   3.6806144e-02
   3.6452115e-02
   1.2630618e-02
   1.0993836e-02
   6.6860118e-03
   2.1721430e-02
   1.5340306e-02
   1.5747989e-02
   7.1198186e-03
   1.3625024e-02
   1.3757968e-02
   8.0659036e-03
   1.5004063e-02
   4.8230989e-03
   1.6918773e-02
   6.8344371e-03
   1.6745206e-02
   4.9731329e-02
   2.5264384e-02
   1.6904341e-02
   5.0233235e-03
   1.1659312e-02
   2.6849886e-02
   3.7547708e-02
   3.1179418e-03
   4.7339131e-03
   1.7578304e-02
   1.8481381e-02
   6.7523392e-03
   3.2656027e-03
   1.3269168e-02
   1.6167928e-02
   2.1007145e-02
   2.0287687e-02
   9.3041889e-02
   4.7514260e-02
   6.1005051e-03
   2.2221679e-02
   6.1598957e-02
   7.3155582e-02
   2.7353601e-03
   4.1525778e-03
   2.3394970e-02
   2.8283259e-02
   8.5421531e-03
   4.1525778e-03
   3.6803562e-02
   8.2740374e-02
   6.4203158e-02
   1.6776413e-02
   4.5051541e-02
   3.3695601e-02
   5.8185756e-03
   1.9838361e-02
   3.6043297e-02
   4.5137808e-02
   2.2281443e-03
   3.4532165e-03
   2.3328539e-02
   1.9638173e-02
   5.7866797e-03
   3.7852700e-03
   3.3403739e-02
   3.9995983e-02
   4.0572584e-02
   1.9167664e-02
   2.0755645e-02
   2.0748449e-02
   4.9757464e-03
   2.8096361e-02
   3.4955952e-02
   2.6831038e-02
   2.8684698e-03
   3.5337980e-03
   3.6363315e-02
   1.4821979e-02
   9.6712941e-03
   6.8633030e-03
   1.7660614e-02
   7.8186560e-03
   2.4253095e-02
   2.1544749e-02
   3.5112675e-02
   4.7039151e-02
   2.0824585e-02
   4.6432354e-02
   7.3975384e-02
   6.0135283e-02
   2.2409488e-02
   1.4207338e-02
   4.4760149e-02
   2.2018189e-02
   3.7875403e-02
   1.4390828e-02
   2.2618489e-02
   8.1980499e-03
   9.5176481e-02
   2.6359765e-02
   2.1956719e-02
   5.2250091e-02
   8.9878388e-02
   9.4811246e-02
   4.8969612e-02
   7.7894025e-02
   1.1228531e-01
   6.6226117e-02
   2.9398931e-02
   2.0434057e-02
   1.5581669e-01
   2.3423251e-02
   3.7623610e-02
   9.9240998e-03
   1.5183926e-01
   3.1948559e-02
   1.6904602e-02
   2.1813625e-02
   6.0178731e-02
   9.0942293e-02
   2.3854161e-02
   2.3698963e-02
   8.8382632e-02
   8.4534220e-02
   2.7670033e-02
   1.2146874e-02
   1.2458894e-01
   2.3122709e-02
   4.7047779e-02
   9.7876294e-03
   5.0504867e-02
   5.1840574e-02
   1.5494992e-02
   1.6930727e-02
   1.0798782e-02
   2.7383365e-02
   2.0475980e-02
   2.1227585e-02
   1.1423378e-02
   1.9148229e-02
   1.9853955e-02
   1.0148316e-02
   2.3736970e-02
   7.6777316e-03
   2.3435252e-02
   9.2870379e-03
   2.3685094e-02
   6.1743990e-02
   3.8819779e-02
   2.7032429e-02
   8.1828106e-03
   1.6986722e-02
   4.1999884e-02
   4.1022982e-02
   2.8321932e-03
   4.0428489e-03
   2.0232726e-02
   1.9131873e-02
   7.4514183e-03
   3.9089951e-03
   2.0406045e-02
   3.5690531e-02
   3.4139138e-02
   3.0825462e-02
