   3.0496299e-02
   2.3229888e-02
   4.2239189e-02
   9.5438510e-03
   5.7515144e-02
   1.1426658e-02
   2.6416188e-02
   1.0328610e-02
   5.6381952e-02
   2.0845477e-02
   3.6286730e-02
   1.3201473e-02
   6.9990262e-02
   7.7944338e-02
   9.9435657e-02
   4.4480376e-02
   5.1752180e-02
   1.3476836e-02
   2.3642898e-02
   8.8570854e-03
   6.3750386e-02
   8.5240304e-03
   1.6032625e-02
   1.0178040e-02
   3.3789277e-02
   1.2855606e-02
   2.5268953e-02
   1.2779148e-02
   3.0509198e-02
   3.6682319e-02
   4.9230888e-02
   2.7690398e-02
   7.2216161e-02
   8.3055412e-03
   1.4118717e-02
   9.3208682e-03
   3.9198395e-02
   8.1092324e-03
   1.2213573e-02
   1.0793620e-02
   2.6911341e-02
   8.1919245e-03
   2.2620665e-02
   1.2075606e-02
   1.4454533e-02
   1.6787408e-02
   2.2969611e-02
   2.2235669e-02
   4.3425873e-02
   1.1793285e-02
   2.5672484e-02
   1.4648409e-02
   3.6767934e-02
   1.5997315e-02
   2.0075954e-02
   1.7534608e-02
   3.2354496e-02
   1.5317081e-02
   2.2136617e-02
   1.8590409e-02
   1.4430672e-02
   1.6665107e-02
   2.4511678e-02
   2.4760505e-02
   3.8337972e-02
   1.9596050e-02
   4.6317365e-02
   2.7735628e-02
   4.4525739e-02
   3.1170549e-02
   3.8140297e-02
   3.1896286e-02
   4.2294879e-02
   2.8148480e-02
   2.4104968e-02
   3.2996584e-02
   1.5047449e-02
   1.9829448e-02
   2.6830710e-02
   3.3747677e-02
   2.9021537e-02
   1.1187485e-02
   2.6048450e-02
   1.6056884e-02
   3.5667598e-02
   1.5386156e-02
   2.2988658e-02
   1.6944723e-02
   3.4005489e-02
   1.5085522e-02
   1.5815945e-02
   1.8174242e-02
   1.5567646e-02
   2.1729765e-02
   2.1113973e-02
   2.0496389e-02
   2.6297735e-02
   7.6039163e-03
   1.5156674e-02
   1.0319293e-02
   3.1511314e-02
   7.4986750e-03
   1.2679983e-02
   1.0848345e-02
   3.2031871e-02
   8.0258846e-03
   1.3003534e-02
   1.2086201e-02
   1.8322071e-02
   1.8857535e-02
   1.9486852e-02
   1.5558545e-02
   2.7749391e-02
   1.3237922e-02
   2.5699273e-02
   9.0793436e-03
   3.4714703e-02
   8.3577428e-03
   1.6782235e-02
   1.0465438e-02
   5.5405565e-02
   1.3660013e-02
   2.1433311e-02
   1.1989323e-02
   3.7937328e-02
   3.9023686e-02
   4.7921285e-02
   2.5075126e-02
   3.6178112e-02
   2.5191754e-02
   4.2197023e-02
   7.4525420e-03
   8.6243182e-02
   1.2950999e-02
   3.2882817e-02
   7.7442676e-03
   7.9389662e-02
   2.5016304e-02
   4.8068170e-02
   1.1448696e-02
   1.2349360e-01
   1.2951884e-01
   1.2530003e-01
   5.2968308e-02
   7.9469047e-02
   1.5609602e-02
   2.6393240e-02
   6.3236952e-03
   9.9928729e-02
   8.9549385e-03
   1.9932404e-02
   7.0922868e-03
   4.1089222e-02
   1.4979054e-02
   3.3000596e-02
   8.8318735e-03
   4.8180483e-02
   5.8803182e-02
   6.2362812e-02
   3.3918571e-02
   1.1311477e-01
   9.5984656e-03
   1.7818058e-02
   6.5436456e-03
   5.6657497e-02
   8.3221272e-03
   1.3641524e-02
   7.5850994e-03
   3.3314869e-02
   9.1395760e-03
   3.5921931e-02
   7.7953488e-03
   1.2273612e-02
   1.8893287e-02
   2.6219184e-02
   2.6106579e-02
   6.2511176e-02
   1.5230192e-02
   2.9313777e-02
   1.6589982e-02
   5.1700823e-02
   1.9028615e-02
   2.4964586e-02
   2.1483282e-02
   4.3284860e-02
   1.9488482e-02
   3.1725463e-02
   2.1679677e-02
   1.1753083e-02
   1.7813344e-02
   2.9492540e-02
   3.1633735e-02
   4.7092963e-02
   2.7269876e-02
   5.0147619e-02
   3.6484759e-02
   6.2873475e-02
   3.8968995e-02
   5.0728381e-02
   4.6993807e-02
   6.0323462e-02
   3.5391115e-02
   2.8919594e-02
   4.7288883e-02
   1.3736790e-02
   2.4002023e-02
   3.2083549e-02
   4.4906937e-02
   3.3397619e-02
   1.4710867e-02
   2.8860813e-02
   1.8057818e-02
   4.6966370e-02
   1.9214321e-02
   3.0349979e-02
   1.9721061e-02
   4.9354069e-02
   1.7964749e-02
   2.0055132e-02
   2.0451861e-02
   1.3111076e-02
   3.0748678e-02
   2.7407290e-02
   2.2691937e-02
   3.2105953e-02
   9.0995133e-03
   1.9268032e-02
   8.9040902e-03
   3.9384708e-02
   8.1825880e-03
   1.3630606e-02
   7.4048820e-03
   4.6371777e-02
   8.2081957e-03
   1.6343508e-02
   8.6626178e-03
   1.9200699e-02
   2.5649467e-02
   2.4644988e-02
   1.4399500e-02
   3.3066813e-02
   1.5701065e-02
   2.6916711e-02
   7.1745929e-03
   4.4095013e-02
   9.5035108e-03
   1.9687243e-02
   7.2062407e-03
   8.0549650e-02
   1.5614543e-02
   2.7496958e-02
   8.6335000e-03
   6.2638469e-02
   6.2559366e-02
   5.7348937e-02
   2.6683813e-02
   5.9505939e-02
   2.9140720e-02
   4.7356430e-02
   8.0533475e-03
   1.3879965e-01
   1.5718048e-02
   4.6778146e-02
   7.3099462e-03
   1.3144852e-01
   3.6311477e-02
   7.3304281e-02
   1.3153122e-02
   1.5074387e-01
   1.4718401e-01
   1.3444850e-01
   6.8479143e-02
   1.4571242e-01
   1.8719865e-02
   3.0732825e-02
   6.1713839e-03
   1.5833607e-01
   1.2584288e-02
   3.0406876e-02
   7.1291393e-03
   7.1379513e-02
   2.0400919e-02
   5.1257778e-02
   1.0074744e-02
   6.1295789e-02
   6.5893672e-02
   7.5749762e-02
   4.6440624e-02
   1.7980292e-01
   1.2685779e-02
   2.4687726e-02
   5.6720073e-03
   9.3021333e-02
   1.2160344e-02
   1.8728202e-02
   7.4454150e-03
   5.0406024e-02
   1.1635353e-02
   5.2039865e-02
   7.8625111e-03
   1.6616004e-02
   2.6803799e-02
   3.2549176e-02
   3.6502548e-02
   9.9559657e-02
   2.1463241e-02
   3.3961564e-02
   2.3299882e-02
   7.2912537e-02
   2.8126787e-02
   2.8941883e-02
   2.9383622e-02
   6.5987229e-02
   2.7021335e-02
   4.5720257e-02
   2.9263407e-02
   1.6185995e-02
   2.7224680e-02
   3.7918501e-02
   4.8980381e-02
   7.7729024e-02
   4.1460738e-02
   5.4659195e-02
   5.4287102e-02
   8.6149991e-02
   5.6172479e-02
   6.1782449e-02
   6.7332856e-02
   8.0112256e-02
   4.9295783e-02
   3.5337042e-02
   6.8597749e-02
   1.8801309e-02
   3.4612022e-02
   4.2001426e-02
   6.5570071e-02
   5.6596182e-02
   2.2584766e-02
   3.3855081e-02
   2.4072912e-02
   7.1700871e-02
   2.6188930e-02
   4.0876292e-02
   2.6601743e-02
   6.8158962e-02
   2.7262341e-02
   2.6069878e-02
   2.6203644e-02
   1.6824810e-02
   4.1892383e-02
   3.6625374e-02
   3.2647986e-02
   5.5397790e-02
   1.3041182e-02
   2.4189381e-02
   9.5060589e-03
   5.5246428e-02
   1.0090118e-02
   1.8316794e-02
   7.5007770e-03
   6.8149112e-02
   1.2325761e-02
   2.0507134e-02
   6.7400965e-03
   2.1433912e-02
   3.7996635e-02
   3.3665948e-02
   1.8128144e-02
   5.6603160e-02
   2.0806979e-02
   3.0428531e-02
   8.0963075e-03
   6.6802494e-02
   1.2347176e-02
   2.7131943e-02
   6.6234795e-03
   1.2185689e-01
   2.2414580e-02
   3.8446266e-02
   8.2201706e-03
   7.0755698e-02
   7.5462602e-02
   6.2720753e-02
   3.5515621e-02
   7.3451281e-02
   3.8841151e-02
   5.7390194e-02
   1.0172381e-02
   1.3108642e-01
   2.8294677e-02
   8.3065838e-02
   1.0653318e-02
   1.5627544e-01
   4.1154284e-02
   9.8720692e-02
   1.7436493e-02
   1.8511958e-01
   1.6302668e-01
   2.0141917e-01
   1.1193247e-01
   1.5504082e-01
   3.3080336e-02
   4.4580981e-02
   8.8277645e-03
   1.5583701e-01
   2.1797568e-02
   5.5345364e-02
   8.5930442e-03
   9.3099236e-02
   2.6692193e-02
   7.5282536e-02
   1.3166128e-02
   7.8001902e-02
   7.4094154e-02
   1.0689718e-01
   6.2163118e-02
   1.6903654e-01
   1.9701397e-02
   2.5551898e-02
   8.0121206e-03
   1.0580628e-01
   2.0990284e-02
   3.2073010e-02
   8.1734899e-03
   6.7654558e-02
   1.7770594e-02
   6.6939779e-02
   8.2671307e-03
   2.3392402e-02
   4.2692780e-02
   4.1202664e-02
   4.3680009e-02
   1.0676949e-01
   3.3084530e-02
   3.6732960e-02
   4.4377360e-02
   9.5453791e-02
   4.4608843e-02
   3.4577146e-02
   5.3154554e-02
   8.6269177e-02
   3.8743712e-02
   5.7300836e-02
   5.3329226e-02
   2.7694078e-02
   4.2590797e-02
   3.5015270e-02
   7.2864726e-02
   9.9105351e-02
   6.9109641e-02
   6.8704844e-02
   1.0109691e-01
   7.9930797e-02
   9.0249598e-02
   7.8847475e-02
   1.2423281e-01
   7.0571452e-02
   7.2725855e-02
   5.4036915e-02
   1.2841658e-01
   3.1009207e-02
   4.4763599e-02
   4.1242637e-02
   1.2297175e-01
   8.4838621e-02
   3.1312220e-02
   3.6583196e-02
   3.8983766e-02
   8.4068343e-02
   4.0517841e-02
   5.0607052e-02
   4.6701085e-02
   8.1918545e-02
   4.5633294e-02
   3.2010786e-02
   4.8119325e-02
   2.3812655e-02
   4.5825172e-02
   3.1092405e-02
   5.2793119e-02
   7.3156118e-02
   2.1223348e-02
   2.6231583e-02
   1.1153081e-02
   7.9608090e-02
   1.4424012e-02
   3.2042768e-02
   1.1116458e-02
   8.5113496e-02
   2.0076428e-02
   2.7841402e-02
   8.3373161e-03
   3.2516085e-02
   5.0756667e-02
   3.2716408e-02
   2.5491348e-02
   7.9642080e-02
   2.9966794e-02
   3.7445650e-02
   1.0053973e-02
   8.2090840e-02
   1.9139554e-02
   5.0639927e-02
   1.0008967e-02
   1.4482811e-01
   3.2176845e-02
   5.5137806e-02
   8.9441724e-03
   1.0182461e-01
   9.2420727e-02
   8.7651022e-02
   5.2820370e-02
