   2.3479499e-02
   2.2810567e-02
   2.4005566e-02
   4.0934239e-02
   2.4907684e-02
   2.5096929e-02
   1.4277331e-02
   3.7571758e-02
   2.6463091e-02
   4.6034608e-02
   1.2925083e-02
   3.6469296e-02
   1.7904710e-02
   3.3457637e-02
   1.7547006e-02
   4.5959048e-02
   2.2553476e-02
   1.8411817e-02
   2.1055114e-02
   3.7728921e-02
   2.0140495e-02
   1.9582931e-02
   1.4694927e-02
   3.7180174e-02
   2.2595838e-02
   3.2911729e-02
   1.2605100e-02
   3.5468675e-02
   1.6018888e-02
   2.1853549e-02
   1.9083364e-02
   4.8007879e-02
   2.2491897e-02
   1.5637873e-02
   1.8336123e-02
   3.7828244e-02
   2.3696862e-02
   2.1641612e-02
   1.5063614e-02
   3.6550425e-02
   2.7707303e-02
   3.0705443e-02
   1.2626954e-02
   3.6114208e-02
   1.6004834e-02
   1.5579529e-02
   2.1571420e-02
   4.6896707e-02
   2.2444407e-02
   1.6026655e-02
   2.3738461e-02
   3.8791489e-02
   3.8258705e-02
   4.0169675e-02
   1.6747884e-02
   3.4598596e-02
   4.0315967e-02
   4.3105729e-02
   1.4632645e-02
   3.5283972e-02
   1.7478544e-02
   2.2778137e-02
   2.7630726e-02
   5.2085679e-02
   2.2850914e-02
   1.5514242e-02
   3.0476315e-02
   3.6531538e-02
   2.9791253e-02
   4.1075721e-02
   2.8528303e-02
   3.7032992e-02
   2.7372414e-02
   5.4486148e-02
   2.5517220e-02
   4.0868659e-02
   1.4945847e-02
   2.0950936e-02
   4.5372322e-02
   5.5765186e-02
   2.1565279e-02
   1.5159820e-02
   2.2511130e-02
   3.4461893e-02
   1.9684656e-02
   2.2408536e-02
   2.3107149e-02
   4.7018584e-02
   2.3357717e-02
   5.6703649e-02
   2.0512449e-02
   5.5323526e-02
   1.4768992e-02
   1.8169669e-02
   3.8217220e-02
   4.8878793e-02
   2.2128241e-02
   1.5494738e-02
   1.8720305e-02
   3.4576733e-02
   1.7631661e-02
   1.5294865e-02
   1.4465953e-02
   4.0373228e-02
   2.0936076e-02
   4.0003724e-02
   1.3725106e-02
   4.4725504e-02
   1.5246890e-02
   2.0006096e-02
   1.9928297e-02
   4.3306105e-02
   2.2758840e-02
   1.8125560e-02
   1.9841157e-02
   3.5409182e-02
   1.9583078e-02
   1.8185437e-02
   1.3900669e-02
   3.6842201e-02
   2.1795539e-02
   3.1449657e-02
   1.3740784e-02
   3.7268467e-02
   1.5900495e-02
   2.0679068e-02
   1.7113345e-02
   4.1834805e-02
   1.5012617e-02
   1.8729301e-02
   1.6995305e-02
   3.0336902e-02
   2.5058769e-02
   2.8322225e-02
   9.1895368e-03
   1.9853890e-02
   2.3194237e-02
   5.1188409e-02
   1.1906400e-02
   2.8678840e-02
   1.3445233e-02
   4.6180598e-02
   1.8660301e-02
   4.1862596e-02
   1.2231369e-02
   1.4058938e-02
   1.5580819e-02
   2.4602132e-02
   1.6476912e-02
   1.9567313e-02
   9.1548506e-03
   2.0090040e-02
   1.6674893e-02
   3.0112140e-02
   1.2071883e-02
   2.5743328e-02
   1.0607553e-02
   2.9351711e-02
   2.2676183e-02
   4.3308973e-02
   1.1558622e-02
   1.0060892e-02
   1.3086697e-02
   2.3503324e-02
   1.4228988e-02
   1.0929771e-02
   8.7385634e-03
   2.0249277e-02
   2.4931669e-02
   1.7544251e-02
   1.0512871e-02
   2.4836795e-02
   1.2774709e-02
   1.9162467e-02
   2.4526674e-02
   4.6616271e-02
   1.2477241e-02
   9.2603760e-03
   2.3161858e-02
   2.4993975e-02
   2.1965599e-02
   1.8342249e-02
   1.2887523e-02
   2.0047117e-02
   4.1042011e-02
   3.2731414e-02
   1.4313039e-02
   2.5372356e-02
   1.5925696e-02
   3.0495292e-02
   3.6533743e-02
   5.8568712e-02
   1.2807947e-02
   9.2569347e-03
   3.6765102e-02
   2.0099754e-02
   1.6495328e-02
   2.0155016e-02
   3.7051518e-02
   2.4773724e-02
   2.1998940e-02
   4.0555313e-02
   3.8778033e-02
   3.1553909e-02
   1.0616364e-02
   2.7472010e-02
   6.4334363e-02
   6.0017038e-02
   1.2206485e-02
   9.6855955e-03
   1.9970145e-02
   2.0046012e-02
   1.1237298e-02
   1.0939138e-02
   2.7453130e-02
   3.8827863e-02
   1.3457664e-02
   1.9540405e-02
   2.7620440e-02
   5.7488862e-02
   9.8488135e-03
   1.4885750e-02
   4.3727607e-02
   4.6376336e-02
   1.2108821e-02
   1.0328075e-02
   1.3093191e-02
   2.1320337e-02
   9.2912344e-03
   9.1861282e-03
   8.7365070e-03
   2.8835984e-02
   1.3598318e-02
   1.5873741e-02
   1.1150759e-02
   4.4300873e-02
   9.8501155e-03
   1.4027691e-02
   2.2050524e-02
   3.6571208e-02
   1.2565631e-02
   1.3101405e-02
   1.3398557e-02
   2.0953776e-02
   1.5062733e-02
   1.5115860e-02
   8.8374531e-03
   2.0679576e-02
   1.6985368e-02
   2.6725778e-02
   1.2203504e-02
   3.2795146e-02
   1.1061059e-02
   2.5378460e-02
   1.8880285e-02
   3.7144791e-02
   1.1410714e-02
   1.7828351e-02
   1.7003836e-02
   2.2997709e-02
   3.2809861e-02
   4.3630578e-02
   5.8646682e-03
   1.2799146e-02
   1.6228385e-02
   7.1179807e-02
   1.3579330e-02
   3.2639649e-02
   9.7120320e-03
   6.6371247e-02
   1.8841472e-02
   5.1537253e-02
   8.5301418e-03
   1.2903903e-02
   1.1980130e-02
   1.6835552e-02
   2.1731241e-02
   2.7436282e-02
   5.6793927e-03
   1.2637245e-02
   1.5474945e-02
   4.0726084e-02
   1.2217678e-02
   2.5126008e-02
   7.5795334e-03
   4.4896964e-02
   2.6251636e-02
   5.1568549e-02
   6.5520932e-03
   8.4055169e-03
   1.2104547e-02
   1.6770776e-02
   1.7725321e-02
   1.3184818e-02
   5.3885588e-03
   1.3654634e-02
   3.8820345e-02
   1.8278962e-02
   1.0423597e-02
   2.0190455e-02
   1.5584558e-02
   2.9880816e-02
   3.2021224e-02
   5.3826846e-02
   7.4896710e-03
   7.2471094e-03
   3.2812145e-02
   1.7298201e-02
   3.0019557e-02
   2.3001200e-02
   1.4260699e-02
   1.6116401e-02
   7.0005812e-02
   4.6275798e-02
   2.2245986e-02
   2.2685664e-02
   2.1745399e-02
   4.5602128e-02
   6.6377535e-02
   6.6601515e-02
   9.2743933e-03
   7.7810511e-03
   5.8559850e-02
   1.5829569e-02
   2.0768359e-02
   2.3806350e-02
   5.6648415e-02
   2.0595750e-02
   3.0633481e-02
   5.8001008e-02
   6.6721529e-02
   3.4803875e-02
   1.1448587e-02
   4.0006470e-02
   1.0959163e-01
   6.9374047e-02
   8.1448331e-03
   7.8176549e-03
   2.7166961e-02
   1.4422626e-02
   1.1105126e-02
   1.1429327e-02
   4.0687788e-02
   3.7261993e-02
   1.4599312e-02
   2.3113530e-02
   4.5608554e-02
   6.4028852e-02
   9.2999395e-03
   2.2072472e-02
   6.7429133e-02
   5.8798302e-02
   8.1577292e-03
   8.3997929e-03
   1.0708204e-02
   1.2332995e-02
   9.6838111e-03
   9.4182519e-03
   7.6684658e-03
   2.5445411e-02
   1.2459685e-02
   1.5262433e-02
   1.4596014e-02
   4.4820163e-02
   7.3289205e-03
   1.9461248e-02
   2.3491548e-02
   3.9707292e-02
   8.4469300e-03
   1.0998257e-02
   1.0261721e-02
   1.4190941e-02
   1.8499006e-02
   1.9794043e-02
   5.4492322e-03
   1.4606903e-02
   1.4735642e-02
   3.3122376e-02
   1.5183825e-02
   3.9752778e-02
   8.9782774e-03
   3.7390269e-02
   2.0191479e-02
   4.8083987e-02
   1.5277853e-02
   1.9936152e-02
   1.7559396e-02
   2.5079256e-02
   4.9740538e-02
   6.4098604e-02
   4.7674957e-03
   9.2194611e-03
   1.6116414e-02
   4.0938426e-02
   2.1291079e-02
   4.2727903e-02
   1.5670709e-02
   8.1250064e-02
   2.5956739e-02
   5.8482312e-02
   8.9113256e-03
   1.2738537e-02
   1.0651310e-02
   1.6255720e-02
   3.7290227e-02
   4.4636756e-02
   4.8311143e-03
   8.6969743e-03
   1.9747762e-02
   3.2705989e-02
   1.9446490e-02
   2.8292628e-02
   8.6721266e-03
   6.8012394e-02
   3.4799345e-02
   5.1884633e-02
   5.2703200e-03
   7.7903992e-03
   1.2818768e-02
   1.5421982e-02
   2.5700815e-02
   2.3185031e-02
   4.6875426e-03
   1.2787780e-02
   5.2664269e-02
   2.6861690e-02
   1.6740857e-02
   2.1590697e-02
   1.7627718e-02
   5.9398334e-02
   4.0119972e-02
   6.7998834e-02
   8.3409185e-03
   7.3577561e-03
   5.2268252e-02
   1.5756540e-02
   4.1401643e-02
   3.6858462e-02
   2.1566909e-02
   1.5876299e-02
   9.1474503e-02
   8.1158616e-02
   3.7309844e-02
   2.8516261e-02
   2.8014125e-02
   8.5873887e-02
   1.0292430e-01
   9.3547314e-02
   1.3152910e-02
   7.3416759e-03
   1.0277204e-01
   2.2643058e-02
   3.0893568e-02
   3.5092846e-02
   9.7461119e-02
   2.1294558e-02
   4.0184125e-02
   9.5516838e-02
   1.0983863e-01
   4.2859260e-02
   1.3880669e-02
   7.3200099e-02
   1.7221189e-01
   1.0099857e-01
   8.3164144e-03
   6.5237996e-03
   4.2467821e-02
   1.5221432e-02
   1.9009380e-02
   1.6799679e-02
   6.8001553e-02
   3.3258364e-02
   1.9439604e-02
   3.8063083e-02
   7.3663853e-02
   6.8192899e-02
   1.3177416e-02
   4.6120916e-02
   9.4623446e-02
   7.5333357e-02
   5.6654462e-03
   8.8520320e-03
   1.2412291e-02
   1.2097141e-02
   1.5180648e-02
   1.3274057e-02
   9.6865958e-03
   2.5561443e-02
   1.7092690e-02
   1.6240189e-02
   1.6982092e-02
   4.0436756e-02
   9.6588992e-03
   3.3885550e-02
   2.9418748e-02
   5.4000657e-02
   6.2627564e-03
   1.2910393e-02
   1.1052612e-02
   1.4669963e-02
   2.9076271e-02
   3.2888126e-02
   4.4722906e-03
   1.2079226e-02
   1.7044239e-02
   2.6309688e-02
   1.9202920e-02
   4.2024907e-02
   1.4502519e-02
   5.0205681e-02
   2.9165344e-02
   7.0417993e-02
