   1.5289542e-02
   4.3268938e-02
   9.4022587e-02
   4.2869803e-02
   1.3324177e-02
   1.2337124e-02
   5.3938273e-02
   4.6885259e-02
   1.0705926e-02
   1.2425904e-02
   3.8363330e-02
   6.5756336e-02
   8.4360093e-03
   1.2123375e-02
   3.0917590e-02
   3.2273412e-02
   1.5119769e-02
   4.1217107e-02
   8.8958167e-02
   3.8519200e-02
   1.2908069e-02
   1.2371685e-02
   5.8772519e-02
   4.1490491e-02
   8.4994957e-03
   9.5331501e-03
   3.8885992e-02
   6.8401523e-02
   7.7387318e-03
   9.0816859e-03
   3.5670646e-02
   3.6562648e-02
   1.5773484e-02
   4.3656100e-02
   8.1961229e-02
   3.1480618e-02
   1.2966619e-02
   1.5143614e-02
   5.6060836e-02
   3.5313841e-02
   7.9910997e-03
   8.6219106e-03
   4.3828867e-02
   6.4802654e-02
   8.3165057e-03
   8.4270686e-03
   4.5212321e-02
   4.2745717e-02
   3.6444914e-02
   5.2155189e-02
   8.0456562e-02
   3.2549091e-02
   3.3428766e-02
   1.6371548e-02
   5.7811674e-02
   3.4891810e-02
   1.2592473e-02
   1.0931166e-02
   4.4790562e-02
   6.8203993e-02
   9.3968790e-03
   1.0327374e-02
   4.3283537e-02
   4.4098444e-02
   7.5853825e-02
   5.8810234e-02
   7.7809617e-02
   3.9727733e-02
   7.6377586e-02
   1.6845917e-02
   5.7970606e-02
   3.7203558e-02
   2.4298105e-02
   1.5761727e-02
   4.5942981e-02
   7.0173331e-02
   1.0667553e-02
   1.4991333e-02
   2.9937020e-02
   4.0504761e-02
   3.6690801e-02
   5.5337347e-02
   8.2891099e-02
   3.7006281e-02
   3.7286792e-02
   1.3384486e-02
   5.6017004e-02
   4.3640435e-02
   1.9933628e-02
   1.1119220e-02
   4.0970575e-02
   5.8338977e-02
   1.0089272e-02
   1.1702343e-02
   2.2902729e-02
   3.1973757e-02
   1.5970364e-02
   4.9918246e-02
   8.9674748e-02
   3.8737752e-02
   1.3810857e-02
   1.3007879e-02
   5.5704951e-02
   4.4367090e-02
   1.0983633e-02
   9.2358906e-03
   3.9898857e-02
   5.6152549e-02
   8.6957840e-03
   8.5151196e-03
   2.4253054e-02
   2.9240042e-02
   1.5003650e-02
   4.7892597e-02
   9.5902480e-02
   3.8301408e-02
   1.3211691e-02
   1.2189143e-02
   5.4867934e-02
   4.8366316e-02
   9.8892096e-03
   1.0001519e-02
   3.5958968e-02
   6.0684279e-02
   8.6391941e-03
   9.3388511e-03
   2.8366052e-02
   3.0391127e-02
   1.4556077e-02
   4.1298602e-02
   9.1785938e-02
   5.2748322e-02
   1.2927138e-02
   1.6079776e-02
   5.7299342e-02
   4.9078561e-02
   9.9352906e-03
   1.6239673e-02
   3.5524290e-02
   6.5451749e-02
   6.0531953e-03
   1.6105969e-02
   3.2258347e-02
   3.3283271e-02
   1.2822925e-02
   3.8722027e-02
   8.7028712e-02
   4.3548170e-02
   1.1996505e-02
   1.5140707e-02
   5.9674270e-02
   4.4872534e-02
   7.7858479e-03
   1.0113818e-02
   3.8060021e-02
   7.0871308e-02
   6.0194335e-03
   9.7066406e-03
   3.9277978e-02
   3.8938720e-02
   1.5969299e-02
   4.0877655e-02
   8.6913884e-02
   3.3550352e-02
   1.4277161e-02
   1.6669484e-02
   5.8861699e-02
   3.8178038e-02
   7.1978066e-03
   8.5763279e-03
   3.9931193e-02
   6.2345251e-02
   6.3313581e-03
   7.6010679e-03
   5.8184955e-02
   4.4569835e-02
   5.2211151e-02
   4.7632873e-02
   7.8691609e-02
   3.7437763e-02
   4.7513243e-02
   1.7022073e-02
   5.3938873e-02
   3.6305048e-02
   1.6161902e-02
   1.2639329e-02
   4.0283695e-02
   6.0077935e-02
   8.0906954e-03
   1.0880475e-02
   5.1910993e-02
   5.5982839e-02
   1.0997376e-01
   5.1610839e-02
   8.2697563e-02
   4.9526691e-02
   1.0471968e-01
   1.9288344e-02
   5.5164237e-02
   4.0538643e-02
   3.4000967e-02
   2.2017766e-02
   4.6962954e-02
   6.0509764e-02
   1.0252868e-02
   1.7588586e-02
   3.5477448e-02
   5.2148674e-02
   5.2699510e-02
   5.3133316e-02
   8.3936185e-02
   4.4020306e-02
   5.3062681e-02
   1.6093118e-02
   5.3818740e-02
   4.5816272e-02
   2.7957596e-02
   1.2471095e-02
   3.5500661e-02
   5.4676335e-02
   8.2329661e-03
   1.3068000e-02
   2.2649361e-02
   3.3589479e-02
   1.5271781e-02
   4.6542410e-02
   8.8158064e-02
   4.6740904e-02
   1.5657581e-02
   1.3537610e-02
   5.1397480e-02
   4.8045706e-02
   1.2801231e-02
   8.4230974e-03
   2.9559752e-02
   5.0651573e-02
   6.3975588e-03
   8.6266948e-03
   2.1809855e-02
   2.8097508e-02
   1.4053770e-02
   4.6780556e-02
   9.1533318e-02
   4.5027182e-02
   1.2042943e-02
   1.3660449e-02
   5.2076273e-02
   5.0413106e-02
   9.7607598e-03
   1.1828539e-02
   3.2509428e-02
   5.7129484e-02
   6.1851754e-03
   1.0183408e-02
   2.7168822e-02
   2.9129839e-02
   1.7682342e-02
   3.9759692e-02
   7.5172618e-02
   4.7876831e-02
   1.7394425e-02
   2.0320240e-02
   6.0487173e-02
   4.4640768e-02
   1.6262051e-02
   2.0396931e-02
   3.0391134e-02
   6.8943046e-02
   4.9953326e-03
   2.4700798e-02
   3.7219483e-02
   4.2767227e-02
   1.7778510e-02
   3.8580429e-02
   7.7161074e-02
   4.4221405e-02
   1.5256057e-02
   1.6699493e-02
   6.0457211e-02
   3.7633572e-02
   1.1886037e-02
   1.1398706e-02
   3.3472009e-02
   5.9609532e-02
   4.9445927e-03
   1.2248574e-02
   4.2666469e-02
   4.9626317e-02
   2.2679387e-02
   3.3726431e-02
   7.8381665e-02
   3.8899150e-02
   1.8926080e-02
   1.8810928e-02
   4.8452467e-02
   3.5481885e-02
   9.2273569e-03
   8.5658757e-03
   3.5975091e-02
   5.1226132e-02
   5.3724321e-03
   7.1824924e-03
   5.0481927e-02
   5.3010430e-02
   4.7139764e-02
   3.4359593e-02
   6.9923945e-02
   4.7373779e-02
   5.0550420e-02
   1.9834997e-02
   4.5426026e-02
   3.6647696e-02
   1.6234513e-02
   1.3240189e-02
   4.2756915e-02
   5.4956760e-02
   7.6490385e-03
   1.0966198e-02
   4.6921480e-02
   7.0729107e-02
   1.0099383e-01
   5.4954212e-02
   7.5228438e-02
   7.2315887e-02
   9.6574761e-02
   2.3421455e-02
   5.2465621e-02
   4.9192306e-02
   3.1484019e-02
   2.5786621e-02
   5.0387394e-02
   6.8470672e-02
   9.8993536e-03
   1.8290099e-02
   4.9721301e-02
   6.2939882e-02
   5.5161636e-02
   5.6317966e-02
   6.7246214e-02
   6.3669793e-02
   5.9659705e-02
   1.6029097e-02
   5.9038632e-02
   5.0479997e-02
   3.4880500e-02
   1.3036709e-02
   3.4808055e-02
   6.1006304e-02
   7.5759394e-03
   1.4637830e-02
   2.7734261e-02
   4.4546440e-02
   2.3059309e-02
   3.6718838e-02
   7.0637815e-02
   6.4372152e-02
   2.3976993e-02
   1.1968557e-02
   5.1775321e-02
   4.9765989e-02
   1.9638821e-02
   9.2972089e-03
   2.8230159e-02
   4.7478817e-02
   5.4357774e-03
   9.3619684e-03
   2.1959202e-02
   3.3029951e-02
   1.6718520e-02
   4.1493174e-02
   7.4053533e-02
   5.1013436e-02
   1.3624697e-02
   1.4110554e-02
   5.0116278e-02
   4.4058081e-02
   1.5358711e-02
   1.3493328e-02
   2.3375468e-02
   5.3929735e-02
   5.2204514e-03
   1.4733681e-02
   3.0279897e-02
   3.0117858e-02
   2.1581134e-02
   3.6296949e-02
   7.1381703e-02
   5.7573166e-02
   2.5964610e-02
   2.9248782e-02
   5.8176398e-02
   5.8547720e-02
   2.8970134e-02
   2.5488863e-02
   3.9127249e-02
   8.7276198e-02
   4.3038218e-03
   2.8245337e-02
   3.1092104e-02
   5.0388165e-02
   2.6792899e-02
   4.0133547e-02
   6.6847213e-02
   6.5124020e-02
   2.3085043e-02
   2.5033807e-02
   5.9605122e-02
   4.1053634e-02
   2.4717217e-02
   1.3248801e-02
   4.0709581e-02
   6.4607151e-02
   3.7997158e-03
   1.4971632e-02
   2.8326403e-02
   6.2089164e-02
   2.2328414e-02
   3.5661142e-02
   5.0396342e-02
   5.5590738e-02
   1.2029496e-02
   1.7953593e-02
   4.8396751e-02
   3.7605867e-02
   1.8068474e-02
   7.3744315e-03
   5.3300682e-02
   4.7564279e-02
   4.0694405e-03
   8.0466084e-03
   3.9784607e-02
   8.6786717e-02
   4.1276805e-02
   3.3161685e-02
   5.8476575e-02
   6.0590103e-02
   3.8913995e-02
   1.9980004e-02
   5.3323586e-02
   3.9310131e-02
   2.0224718e-02
   1.7078720e-02
   5.7628110e-02
   4.4218764e-02
   9.5252506e-03
   1.2381508e-02
   5.6870829e-02
   1.0961075e-01
   9.8097160e-02
   5.6085389e-02
   7.6179430e-02
   1.0892011e-01
   9.5572069e-02
   2.8930746e-02
   5.6254946e-02
   5.3488586e-02
   3.3936322e-02
   3.5281233e-02
   6.8397343e-02
   7.9242364e-02
   1.6949559e-02
   2.1717859e-02
   7.9972431e-02
   9.2688493e-02
   6.5648757e-02
   6.4685456e-02
   6.4958312e-02
   8.8012211e-02
   5.9233654e-02
   1.7269885e-02
   6.5683231e-02
   5.2974362e-02
   5.0149903e-02
   1.5154389e-02
   4.2513255e-02
   8.7584846e-02
   1.0230508e-02
   1.5222716e-02
   3.9516568e-02
   6.0299039e-02
   3.3421334e-02
   4.6687912e-02
   6.6024430e-02
   7.3780365e-02
   2.0969212e-02
   1.5000775e-02
   6.1117694e-02
   5.7632782e-02
   3.5643168e-02
   9.8299235e-03
   2.7820483e-02
   6.3589759e-02
   5.3431657e-03
   1.1191690e-02
   2.2773424e-02
   4.5818508e-02
   2.4932005e-02
   4.0782604e-02
   5.7278194e-02
   5.1267076e-02
   1.4961054e-02
   1.9721845e-02
   6.6599347e-02
   5.3308029e-02
   2.7238401e-02
   1.7279027e-02
   2.5993275e-02
   6.7262106e-02
   4.2787115e-03
   1.7810913e-02
   2.7531007e-02
   4.6007276e-02
