   1.4640684e-02
   5.5168360e-03
   1.0134065e-02
   8.2330117e-03
   1.2120156e-02
   3.6283009e-02
   4.5228548e-02
   2.9921671e-02
   9.1657713e-03
   3.1939913e-02
   4.1646015e-02
   4.0815439e-02
   1.7894957e-02
   2.2688719e-02
   3.7431799e-02
   4.9065687e-02
   1.4813990e-02
   4.4142073e-03
   8.5167801e-03
   7.6635648e-03
   1.0133690e-02
   2.2444339e-02
   2.6467884e-02
   2.8207229e-02
   9.5183039e-03
   2.1581965e-02
   3.0036936e-02
   4.1110102e-02
   1.4324276e-02
   1.3029199e-02
   2.3615584e-02
   4.3110456e-02
   1.5156514e-02
   3.9450824e-03
   8.6041875e-03
   6.9357301e-03
   9.3834260e-03
   1.3174850e-02
   1.3594596e-02
   2.5835345e-02
   9.7353356e-03
   1.7910764e-02
   2.2577096e-02
   3.8999937e-02
   1.2765331e-02
   6.2257689e-03
   1.5409148e-02
   3.8853265e-02
   1.7075341e-02
   4.0213144e-03
   1.6470915e-02
   8.0024209e-03
   1.2027195e-02
   1.6835380e-02
   1.7204328e-02
   3.0181848e-02
   1.3172868e-02
   2.3140002e-02
   2.5679242e-02
   4.8525505e-02
   1.3971061e-02
   6.0354415e-03
   1.9860920e-02
   4.5188155e-02
   2.0580990e-02
   4.1038832e-03
   3.4173716e-02
   9.1205053e-03
   1.9089794e-02
   3.0814350e-02
   2.7171824e-02
   3.8563404e-02
   2.5664095e-02
   4.2858649e-02
   2.8625667e-02
   6.6721573e-02
   1.7934382e-02
   5.9707770e-03
   2.7494345e-02
   5.6775723e-02
   1.6279139e-02
   4.1057779e-03
   1.9364981e-02
   1.2729811e-02
   1.4058636e-02
   2.0033114e-02
   2.1244301e-02
   3.2760795e-02
   1.6679093e-02
   2.6662270e-02
   2.4375580e-02
   4.8658274e-02
   1.5462500e-02
   5.9284964e-03
   1.9868379e-02
   4.3063998e-02
   1.4185170e-02
   3.6506378e-03
   8.7460559e-03
   2.4751555e-02
   9.7193969e-03
   1.3458926e-02
   1.8953027e-02
   4.2265795e-02
   9.0316897e-03
   1.8562708e-02
   2.2123935e-02
   3.9859150e-02
   1.3144512e-02
   5.7946942e-03
   1.4785547e-02
   3.9231792e-02
   1.3938436e-02
   3.8966346e-03
   8.9281229e-03
   1.3550415e-02
   1.0233226e-02
   2.0926835e-02
   2.5403460e-02
   3.3948492e-02
   9.0785353e-03
   2.1420598e-02
   2.7872995e-02
   3.8075175e-02
   1.4235107e-02
   1.0645996e-02
   2.0896701e-02
   3.9529547e-02
   1.1726668e-02
   5.0822585e-03
   9.2519606e-03
   7.4080680e-03
   1.1964983e-02
   4.5532465e-02
   4.4270407e-02
   2.4166768e-02
   6.6445796e-03
   4.7162805e-02
   4.2305782e-02
   2.6999766e-02
   1.4079548e-02
   2.5331493e-02
   3.1959824e-02
   4.5002002e-02
   1.2121792e-02
   3.7599877e-03
   6.4367997e-03
   7.0159640e-03
   9.4697289e-03
   2.6317475e-02
   2.7022906e-02
   2.0620251e-02
   7.1916054e-03
   2.9158948e-02
   2.9326683e-02
   2.5216192e-02
   1.0854429e-02
   1.4289734e-02
   1.9705696e-02
   3.6240451e-02
   1.3179927e-02
   2.7471054e-03
   6.5548364e-03
   6.9764773e-03
   8.1506614e-03
   1.2234176e-02
   1.2961540e-02
   1.6941400e-02
   7.6254345e-03
   1.6837485e-02
   1.9841859e-02
   2.4208073e-02
   8.4116207e-03
   5.4837964e-03
   1.1393852e-02
   3.1548399e-02
   1.3669327e-02
   2.9945367e-03
   2.1525834e-02
   6.6893832e-03
   1.1746836e-02
   1.9515041e-02
   2.1057654e-02
   2.1490918e-02
   1.3149968e-02
   2.6303213e-02
   2.2658188e-02
   3.1808533e-02
   1.0230665e-02
   5.4545095e-03
   2.0356650e-02
   3.9417926e-02
   1.9765560e-02
   3.4168465e-03
   5.4910235e-02
   6.0290610e-03
   2.2139467e-02
   4.1637257e-02
   3.6761966e-02
   2.8550314e-02
   3.2423515e-02
   6.0224801e-02
   2.6234383e-02
   4.2670269e-02
   1.6157232e-02
   5.7005482e-03
   3.5693899e-02
   5.1870972e-02
   1.5628746e-02
   3.1627882e-03
   2.7606113e-02
   1.2824798e-02
   1.4405037e-02
   2.4649395e-02
   2.5381612e-02
   2.9322192e-02
   1.8522982e-02
   3.4544192e-02
   2.2617126e-02
   3.1776518e-02
   1.2250970e-02
   5.4705646e-03
   2.0860700e-02
   3.3781078e-02
   1.2529067e-02
   2.8729422e-03
   7.1154675e-03
   2.6665647e-02
   8.8742077e-03
   1.2816771e-02
   2.0477584e-02
   4.5549426e-02
   6.9106859e-03
   1.7063517e-02
   1.9970648e-02
   2.3738820e-02
   9.0942988e-03
   4.9815644e-03
   1.1148124e-02
   2.7281482e-02
   1.1385646e-02
   3.0601653e-03
   7.1944818e-03
   1.4683903e-02
   9.2947371e-03
   2.2259988e-02
   2.5880765e-02
   3.2545846e-02
   6.4166780e-03
   2.5742121e-02
   2.3675334e-02
   2.2827152e-02
   1.0935391e-02
   1.1028900e-02
   1.6786667e-02
   3.3723548e-02
   1.1661246e-02
   6.2791826e-03
   9.6057234e-03
   9.3722586e-03
   1.7036853e-02
   6.5137878e-02
   5.1456679e-02
   2.4406819e-02
   8.6192973e-03
   4.9810201e-02
   4.9914408e-02
   1.9637292e-02
   1.4186306e-02
   4.6734311e-02
   4.8026662e-02
   4.8694015e-02
   1.2284585e-02
   4.3975650e-03
   7.0641502e-03
   8.1847208e-03
   1.4577157e-02
   3.7973311e-02
   3.3505157e-02
   2.0791210e-02
   8.0989264e-03
   3.4274071e-02
   3.2790128e-02
   1.6736643e-02
   1.0065776e-02
   2.4186397e-02
   2.7103834e-02
   3.5517313e-02
   1.1916280e-02
   2.4510568e-03
   7.9628024e-03
   7.0167738e-03
   8.7380530e-03
   1.3611390e-02
   1.9195925e-02
   1.4307116e-02
   7.7764257e-03
   2.0554297e-02
   1.7577657e-02
   1.8573843e-02
   7.6675615e-03
   7.1235616e-03
   1.3155906e-02
   3.3761945e-02
   1.5496933e-02
   2.3380362e-03
   3.5735723e-02
   7.2032572e-03
   1.6808456e-02
   3.2838486e-02
   3.1196184e-02
   2.2665733e-02
   2.0810463e-02
   3.5067167e-02
   1.8117055e-02
   3.2436375e-02
   1.0764739e-02
   7.3997569e-03
   2.6046174e-02
   4.7671940e-02
   2.6894813e-02
   3.2302351e-03
   9.5461428e-02
   7.7859154e-03
   3.9719157e-02
   7.1924165e-02
   5.8815423e-02
   3.6979873e-02
   5.7200216e-02
   8.2631871e-02
   2.4623208e-02
   5.3257421e-02
   2.0336479e-02
   8.0207372e-03
   5.2561440e-02
   6.6739336e-02
   1.8707888e-02
   3.0210197e-03
   4.4479299e-02
   1.3415887e-02
   2.3596518e-02
   4.1593526e-02
   3.8904179e-02
   3.1437173e-02
   3.0289169e-02
   4.4768479e-02
   1.8946158e-02
   2.7402114e-02
   1.3949010e-02
   7.0131677e-03
   2.7376993e-02
   3.7047293e-02
   9.8914159e-03
   2.8366528e-03
   9.3723508e-03
   2.6412584e-02
   9.7057335e-03
   1.7137537e-02
   2.8285598e-02
   5.5258524e-02
   7.5019835e-03
   1.7399067e-02
   2.0288285e-02
   1.6992310e-02
   8.8580186e-03
   6.2669502e-03
   1.2591019e-02
   2.5735123e-02
   1.0146169e-02
   3.6632689e-03
   7.6026153e-03
   1.6610403e-02
   9.7813010e-03
   3.0334977e-02
   3.5897288e-02
   4.0071350e-02
   7.5972015e-03
   3.0154103e-02
   2.7502779e-02
   1.4936541e-02
   1.0953725e-02
   1.8076034e-02
   2.2235632e-02
   3.2743357e-02
   1.7856246e-02
   1.2131796e-02
   1.2354396e-02
   1.5227133e-02
   3.1352483e-02
   1.2560545e-01
   9.4304495e-02
   2.7055092e-02
   1.4124769e-02
   8.8048644e-02
   4.4300374e-02
   2.2136724e-02
   1.9844074e-02
   8.3679631e-02
   9.6752584e-02
   6.8854973e-02
   1.8030532e-02
   8.1598246e-03
   1.0417239e-02
   1.2917948e-02
   2.8131297e-02
   7.3736042e-02
   5.3140800e-02
   2.5610657e-02
   1.3797827e-02
   5.5941544e-02
   2.7550895e-02
   1.7225023e-02
   1.3000118e-02
   4.2131629e-02
   5.3863753e-02
   4.4480596e-02
   1.6293261e-02
   3.1069550e-03
   1.2221718e-02
   1.2724712e-02
   1.2500316e-02
   1.5747942e-02
   2.9596914e-02
   1.8924879e-02
   1.1522849e-02
   3.1594425e-02
   1.4957043e-02
   1.7227247e-02
   1.0437514e-02
   1.3418411e-02
   2.0939799e-02
   3.6536809e-02
   1.4874515e-02
   3.3869832e-03
   6.0872357e-02
   1.5376210e-02
   2.6035985e-02
   4.2542078e-02
   4.6162620e-02
   3.3138100e-02
   3.2080200e-02
   5.4754455e-02
   1.5471049e-02
   5.1836584e-02
   1.4545773e-02
   1.3579313e-02
   4.4503745e-02
   5.9557952e-02
   3.1580929e-02
   5.1564192e-03
   1.6006067e-01
   1.6955696e-02
   6.6753857e-02
   1.0078900e-01
   8.5814014e-02
   6.0358819e-02
   8.9377075e-02
   1.3042320e-01
   2.1476245e-02
   9.2382073e-02
   2.5581986e-02
   1.5675301e-02
   8.5221201e-02
   9.8021202e-02
   2.1535594e-02
   4.5005851e-03
   7.2920859e-02
   2.4338350e-02
   4.3166086e-02
   6.1527431e-02
   5.7870205e-02
   5.0423756e-02
   4.6695631e-02
   7.5866200e-02
   1.6248990e-02
   3.7718892e-02
   1.7520888e-02
   1.3291524e-02
   4.5457114e-02
   5.2883975e-02
   1.3960238e-02
   4.1004010e-03
   1.4523061e-02
   4.0211517e-02
   1.6610509e-02
   2.6511976e-02
   4.4230144e-02
   9.4485700e-02
   1.0866866e-02
   2.9789429e-02
   1.6089072e-02
   1.3514195e-02
   1.1103064e-02
   1.0118173e-02
   2.0335240e-02
   3.0974748e-02
   1.4358336e-02
   6.5951198e-03
   1.1715340e-02
   2.6663534e-02
   1.4542654e-02
   5.4001790e-02
   6.5043554e-02
   6.5084472e-02
   1.2515705e-02
   5.4025732e-02
   2.1046294e-02
   1.4588070e-02
   1.3699491e-02
   3.3068936e-02
   4.2355150e-02
   4.2513799e-02
