   1.4850202e-02
   2.7703758e-02
   2.4538700e-02
   4.0293794e-02
   9.4188461e-03
   9.3864864e-03
   5.8427593e-03
   2.4968164e-02
   8.2655698e-03
   6.7833890e-03
   5.3201956e-03
   2.4236878e-02
   8.6866608e-03
   8.1233457e-03
   5.1217796e-03
   2.7119290e-02
   1.2072105e-02
   1.6567856e-02
   1.3759123e-02
   2.8131794e-02
   9.8285349e-03
   9.6131787e-03
   5.5603613e-03
   2.4048300e-02
   8.3429730e-03
   6.6728289e-03
   4.8329355e-03
   2.4621055e-02
   8.3222333e-03
   8.0491984e-03
   4.9906387e-03
   2.7649272e-02
   1.1281583e-02
   1.0635554e-02
   7.9670800e-03
   2.4128584e-02
   1.0000402e-02
   1.1443341e-02
   5.6539765e-03
   2.4198869e-02
   8.0713481e-03
   6.7400080e-03
   4.8837122e-03
   2.4779316e-02
   8.3924122e-03
   7.7206963e-03
   5.1172641e-03
   2.6803920e-02
   1.3073160e-02
   1.4086558e-02
   9.2648296e-03
   2.6914498e-02
   1.0224322e-02
   1.2742484e-02
   6.2969695e-03
   3.0553872e-02
   8.5651716e-03
   7.2315652e-03
   6.1711580e-03
   3.0166317e-02
   8.7389676e-03
   7.8187855e-03
   6.1934837e-03
   3.1202402e-02
   1.6153717e-02
   1.9069178e-02
   1.2616747e-02
   3.5218500e-02
   1.0645550e-02
   1.1982552e-02
   8.5056303e-03
   3.9903443e-02
   1.0397046e-02
   7.3245126e-03
   8.4154140e-03
   4.0325329e-02
   9.7299358e-03
   8.1900451e-03
   7.8653898e-03
   4.0915571e-02
   1.2321252e-02
   1.3708016e-02
   9.5870132e-03
   2.7299359e-02
   9.6860388e-03
   1.0491702e-02
   6.5196548e-03
   3.0595312e-02
   8.8714659e-03
   6.5432517e-03
   5.8154017e-03
   2.9920381e-02
   8.7163411e-03
   8.3887959e-03
   6.2191230e-03
   3.2528326e-02
   1.0905188e-02
   1.1481838e-02
   8.4270975e-03
   2.3890834e-02
   9.2713060e-03
   9.1398982e-03
   5.6602941e-03
   2.5819480e-02
   8.2322042e-03
   6.8256878e-03
   4.4357949e-03
   2.5851786e-02
   8.4382305e-03
   7.9438873e-03
   5.5227289e-03
   2.8324995e-02
   1.2607914e-02
   1.7518762e-02
   1.5731895e-02
   3.0020623e-02
   9.6498542e-03
   9.3322909e-03
   5.6465450e-03
   2.5489733e-02
   8.1722783e-03
   6.9363834e-03
   4.7874600e-03
   2.4389699e-02
   8.3648534e-03
   7.5111184e-03
   5.4110340e-03
   2.8188387e-02
   1.4096813e-02
   4.0242400e-02
   3.2322895e-02
   4.2866386e-02
   5.2867732e-03
   7.7892914e-03
   3.5670327e-03
   1.4981679e-02
   4.7752657e-03
   4.4745682e-03
   3.3894114e-03
   1.5844675e-02
   4.9286978e-03
   5.0390931e-03
   3.5420947e-03
   1.6592851e-02
   1.0371204e-02
   2.0273129e-02
   1.5841534e-02
   2.2470923e-02
   5.3187478e-03
   8.6126244e-03
   3.6045043e-03
   1.4860622e-02
   4.4011036e-03
   4.1662110e-03
   3.6402205e-03
   1.4551804e-02
   4.5468332e-03
   5.0555952e-03
   3.3859874e-03
   1.5600951e-02
   9.4180098e-03
   1.1317687e-02
   7.0383772e-03
   1.4403095e-02
   5.2031479e-03
   1.0970761e-02
   3.7718927e-03
   1.4420777e-02
   4.4199927e-03
   4.2133443e-03
   3.7929304e-03
   1.5653076e-02
   4.6746852e-03
   4.9216887e-03
   3.5699792e-03
   1.5078772e-02
   1.3548370e-02
   1.4856879e-02
   9.5278490e-03
   2.0922016e-02
   6.7898273e-03
   1.1629101e-02
   6.2215277e-03
   2.3664346e-02
   6.2936656e-03
   4.7998489e-03
   6.8031820e-03
   2.4213219e-02
   5.4447157e-03
   4.9433662e-03
   5.5289771e-03
   2.3734951e-02
   1.7758308e-02
   1.9899378e-02
   1.5850041e-02
   3.3722859e-02
   8.7718321e-03
   1.1315845e-02
   1.1904567e-02
   3.9438903e-02
   9.2602512e-03
   4.8576859e-03
   1.2694590e-02
   4.0926341e-02
   7.2504710e-03
   5.2779242e-03
   9.7895460e-03
   4.0952493e-02
   1.1304230e-02
   1.5218681e-02
   1.0175136e-02
   2.2063412e-02
   5.9321672e-03
   1.0546560e-02
   6.5485733e-03
   2.2157574e-02
   5.7789031e-03
   3.9237584e-03
   6.1543714e-03
   2.3598736e-02
   5.1802387e-03
   5.0699036e-03
   5.3768149e-03
   2.4197530e-02
   8.5282680e-03
   1.1890506e-02
   7.7135134e-03
   1.6469005e-02
   5.4007964e-03
   8.3562704e-03
   3.8217986e-03
   1.4418337e-02
   4.4797249e-03
   4.3054470e-03
   3.4010962e-03
   1.4317220e-02
   4.9071917e-03
   5.0649452e-03
   3.4758174e-03
   1.6824411e-02
   1.0677925e-02
   2.2427978e-02
   1.9947512e-02
   2.6347935e-02
   5.5555543e-03
   7.4882214e-03
   3.5257211e-03
   1.4193467e-02
   4.8921597e-03
   4.2710276e-03
   3.4823231e-03
   1.4213283e-02
   4.7731334e-03
   5.1134150e-03
   3.5932509e-03
   1.6646141e-02
   1.8976649e-02
   5.9738573e-02
   4.3823645e-02
   6.5533735e-02
   3.4990886e-03
   8.4337685e-03
   2.5403546e-03
   9.0443259e-03
   2.9265617e-03
   3.4962392e-03
   2.6431417e-03
   8.3968453e-03
   3.1151169e-03
   3.6360859e-03
   2.8104011e-03
   9.1566145e-03
   1.1728689e-02
   3.0294329e-02
   2.2364618e-02
   2.8671741e-02
   3.0816367e-03
   1.0011866e-02
   2.4445837e-03
   9.2670405e-03
   2.6174835e-03
   3.1406665e-03
   2.9424361e-03
   8.1863841e-03
   3.1047286e-03
   3.3970948e-03
   2.5940570e-03
   8.8244276e-03
   1.0780730e-02
   1.6100932e-02
   9.9971257e-03
   1.2174098e-02
   3.0799243e-03
   1.1432616e-02
   2.8409979e-03
   9.2138136e-03
   2.8003841e-03
   2.9698794e-03
   3.2029643e-03
   9.7583290e-03
   2.8886409e-03
   3.4880165e-03
   2.8504818e-03
   1.0137610e-02
   1.9694682e-02
   2.0732550e-02
   1.5256249e-02
   2.2428302e-02
   5.4583084e-03
   1.1170844e-02
   1.0064564e-02
   2.4581600e-02
   5.4668323e-03
   3.6366300e-03
   1.0620589e-02
   2.4848912e-02
   4.7211167e-03
   3.5591284e-03
   9.2377868e-03
   2.6659073e-02
   2.9798666e-02
   3.0382147e-02
   2.7373035e-02
   4.2310167e-02
   1.0497955e-02
   1.4969619e-02
   2.3919489e-02
   5.2282538e-02
   1.0373089e-02
   3.0231306e-03
   2.5120137e-02
   5.1578350e-02
   8.8186236e-03
   3.9178878e-03
   2.0950170e-02
   5.7081107e-02
   1.6504683e-02
   2.2279438e-02
   1.6591074e-02
   2.1589745e-02
   5.5601653e-03
   1.3230557e-02
   1.0259223e-02
   2.2974908e-02
   5.3452365e-03
   2.4513677e-03
   1.0304484e-02
   2.3677431e-02
   4.7941818e-03
   3.4265812e-03
   8.8655101e-03
   2.7042426e-02
   8.4439265e-03
   1.6110057e-02
   1.0654296e-02
   1.3113686e-02
   3.3856865e-03
   1.0378365e-02
   3.0168244e-03
   9.8921461e-03
   3.0609285e-03
   2.5302665e-03
   2.7166558e-03
   8.4839007e-03
   2.9380643e-03
   3.2435684e-03
   3.1521372e-03
   1.0980894e-02
   1.2079000e-02
   3.2639153e-02
   2.8329715e-02
   3.4033984e-02
   3.5717320e-03
   7.8973416e-03
   2.4489714e-03
   9.0124467e-03
   2.9003532e-03
   2.9259711e-03
   2.7777038e-03
   8.6897621e-03
   3.0261409e-03
   3.3705162e-03
   2.6811459e-03
   1.0376804e-02
   2.8359044e-02
   7.9614937e-02
   6.5557607e-02
   9.7126953e-02
   3.0232319e-03
   9.0112975e-03
   2.3787862e-03
   6.7743547e-03
   2.1534490e-03
   2.7734947e-03
   2.4234185e-03
   6.7152008e-03
   2.0101804e-03
   3.3968091e-03
   2.5108794e-03
   8.0816336e-03
   1.8415073e-02
   4.1780662e-02
   3.8704701e-02
   4.7222313e-02
   2.2280023e-03
   8.8119181e-03
   3.2271640e-03
   6.4561940e-03
   1.9381788e-03
   3.0038173e-03
   2.5510681e-03
   6.9514392e-03
   2.0124174e-03
   2.7449133e-03
   2.0326166e-03
   7.0205275e-03
   1.2814036e-02
   2.2801369e-02
   1.7105564e-02
   1.4600436e-02
   2.3667908e-03
   9.7937938e-03
   3.5767425e-03
   5.7364367e-03
   1.6918196e-03
   2.4966067e-03
   2.8519984e-03
   7.9570003e-03
   2.1569368e-03
   2.3184987e-03
   2.8333517e-03
   8.6898794e-03
   2.6782637e-02
   2.9922167e-02
   3.0281506e-02
   3.1548124e-02
   8.3051678e-03
   1.3512002e-02
   1.8647242e-02
   3.4358446e-02
   7.9046777e-03
   2.6211578e-03
   1.9577879e-02
   3.5682999e-02
   6.7608389e-03
   3.0116194e-03
   1.8628728e-02
   3.8059056e-02
   3.8900655e-02
   4.0005744e-02
   5.0429955e-02
   6.8540044e-02
   1.8739961e-02
   2.0533273e-02
   4.8366126e-02
   8.4852688e-02
   1.8780140e-02
   2.0509691e-03
   4.9597137e-02
   8.2647026e-02
   1.6282380e-02
   3.4867846e-03
   4.5563642e-02
   9.1991730e-02
   2.3358013e-02
   3.0080877e-02
   2.9240180e-02
   3.0365715e-02
   8.5828658e-03
   1.2110750e-02
   1.9072961e-02
   3.3428278e-02
   8.4057879e-03
   2.2611364e-03
   1.9038523e-02
   3.1883851e-02
   7.3108831e-03
   3.2589308e-03
   1.8110389e-02
   3.7895236e-02
   1.1023954e-02
   2.0837126e-02
   1.7166570e-02
   1.4710932e-02
   2.4220999e-03
   1.1812611e-02
   3.3677551e-03
   7.0422785e-03
   3.0068615e-03
   2.0074337e-03
   2.7219316e-03
   7.0131375e-03
   2.0621764e-03
   3.0926235e-03
   3.5380952e-03
   9.1723744e-03
   1.8839650e-02
   4.3833289e-02
   4.7913671e-02
   5.0163087e-02
   2.5572695e-03
   1.0871170e-02
   2.4570583e-03
   6.5242578e-03
   2.2515687e-03
   2.4594963e-03
   2.3769648e-03
   5.6231483e-03
   2.3472153e-03
   2.5241924e-03
   3.0808751e-03
   6.9687017e-03
