   7.6093510e-02
   1.0719476e-01
   9.6531659e-02
   2.4268860e-02
   6.2769085e-02
   1.4887078e-01
   1.2123653e-01
   1.5599168e-02
   3.8817029e-02
   1.0124388e-01
   1.0554996e-01
   3.1023378e-02
   5.6875002e-02
   7.8637592e-02
   6.8580605e-02
   2.1509303e-02
   4.9359336e-02
   4.6362102e-02
   4.4021510e-02
   2.0666284e-02
   4.5450490e-02
   6.2071405e-02
   5.3543586e-02
   1.4467446e-02
   3.4995787e-02
   4.7536429e-02
   5.0462317e-02
   1.8691238e-02
   3.9401848e-02
   3.9507523e-02
   3.7772875e-02
   1.4136652e-02
   3.5428058e-02
   1.8102629e-02
   2.0147210e-02
   2.1556810e-02
   3.8044199e-02
   1.8021047e-02
   2.1742946e-02
   1.4031366e-02
   3.0847829e-02
   1.7503111e-02
   2.0390186e-02
   1.1258597e-02
   2.8636007e-02
   1.6333016e-02
   1.9126778e-02
   9.7249728e-03
   3.7652005e-02
   1.8656427e-02
   2.2593724e-02
   2.2810496e-02
   4.0800545e-02
   1.8253412e-02
   2.3840578e-02
   1.5167884e-02
   2.9692002e-02
   2.1789968e-02
   4.2157821e-02
   1.4998673e-02
   2.8176250e-02
   2.3006741e-02
   3.5642896e-02
   1.1477983e-02
   3.7897930e-02
   2.1228930e-02
   2.8936373e-02
   2.4066173e-02
   5.1187433e-02
   1.8446598e-02
   2.7712943e-02
   1.6982680e-02
   7.6450028e-02
   4.5464896e-02
   6.4236820e-02
   1.4601399e-02
   7.1205020e-02
   4.4963371e-02
   4.8482213e-02
   1.2493269e-02
   4.4015259e-02
   1.8355243e-02
   2.4814462e-02
   2.2987718e-02
   8.8322535e-02
   1.8558308e-02
   2.5468193e-02
   1.5583088e-02
   1.5297695e-01
   3.8110700e-02
   3.1127853e-02
   1.1953600e-02
   1.1011139e-01
   3.4727544e-02
   2.4824480e-02
   1.1249805e-02
   4.6519458e-02
   1.7741401e-02
   2.1397077e-02
   2.1613093e-02
   6.2966965e-02
   1.9173460e-02
   2.2156108e-02
   1.4911292e-02
   6.5291427e-02
   1.6212869e-02
   2.1291081e-02
   1.0959084e-02
   4.6572361e-02
   1.7114844e-02
   1.8241888e-02
   1.0180105e-02
   4.8628494e-02
   4.5966744e-02
   4.8074752e-02
   2.1654453e-02
   4.7374133e-02
   5.8054045e-02
   5.5115800e-02
   1.4600339e-02
   3.3483449e-02
   4.3069709e-02
   4.8016399e-02
   1.7032834e-02
   3.8175207e-02
   3.4956273e-02
   3.3666290e-02
   1.2647984e-02
   1.0099655e-01
   1.5597239e-01
   1.4123219e-01
   2.0772358e-02
   7.0250615e-02
   2.1791697e-01
   1.7492203e-01
   1.1313320e-02
   2.8454596e-02
   1.1224270e-01
   1.1292923e-01
   3.9334204e-02
   6.6398568e-02
   1.0852979e-01
   8.8313036e-02
   3.2794382e-02
   5.4771099e-02
   6.4208329e-02
   5.9209768e-02
   1.3606575e-02
   4.8734780e-02
   8.6419180e-02
   7.5232916e-02
   8.7940013e-03
   2.2918509e-02
   4.9279228e-02
   5.4768715e-02
   1.9529926e-02
   3.9727759e-02
   5.4580066e-02
   4.7290564e-02
   1.7837867e-02
   2.8553121e-02
   1.4478426e-02
   2.0575551e-02
   1.2987868e-02
   3.3099744e-02
   1.2003651e-02
   2.1859426e-02
   7.8041642e-03
   1.9129205e-02
   1.2467606e-02
   2.1429596e-02
   1.2066369e-02
   2.5611797e-02
   1.8888928e-02
   2.1570383e-02
   8.4207803e-03
   3.0249596e-02
   1.5737651e-02
   2.5407331e-02
   1.3098422e-02
   3.9772853e-02
   1.0741588e-02
   2.6616914e-02
   9.4921067e-03
   2.8006516e-02
   2.3720777e-02
   6.1006036e-02
   2.1443097e-02
   3.3955630e-02
   3.0157518e-02
   5.2340847e-02
   1.1517733e-02
   3.2397944e-02
   1.8782133e-02
   3.8162220e-02
   1.7202351e-02
   6.5605231e-02
   1.0465423e-02
   3.6779631e-02
   1.2773517e-02
   1.3012104e-01
   6.4010821e-02
   9.3133166e-02
   1.8274918e-02
   1.1927504e-01
   6.7380883e-02
   7.9482406e-02
   1.3047542e-02
   4.5688804e-02
   1.3933054e-02
   3.1303380e-02
   1.4839876e-02
   1.3387345e-01
   1.0883258e-02
   3.1142514e-02
   1.0552783e-02
   2.7455187e-01
   5.3251188e-02
   3.6654823e-02
   1.1507828e-02
   1.8462625e-01
   5.1877983e-02
   3.0426960e-02
   1.0454673e-02
   5.0748497e-02
   1.3735713e-02
   2.4079267e-02
   1.3233827e-02
   8.6781263e-02
   1.1995974e-02
   2.4367495e-02
   8.6222962e-03
   1.0452085e-01
   1.7177304e-02
   2.1781648e-02
   9.4921729e-03
   7.0400767e-02
   2.3078803e-02
   1.9196367e-02
   9.7392062e-03
   5.8935534e-02
   6.2653720e-02
   6.8439290e-02
   1.4996544e-02
   5.3103160e-02
   8.1910208e-02
   8.0773585e-02
   8.4451502e-03
   2.4487531e-02
   4.4769287e-02
   5.1259395e-02
   1.7517529e-02
   4.2279191e-02
   4.6545248e-02
   3.9346196e-02
   1.4985499e-02
   1.3689129e-01
   2.3699433e-01
   2.2985901e-01
   2.9984385e-02
   1.1216891e-01
   4.5411590e-01
   3.7731159e-01
   1.7668741e-02
   4.1857358e-02
   1.9573484e-01
   1.6680048e-01
   7.1965039e-02
   1.0675079e-01
   1.8778016e-01
   1.5979129e-01
   6.0211308e-02
   7.7340789e-02
   9.3737274e-02
   8.9393765e-02
   1.3803317e-02
   7.1675301e-02
   1.7657776e-01
   1.5208954e-01
   8.9496020e-03
   3.1753954e-02
   8.2566328e-02
   7.7687837e-02
   3.2757584e-02
   6.4913355e-02
   8.8273376e-02
   7.9238653e-02
   3.1881910e-02
   3.3411007e-02
   1.6109174e-02
   2.6550286e-02
   9.6859150e-03
   4.5236614e-02
   1.2015957e-02
   2.6839660e-02
   6.0348194e-03
   2.7559131e-02
   1.3462676e-02
   2.4585562e-02
   1.6895942e-02
   3.9934624e-02
   2.5289353e-02
   3.0489719e-02
   1.1885715e-02
   4.1001894e-02
   1.9117769e-02
   3.0013088e-02
   1.2006229e-02
   6.2622920e-02
   7.1260771e-03
   1.9973526e-02
   9.1643427e-03
   4.3615289e-02
   2.5950959e-02
   7.2767220e-02
   3.1927086e-02
   5.1236790e-02
   4.1337501e-02
   7.1192011e-02
   1.3895656e-02
   3.9378330e-02
   2.3596603e-02
   6.1799876e-02
   2.0738022e-02
   8.7013751e-02
   6.6183829e-03
   5.9298661e-02
   1.5744420e-02
   1.5017901e-01
   7.0561931e-02
   1.1302649e-01
   2.5412239e-02
   1.6057055e-01
   9.9716164e-02
   1.1717004e-01
   1.6177086e-02
   6.9440305e-02
   1.4251963e-02
   5.0364468e-02
   1.4465474e-02
   1.8063645e-01
   6.7664878e-03
   4.9202785e-02
   9.8871132e-03
   3.3013728e-01
   5.8448371e-02
   4.0342458e-02
   1.2510394e-02
   2.2621766e-01
   7.2853290e-02
   4.3770388e-02
   1.4425829e-02
   8.1673212e-02
   1.5612375e-02
   3.9862301e-02
   1.0982949e-02
   1.3374230e-01
   1.1318455e-02
   2.8813552e-02
   6.7400495e-03
   1.4167564e-01
   1.7778056e-02
   2.3074280e-02
   1.2169085e-02
   8.6638801e-02
   3.3112776e-02
   2.2040147e-02
   1.3013765e-02
   9.0820268e-02
   9.6287400e-02
   1.2328506e-01
   1.3836505e-02
   9.2387266e-02
   1.7103472e-01
   1.6796298e-01
   8.2034282e-03
   3.7605051e-02
   7.3428832e-02
   6.7384847e-02
   2.9353924e-02
   6.4961076e-02
   7.7268980e-02
   5.8855351e-02
   2.6175588e-02
   1.9401446e-01
   3.0755624e-01
   3.4493437e-01
   5.5429861e-02
   7.8336850e-02
   1.4336619e-01
   1.2852204e-01
   1.3663092e-02
   5.7680987e-02
   1.5423445e-01
   1.2588540e-01
   1.0524435e-01
   1.5823504e-01
   2.8155300e-01
   2.6756871e-01
   1.1664743e-01
   1.0679713e-01
   1.1979508e-01
   1.3119970e-01
   2.2555403e-02
   6.8192936e-02
   5.5482350e-02
   5.2680284e-02
   7.4645104e-03
   4.0682834e-02
   6.6639461e-02
   6.6324167e-02
   4.8474822e-02
   8.6348608e-02
   1.2873375e-01
   1.3081530e-01
   6.3768573e-02
   3.9867770e-02
   2.4793014e-02
   2.4870688e-02
   9.1206785e-03
   6.4055391e-02
   6.3700587e-03
   9.1544306e-03
   6.1189556e-03
   3.8226090e-02
   1.4880556e-02
   2.4501190e-02
   1.9749222e-02
   5.9765328e-02
   3.2122441e-02
   4.0816128e-02
   2.5000168e-02
   6.5419294e-02
   2.8706983e-02
   2.9212303e-02
   1.4300429e-02
   8.6702749e-02
   6.2274165e-03
   1.7724693e-02
   1.1543560e-02
   5.1961198e-02
   3.5328466e-02
   7.5297974e-02
   3.4319751e-02
   5.8239944e-02
   5.7972573e-02
   7.9817049e-02
   2.1028969e-02
   5.7529379e-02
   2.8945299e-02
   8.3492339e-02
   4.3403968e-02
   7.4541807e-02
   7.4586836e-03
   8.6583853e-02
   2.2456745e-02
   6.6789247e-02
   6.8885036e-02
   1.1708233e-01
   2.8016055e-02
   1.0852917e-01
   1.2179461e-01
   1.3731267e-01
   3.0977208e-02
   7.7337839e-02
   2.1874823e-02
   6.4596243e-02
   2.5975797e-02
   1.0510663e-01
   6.6304249e-03
   7.1284659e-02
   1.2905966e-02
   1.2997282e-01
   5.6617443e-02
   4.2550705e-02
   1.4392010e-02
   1.2121508e-01
   8.2901284e-02
   5.2684784e-02
   2.7340539e-02
   9.2548952e-02
   2.1718744e-02
   3.2809865e-02
   9.8231677e-03
   9.8760940e-02
   7.9359403e-03
   1.4297786e-02
   6.5581016e-03
   8.3006017e-02
   1.7374771e-02
   1.9018361e-02
   1.5067166e-02
   7.9903327e-02
   4.3754622e-02
   2.4942987e-02
   2.4050951e-02
   1.3277031e-01
   1.2002466e-01
   1.7265521e-01
   2.1335796e-02
   7.6178886e-02
   5.6617424e-02
   5.4327480e-02
   7.4449936e-03
   4.6134878e-02
   6.0723018e-02
   5.3472653e-02
   4.4881362e-02
   9.5559299e-02
   1.0296756e-01
   9.3605027e-02
   5.2668806e-02
