   1.0270225e-02
   1.1485896e-02
   3.0092843e-02
   2.4178218e-02
   9.9484222e-03
   1.3044966e-02
   4.3359485e-02
   7.6764166e-02
   9.9374121e-03
   1.2496269e-02
   1.7588835e-02
   3.7368558e-02
   1.1165896e-02
   1.2923704e-02
   1.1801197e-02
   3.5332102e-02
   1.0027365e-02
   9.6659418e-03
   2.9136667e-02
   2.3251336e-02
   9.4472151e-03
   1.0602578e-02
   4.8939604e-02
   7.0660822e-02
   9.8237200e-03
   1.1022207e-02
   1.7803695e-02
   3.9360218e-02
   1.0918565e-02
   1.2168513e-02
   1.0955107e-02
   3.6017325e-02
   1.0335159e-02
   9.2360694e-03
   2.3937384e-02
   2.3319110e-02
   1.0154748e-02
   1.0102811e-02
   4.5766454e-02
   6.5330006e-02
   9.5959119e-03
   1.0172711e-02
   1.6673088e-02
   4.0433463e-02
   1.1619698e-02
   1.1977751e-02
   1.1057386e-02
   4.0012307e-02
   1.1117463e-02
   1.0930031e-02
   2.2974862e-02
   2.6885699e-02
   1.0798262e-02
   1.2227771e-02
   4.8081804e-02
   6.8565637e-02
   1.0714925e-02
   1.1574541e-02
   1.7516829e-02
   4.2286009e-02
   1.2327282e-02
   1.3739476e-02
   1.1773856e-02
   4.9444977e-02
   1.2835772e-02
   1.3127758e-02
   3.0285385e-02
   3.1984948e-02
   1.2641448e-02
   1.6592203e-02
   4.6429012e-02
   7.6952346e-02
   1.3376296e-02
   1.5309552e-02
   1.8200502e-02
   3.8487893e-02
   1.3832720e-02
   1.5640000e-02
   1.2333859e-02
   5.7299677e-02
   1.1507932e-02
   1.0561094e-02
   3.9705850e-02
   3.1495333e-02
   1.1002629e-02
   1.2151813e-02
   4.2075299e-02
   6.8737552e-02
   1.0581824e-02
   1.1660725e-02
   1.6481763e-02
   3.0110970e-02
   1.2515613e-02
   1.4161032e-02
   1.1769893e-02
   4.8870314e-02
   1.0857411e-02
   8.9022703e-03
   4.4713810e-02
   3.4205265e-02
   9.8326020e-03
   9.9320775e-03
   4.3717694e-02
   6.4059705e-02
   1.0186914e-02
   9.9925110e-03
   1.5133457e-02
   2.7868919e-02
   1.1652128e-02
   1.2763243e-02
   1.1144776e-02
   4.2402409e-02
   1.0416290e-02
   9.5222583e-03
   3.4266856e-02
   3.0352402e-02
   9.6514905e-03
   1.0957333e-02
   4.1459605e-02
   6.9069326e-02
   1.0074786e-02
   1.0441204e-02
   1.5073064e-02
   3.0038951e-02
   1.0910244e-02
   1.2404836e-02
   1.1169435e-02
   3.5947703e-02
   7.1354979e-03
   1.4034080e-02
   2.5571747e-02
   2.3477614e-02
   7.9196608e-03
   1.5851645e-02
   4.1460399e-02
   6.6130772e-02
   7.5765196e-03
   1.4579321e-02
   2.1994965e-02
   3.3256620e-02
   8.3693983e-03
   1.0833709e-02
   9.9445544e-03
   3.2127079e-02
   6.9072922e-03
   8.8163232e-03
   2.2711605e-02
   1.9375896e-02
   6.8662865e-03
   1.1088580e-02
   4.3532256e-02
   6.3363053e-02
   7.1982862e-03
   1.0327868e-02
   1.7026674e-02
   3.6818784e-02
   7.7659879e-03
   9.5233778e-03
   9.0793725e-03
   3.2717563e-02
   7.8356294e-03
   7.9397140e-03
   2.1286378e-02
   1.8785456e-02
   7.1005360e-03
   9.3571087e-03
   4.3420650e-02
   5.8328636e-02
   6.9147348e-03
   9.1915233e-03
   1.8133119e-02
   3.8503163e-02
   8.3163260e-03
   9.0489406e-03
   1.0667113e-02
   4.2817816e-02
   9.0131843e-03
   9.6900817e-03
   2.4379063e-02
   2.6262013e-02
   8.2772169e-03
   1.3413399e-02
   4.2603105e-02
   6.7045130e-02
   8.1359688e-03
   1.3130676e-02
   2.3366537e-02
   4.6285346e-02
   1.0164890e-02
   1.1311707e-02
   1.0967624e-02
   6.3922502e-02
   1.1460003e-02
   1.3950609e-02
   3.9679624e-02
   3.5544172e-02
   1.0723848e-02
   2.2439307e-02
   4.2874634e-02
   7.5445138e-02
   1.2244937e-02
   1.9662993e-02
   2.2069568e-02
   4.5322843e-02
   1.1288184e-02
   1.3309881e-02
   1.1170503e-02
   7.2886229e-02
   8.3325058e-03
   1.0255534e-02
   5.7275068e-02
   3.3712521e-02
   7.8093722e-03
   1.3496876e-02
   4.0634722e-02
   6.4622246e-02
   8.3764652e-03
   1.2798659e-02
   1.8109167e-02
   3.4206029e-02
   9.0405047e-03
   1.1171427e-02
   1.0490377e-02
   5.3647365e-02
   7.2377799e-03
   7.5655119e-03
   5.3936068e-02
   3.8586579e-02
   7.1531818e-03
   9.4151124e-03
   3.9850287e-02
   5.4188740e-02
   6.6541070e-03
   9.5140645e-03
   1.5191666e-02
   2.6537823e-02
   9.2381053e-03
   9.3572708e-03
   8.9472011e-03
   4.0128741e-02
   7.2079482e-03
   9.2627415e-03
   3.5571922e-02
   3.3364762e-02
   7.8561492e-03
   1.2007389e-02
   4.0323902e-02
   5.8238219e-02
   7.0214812e-03
   1.0903420e-02
   1.7429022e-02
   2.8253838e-02
   8.4536429e-03
   9.6993148e-03
   9.1563873e-03
   3.2742757e-02
   6.5435157e-03
   1.7673852e-02
   2.6448563e-02
   2.6952820e-02
   6.6869864e-03
   2.0472275e-02
   3.5679407e-02
   6.0323004e-02
   6.6122483e-03
   1.9774601e-02
   2.7743746e-02
   3.0579926e-02
   7.3643439e-03
   1.0491405e-02
   1.2889334e-02
   3.7252784e-02
   5.6715622e-03
   9.8403720e-03
   2.2905754e-02
   2.5576677e-02
   6.4075408e-03
   1.3304424e-02
   3.9034437e-02
   5.8135439e-02
   5.1009399e-03
   1.2355895e-02
   2.1891210e-02
   3.4822062e-02
   6.3778702e-03
   7.7152792e-03
   1.1224497e-02
   3.5842467e-02
   6.4448849e-03
   7.5898543e-03
   2.1191236e-02
   2.3322767e-02
   5.6039775e-03
   1.1620459e-02
   3.4756087e-02
   5.4762363e-02
   5.4402016e-03
   9.8401010e-03
   2.3738218e-02
   3.9746638e-02
   6.6472795e-03
   7.7140825e-03
   1.3092889e-02
   5.2009556e-02
   8.2775671e-03
   1.0203672e-02
   3.3692818e-02
   3.2729290e-02
   7.0645427e-03
   1.5236066e-02
   4.0031333e-02
   6.4090550e-02
   7.5210347e-03
   1.5252450e-02
   2.9884981e-02
   5.1642720e-02
   8.3726691e-03
   8.6569050e-03
   1.4575875e-02
   8.4992215e-02
   1.1201629e-02
   1.6634023e-02
   5.3880379e-02
   4.7470622e-02
   1.2031158e-02
   2.8929742e-02
   4.9169898e-02
   6.6189475e-02
   1.2409690e-02
   2.4097793e-02
   2.5440717e-02
   5.9262309e-02
   1.2085754e-02
   1.1032931e-02
   1.5023321e-02
   1.0192153e-01
   6.2374519e-03
   1.0146915e-02
   6.2737972e-02
   4.7989901e-02
   7.1238223e-03
   1.4616460e-02
   4.1011639e-02
   6.8139188e-02
   7.2565842e-03
   1.3664671e-02
   1.9104462e-02
   4.7985677e-02
   8.8342456e-03
   9.7658010e-03
   1.3716386e-02
   6.7323022e-02
   5.8155241e-03
   7.5623146e-03
   5.8519244e-02
   4.2688187e-02
   5.6971847e-03
   9.4794184e-03
   3.6726952e-02
   5.6096241e-02
   5.0990703e-03
   1.0137353e-02
   1.3294411e-02
   2.8371762e-02
   7.9623377e-03
   7.6206718e-03
   8.8170590e-03
   3.5211306e-02
   6.4560487e-03
   1.0385515e-02
   3.6115289e-02
   3.4847114e-02
   6.5657711e-03
   1.4665291e-02
   3.0838763e-02
   4.8822045e-02
   5.9166099e-03
   1.3660046e-02
   1.8384354e-02
   2.6546134e-02
   6.8741846e-03
   7.8772549e-03
   9.6477102e-03
   3.2223400e-02
   5.1804003e-03
   2.6296346e-02
   2.8987573e-02
   4.2874586e-02
   7.3172650e-03
   3.4185752e-02
   3.6787823e-02
   8.7994531e-02
   6.7054313e-03
   2.5983142e-02
   4.2325858e-02
   5.3839594e-02
   5.8744205e-03
   1.4100792e-02
   1.6851163e-02
   5.5228528e-02
   5.1722620e-03
   1.4441434e-02
   2.0320594e-02
   4.1895360e-02
   6.9053746e-03
   1.9455818e-02
   3.1955287e-02
   6.8176232e-02
   4.7312556e-03
   1.5495599e-02
   3.5066552e-02
   4.9367119e-02
   5.1206830e-03
   8.6731305e-03
   1.3777345e-02
   4.5102052e-02
   4.5256997e-03
   6.2883236e-03
   1.9474594e-02
   3.5424475e-02
   6.0995445e-03
   1.1224812e-02
   3.8157105e-02
   6.3438490e-02
   5.3033540e-03
   8.4083267e-03
   2.8890295e-02
   5.6069285e-02
   6.0594501e-03
   7.5369780e-03
   1.7750883e-02
   6.3943349e-02
   8.4210467e-03
   1.0201931e-02
   4.8644703e-02
   5.1361311e-02
   9.4088828e-03
   1.4428345e-02
   5.2209508e-02
   8.3375186e-02
   8.6871581e-03
   1.6615858e-02
   3.3421569e-02
   7.9081483e-02
   1.1747553e-02
   6.6744382e-03
   2.7248863e-02
   1.0776439e-01
   1.7071156e-02
   2.1791998e-02
   8.3996110e-02
   7.2553627e-02
   1.6287234e-02
   3.3311047e-02
   6.8848103e-02
   8.7011948e-02
   1.7222954e-02
   3.1308789e-02
   3.8395040e-02
   9.8572321e-02
   1.9711480e-02
   9.1460496e-03
   3.0947173e-02
   1.6755299e-01
   7.4570146e-03
   1.0743132e-02
   7.3801525e-02
   6.9885969e-02
   8.1460401e-03
   1.5868645e-02
   5.5931270e-02
   9.2798643e-02
   7.9749255e-03
   1.3376463e-02
   2.6330763e-02
   6.9097862e-02
   1.0046043e-02
   7.8456150e-03
   1.8773399e-02
   9.7167701e-02
   3.6937015e-03
   6.9667515e-03
   6.5258317e-02
   5.1848460e-02
   4.4953418e-03
   8.9568356e-03
   4.8225999e-02
   6.4520955e-02
   4.4502513e-03
   9.3908496e-03
   1.8613962e-02
   4.0373936e-02
   5.2515958e-03
   5.1479246e-03
   9.7715594e-03
   5.2324407e-02
   4.2220596e-03
   1.5386006e-02
   4.3220609e-02
   4.3558657e-02
   6.8902373e-03
   1.9784728e-02
   3.8342617e-02
   6.2367298e-02
   4.7274656e-03
   1.7602667e-02
   2.6243214e-02
   4.4613831e-02
   5.7024090e-03
   9.3567334e-03
   1.1838399e-02
   4.9463738e-02
