   5.4911040e-02
   5.7487983e-02
   6.6688396e-02
   2.4859544e-02
   7.1959272e-02
   8.8410147e-02
   8.9007445e-02
   2.8988410e-02
   5.3198088e-02
   9.1862060e-02
   1.0479362e-01
   3.1875104e-02
   6.9317184e-02
   1.2710541e-01
   9.4143204e-02
   2.9105507e-02
   3.0713119e-02
   3.3893988e-02
   3.6798749e-02
   1.9631289e-02
   4.2207945e-02
   4.5715552e-02
   4.8892770e-02
   1.9581834e-02
   4.0074468e-02
   4.3502223e-02
   6.0021590e-02
   2.0367594e-02
   5.0092924e-02
   5.9098810e-02
   5.0558615e-02
   2.9819623e-02
   1.6455062e-02
   1.9211203e-02
   1.8153675e-02
   1.8849568e-02
   3.2615848e-02
   1.8281067e-02
   2.6294583e-02
   1.2461130e-02
   5.3908799e-02
   1.4991313e-02
   2.9160170e-02
   1.1466916e-02
   5.3660285e-02
   2.3941146e-02
   2.3883410e-02
   2.8369719e-02
   3.5152167e-02
   3.4492809e-02
   2.2153175e-02
   1.7177200e-02
   6.8448588e-02
   2.6145944e-02
   2.6324816e-02
   1.2395144e-02
   9.9009871e-02
   2.8275399e-02
   3.7452318e-02
   1.3354684e-02
   6.2737718e-02
   2.2989793e-02
   2.6986973e-02
   2.7981667e-02
   2.8066941e-02
   4.7170639e-02
   3.3210088e-02
   3.1437907e-02
   4.2155851e-02
   3.7664469e-02
   3.9808501e-02
   1.3341224e-02
   5.2455481e-02
   3.5000768e-02
   7.2202973e-02
   1.5849469e-02
   5.1140163e-02
   2.3828136e-02
   3.2667764e-02
   2.9321549e-02
   1.4035227e-02
   2.4701849e-02
   2.5046224e-02
   3.1885136e-02
   2.1378903e-02
   2.6139719e-02
   3.5701152e-02
   1.4329508e-02
   3.1868134e-02
   1.7716305e-02
   5.4315370e-02
   1.8383510e-02
   4.7506534e-02
   2.2822183e-02
   2.4159001e-02
   2.8891373e-02
   1.7283712e-02
   1.8008111e-02
   1.8660942e-02
   1.7172555e-02
   2.2757044e-02
   1.8326081e-02
   2.4390794e-02
   1.1062565e-02
   3.2387994e-02
   1.5347524e-02
   2.8214797e-02
   1.3713120e-02
   4.0272269e-02
   2.2764711e-02
   2.0621965e-02
   2.8120089e-02
   2.8239625e-02
   3.0222757e-02
   3.4202203e-02
   1.9782240e-02
   3.9015412e-02
   4.1867733e-02
   4.6738688e-02
   1.6156491e-02
   3.8703181e-02
   4.0269274e-02
   5.0865576e-02
   1.7134184e-02
   4.6913859e-02
   5.1723219e-02
   4.1300606e-02
   2.8569717e-02
   7.6955125e-02
   7.8137591e-02
   9.6199900e-02
   2.4594799e-02
   9.7408205e-02
   1.1246251e-01
   8.5763454e-02
   3.5028294e-02
   5.5319417e-02
   1.1309643e-01
   1.0789713e-01
   4.6267107e-02
   8.2583636e-02
   1.7539075e-01
   1.3257177e-01
   1.7978562e-02
   3.7152648e-02
   4.3835964e-02
   4.8439998e-02
   1.5232595e-02
   5.4613058e-02
   5.5480201e-02
   4.7253970e-02
   2.0650309e-02
   3.8788691e-02
   5.1395454e-02
   5.9015546e-02
   2.5638109e-02
   5.7081681e-02
   7.7999420e-02
   6.9910429e-02
   1.6089363e-02
   2.1328758e-02
   2.1698562e-02
   1.7473778e-02
   1.0256529e-02
   4.4751652e-02
   1.9818734e-02
   2.0828759e-02
   1.0828436e-02
   7.8439713e-02
   1.6775049e-02
   2.8242791e-02
   1.1416990e-02
   6.5268584e-02
   1.5208594e-02
   2.3481151e-02
   1.5399674e-02
   5.6250904e-02
   4.6560850e-02
   2.2631261e-02
   1.3397954e-02
   1.0890193e-01
   3.4142781e-02
   2.6871415e-02
   1.2800754e-02
   1.6093557e-01
   4.2936739e-02
   4.3850489e-02
   1.3967169e-02
   7.7735446e-02
   1.2631816e-02
   2.9551277e-02
   1.6478384e-02
   4.6111420e-02
   6.6216923e-02
   4.1527599e-02
   3.9687295e-02
   6.6282183e-02
   5.1256191e-02
   5.9726015e-02
   1.4880342e-02
   7.4193642e-02
   5.3460758e-02
   1.0332353e-01
   2.0249862e-02
   4.7985032e-02
   1.2935922e-02
   3.9256074e-02
   1.7710617e-02
   1.3965413e-02
   2.6738301e-02
   3.1411212e-02
   3.9570019e-02
   2.4161549e-02
   3.0231228e-02
   5.3246014e-02
   1.6037069e-02
   3.2595072e-02
   2.1006351e-02
   7.8732200e-02
   2.8429355e-02
   3.9545093e-02
   1.3385649e-02
   2.4343811e-02
   1.5859531e-02
   1.1811814e-02
   2.0347385e-02
   1.9547675e-02
   1.4555135e-02
   1.9911563e-02
   2.0703243e-02
   2.4420980e-02
   1.1724746e-02
   2.4567394e-02
   1.4847798e-02
   3.3468653e-02
   1.8364081e-02
   3.2965168e-02
   1.4993375e-02
   1.9254329e-02
   1.5495547e-02
   2.9989310e-02
   3.9833650e-02
   4.3921154e-02
   1.3960348e-02
   4.2415734e-02
   4.8548736e-02
   4.2610869e-02
   1.6716795e-02
   3.2126267e-02
   4.4749573e-02
   5.0148897e-02
   1.9630203e-02
   4.6470430e-02
   6.1659884e-02
   5.1912230e-02
   1.5606626e-02
   1.0101275e-01
   1.0604624e-01
   1.3813621e-01
   3.5665009e-02
   1.1393687e-01
   1.6320135e-01
   1.4118454e-01
   6.8021283e-02
   8.2382761e-02
   1.9649422e-01
   1.5389298e-01
   9.0749562e-02
   1.3201416e-01
   3.3649895e-01
   2.5106466e-01
   2.4215689e-02
   4.8180085e-02
   6.1289202e-02
   6.7708246e-02
   1.9062137e-02
   7.5361446e-02
   7.4291855e-02
   6.8121962e-02
   3.8478579e-02
   5.8342513e-02
   8.6916931e-02
   7.7536777e-02
   4.7467500e-02
   9.8161697e-02
   1.5092871e-01
   1.3578859e-01
   1.4497404e-02
   2.9537389e-02
   3.3132307e-02
   2.0114439e-02
   1.1636132e-02
   6.6890925e-02
   3.0828634e-02
   2.8493773e-02
   1.5575987e-02
   1.1909309e-01
   1.9241320e-02
   3.1845879e-02
   1.5646372e-02
   9.3332507e-02
   1.6685156e-02
   3.4023635e-02
   1.0238077e-02
   9.1214791e-02
   7.3579423e-02
   3.3467330e-02
   1.9228345e-02
   1.6450471e-01
   5.6759212e-02
   3.8260538e-02
   1.9760834e-02
   2.4102128e-01
   5.1384680e-02
   4.5645788e-02
   1.7636893e-02
   9.3113326e-02
   1.0115528e-02
   4.4515751e-02
   1.3459568e-02
   7.7967025e-02
   1.0717586e-01
   6.1974928e-02
   7.4423887e-02
   9.6366212e-02
   8.5578911e-02
   1.0247112e-01
   2.5977883e-02
   1.1145611e-01
   6.4838573e-02
   1.2129688e-01
   2.5010807e-02
   6.0466334e-02
   9.7649340e-03
   6.3341029e-02
   1.5236123e-02
   2.2395315e-02
   4.2367816e-02
   4.6285927e-02
   6.9859311e-02
   4.1430797e-02
   4.5213688e-02
   9.2374966e-02
   2.5430936e-02
   4.9195457e-02
   2.6184533e-02
   9.4370566e-02
   4.1065991e-02
   5.0485969e-02
   1.0485317e-02
   2.2840261e-02
   1.0569117e-02
   1.5412238e-02
   3.0492842e-02
   2.5849877e-02
   2.1387585e-02
   3.0189127e-02
   2.7667446e-02
   3.6923759e-02
   1.5444703e-02
   3.3195879e-02
   1.5692690e-02
   3.7477780e-02
   2.5319876e-02
   4.2209912e-02
   1.5754873e-02
   2.0882372e-02
   8.9560235e-03
   3.6652531e-02
   5.0989609e-02
   6.1986025e-02
   1.8480062e-02
   5.3202275e-02
   6.5620035e-02
   6.0673524e-02
   2.9793685e-02
   4.7036286e-02
   6.9978662e-02
   6.1858017e-02
   3.3214428e-02
   7.4183159e-02
   1.1157086e-01
   8.6472481e-02
   1.1021590e-02
   1.7580685e-01
   1.7193632e-01
   2.0317976e-01
   5.9455782e-02
   1.7663541e-01
   2.7024451e-01
   2.6502091e-01
   1.3775073e-01
   1.1046690e-01
   2.4796453e-01
   1.8296726e-01
   1.4995883e-01
   1.5705137e-01
   3.3279115e-01
   2.3781835e-01
   3.1392049e-02
   8.1336863e-02
   8.4383599e-02
   9.7684704e-02
   2.6752980e-02
   1.1908029e-01
   1.1451538e-01
   1.1956902e-01
   7.6046124e-02
   7.8091078e-02
   1.0776968e-01
   8.5212171e-02
   8.2994044e-02
   1.2109945e-01
   1.5241489e-01
   1.2535216e-01
   1.7005315e-02
   3.8645744e-02
   4.2208303e-02
   2.8219052e-02
   2.0035338e-02
   7.2759733e-02
   4.3142553e-02
   3.5003971e-02
   3.0248605e-02
   8.6524695e-02
   2.3656383e-02
   3.2358196e-02
   2.0944376e-02
   9.8166049e-02
   1.8568978e-02
   2.3988267e-02
   9.9541666e-03
   1.1487484e-01
   1.0633089e-01
   5.0197721e-02
   3.2044057e-02
   1.6627000e-01
   7.7140398e-02
   4.0737927e-02
   3.1823479e-02
   1.4814496e-01
   5.0344318e-02
   4.5256913e-02
   2.0419864e-02
   8.9338325e-02
   7.9614893e-03
   6.3547976e-02
   1.8528838e-02
   1.0603482e-01
   1.6692846e-01
   8.4848210e-02
   1.1607786e-01
   9.8714031e-02
   1.1840919e-01
   1.2272148e-01
   4.7092859e-02
   9.6241765e-02
   6.3129842e-02
   1.1146314e-01
   3.0185293e-02
   7.0695728e-02
   7.4878582e-03
   9.7578064e-02
   2.4236759e-02
   3.3351202e-02
   6.3718170e-02
   6.9481328e-02
   1.0799577e-01
   5.1619492e-02
   6.3446023e-02
   1.0997553e-01
   4.4729352e-02
   6.7110389e-02
   3.0035203e-02
   8.9983024e-02
   4.7577102e-02
   7.2838172e-02
   1.0641626e-02
   2.8736217e-02
   1.2645721e-02
   2.1315949e-02
   3.3962920e-02
   4.3602739e-02
   3.6577020e-02
   4.9858820e-02
   3.6296494e-02
   4.6034992e-02
   2.5335204e-02
   4.9357235e-02
   1.8188046e-02
   3.8394295e-02
   3.3162046e-02
   5.0655574e-02
   1.4286234e-02
   1.2817955e-02
   8.4234588e-03
   6.1966546e-02
   7.3132001e-02
   9.8374650e-02
   2.8756555e-02
   8.7679073e-02
   1.0069364e-01
   1.0453320e-01
   5.7761606e-02
   7.7469833e-02
   8.9921564e-02
   7.3817968e-02
   5.3252172e-02
   8.9815401e-02
   1.0781246e-01
   8.1607647e-02
   1.3499039e-02
