   3.8855031e-02
   9.0546571e-02
   8.0990642e-02
   1.6257348e-02
   7.0672058e-02
   1.4299302e-01
   7.9755671e-02
   1.6202558e-02
   7.9538651e-02
   1.0182252e-01
   5.4760601e-02
   1.8655656e-02
   3.9053485e-02
   5.8242116e-02
   5.6134440e-02
   2.4247427e-02
   6.2364515e-02
   4.8359375e-02
   3.9379839e-02
   1.6610136e-02
   9.6559860e-02
   1.0712715e-01
   4.0530015e-02
   1.5583388e-02
   4.5180418e-02
   6.0180239e-02
   3.4647893e-02
   1.9441655e-02
   3.4435622e-02
   4.8747443e-02
   4.7691971e-02
   2.4037099e-02
   1.0167540e-01
   3.1140948e-02
   1.3948699e-02
   1.6839737e-02
   5.7749920e-02
   7.4056216e-02
   1.6735496e-02
   1.5684402e-02
   3.7746333e-02
   4.0646318e-02
   2.5895357e-02
   2.0504979e-02
   3.4431163e-02
   4.3269947e-02
   3.9226767e-02
   3.2288384e-02
   5.9566956e-02
   3.4101568e-02
   1.9117229e-02
   1.9882819e-02
   4.8803367e-02
   5.7515614e-02
   2.2288691e-02
   1.7338639e-02
   4.2800698e-02
   4.8385207e-02
   3.2336112e-02
   2.1842394e-02
   3.6612976e-02
   4.4876412e-02
   4.5197614e-02
   2.8535662e-02
   4.0639158e-02
   2.5067760e-02
   3.8514886e-02
   3.1718247e-02
   5.8530062e-02
   5.3946305e-02
   4.4572439e-02
   2.3202941e-02
   5.6527048e-02
   6.4749435e-02
   5.4028675e-02
   3.2346781e-02
   4.4119440e-02
   6.6532545e-02
   4.8929658e-02
   3.9977532e-02
   3.2158408e-02
   1.5676478e-02
   3.3039797e-02
   2.4444425e-02
   4.6158802e-02
   4.0331751e-02
   2.5909381e-02
   2.1691255e-02
   4.6203785e-02
   6.1715227e-02
   2.8360156e-02
   2.9740356e-02
   6.8344027e-02
   1.2807429e-01
   3.6875933e-02
   3.8923804e-02
   3.0188052e-02
   1.5226736e-02
   1.7102582e-02
   1.8498430e-02
   4.2554162e-02
   3.5653312e-02
   1.4302026e-02
   1.9454196e-02
   5.0450053e-02
   8.0578700e-02
   1.7362755e-02
   2.1805780e-02
   1.0925347e-01
   1.0571864e-01
   3.2160357e-02
   2.5866034e-02
   3.2502949e-02
   3.9847337e-02
   3.6846314e-02
   1.6659489e-02
   4.3865059e-02
   6.9046326e-02
   3.6305524e-02
   1.6745649e-02
   8.8779837e-02
   9.1579527e-02
   2.9977651e-02
   1.8545926e-02
   6.8183899e-02
   5.8953959e-02
   3.8707208e-02
   2.2192944e-02
   4.6315208e-02
   1.3356370e-01
   1.1216918e-01
   1.1075661e-02
   1.0792938e-01
   2.4387774e-01
   1.5189271e-01
   1.0714586e-02
   1.1914888e-01
   1.5350713e-01
   8.6824097e-02
   1.8196486e-02
   5.1650617e-02
   6.0133152e-02
   5.8124218e-02
   1.8658239e-02
   9.6649490e-02
   6.9410808e-02
   5.2556384e-02
   9.6483231e-03
   1.6071281e-01
   1.6974179e-01
   7.4319661e-02
   9.5060775e-03
   5.1329080e-02
   8.9010164e-02
   5.1348958e-02
   1.6945450e-02
   4.1704275e-02
   4.6311941e-02
   5.0829187e-02
   1.9325532e-02
   1.7016642e-01
   4.5632888e-02
   1.7356090e-02
   1.0527299e-02
   8.7844595e-02
   9.6779846e-02
   2.0776104e-02
   1.0142677e-02
   3.9271671e-02
   5.3039838e-02
   3.1798616e-02
   1.7969282e-02
   3.7793070e-02
   4.3784771e-02
   4.2247519e-02
   2.6849188e-02
   9.0788879e-02
   5.0727941e-02
   2.7019078e-02
   1.3691524e-02
   5.6875039e-02
   7.3713891e-02
   2.7281109e-02
   1.1130533e-02
   4.7828339e-02
   6.3993387e-02
   3.9496452e-02
   1.9603159e-02
   4.2561065e-02
   4.5110919e-02
   4.9259268e-02
   2.1129990e-02
   5.0502051e-02
   3.6454007e-02
   5.9319012e-02
   2.3426466e-02
   6.8418697e-02
   6.2325943e-02
   6.3817911e-02
   1.5494961e-02
   6.4575501e-02
   7.4437700e-02
   6.9957323e-02
   2.4219766e-02
   5.5988260e-02
   6.5254569e-02
   5.3571638e-02
   2.7300537e-02
   3.7118454e-02
   2.0832138e-02
   5.3543784e-02
   1.7497346e-02
   5.1249798e-02
   5.1887743e-02
   3.3689640e-02
   1.4667166e-02
   5.5211924e-02
   7.5569749e-02
   3.4276929e-02
   2.3188857e-02
   1.1192808e-01
   1.2091456e-01
   3.7532102e-02
   2.8068988e-02
   3.4996953e-02
   1.9217763e-02
   2.5656497e-02
   1.2851494e-02
   4.2765778e-02
   4.5797717e-02
   1.3403012e-02
   1.4712226e-02
   7.2381534e-02
   1.1203730e-01
   1.9711616e-02
   1.9885203e-02
   1.8012792e-01
   1.1669049e-01
   3.2615010e-02
   2.2093192e-02
   3.7040476e-02
   5.2449960e-02
   4.8640002e-02
   1.1514569e-02
   4.5317519e-02
   1.0333987e-01
   5.6542020e-02
   1.2663785e-02
   1.3787803e-01
   1.3660057e-01
   4.1885488e-02
   1.8656023e-02
   1.0667885e-01
   6.0900077e-02
   3.8557682e-02
   1.7616127e-02
   7.6626152e-02
   1.2552352e-01
   1.0593859e-01
   1.0958722e-02
   1.6229822e-01
   1.0437068e-01
   4.8383739e-02
   8.7983925e-03
   1.8965861e-01
   9.4396785e-02
   3.8659021e-02
   1.8001579e-02
   8.3890289e-02
   4.8952647e-02
   5.9136059e-02
   1.9287547e-02
   1.4421546e-01
   6.1960880e-02
   5.5565845e-02
   7.3992242e-03
   2.3936084e-01
   1.0702758e-01
   2.5838297e-02
   6.9441292e-03
   8.2413785e-02
   5.6559112e-02
   3.5873376e-02
   1.8246418e-02
   6.6114575e-02
   4.4603940e-02
   5.7112642e-02
   2.0211494e-02
   2.4177979e-01
   4.0986691e-02
   2.2229778e-02
   7.3322654e-03
   1.3290279e-01
   7.8530043e-02
   1.0652296e-02
   6.7183631e-03
   6.0776308e-02
   5.6396559e-02
   3.6766250e-02
   1.6970500e-02
   6.6284217e-02
   4.7170401e-02
   5.5577386e-02
   2.9134013e-02
   1.3427153e-01
   5.3459473e-02
   3.5724819e-02
   1.0650929e-02
   7.7860430e-02
   5.4168288e-02
   3.6274295e-02
   8.2781427e-03
   7.0929416e-02
   6.9099672e-02
   5.3996518e-02
   1.5186238e-02
   7.0182890e-02
   4.6502914e-02
   7.0939966e-02
   1.8609021e-02
   8.4839977e-02
   4.6885241e-02
   8.1171654e-02
   1.8611776e-02
   7.5317800e-02
   6.4019084e-02
   8.6615197e-02
   1.4011509e-02
   7.5274363e-02
   9.1692939e-02
   9.8792598e-02
   1.8808313e-02
   8.3492368e-02
   7.7247113e-02
   7.2195761e-02
   1.7915860e-02
   6.1588675e-02
   2.5586031e-02
   6.6676252e-02
   1.4704434e-02
   6.8119459e-02
   4.9480043e-02
   4.3201439e-02
   1.1227288e-02
   7.8192681e-02
   6.1464373e-02
   4.3923102e-02
   1.7118912e-02
   1.4625087e-01
   8.1300899e-02
   4.5055076e-02
   1.9223109e-02
   5.8832943e-02
   2.3715351e-02
   3.5328038e-02
   1.0041144e-02
   6.1267626e-02
   5.4418314e-02
   1.1982815e-02
   1.0101426e-02
   1.2320781e-01
   7.7953361e-02
   1.8824331e-02
   1.4513356e-02
   2.6845276e-01
   7.0082903e-02
   3.8789608e-02
   2.0162296e-02
   6.2081374e-02
   5.1921926e-02
   5.0689012e-02
   9.3446774e-03
   7.7713750e-02
   5.5552624e-02
   2.2065246e-02
   8.9454940e-03
   2.3171036e-01
   1.0216483e-01
   2.4567187e-02
   1.7119087e-02
   1.6823038e-01
   4.3583795e-02
   4.0507995e-02
   1.7995775e-02
   1.0822377e-01
   1.1965421e-01
   1.1655417e-01
   1.4752531e-02
   1.6699442e-01
   4.3908849e-02
   2.0867674e-02
   6.9651557e-03
   1.8853523e-01
   5.4142170e-02
   2.7729537e-02
   9.0273134e-03
   1.0744552e-01
   4.0963411e-02
   8.0338620e-02
   2.5096022e-02
   1.3238701e-01
   5.5730369e-02
   6.2601618e-02
   8.3992956e-03
   2.1671212e-01
   6.1738230e-02
   1.3680234e-02
   6.3924827e-03
   9.5608555e-02
   3.6090899e-02
   3.9375525e-02
   1.2306823e-02
   8.8996239e-02
   5.3348791e-02
   7.9258934e-02
   2.6851488e-02
   1.5197772e-01
   4.2758409e-02
   2.5392475e-02
   7.4578435e-03
   1.0927236e-01
   5.2092016e-02
   1.0423306e-02
   5.6358092e-03
   8.6726084e-02
   3.5960980e-02
   5.7488855e-02
   1.3883836e-02
   8.3608255e-02
   4.5505129e-02
   8.8784143e-02
   3.5623781e-02
   1.1295082e-01
   5.4827917e-02
   4.6832301e-02
   1.5506627e-02
   7.0228346e-02
   4.5593794e-02
   5.2104022e-02
   1.3389581e-02
   6.7740329e-02
   5.3708453e-02
   6.8248928e-02
   1.5276992e-02
   6.8986051e-02
   4.3759678e-02
   1.1200437e-01
   2.5790213e-02
   1.0246682e-01
   4.7496870e-02
   9.5064446e-02
   3.3476859e-02
   9.5605716e-02
   5.0257109e-02
   1.2230644e-01
   3.1501498e-02
   9.7831227e-02
   7.1478732e-02
   9.9555969e-02
   2.5206605e-02
   9.6003324e-02
   8.1230402e-02
   9.4146103e-02
   2.0943740e-02
   6.7656539e-02
   3.2071900e-02
   6.3406676e-02
   1.7716276e-02
   6.4926170e-02
   3.0655010e-02
   5.9358779e-02
   1.8011777e-02
   7.0644483e-02
   3.6798526e-02
   5.1554520e-02
   1.6505482e-02
   9.0136938e-02
   9.6817650e-02
   5.1539931e-02
   1.5099602e-02
   7.4175224e-02
   2.8890627e-02
   4.3646436e-02
   7.1243960e-03
   8.2170784e-02
   3.2643966e-02
   1.3508414e-02
   7.7694645e-03
   1.0392967e-01
   3.6396485e-02
   1.9578513e-02
   1.1518065e-02
   1.2910116e-01
   6.5188013e-02
   3.9827641e-02
   1.5761791e-02
   8.5506201e-02
   5.5700768e-02
   5.8982491e-02
   1.1486462e-02
   1.0077174e-01
   2.3839945e-02
   1.5709491e-02
   7.1137445e-03
   2.0429179e-01
   5.3421181e-02
   2.3644235e-02
   8.3973221e-03
   1.1981154e-01
   3.3096321e-02
   3.9932538e-02
   2.0144207e-02
