   3.4696892e-02
   4.5427360e-02
   2.5123704e-02
   1.6152700e-02
   3.7481364e-02
   5.7693861e-02
   3.9216850e-02
   1.6176365e-02
   3.8805325e-02
   3.1003520e-02
   4.9589042e-02
   1.7518619e-02
   4.4396274e-02
   2.1285579e-02
   3.6626227e-02
   1.9418839e-02
   3.3214256e-02
   4.4996608e-02
   2.1472104e-02
   1.6162477e-02
   3.4564387e-02
   5.2505400e-02
   3.8673002e-02
   1.6174288e-02
   3.7347563e-02
   3.3052694e-02
   3.8016051e-02
   1.7781397e-02
   4.4818543e-02
   2.0144857e-02
   2.5297282e-02
   1.8843327e-02
   3.4027554e-02
   4.6216387e-02
   2.0057280e-02
   1.6565571e-02
   3.0531963e-02
   5.2644432e-02
   3.7425283e-02
   1.6509553e-02
   3.5165735e-02
   3.6016710e-02
   3.1742435e-02
   1.8865794e-02
   4.6390481e-02
   2.2963811e-02
   2.0728337e-02
   1.9927312e-02
   3.6038380e-02
   5.0672326e-02
   3.2328892e-02
   1.4576784e-02
   3.1837419e-02
   5.4450087e-02
   4.8038337e-02
   1.6104214e-02
   3.3996493e-02
   3.9311804e-02
   4.3901343e-02
   2.1181839e-02
   4.2991191e-02
   2.5140507e-02
   3.4155123e-02
   2.6972841e-02
   4.6295848e-02
   1.0175237e-01
   4.2263348e-02
   2.2521477e-02
   6.6493489e-02
   9.8981515e-02
   5.6337420e-02
   2.1572873e-02
   9.4275512e-02
   6.9988310e-02
   5.3110842e-02
   2.0551277e-02
   1.2705936e-01
   4.5840457e-02
   4.5694530e-02
   2.7187621e-02
   1.0356714e-01
   1.3983658e-01
   2.6126565e-02
   2.6374880e-02
   1.3841005e-01
   1.1253861e-01
   4.3016378e-02
   2.6413046e-02
   1.5740286e-01
   7.4397430e-02
   3.7384987e-02
   2.1848284e-02
   1.7393516e-01
   4.3128740e-02
   3.0950181e-02
   2.2183359e-02
   9.1160960e-02
   5.8544800e-02
   2.0451779e-02
   1.5141211e-02
   7.3724978e-02
   5.4805819e-02
   3.7528213e-02
   1.9784076e-02
   6.4424083e-02
   3.4024909e-02
   3.0496750e-02
   2.1522153e-02
   5.8230996e-02
   2.2993699e-02
   2.2141485e-02
   1.9730479e-02
   4.1161034e-02
   4.0308017e-02
   2.2255130e-02
   1.5129236e-02
   3.4074359e-02
   5.3199995e-02
   3.8595695e-02
   1.6800722e-02
   3.5953749e-02
   2.9577691e-02
   3.6909983e-02
   1.8930351e-02
   4.0726505e-02
   2.2117348e-02
   2.6265886e-02
   1.8685058e-02
   3.7335929e-02
   3.7960373e-02
   2.2440704e-02
   8.4422659e-03
   3.7101120e-02
   5.9302948e-02
   3.8634140e-02
   1.1121882e-02
   3.4140483e-02
   2.8695138e-02
   4.8539147e-02
   1.3752748e-02
   2.7360795e-02
   2.3180576e-02
   3.8897593e-02
   1.2574046e-02
   3.6879890e-02
   3.9585970e-02
   2.0536730e-02
   7.6487786e-03
   3.1966958e-02
   4.9623929e-02
   3.6637325e-02
   9.6078822e-03
   3.1681843e-02
   2.7029140e-02
   3.9398115e-02
   1.3103059e-02
   2.5933454e-02
   2.0930680e-02
   2.7373826e-02
   1.3068404e-02
   3.9406322e-02
   4.3628205e-02
   2.1431824e-02
   8.0576995e-03
   3.2068513e-02
   4.5878086e-02
   3.5478685e-02
   1.0569142e-02
   3.2861512e-02
   2.9748313e-02
   3.4574866e-02
   1.3516801e-02
   2.8165961e-02
   1.9808242e-02
   2.2620652e-02
   1.5516330e-02
   4.4083562e-02
   5.1762439e-02
   3.8257517e-02
   1.0268143e-02
   4.0458713e-02
   4.6971563e-02
   5.7759997e-02
   1.1845047e-02
   4.2625595e-02
   3.8622625e-02
   5.1841192e-02
   1.6811488e-02
   4.6559189e-02
   2.5254374e-02
   3.9309915e-02
   2.6460771e-02
   7.0269912e-02
   8.8487387e-02
   5.0347671e-02
   2.7687022e-02
   1.0364973e-01
   7.0169136e-02
   7.0271783e-02
   2.2953352e-02
   1.3448492e-01
   5.9401359e-02
   6.5250464e-02
   1.4165529e-02
   1.7120099e-01
   4.6120502e-02
   4.7064189e-02
   2.8755821e-02
   1.6967206e-01
   1.1403350e-01
   2.8931694e-02
   3.0343819e-02
   2.3188004e-01
   7.7989273e-02
   4.8162363e-02
   2.8247915e-02
   2.3897392e-01
   5.7269782e-02
   4.4224557e-02
   1.5418237e-02
   2.4371198e-01
   4.0014133e-02
   3.2949224e-02
   2.0085322e-02
   1.4634754e-01
   5.7279471e-02
   2.0247800e-02
   1.1896863e-02
   1.2390495e-01
   5.0444700e-02
   3.6173642e-02
   1.8724814e-02
   1.0152023e-01
   2.8436355e-02
   2.8866431e-02
   1.7457444e-02
   8.0847643e-02
   2.1172561e-02
   2.5009610e-02
   1.6190998e-02
   5.5292301e-02
   3.7523739e-02
   2.0426147e-02
   8.4028738e-03
   4.2360563e-02
   5.2037712e-02
   3.6929734e-02
   1.2660689e-02
   3.8358983e-02
   2.6080005e-02
   3.3303883e-02
   1.5454391e-02
   3.0388959e-02
   2.0268956e-02
   2.6934592e-02
   1.3065343e-02
   6.5654129e-02
   3.5331912e-02
   2.5305167e-02
   7.1446886e-03
   5.7952855e-02
   5.5039685e-02
   4.7793936e-02
   8.9108627e-03
   4.8243858e-02
   3.5256185e-02
   5.5534326e-02
   1.0780831e-02
   3.5604473e-02
   2.3658838e-02
   4.3157730e-02
   1.2236766e-02
   5.8883846e-02
   4.0347505e-02
   2.9933967e-02
   6.0023707e-03
   5.0183203e-02
   4.3150567e-02
   4.9346741e-02
   8.3693434e-03
   4.8684474e-02
   3.2700703e-02
   5.1074170e-02
   9.7246422e-03
   3.4344655e-02
   2.0465547e-02
   2.9974092e-02
   1.2738898e-02
   6.8130344e-02
   4.6374742e-02
   2.9810518e-02
   5.8762361e-03
   5.3785387e-02
   4.0109709e-02
   4.6334725e-02
   8.1875511e-03
   4.8226554e-02
   3.7080176e-02
   4.6590809e-02
   1.0946065e-02
   3.4842797e-02
   1.8791180e-02
   3.2523073e-02
   1.4595469e-02
   6.8981662e-02
   5.5867277e-02
   5.6044355e-02
   1.1457942e-02
   5.9737369e-02
   4.8878852e-02
   7.9552241e-02
   1.0763350e-02
   6.9297954e-02
   4.9296323e-02
   6.9495529e-02
   1.0845440e-02
   5.8128122e-02
   3.1058941e-02
   5.9960462e-02
   2.9767688e-02
   9.2431828e-02
   8.7360233e-02
   7.1030147e-02
   4.1520096e-02
   9.7374186e-02
   7.6452523e-02
   1.0232278e-01
   3.1538587e-02
   1.0856070e-01
   7.3954761e-02
   8.7829597e-02
   1.0773544e-02
   1.1272833e-01
   7.1007721e-02
   5.6164626e-02
   3.5565108e-02
   2.5318471e-01
   6.4923525e-02
   3.6917903e-02
   4.2996574e-02
   2.5686026e-01
   7.1509644e-02
   6.3466221e-02
   3.5656244e-02
   2.1861415e-01
   7.0810445e-02
   5.2898481e-02
   1.0624992e-02
   1.8403311e-01
   5.7789352e-02
   3.4389615e-02
   1.9527819e-02
   2.3643966e-01
   3.3169549e-02
   2.2384064e-02
   1.1578601e-02
   1.6347435e-01
   4.7312137e-02
   4.3720964e-02
   1.4812271e-02
   1.1951385e-01
   3.3287529e-02
   3.7084695e-02
   1.1751506e-02
   7.9711862e-02
   2.2278868e-02
   2.3917878e-02
   1.5590876e-02
   9.4617255e-02
   3.5646427e-02
   2.1844031e-02
   6.1661396e-03
   6.6368602e-02
   4.3393318e-02
   4.1853867e-02
   1.0420228e-02
   5.6992888e-02
   3.1521004e-02
   4.1489020e-02
   1.0533094e-02
   3.9011572e-02
   2.0137118e-02
   2.7261445e-02
   1.3370863e-02
   7.8218907e-02
   4.1493766e-02
   4.0763844e-02
   1.0200763e-02
   6.8459623e-02
   4.3238152e-02
   4.8349392e-02
   7.0900037e-03
   6.8979681e-02
   4.3395400e-02
   7.3270783e-02
   9.7541017e-03
   3.3072777e-02
   2.0728575e-02
   5.2314986e-02
   1.7833596e-02
   8.0239892e-02
   4.2233109e-02
   5.2068122e-02
   8.7111397e-03
   7.1425244e-02
   4.7454335e-02
   5.5302843e-02
   6.4254645e-03
   6.4373240e-02
   5.0576113e-02
   7.0978209e-02
   1.0010645e-02
   2.5619097e-02
   1.8081697e-02
   4.4822134e-02
   1.6400445e-02
   8.1116565e-02
   3.9202265e-02
   5.8840726e-02
   7.6919277e-03
   5.5603866e-02
   3.4840185e-02
   4.8734877e-02
   7.3891701e-03
   4.6826683e-02
   5.7658680e-02
   5.5438321e-02
   1.3060349e-02
   3.6374886e-02
   1.8700127e-02
   5.2928753e-02
   1.7352050e-02
   7.9168208e-02
   5.4517530e-02
   1.0194152e-01
   1.5678445e-02
   6.4446226e-02
   5.2756533e-02
   1.0078922e-01
   1.4095020e-02
   6.7652412e-02
   6.7032084e-02
   9.9531300e-02
   1.4213634e-02
   4.8543688e-02
   3.5587490e-02
   9.6443951e-02
   3.6488768e-02
   6.9217175e-02
   9.1765761e-02
   1.0360365e-01
   7.0218369e-02
   4.4831179e-02
   1.0495695e-01
   1.4451596e-01
   5.0312869e-02
   4.7301404e-02
   1.0324453e-01
   1.3024035e-01
   1.8953204e-02
   4.1419391e-02
   1.0504363e-01
   8.7013915e-02
   4.5611698e-02
   1.4525241e-01
   5.8601305e-02
   5.3543389e-02
   7.0664555e-02
   1.1471888e-01
   8.8745639e-02
   8.4762551e-02
   5.0152246e-02
   7.1313225e-02
   8.9991666e-02
   7.5255647e-02
   1.1497174e-02
   4.6281174e-02
   7.7597760e-02
   6.0289435e-02
   1.9569932e-02
   1.7504135e-01
   2.5617478e-02
   2.7661860e-02
   1.5270177e-02
   1.1179638e-01
   4.6968475e-02
   5.4464169e-02
   1.3195357e-02
   7.5223207e-02
   4.5530509e-02
   4.6178244e-02
   8.9810733e-03
   4.7762468e-02
   2.6561210e-02
   3.6058586e-02
   1.5729422e-02
   9.6937746e-02
   3.2061908e-02
   3.0283824e-02
   6.7655700e-03
   6.7619681e-02
   4.6956737e-02
   4.0483356e-02
   7.6997043e-03
   6.0348302e-02
   4.1319750e-02
   5.6803569e-02
   8.3076768e-03
   4.0058233e-02
   1.8037532e-02
   2.6964756e-02
   1.4351015e-02
