   3.4037802e-02
   5.7328645e-02
   6.5081269e-02
   3.7958432e-02
   4.1750025e-02
   3.2081921e-02
   1.9120714e-02
   2.8326238e-02
   3.0988649e-02
   2.8565403e-02
   3.9140753e-02
   2.1215141e-02
   3.2842692e-02
   3.3074930e-02
   4.1501243e-02
   1.8072572e-02
   3.0667115e-02
   5.6260966e-02
   5.6205336e-02
   3.3422679e-02
   3.5160549e-02
   2.6757739e-02
   1.7387925e-02
   2.8539406e-02
   3.0490069e-02
   2.4728473e-02
   3.5859622e-02
   2.1380685e-02
   3.3397999e-02
   3.1969644e-02
   3.7704319e-02
   1.8089924e-02
   4.8283402e-02
   5.3480804e-02
   5.0887633e-02
   3.3292085e-02
   6.1359558e-02
   2.6291253e-02
   1.8463990e-02
   2.9039793e-02
   6.9780685e-02
   2.9241337e-02
   3.6609791e-02
   2.1793015e-02
   7.7111095e-02
   4.8335280e-02
   3.6097616e-02
   1.8828338e-02
   1.6394757e-01
   5.7118148e-02
   5.4707121e-02
   4.3303832e-02
   1.7393224e-01
   4.1918155e-02
   2.5214983e-02
   2.8635925e-02
   1.4996147e-01
   7.5767159e-02
   4.7623761e-02
   2.3980685e-02
   1.0944482e-01
   1.0785790e-01
   4.4113278e-02
   2.2953691e-02
   1.1842569e-01
   5.9156742e-02
   6.9221132e-02
   7.0648737e-02
   1.0924716e-01
   4.1057494e-02
   4.2746078e-02
   4.4849716e-02
   7.2711922e-02
   6.4943790e-02
   6.5348648e-02
   3.0202717e-02
   5.1048119e-02
   8.1481405e-02
   6.2711403e-02
   3.1079648e-02
   3.6693502e-02
   5.3038646e-02
   5.5055872e-02
   5.5614289e-02
   3.6983605e-02
   2.4741560e-02
   3.3789117e-02
   4.5920566e-02
   2.8096266e-02
   2.8983066e-02
   5.4583650e-02
   3.3472575e-02
   3.5766207e-02
   4.4667814e-02
   5.0298657e-02
   3.3587892e-02
   4.3201901e-02
   5.2512806e-02
   4.9886063e-02
   3.7496235e-02
   3.9103564e-02
   2.5995271e-02
   1.7731883e-02
   2.8656833e-02
   2.7949896e-02
   2.7877606e-02
   3.5663567e-02
   2.1906445e-02
   3.2927677e-02
   4.0851876e-02
   3.5566699e-02
   2.2536553e-02
   3.9776765e-02
   5.3859200e-02
   6.0852654e-02
   3.5542067e-02
   4.2704247e-02
   2.8302565e-02
   1.6900726e-02
   2.8550219e-02
   2.9941909e-02
   2.8500382e-02
   3.5216358e-02
   2.0970978e-02
   3.1989612e-02
   3.3447057e-02
   3.5391986e-02
   1.8185727e-02
   1.8579198e-02
   4.4826347e-02
   5.5661049e-02
   3.0921329e-02
   3.2544408e-02
   2.9564520e-02
   1.6168360e-02
   1.9494085e-02
   2.6075423e-02
   2.2922602e-02
   3.7467707e-02
   1.4983667e-02
   3.6180213e-02
   3.9174851e-02
   4.5135733e-02
   1.1990673e-02
   2.0447481e-02
   5.0800558e-02
   4.4594854e-02
   2.8033091e-02
   3.4152843e-02
   2.4793847e-02
   1.3967966e-02
   1.8821532e-02
   3.2095414e-02
   2.1819843e-02
   3.6950212e-02
   1.4947729e-02
   4.4793427e-02
   3.6509916e-02
   3.5824526e-02
   1.1830815e-02
   6.5060921e-02
   4.8946045e-02
   4.1175053e-02
   2.7263835e-02
   9.5430054e-02
   2.3120645e-02
   1.3741695e-02
   1.7083785e-02
   1.1935890e-01
   2.8160578e-02
   3.3006299e-02
   1.5053342e-02
   1.3120177e-01
   5.5019334e-02
   3.3706412e-02
   1.4848747e-02
   2.2029334e-01
   5.1395904e-02
   4.8822504e-02
   3.4999497e-02
   2.6280618e-01
   3.5806417e-02
   2.2352498e-02
   1.9945443e-02
   2.6387098e-01
   7.2860673e-02
   3.8719092e-02
   1.5751800e-02
   1.9499895e-01
   1.1837283e-01
   4.3831844e-02
   2.1437287e-02
   1.5051612e-01
   5.8674462e-02
   7.3468409e-02
   7.7228963e-02
   1.5765765e-01
   3.5467327e-02
   5.4760341e-02
   4.3702614e-02
   1.2201396e-01
   6.1633360e-02
   6.7195021e-02
   2.1061396e-02
   8.2719304e-02
   8.5739724e-02
   6.7217372e-02
   3.2554802e-02
   3.3939224e-02
   5.4946758e-02
   5.6960512e-02
   5.5612169e-02
   4.1359011e-02
   2.4051048e-02
   4.2558644e-02
   4.7419146e-02
   3.4250088e-02
   3.0772246e-02
   7.0684627e-02
   2.3905467e-02
   4.5976628e-02
   5.6726251e-02
   5.7641227e-02
   3.3997890e-02
   2.1807767e-02
   4.9461104e-02
   4.6757679e-02
   3.2440696e-02
   2.9663328e-02
   2.4103403e-02
   1.5564950e-02
   2.1870062e-02
   2.5769427e-02
   2.5514394e-02
   3.9327599e-02
   1.6028628e-02
   3.9718617e-02
   5.2354570e-02
   3.4095902e-02
   1.9885555e-02
   1.8002063e-02
   4.3844774e-02
   5.0241183e-02
   3.0301327e-02
   3.0754799e-02
   2.5786504e-02
   1.4014161e-02
   1.9775273e-02
   2.4978789e-02
   2.0792451e-02
   3.1084321e-02
   1.5276369e-02
   3.4446727e-02
   3.8630441e-02
   3.7402179e-02
   1.2630168e-02
   2.0149074e-02
   4.9875088e-02
   5.4940160e-02
   2.4301382e-02
   4.4441205e-02
   3.1439297e-02
   1.5592748e-02
   1.6477328e-02
   3.7847243e-02
   2.2536021e-02
   3.4949761e-02
   1.1066137e-02
   5.9154529e-02
   5.5017795e-02
   6.0089406e-02
   9.8147411e-03
   2.5427686e-02
   4.7784451e-02
   4.4751775e-02
   2.0335922e-02
   5.0984308e-02
   2.7461231e-02
   1.3121755e-02
   1.5896641e-02
   4.9566127e-02
   2.2841450e-02
   3.2276955e-02
   1.2371619e-02
   7.6881610e-02
   4.4776641e-02
   4.6236787e-02
   1.0234243e-02
   7.7463858e-02
   4.6632767e-02
   4.6866152e-02
   2.3387453e-02
   1.1572840e-01
   2.4835788e-02
   1.4231416e-02
   1.3739876e-02
   1.6527770e-01
   2.2693396e-02
   2.8443722e-02
   1.1393353e-02
   2.0645648e-01
   4.1004129e-02
   4.3319814e-02
   1.3668766e-02
   2.4026825e-01
   4.7354493e-02
   5.2968018e-02
   3.3527248e-02
   2.5695547e-01
   4.3090705e-02
   2.5112003e-02
   1.8818451e-02
   3.1147751e-01
   5.2566484e-02
   4.0719803e-02
   1.0892770e-02
   2.8455761e-01
   7.2930686e-02
   6.0237866e-02
   2.5628632e-02
   1.5676472e-01
   4.2890895e-02
   8.2363985e-02
   8.4692128e-02
   1.4075337e-01
   4.2520557e-02
   8.1709877e-02
   5.8359623e-02
   1.2014981e-01
   5.1644914e-02
   9.0250961e-02
   2.0688992e-02
   1.1563481e-01
   7.3432595e-02
   8.6367384e-02
   3.7911281e-02
   4.5143977e-02
   4.0488999e-02
   6.1256804e-02
   5.8261037e-02
   5.7336304e-02
   2.3715461e-02
   6.9127411e-02
   6.4627774e-02
   5.0354451e-02
   3.0613221e-02
   1.1661751e-01
   2.3274345e-02
   6.7497186e-02
   6.6972807e-02
   7.6114029e-02
   3.5486981e-02
   2.6500678e-02
   4.9347974e-02
   4.6234347e-02
   3.2133352e-02
   4.1943438e-02
   2.4346339e-02
   1.7819874e-02
   2.3719819e-02
   4.2318199e-02
   2.7229769e-02
   5.5459581e-02
   1.3254303e-02
   6.9365270e-02
   7.0260748e-02
   4.4903722e-02
   2.2510903e-02
   1.7678203e-02
   5.0932989e-02
   4.8400741e-02
   2.8453162e-02
   4.0069010e-02
   3.1934772e-02
   1.5386876e-02
   1.5665928e-02
   3.5753600e-02
   2.0003114e-02
   3.1677447e-02
   1.2083297e-02
   5.6410089e-02
   5.3209037e-02
   5.4323450e-02
   1.1576956e-02
   2.4391681e-02
   5.4997113e-02
   7.2398253e-02
   2.6545376e-02
   7.0925780e-02
   2.7703194e-02
   2.2200089e-02
   1.4421784e-02
   4.8873130e-02
   1.8447712e-02
   5.2475095e-02
   9.8870052e-03
   7.6636821e-02
   8.0425166e-02
   9.3653746e-02
   1.2952578e-02
   2.6705367e-02
   4.1922461e-02
   5.5611357e-02
   1.8499825e-02
   5.6310736e-02
   3.1458024e-02
   1.6566165e-02
   1.2764947e-02
   5.1998176e-02
   1.8227428e-02
   3.8287461e-02
   8.9982506e-03
   8.3512761e-02
   6.0670033e-02
   5.5368066e-02
   1.3846931e-02
   4.3745659e-02
   3.8206480e-02
   5.5590209e-02
   2.2432419e-02
   6.9537714e-02
   2.9774932e-02
   1.5607870e-02
   1.1650902e-02
   1.0543665e-01
   2.4610460e-02
   3.0181983e-02
   8.6838631e-03
   1.4731286e-01
   5.4482605e-02
   6.5609530e-02
   1.8348614e-02
   9.7895600e-02
   4.6848938e-02
   6.5932870e-02
   4.3704152e-02
   1.0688091e-01
   7.0469879e-02
   2.6667729e-02
   1.9026181e-02
   1.2053584e-01
   8.9051679e-02
   5.2955303e-02
   1.2147336e-02
   1.4161366e-01
   8.7479159e-02
   1.1228984e-01
   3.9820779e-02
   7.8710847e-02
   5.3460319e-02
   1.0035294e-01
   1.3122375e-01
   6.7280084e-02
   6.9837086e-02
   8.7888852e-02
   7.8451775e-02
   4.7081288e-02
   8.2359381e-02
   1.0196666e-01
   3.0979304e-02
   9.0635009e-02
   8.7121733e-02
   1.2153842e-01
   5.8632582e-02
   3.8951434e-02
   3.2816309e-02
   7.2799645e-02
   7.6583892e-02
   6.8626404e-02
   3.1833012e-02
   8.0238149e-02
   8.5627988e-02
   5.7466865e-02
   3.4786675e-02
   1.4182416e-01
   3.0609608e-02
   8.6179562e-02
   7.7364080e-02
   9.1096535e-02
   4.4556674e-02
   3.3942942e-02
   4.8278168e-02
   5.1865362e-02
   2.8414397e-02
   5.2892584e-02
   2.5856519e-02
   2.1684203e-02
   2.5393294e-02
   5.1803123e-02
   2.5168769e-02
   7.7166006e-02
   9.6335299e-03
   7.7654645e-02
   9.0113945e-02
   7.6217838e-02
   3.0495608e-02
   2.1466773e-02
   5.3261749e-02
   6.7591920e-02
   2.4870951e-02
   4.8875917e-02
   2.6855234e-02
   1.9891148e-02
   1.4780218e-02
   4.9519729e-02
   1.8229350e-02
   4.7111407e-02
   9.9894693e-03
   8.2584307e-02
   6.9769189e-02
   8.4646858e-02
   1.5930494e-02
