   4.8898659e-03
   6.3566626e-03
   9.4057797e-03
   3.3490464e-02
   3.2511374e-03
   3.7725861e-03
   1.4038999e-02
   3.0714538e-02
   4.2209610e-02
   6.2879264e-02
   4.4209559e-02
   4.8322536e-02
   2.5596919e-02
   1.7840771e-02
   3.3604857e-02
   5.5451311e-02
   3.4729035e-03
   4.9219499e-03
   8.6703999e-03
   3.2830857e-02
   2.9652144e-03
   3.5411851e-03
   1.2404440e-02
   2.8657280e-02
   2.6549257e-02
   3.4945566e-02
   2.6019232e-02
   3.9460514e-02
   2.7142489e-02
   1.5208730e-02
   3.0994631e-02
   5.4363485e-02
   2.8555146e-03
   5.5336691e-03
   9.0363137e-03
   3.2999966e-02
   2.9318447e-03
   3.7478078e-03
   1.3358721e-02
   2.7776323e-02
   3.4933340e-02
   2.6669430e-02
   1.7491376e-02
   3.4870006e-02
   3.4113936e-02
   1.3941086e-02
   3.0748107e-02
   5.5814948e-02
   3.9046716e-03
   7.6049622e-03
   8.8995313e-03
   3.2205049e-02
   3.7075535e-03
   3.9148242e-03
   1.3809733e-02
   2.9511543e-02
   4.4347428e-02
   4.1029587e-02
   1.8474888e-02
   3.5751767e-02
   2.8777726e-02
   1.3886758e-02
   3.1779107e-02
   6.4833537e-02
   5.0608008e-03
   6.9930409e-03
   1.9249097e-02
   3.3782851e-02
   5.5898386e-03
   4.0116166e-03
   2.5986891e-02
   2.9384401e-02
   2.8904308e-02
   4.4396617e-02
   2.1547036e-02
   5.1821288e-02
   2.5559330e-02
   1.4727248e-02
   4.1529853e-02
   6.3969024e-02
   3.5702991e-03
   4.7693481e-03
   1.8026454e-02
   3.3391640e-02
   3.7603655e-03
   3.8127708e-03
   2.5072904e-02
   2.8950192e-02
   2.0809008e-02
   3.0886916e-02
   2.0023171e-02
   1.0564882e-01
   2.6060890e-02
   1.4171654e-02
   3.7345041e-02
   6.6078670e-02
   2.8457840e-03
   4.3486534e-03
   7.8308899e-03
   3.2130241e-02
   2.7257267e-03
   3.5498159e-03
   1.3225236e-02
   2.9674269e-02
   1.7129911e-02
   2.6905520e-02
   1.7465513e-02
   7.4863218e-02
   2.5323005e-02
   1.4176928e-02
   2.7918268e-02
   7.2116621e-02
   3.2249445e-03
   4.6010045e-03
   8.7597100e-03
   3.3415701e-02
   2.8758855e-03
   3.3573881e-03
   1.3925496e-02
   3.0834042e-02
   2.4130357e-02
   3.6819600e-02
   2.5959190e-02
   3.8409125e-02
   2.4739772e-02
   1.5771290e-02
   2.9684557e-02
   5.5083852e-02
   4.5134383e-03
   5.7847803e-03
   7.0840972e-03
   1.7598469e-02
   2.4208890e-03
   2.9827112e-03
   1.1201409e-02
   1.7504249e-02
   5.1770959e-02
   8.6186446e-02
   4.9186546e-02
   3.3053249e-02
   1.5013094e-02
   1.2140363e-02
   2.1342292e-02
   3.2668252e-02
   3.0641055e-03
   4.3528685e-03
   5.3146114e-03
   1.7135838e-02
   2.1931129e-03
   2.7610967e-03
   9.0436265e-03
   1.5575746e-02
   2.8592007e-02
   4.4214845e-02
   2.6102237e-02
   2.5456054e-02
   1.7366719e-02
   9.6073328e-03
   1.7729873e-02
   3.3020075e-02
   2.0026620e-03
   5.0474089e-03
   4.5203194e-03
   1.7461970e-02
   2.2390769e-03
   2.6272507e-03
   8.8869119e-03
   1.5813913e-02
   3.7097737e-02
   2.2129724e-02
   1.3026536e-02
   2.0909056e-02
   2.6562504e-02
   7.3026544e-03
   1.7087746e-02
   3.5471585e-02
   3.4516177e-03
   6.7131710e-03
   7.4012210e-03
   1.7528851e-02
   3.4751841e-03
   2.7960923e-03
   1.2147560e-02
   1.6916789e-02
   5.0881635e-02
   4.2906065e-02
   1.4907554e-02
   2.2926111e-02
   2.0830993e-02
   8.2362937e-03
   2.2369169e-02
   4.6589833e-02
   5.1489836e-03
   6.0730912e-03
   2.8848941e-02
   2.1488868e-02
   5.9530451e-03
   3.2540429e-03
   3.8249616e-02
   1.7648868e-02
   2.3565399e-02
   4.8436668e-02
   2.0873545e-02
   3.4122273e-02
   1.4893312e-02
   8.3110724e-03
   4.2012710e-02
   4.7488615e-02
   2.9568975e-03
   4.1323178e-03
   2.7096992e-02
   1.9662304e-02
   3.3488702e-03
   2.7499490e-03
   3.6471732e-02
   1.8070891e-02
   1.2389078e-02
   2.9212385e-02
   1.8656963e-02
   6.2205020e-02
   1.4261929e-02
   8.0493437e-03
   3.3933934e-02
   5.0444432e-02
   1.9128851e-03
   2.8921575e-03
   6.1447970e-03
   1.7024873e-02
   1.8657881e-03
   2.6993356e-03
   1.2200475e-02
   1.8597461e-02
   1.1205808e-02
   2.1897024e-02
   1.3592857e-02
   4.2469643e-02
   1.5839580e-02
   7.9898871e-03
   1.7004494e-02
   5.7632364e-02
   2.4262292e-03
   3.4122325e-03
   5.2949367e-03
   1.7939962e-02
   2.1247000e-03
   2.5635676e-03
   9.7424360e-03
   1.7675467e-02
   2.4719309e-02
   4.2820614e-02
   2.5897669e-02
   2.3459744e-02
   1.5895860e-02
   9.9100238e-03
   1.7663000e-02
   3.5009664e-02
   5.3946939e-03
   6.6565452e-03
   6.7330510e-03
   1.1630734e-02
   2.4601023e-03
   2.6180046e-03
   9.2948163e-03
   1.0049703e-02
   8.3042637e-02
   1.2934099e-01
   6.8970650e-02
   3.1477608e-02
   1.4131080e-02
   1.7455054e-02
   2.0331545e-02
   2.1805102e-02
   3.5687692e-03
   4.8254617e-03
   3.8032976e-03
   1.1079337e-02
   2.0601067e-03
   2.3931635e-03
   8.0971494e-03
   1.0614447e-02
   4.4121299e-02
   5.8661018e-02
   3.8551878e-02
   2.0773659e-02
   1.6655175e-02
   1.1111937e-02
   1.4567291e-02
   2.2781560e-02
   1.4111729e-03
   5.3759203e-03
   3.2609890e-03
   1.0773608e-02
   2.0576417e-03
   2.3955663e-03
   8.0870958e-03
   9.2857750e-03
   5.3895984e-02
   2.8205821e-02
   1.4758889e-02
   1.4113261e-02
   2.6671512e-02
   7.3176813e-03
   1.3036818e-02
   2.7997889e-02
   4.4133714e-03
   5.9418161e-03
   9.4476957e-03
   1.1501443e-02
   4.4167256e-03
   2.5250947e-03
   1.6301800e-02
   1.1933420e-02
   6.6842116e-02
   5.6904692e-02
   1.7099971e-02
   1.7562782e-02
   1.9564813e-02
   5.8617145e-03
   2.4104899e-02
   4.0096410e-02
   7.6241796e-03
   5.8522136e-03
   4.6941370e-02
   2.0209903e-02
   8.9090783e-03
   3.2586304e-03
   6.0238309e-02
   1.6165676e-02
   2.7542973e-02
   5.8345031e-02
   2.8552001e-02
   2.3540808e-02
   1.1155858e-02
   6.4813299e-03
   6.2036201e-02
   3.9667543e-02
   3.4598224e-03
   4.4825687e-03
   4.3337293e-02
   1.7199581e-02
   4.5111068e-03
   2.8627287e-03
   5.6588255e-02
   1.3347041e-02
   1.3810284e-02
   2.8958231e-02
   2.4671288e-02
   2.9853109e-02
   1.1110148e-02
   6.2880786e-03
   4.6040803e-02
   5.0174162e-02
   1.4196580e-03
   2.6187713e-03
   8.0531249e-03
   1.1256242e-02
   2.0734458e-03
   2.0796680e-03
   1.5875515e-02
   1.0773038e-02
   1.4720548e-02
   2.1694103e-02
   1.5691657e-02
   2.3616439e-02
   1.1896077e-02
   5.0263004e-03
   1.6332861e-02
   6.1987866e-02
   2.5838476e-03
   3.3725821e-03
   4.7533140e-03
   1.0977288e-02
   1.9698164e-03
   1.8315661e-03
   1.0092809e-02
   1.0262551e-02
   3.5318285e-02
   5.5877883e-02
   3.5674546e-02
   1.9745095e-02
   1.2765676e-02
   1.0378316e-02
   1.4671946e-02
   2.7295662e-02
   9.1330120e-03
   1.0676350e-02
   1.1261838e-02
   1.0823608e-02
   4.1938350e-03
   3.7295960e-03
   1.4382672e-02
   6.9550006e-03
   1.2414449e-01
   1.9596945e-01
   1.1048029e-01
   2.5425117e-02
   2.3826635e-02
   3.6201641e-02
   2.5360091e-02
   2.2240693e-02
   6.0756342e-03
   5.9387190e-03
   5.5683618e-03
   7.2064223e-03
   2.5035136e-03
   2.5362142e-03
   1.5148376e-02
   9.4894553e-03
   6.5990739e-02
   8.8602178e-02
   6.5710165e-02
   1.8024711e-02
   2.7800763e-02
   1.8984007e-02
   1.7817592e-02
   2.2037962e-02
   1.4369109e-03
   4.1595013e-03
   4.4994466e-03
   8.2200738e-03
   2.3082576e-03
   3.0475180e-03
   1.4254211e-02
   7.6541160e-03
   7.5706884e-02
   3.0520083e-02
   2.4278136e-02
   1.3454010e-02
   4.2684957e-02
   9.1425702e-03
   1.3387936e-02
   1.9084925e-02
   8.8814888e-03
   5.0059864e-03
   1.4108222e-02
   1.5360490e-02
   7.4819182e-03
   2.7485355e-03
   2.4081882e-02
   1.3077414e-02
   9.0097934e-02
   4.8237361e-02
   3.0116087e-02
   2.2372205e-02
   3.1366996e-02
   6.3739894e-03
   3.4496978e-02
   3.2306794e-02
   1.6896756e-02
   6.4225150e-03
   7.2464816e-02
   3.7776414e-02
   1.7935514e-02
   3.6069329e-03
   9.6527830e-02
   2.4200585e-02
   4.6760298e-02
   5.0266728e-02
   4.7362003e-02
   2.7606042e-02
   1.4153942e-02
   5.9166257e-03
   1.0534553e-01
   3.3823840e-02
   6.3815322e-03
   5.5814190e-03
   6.5300703e-02
   2.7383476e-02
   7.8647956e-03
   3.3523643e-03
   9.2894904e-02
   1.5717419e-02
   2.6976131e-02
   3.8476899e-02
   4.1929029e-02
   3.1387862e-02
   1.7995156e-02
   6.3940198e-03
   7.5380094e-02
   4.0098734e-02
   1.4988118e-03
   3.4062560e-03
   1.2723945e-02
   1.0660484e-02
   2.8072353e-03
   2.8282623e-03
   2.4255991e-02
   6.9091669e-03
   2.7754793e-02
   2.6505595e-02
   2.8593512e-02
   2.7553784e-02
   2.1882854e-02
   4.9440847e-03
   1.9357882e-02
   4.2762484e-02
   3.9446712e-03
   4.9847355e-03
   7.8011975e-03
   8.8451598e-03
   2.7048313e-03
   2.1471330e-03
   1.4994642e-02
   7.1142246e-03
   5.4203391e-02
   7.3855862e-02
   6.3637823e-02
   2.1599691e-02
   1.9478230e-02
   1.6276769e-02
   1.6643597e-02
   2.4744533e-02
