   1.5309664e-02
   1.9774573e-02
   1.4646894e-02
   4.8315424e-02
   1.0229788e-02
   3.2692820e-02
   3.1698667e-02
   5.5400003e-02
   1.3880359e-02
   2.3183908e-02
   6.8473600e-02
   5.9895478e-02
   1.7792957e-02
   2.1668939e-02
   5.5993270e-02
   7.2928660e-02
   1.6091585e-02
   1.5076078e-02
   1.2882213e-02
   4.3478683e-02
   1.0480200e-02
   2.1143433e-02
   2.2999551e-02
   5.5370089e-02
   1.3279262e-02
   1.6316932e-02
   4.5362432e-02
   5.8904748e-02
   1.7735882e-02
   1.6200641e-02
   3.9829474e-02
   6.1055731e-02
   1.6913706e-02
   1.3558194e-02
   1.2827269e-02
   4.2092096e-02
   1.0572449e-02
   1.4709117e-02
   1.9524742e-02
   5.5347234e-02
   1.3420245e-02
   1.2165262e-02
   3.9412752e-02
   5.8357481e-02
   1.7968263e-02
   1.3685955e-02
   4.6754342e-02
   7.8079924e-02
   1.7060537e-02
   1.6253229e-02
   2.3919554e-02
   4.6200454e-02
   2.3174895e-02
   2.3254821e-02
   2.6969284e-02
   5.7131164e-02
   1.4663791e-02
   1.4189711e-02
   4.4795752e-02
   6.2506780e-02
   1.8643316e-02
   2.2061115e-02
   7.1394861e-02
   6.0933419e-02
   1.9226404e-02
   1.6356235e-02
   4.6367478e-02
   5.5379424e-02
   4.7316559e-02
   4.4103958e-02
   3.6109280e-02
   6.3166507e-02
   1.8659879e-02
   2.0039389e-02
   4.2432666e-02
   6.4376205e-02
   1.8993683e-02
   5.4095916e-02
   6.0689449e-02
   5.1270649e-02
   1.5899526e-02
   1.2691608e-02
   2.9635496e-02
   5.2241132e-02
   2.2778008e-02
   2.4143336e-02
   2.8425436e-02
   6.1705302e-02
   1.5686871e-02
   1.8781658e-02
   3.3140361e-02
   5.9651259e-02
   2.1760620e-02
   4.7921255e-02
   4.0233616e-02
   4.3136004e-02
   1.4485871e-02
   1.2234189e-02
   1.5662350e-02
   4.6008475e-02
   1.0414505e-02
   1.4682253e-02
   2.3099724e-02
   5.7198040e-02
   1.6813386e-02
   1.5472053e-02
   2.8678646e-02
   5.6366216e-02
   3.6102120e-02
   1.9872617e-02
   4.2614404e-02
   4.6549167e-02
   1.4418588e-02
   1.4496880e-02
   1.4167846e-02
   4.7407772e-02
   9.9007459e-03
   1.9982211e-02
   2.5223810e-02
   5.4827131e-02
   1.4657237e-02
   1.7712001e-02
   4.7305450e-02
   5.7192001e-02
   2.4556892e-02
   1.9064287e-02
   5.8424830e-02
   7.0452869e-02
   1.0083397e-02
   2.3481010e-02
   1.1958615e-02
   4.0762350e-02
   6.5740021e-03
   4.3717951e-02
   3.6291696e-02
   3.3274911e-02
   8.6803939e-03
   3.3116646e-02
   8.2063600e-02
   4.4033807e-02
   9.6365893e-03
   2.5914049e-02
   6.6695362e-02
   6.8072736e-02
   1.0573450e-02
   1.7299019e-02
   1.1103518e-02
   3.0833416e-02
   6.8882783e-03
   2.8322516e-02
   2.4124516e-02
   3.1417288e-02
   7.9936683e-03
   2.1909028e-02
   5.4190192e-02
   4.1737247e-02
   9.6648168e-03
   1.7792223e-02
   4.2298775e-02
   5.6013845e-02
   1.3844958e-02
   1.5645005e-02
   1.2294563e-02
   3.2757349e-02
   8.2868543e-03
   1.5179607e-02
   1.7435919e-02
   3.1695984e-02
   8.4083667e-03
   1.4116856e-02
   4.5786001e-02
   4.1557692e-02
   9.3687549e-03
   1.4642248e-02
   4.7224633e-02
   7.7588499e-02
   1.5783342e-02
   2.0603182e-02
   2.6056239e-02
   4.1277129e-02
   2.4531133e-02
   3.3767007e-02
   2.4702145e-02
   3.5438914e-02
   1.0351570e-02
   1.6552085e-02
   5.4511063e-02
   4.6142872e-02
   9.9017769e-03
   2.6796570e-02
   8.0357112e-02
   6.0310740e-02
   1.8581897e-02
   2.1339169e-02
   5.9963468e-02
   5.7019323e-02
   5.3210329e-02
   7.3340610e-02
   4.1407812e-02
   3.7411347e-02
   1.6112568e-02
   2.7733399e-02
   5.9048537e-02
   4.6893690e-02
   1.1395882e-02
   7.5242005e-02
   6.9969520e-02
   4.4915412e-02
   1.2017920e-02
   1.3809261e-02
   3.8703248e-02
   4.5483220e-02
   2.4137039e-02
   3.6513731e-02
   3.1214548e-02
   4.0126354e-02
   1.2190713e-02
   2.7206605e-02
   4.5045789e-02
   4.0992271e-02
   1.3530385e-02
   6.8920508e-02
   4.4033337e-02
   4.0593211e-02
   1.0216350e-02
   1.0260075e-02
   1.5691068e-02
   3.6409434e-02
   7.1629151e-03
   1.4436220e-02
   2.6664220e-02
   3.5185587e-02
   1.2996655e-02
   2.1720944e-02
   3.5379492e-02
   3.4756303e-02
   2.3963690e-02
   3.0004304e-02
   5.1285993e-02
   5.0980870e-02
   1.0316276e-02
   1.4096438e-02
   1.2820208e-02
   3.9544981e-02
   6.2504993e-03
   2.3618985e-02
   3.1876858e-02
   3.3154812e-02
   1.0142437e-02
   2.3467699e-02
   4.9578775e-02
   3.4079164e-02
   1.5932791e-02
   2.5386512e-02
   7.0289329e-02
   7.5876854e-02
   1.0166225e-02
   3.8464755e-02
   1.2476425e-02
   4.1850127e-02
   6.2532122e-03
   7.4928626e-02
   4.5935351e-02
   2.2738142e-02
   8.0102403e-03
   4.6646420e-02
   1.0472996e-01
   3.6113881e-02
   7.9433648e-03
   3.7737716e-02
   8.3236545e-02
   8.9900240e-02
   1.1908188e-02
   2.8673591e-02
   1.3463128e-02
   3.2764491e-02
   6.3198786e-03
   4.9646262e-02
   2.9265791e-02
   2.1378156e-02
   7.3648700e-03
   2.9769411e-02
   6.8241619e-02
   3.3550911e-02
   8.4731802e-03
   2.5012366e-02
   4.9897086e-02
   5.3346697e-02
   1.6102308e-02
   2.4930134e-02
   1.4897483e-02
   3.3539493e-02
   8.3147502e-03
   2.3696069e-02
   2.0811412e-02
   1.9852964e-02
   7.3624318e-03
   2.1501688e-02
   6.0501870e-02
   3.3814944e-02
   7.8502307e-03
   1.9194046e-02
   6.0282249e-02
   9.4094291e-02
   2.1675253e-02
   2.8481586e-02
   3.9718859e-02
   4.4834662e-02
   3.9327092e-02
   5.1333502e-02
   3.2899279e-02
   2.3918102e-02
   1.0931513e-02
   2.5322475e-02
   7.1741253e-02
   3.2288779e-02
   7.4724974e-03
   3.8217101e-02
   1.1444992e-01
   7.9225868e-02
   2.7796768e-02
   3.1191604e-02
   1.1078115e-01
   8.1163839e-02
   8.8491641e-02
   1.1284557e-01
   5.3367812e-02
   3.2143805e-02
   1.9877538e-02
   4.1238021e-02
   8.8540167e-02
   3.7725814e-02
   8.4950682e-03
   1.0627373e-01
   9.9893235e-02
   5.0266169e-02
   1.4970824e-02
   1.9207817e-02
   6.8236619e-02
   5.2777551e-02
   3.7691325e-02
   5.8104012e-02
   4.4243541e-02
   2.8074395e-02
   1.4015222e-02
   4.5064650e-02
   6.3864611e-02
   3.0493449e-02
   1.6274728e-02
   1.0928769e-01
   6.3864730e-02
   5.0246831e-02
   9.3743978e-03
   1.4694543e-02
   2.1254320e-02
   3.9998874e-02
   7.9518808e-03
   2.3490585e-02
   3.9969128e-02
   2.5423100e-02
   1.7354447e-02
   3.8413607e-02
   4.9586568e-02
   2.7104432e-02
   3.7032645e-02
   5.1421165e-02
   6.2332865e-02
   5.6582261e-02
   8.9366576e-03
   2.3581162e-02
   1.5807154e-02
   4.6707597e-02
   5.5083255e-03
   3.9451353e-02
   4.4429913e-02
   2.3528593e-02
   1.1555907e-02
   3.9732799e-02
   6.0915612e-02
   2.6095403e-02
   2.1830279e-02
   3.6969610e-02
   6.5141439e-02
   7.6358937e-02
   1.4552585e-02
   6.7593090e-02
   2.1336777e-02
   4.2491868e-02
   7.9745846e-03
   1.0055599e-01
   6.5049723e-02
   1.7123193e-02
   9.9056093e-03
   6.7392267e-02
   1.5833764e-01
   4.8752371e-02
   1.0843921e-02
   4.7081307e-02
   1.2237240e-01
   1.2675856e-01
   1.4909983e-02
   5.3694814e-02
   2.3251852e-02
   2.9028915e-02
   1.0113340e-02
   7.0202373e-02
   4.4602610e-02
   1.4670739e-02
   1.0321910e-02
   3.9709751e-02
   9.2748404e-02
   3.5813190e-02
   8.9607919e-03
   2.6025809e-02
   5.9963524e-02
   6.6550970e-02
   1.7702695e-02
   3.7818648e-02
   1.7446490e-02
   3.0467866e-02
   1.4467691e-02
   3.6854342e-02
   2.6509346e-02
   1.6120309e-02
   1.2029074e-02
   2.7619651e-02
   5.9413414e-02
   3.3232629e-02
   9.2317052e-03
   2.5475625e-02
   7.2388418e-02
   1.1709521e-01
   2.0521699e-02
   4.9025383e-02
   6.7546934e-02
   5.8270220e-02
   5.8471605e-02
   8.2487389e-02
   5.8398221e-02
   2.1938687e-02
   1.6813118e-02
   4.3282293e-02
   9.1400765e-02
   3.1927735e-02
   9.1248937e-03
   5.8282077e-02
   1.6145690e-01
   9.6226044e-02
   3.3739980e-02
   5.3282067e-02
   1.9898430e-01
   1.2863161e-01
   1.2614477e-01
   1.7019634e-01
   9.4385080e-02
   3.2631267e-02
   2.6224222e-02
   6.6223897e-02
   1.1468447e-01
   3.7044663e-02
   1.0485181e-02
   1.5864165e-01
   1.4804424e-01
   4.7565028e-02
   2.4341565e-02
   3.9398983e-02
   1.1422292e-01
   7.1883745e-02
   5.3757008e-02
   9.2052780e-02
   8.6531617e-02
   2.6087968e-02
   1.6337212e-02
   6.7313142e-02
   9.0500332e-02
   3.1169096e-02
   2.4731284e-02
   1.6869600e-01
   1.1454890e-01
   5.8277212e-02
   1.5271619e-02
   2.4530698e-02
   2.9329283e-02
   4.9546979e-02
   1.3210885e-02
   3.3401903e-02
   7.7292800e-02
   2.2822037e-02
   2.3174606e-02
   4.9301822e-02
   6.0764153e-02
   2.3644816e-02
   5.3092774e-02
   7.6564983e-02
   9.3605950e-02
   6.2026124e-02
   1.3834386e-02
   4.0746629e-02
   2.4790656e-02
   6.0465787e-02
   6.9684680e-03
   5.7216574e-02
   7.5649291e-02
   2.4039937e-02
   1.6099462e-02
   6.2255159e-02
   8.7822266e-02
   3.1595927e-02
   3.2074865e-02
   4.6518624e-02
   6.8151370e-02
   7.8953981e-02
