   8.0202468e-02
   7.6655187e-02
   8.1560142e-02
   2.7400458e-02
   8.5596800e-02
   8.1796139e-02
   1.1489334e-01
   5.1551566e-02
   4.0621001e-02
   6.2113285e-02
   8.2321189e-02
   3.6331598e-02
   5.7656936e-02
   5.5990659e-02
   5.7608649e-02
   6.7154013e-02
   3.6222242e-02
   3.7179481e-02
   3.8186684e-02
   1.9897990e-02
   3.7441310e-02
   4.1687716e-02
   5.0405033e-02
   3.0154677e-02
   2.4575325e-02
   3.2704182e-02
   4.3588761e-02
   2.0028245e-02
   3.8419101e-02
   2.9561488e-02
   3.2289740e-02
   3.5077635e-02
   1.6086871e-02
   1.6121473e-02
   1.6528135e-02
   2.2248389e-02
   1.2009894e-02
   2.1079158e-02
   1.7407542e-02
   2.2333464e-02
   1.4861571e-02
   1.5356183e-02
   2.2456121e-02
   1.5434265e-02
   2.4776168e-02
   1.6206469e-02
   1.9278651e-02
   1.7354336e-02
   1.6970033e-02
   1.4016941e-02
   2.4525905e-02
   3.2805212e-02
   1.2592651e-02
   1.9285886e-02
   2.1861363e-02
   3.5322044e-02
   1.5290719e-02
   1.3320955e-02
   2.8969599e-02
   2.5247049e-02
   2.5337007e-02
   1.7097155e-02
   2.4428319e-02
   1.9941347e-02
   1.9031228e-02
   2.5843620e-02
   3.5526730e-02
   2.1466358e-02
   1.2557657e-02
   2.9480776e-02
   2.6170667e-02
   2.1297073e-02
   2.7233263e-02
   2.3346400e-02
   3.4794185e-02
   1.5925879e-02
   4.0639903e-02
   2.2995278e-02
   2.9755121e-02
   2.0414680e-02
   3.3403251e-02
   2.9823862e-02
   2.2824889e-02
   1.5487668e-02
   1.7344061e-02
   3.5259355e-02
   1.9884119e-02
   1.5066891e-02
   3.9661333e-02
   2.6157262e-02
   2.2747550e-02
   1.2198164e-02
   5.0356787e-02
   1.9699346e-02
   2.1360490e-02
   1.7614707e-02
   3.3561904e-02
   1.5280876e-02
   1.7732851e-02
   1.5161312e-02
   1.6591800e-02
   2.0824045e-02
   1.7580546e-02
   1.4871330e-02
   1.9684555e-02
   1.4604243e-02
   2.1208066e-02
   1.1756908e-02
   2.9221617e-02
   1.5865462e-02
   1.8796360e-02
   1.6926670e-02
   4.0779259e-02
   3.4525614e-02
   3.8916301e-02
   1.9778971e-02
   3.6289051e-02
   4.1503102e-02
   4.9483128e-02
   2.8560890e-02
   2.2971049e-02
   3.0032946e-02
   4.1658737e-02
   1.8665785e-02
   3.8702633e-02
   2.8068060e-02
   3.0491905e-02
   3.0647809e-02
   1.1796028e-01
   1.1535820e-01
   1.1663269e-01
   3.2019839e-02
   1.3122217e-01
   1.0549766e-01
   1.5033430e-01
   6.2729284e-02
   4.8826601e-02
   6.0390200e-02
   8.8652149e-02
   3.3804521e-02
   5.8680248e-02
   7.0012026e-02
   7.0725136e-02
   8.7875739e-02
   4.8944093e-02
   4.7298893e-02
   4.8993349e-02
   1.9265985e-02
   5.4780472e-02
   4.9572214e-02
   6.3374631e-02
   3.5139602e-02
   2.6508670e-02
   3.0535778e-02
   4.6027478e-02
   1.8513311e-02
   3.6989465e-02
   3.3651821e-02
   3.7430491e-02
   4.1073445e-02
   1.5266671e-02
   1.2511120e-02
   1.7009897e-02
   2.4682047e-02
   1.1496187e-02
   1.6750271e-02
   1.6377585e-02
   2.6009705e-02
   1.1092395e-02
   1.1054391e-02
   2.0488212e-02
   1.4812347e-02
   2.0951627e-02
   1.1331759e-02
   1.8392935e-02
   1.3264357e-02
   1.4671800e-02
   1.4815512e-02
   3.7201524e-02
   3.9290626e-02
   1.0146100e-02
   1.7487586e-02
   2.5073243e-02
   4.1919068e-02
   1.3973500e-02
   1.2090416e-02
   3.3169974e-02
   2.7304189e-02
   2.3308335e-02
   1.1510142e-02
   2.2740075e-02
   1.6122663e-02
   1.6968098e-02
   3.8531836e-02
   5.8888804e-02
   2.3807004e-02
   1.1639570e-02
   4.0929444e-02
   3.2285526e-02
   2.3601901e-02
   4.0662359e-02
   3.1623986e-02
   4.1693501e-02
   1.7729715e-02
   5.4624010e-02
   2.0064814e-02
   2.6641825e-02
   1.7337538e-02
   4.0414408e-02
   4.5212623e-02
   2.9146109e-02
   1.4430444e-02
   2.0817868e-02
   5.1806856e-02
   1.8986870e-02
   1.4237181e-02
   5.8502272e-02
   3.6658123e-02
   2.1339172e-02
   1.1031715e-02
   7.2443068e-02
   1.6384469e-02
   1.8828919e-02
   1.3213581e-02
   4.1428320e-02
   1.8348753e-02
   1.8871827e-02
   1.1865251e-02
   1.9950490e-02
   2.6505051e-02
   1.6288318e-02
   1.2995078e-02
   2.4081726e-02
   1.6440945e-02
   1.7798061e-02
   1.0634240e-02
   3.3795517e-02
   1.1656307e-02
   1.5779810e-02
   1.3085200e-02
   5.4748572e-02
   4.7953531e-02
   5.2972600e-02
   1.8349843e-02
   5.2828602e-02
   4.9688213e-02
   6.2068470e-02
   3.3070672e-02
   2.5329212e-02
   2.7744230e-02
   4.3006565e-02
   1.7276114e-02
   3.5925064e-02
   3.0448603e-02
   3.1075986e-02
   3.4793813e-02
   1.6117290e-01
   1.6721193e-01
   1.6450356e-01
   4.2841960e-02
   1.9622025e-01
   1.3213943e-01
   1.5442820e-01
   8.5359745e-02
   7.0510678e-02
   8.8958330e-02
   9.4137669e-02
   6.0637932e-02
   8.3714426e-02
   1.1485899e-01
   1.2820037e-01
   1.4884125e-01
   6.4228766e-02
   6.6414014e-02
   6.7191757e-02
   2.7836021e-02
   8.3535738e-02
   6.3966513e-02
   6.4613700e-02
   4.9926814e-02
   3.8755558e-02
   4.4143289e-02
   4.8037935e-02
   3.3070866e-02
   5.2988868e-02
   5.0981965e-02
   6.4374790e-02
   6.6677399e-02
   1.7534686e-02
   1.6893165e-02
   2.5171330e-02
   4.7526360e-02
   1.6494138e-02
   2.0386547e-02
   1.8921500e-02
   3.9308395e-02
   1.3942165e-02
   1.4394134e-02
   2.5009960e-02
   2.0524638e-02
   2.9063482e-02
   1.2888802e-02
   2.3258945e-02
   1.2971669e-02
   1.6473046e-02
   2.1326499e-02
   5.1641278e-02
   8.3095036e-02
   1.5059651e-02
   2.7024351e-02
   3.2966118e-02
   7.1449600e-02
   2.0335870e-02
   1.7526843e-02
   4.7338162e-02
   4.2174350e-02
   3.2923818e-02
   1.1019443e-02
   2.5926508e-02
   1.9353282e-02
   2.6027687e-02
   6.2676318e-02
   8.1615523e-02
   4.2730004e-02
   1.6668824e-02
   6.5824829e-02
   4.3955997e-02
   3.6262784e-02
   6.0982928e-02
   5.3184398e-02
   6.1957214e-02
   2.9122096e-02
   8.8180535e-02
   2.1136148e-02
   3.4976810e-02
   2.2743104e-02
   5.9507344e-02
   7.4997060e-02
   4.1153479e-02
   1.8992208e-02
   2.7895918e-02
   8.3142780e-02
   2.6459629e-02
   1.9818071e-02
   8.1516542e-02
   6.3481003e-02
   3.4652710e-02
   1.7115759e-02
   1.1494068e-01
   1.7855020e-02
   2.2474468e-02
   1.3408762e-02
   6.0665183e-02
   2.9326878e-02
   2.4912925e-02
   1.5026215e-02
   2.6532514e-02
   3.9136939e-02
   1.8798031e-02
   1.8358186e-02
   3.4942266e-02
   2.4602044e-02
   2.0866390e-02
   1.5388221e-02
   5.0877243e-02
   1.3392041e-02
   1.9340115e-02
   1.2510563e-02
   7.3564425e-02
   6.7326635e-02
   7.2051533e-02
   2.2689618e-02
   7.9831555e-02
   6.6880062e-02
   6.4520121e-02
   4.7586214e-02
   3.8996767e-02
   4.0285546e-02
   4.3807842e-02
   2.9618757e-02
   5.1827725e-02
   4.6391174e-02
   4.9249679e-02
   5.3976156e-02
   2.3218943e-01
   2.0254795e-01
   1.8460266e-01
   6.3974187e-02
   2.0796578e-01
   1.9833776e-01
   2.1707293e-01
   1.4084494e-01
   8.5425571e-02
   1.4436617e-01
   1.2860362e-01
   1.2438254e-01
   1.0837656e-01
   1.9328883e-01
   1.9880761e-01
   2.1677612e-01
   8.7900400e-02
   7.7307478e-02
   8.0327645e-02
   4.3421056e-02
   9.0368621e-02
   9.4378687e-02
   8.6288936e-02
   8.9275010e-02
   5.7592634e-02
   7.3967338e-02
   6.1907109e-02
   6.1505742e-02
   7.0387602e-02
   8.3175980e-02
   9.1033377e-02
   9.2451170e-02
   2.0463996e-02
   2.8389324e-02
   4.2934734e-02
   7.3283494e-02
   2.5342578e-02
   2.8661588e-02
   3.0545712e-02
   7.2476402e-02
   2.5417909e-02
   1.6277015e-02
   3.8114350e-02
   3.7788562e-02
   5.5306099e-02
   1.4239135e-02
   2.5176123e-02
   1.4250427e-02
   2.3213560e-02
   2.7504480e-02
   5.9007589e-02
   1.2730309e-01
   2.5473047e-02
   3.4031536e-02
   4.3250963e-02
   1.5600348e-01
   3.5122547e-02
   2.3234243e-02
   7.1721815e-02
   7.2411127e-02
   5.5661559e-02
   1.6840283e-02
   3.6898021e-02
   2.4929091e-02
   4.1420709e-02
   5.9727136e-02
   9.4640188e-02
   6.4056054e-02
   2.7319057e-02
   7.5666443e-02
   6.1082929e-02
   6.4465545e-02
   7.8004494e-02
   7.3756345e-02
   9.1810025e-02
   4.7484875e-02
   1.1671878e-01
   3.3697419e-02
   3.8946986e-02
   3.0758161e-02
   8.0673233e-02
   7.4725516e-02
   4.6696689e-02
   2.2249650e-02
   4.8745509e-02
   1.1079314e-01
   3.9400801e-02
   2.7685160e-02
   9.0951197e-02
   8.6379170e-02
   5.4990716e-02
   3.3853661e-02
   1.4006560e-01
   2.8321240e-02
   2.2060385e-02
   1.4581741e-02
   8.1156015e-02
   3.4717482e-02
   4.1340586e-02
   1.7481811e-02
   4.4692464e-02
   5.3800181e-02
   2.8419310e-02
   2.8934835e-02
   6.0845979e-02
   3.2907192e-02
   3.3616517e-02
   2.6798775e-02
   7.7640161e-02
   1.7392123e-02
   2.7125940e-02
   1.3328098e-02
   1.0495632e-01
   8.9574210e-02
   7.4736677e-02
   2.9432964e-02
   9.0613112e-02
   9.5828630e-02
   8.4892295e-02
   6.8545252e-02
   6.6210121e-02
   6.2814116e-02
   5.0309096e-02
   6.0555980e-02
   7.9028018e-02
   7.7812821e-02
   7.2400704e-02
   8.0629587e-02
