   1.9750036e-02
   3.3508420e-02
   1.4112774e-02
   3.6409810e-02
   1.6374486e-02
   7.8645855e-02
   7.7532932e-02
   4.2571310e-02
   1.8452762e-02
   2.8569495e-02
   3.4594417e-02
   4.4160660e-02
   2.3024615e-02
   1.9525083e-02
   4.2060103e-02
   3.9710447e-02
   1.9137837e-02
   2.8204788e-02
   1.3040816e-02
   3.6233459e-02
   1.5972225e-02
   7.8389123e-02
   7.3718160e-02
   4.1904204e-02
   1.7990403e-02
   2.2192536e-02
   3.1174043e-02
   3.7893087e-02
   2.1680642e-02
   1.7568570e-02
   4.2366084e-02
   4.1831896e-02
   1.9872822e-02
   2.7508421e-02
   1.2914295e-02
   3.7411328e-02
   1.6543584e-02
   7.6228037e-02
   6.8734407e-02
   4.3257166e-02
   1.8983422e-02
   1.9763825e-02
   3.0072883e-02
   3.6546633e-02
   2.1390546e-02
   1.7617051e-02
   4.0382195e-02
   4.4625271e-02
   5.2149478e-02
   3.0613804e-02
   1.7846989e-02
   5.2813303e-02
   4.9745981e-02
   7.2541356e-02
   6.9395103e-02
   5.3680230e-02
   4.7383051e-02
   1.8186074e-02
   3.5246015e-02
   4.3833785e-02
   4.5950372e-02
   1.9580362e-02
   3.7909023e-02
   4.9423292e-02
   1.1939435e-01
   3.4214541e-02
   2.8315131e-02
   7.9377644e-02
   1.2026887e-01
   7.1530327e-02
   7.7223234e-02
   7.7599071e-02
   1.0898036e-01
   2.1478213e-02
   4.0925927e-02
   5.4077402e-02
   1.0661821e-01
   2.5794515e-02
   3.7683532e-02
   4.9472265e-02
   5.3162113e-02
   3.1435154e-02
   1.9140210e-02
   5.4058652e-02
   5.1274426e-02
   6.8630613e-02
   6.9945231e-02
   6.1502684e-02
   5.1128477e-02
   2.3114201e-02
   3.0085092e-02
   5.8640901e-02
   5.3174019e-02
   2.7528197e-02
   3.6203034e-02
   4.0140476e-02
   1.8904809e-02
   3.1173032e-02
   1.3934350e-02
   4.3097075e-02
   1.5212232e-02
   6.8403021e-02
   7.5303145e-02
   4.8116699e-02
   1.9951632e-02
   1.9641284e-02
   2.8888699e-02
   4.4463798e-02
   2.3220383e-02
   2.1170476e-02
   3.7002590e-02
   3.9527744e-02
   1.9044567e-02
   3.1835418e-02
   1.3667813e-02
   3.9071310e-02
   1.5692238e-02
   7.3500037e-02
   7.9328321e-02
   4.6791703e-02
   1.8971685e-02
   2.1737559e-02
   2.9675398e-02
   4.2569615e-02
   2.1959873e-02
   1.9460926e-02
   3.9363284e-02
   3.9441269e-02
   1.4057461e-02
   4.3171920e-02
   1.3404068e-02
   2.6872447e-02
   1.3249452e-02
   7.2757572e-02
   7.1293004e-02
   3.6296412e-02
   1.5942587e-02
   3.0614290e-02
   4.6231057e-02
   3.7446585e-02
   1.7223453e-02
   2.1100437e-02
   4.0130507e-02
   3.6067300e-02
   1.5243798e-02
   3.1191552e-02
   1.1825059e-02
   2.5086993e-02
   1.3777205e-02
   7.1269840e-02
   6.9058217e-02
   3.4724191e-02
   1.5697950e-02
   2.2782564e-02
   4.3416575e-02
   2.9654669e-02
   1.7247718e-02
   1.4556495e-02
   3.7520543e-02
   3.6067773e-02
   1.9827297e-02
   3.1386364e-02
   1.0937344e-02
   2.8528880e-02
   1.5101768e-02
   6.7682177e-02
   6.4561695e-02
   3.4691535e-02
   2.1888386e-02
   2.3382453e-02
   4.0492527e-02
   2.8794559e-02
   1.9298255e-02
   1.7057490e-02
   3.6163565e-02
   3.9721902e-02
   7.7015877e-02
   3.4014329e-02
   1.8650092e-02
   5.0059520e-02
   6.9532469e-02
   6.9108948e-02
   6.5854810e-02
   4.5274310e-02
   6.7603029e-02
   2.2458514e-02
   4.4767696e-02
   3.6745608e-02
   6.5075897e-02
   2.0781934e-02
   3.2275811e-02
   4.7356058e-02
   1.7614257e-01
   4.0390395e-02
   3.6491394e-02
   8.6264968e-02
   1.6632058e-01
   6.7529768e-02
   7.8497820e-02
   8.8478945e-02
   1.5073983e-01
   2.7349269e-02
   5.3369153e-02
   5.1801503e-02
   1.5078107e-01
   3.0335423e-02
   3.6795102e-02
   4.8393469e-02
   7.5665601e-02
   3.7803844e-02
   2.1816364e-02
   4.5755461e-02
   7.1372271e-02
   6.3674003e-02
   6.7245252e-02
   6.5774627e-02
   7.3061250e-02
   3.3267096e-02
   3.8498580e-02
   7.1353339e-02
   7.8536488e-02
   3.4582090e-02
   3.4361247e-02
   3.7258450e-02
   1.6693922e-02
   3.8822003e-02
   1.1944210e-02
   3.0413430e-02
   1.5210999e-02
   6.0501728e-02
   6.7522027e-02
   4.0738404e-02
   2.2872491e-02
   2.8278567e-02
   3.6981419e-02
   4.4670202e-02
   2.2904349e-02
   2.4095476e-02
   3.5988815e-02
   3.7763163e-02
   1.4460012e-02
   4.2247958e-02
   1.2686025e-02
   2.7960453e-02
   1.2905687e-02
   6.5574192e-02
   7.1589470e-02
   3.8366660e-02
   1.7113918e-02
   2.4859965e-02
   3.6523558e-02
   3.7130635e-02
   1.7505527e-02
   2.0068213e-02
   3.9350275e-02
   3.6656573e-02
   1.6464196e-02
   5.0017547e-02
   1.4495649e-02
   2.0748299e-02
   1.3396351e-02
   6.9226615e-02
   6.5984301e-02
   3.4955774e-02
   2.2338340e-02
   4.9515497e-02
   5.5546518e-02
   4.1216731e-02
   1.8857155e-02
   2.2677010e-02
   4.3481231e-02
   4.3864321e-02
   2.0094169e-02
   3.8884930e-02
   1.3527326e-02
   2.0770924e-02
   1.9755425e-02
   7.4634463e-02
   4.9015511e-02
   3.5368603e-02
   1.8312279e-02
   3.6127932e-02
   5.3795464e-02
   2.9353885e-02
   2.2882350e-02
   1.6140267e-02
   4.0531695e-02
   4.2702589e-02
   2.3616113e-02
   3.3896353e-02
   1.3451943e-02
   2.1606013e-02
   1.7927220e-02
   6.2061667e-02
   6.4653717e-02
   3.3491764e-02
   3.1988766e-02
   3.0910281e-02
   5.5801492e-02
   2.9453687e-02
   2.8730784e-02
   1.9482883e-02
   3.5611447e-02
   4.6702940e-02
   5.8892448e-02
   2.9375296e-02
   2.3918498e-02
   5.4568514e-02
   5.9179164e-02
   6.7392312e-02
   7.7298194e-02
   4.2157922e-02
   6.0621209e-02
   2.4261683e-02
   6.3956045e-02
   4.6068724e-02
   6.1164208e-02
   2.4648966e-02
   3.5335977e-02
   5.7842370e-02
   1.2470965e-01
   3.7631437e-02
   4.8182692e-02
   1.0463165e-01
   1.2680636e-01
   7.2913133e-02
   9.2152297e-02
   1.0287023e-01
   1.1812469e-01
   3.1028662e-02
   6.0611669e-02
   6.0891189e-02
   1.2810631e-01
   3.7785288e-02
   4.3842088e-02
   5.4897703e-02
   6.1209068e-02
   4.0909257e-02
   2.6230069e-02
   4.4510484e-02
   5.8598474e-02
   7.0715822e-02
   7.0698902e-02
   7.4039645e-02
   7.7774212e-02
   4.3108806e-02
   5.1758945e-02
   8.1727788e-02
   7.5935632e-02
   4.6951003e-02
   3.6512140e-02
   4.1131854e-02
   2.4700115e-02
   4.4283226e-02
   1.3939952e-02
   2.9836845e-02
   2.1844536e-02
   6.3061826e-02
   6.7103602e-02
   3.4320936e-02
   3.2369137e-02
   3.2616861e-02
   4.4002220e-02
   5.0408106e-02
   3.3068366e-02
   2.7667627e-02
   3.1896655e-02
   4.5185130e-02
   1.9991525e-02
   4.6715692e-02
   1.3398741e-02
   2.3729647e-02
   1.6080342e-02
   5.9774127e-02
   7.2064668e-02
   3.3930805e-02
   1.9324558e-02
   3.4631077e-02
   4.4468474e-02
   3.9749954e-02
   2.3567187e-02
   2.0339945e-02
   3.4964219e-02
   4.8235081e-02
   2.0312497e-02
   5.2982844e-02
   2.7117062e-02
   2.1570031e-02
   2.2353787e-02
   6.8768397e-02
   7.1596488e-02
   4.0964298e-02
   2.6294988e-02
   5.6377068e-02
   6.2822215e-02
   6.6041976e-02
   2.0345891e-02
   2.7581112e-02
   4.4947222e-02
   5.9935410e-02
   2.8744224e-02
   5.2106369e-02
   1.6846910e-02
   1.9972125e-02
   2.6545584e-02
   8.8317312e-02
   5.4348927e-02
   4.1389070e-02
   2.0576634e-02
   4.9753409e-02
   6.3000664e-02
   4.2012826e-02
   2.0991867e-02
   1.5969820e-02
   5.3296976e-02
   4.5628380e-02
   3.3087146e-02
   4.5205384e-02
   1.5274088e-02
   2.5431493e-02
   2.3020618e-02
   6.5393418e-02
   6.9307521e-02
   3.5116266e-02
   2.8755318e-02
   3.3346910e-02
   6.5458998e-02
   3.5951775e-02
   2.8743483e-02
   1.6274489e-02
   4.4174451e-02
   5.4754455e-02
   6.5637082e-02
   3.2679752e-02
   2.9530544e-02
   6.8079896e-02
   6.5205522e-02
   5.7263482e-02
   7.4832886e-02
   4.9145021e-02
   6.5471083e-02
   3.3242747e-02
   8.3589241e-02
   4.7810741e-02
   7.4255876e-02
   2.0864554e-02
   5.0929729e-02
   6.7497693e-02
   1.6012922e-01
   4.4198897e-02
   6.0914651e-02
   1.4076920e-01
   1.6192062e-01
   6.6648267e-02
   8.4611699e-02
   1.2767619e-01
   1.6524449e-01
   3.9916199e-02
   7.2347417e-02
   6.1154854e-02
   1.7558798e-01
   4.5337971e-02
   5.5208500e-02
   5.9326071e-02
   6.7353547e-02
   3.9524402e-02
   3.3714414e-02
   5.7839394e-02
   7.1164325e-02
   7.2848171e-02
   6.5673016e-02
   1.0534298e-01
   7.1321502e-02
   6.1714552e-02
   7.0135221e-02
   8.3621830e-02
   8.9593276e-02
   6.4264245e-02
   3.2517169e-02
   5.5392709e-02
   3.0781575e-02
   4.5111835e-02
   1.6574718e-02
   2.4070159e-02
   1.8642982e-02
   5.4442354e-02
   5.2448541e-02
   3.7626415e-02
   2.6511800e-02
   4.1260276e-02
   6.7452699e-02
   7.2916947e-02
   4.2069938e-02
   3.6556866e-02
   2.8870258e-02
   6.9707274e-02
   2.1708917e-02
   5.1656831e-02
   2.0242261e-02
   2.2965634e-02
   1.2664585e-02
   5.4497000e-02
   7.4124187e-02
   3.8698405e-02
   2.0816179e-02
   4.5164194e-02
   6.6207632e-02
   5.9339650e-02
   2.9976740e-02
   2.5183359e-02
   3.4127247e-02
   6.1043523e-02
