   3.2776538e-02
   3.2273110e-02
   1.3472064e-02
   4.9594268e-02
   3.5456557e-02
   2.0873198e-02
   2.3447013e-02
   4.4024058e-02
   3.3121988e-02
   2.1496963e-02
   3.7921689e-02
   4.0293016e-02
   3.3184513e-02
   3.8348693e-02
   4.9901098e-02
   3.0637516e-02
   2.8617121e-02
   2.5906166e-02
   1.2170374e-02
   5.0934937e-02
   3.3725854e-02
   1.7152457e-02
   2.2276472e-02
   4.4619717e-02
   3.2355238e-02
   1.8325865e-02
   3.1785328e-02
   3.5133157e-02
   3.3363655e-02
   3.3317078e-02
   4.5985587e-02
   2.5467975e-02
   4.0609878e-02
   2.2829611e-02
   1.2748956e-02
   4.9274582e-02
   5.7040673e-02
   1.8630572e-02
   2.5154056e-02
   4.3720797e-02
   6.9597557e-02
   1.9217854e-02
   3.1777188e-02
   3.3482280e-02
   7.4319884e-02
   3.6781877e-02
   4.6172377e-02
   2.2634909e-02
   1.3459675e-01
   2.6167898e-02
   1.7086618e-02
   4.9439102e-02
   1.7200916e-01
   2.1611013e-02
   3.0926116e-02
   4.2096209e-02
   1.6658251e-01
   4.4948395e-02
   3.8032245e-02
   4.0496591e-02
   1.2406340e-01
   6.0944125e-02
   5.1101431e-02
   2.4611121e-02
   1.0029314e-01
   3.0264635e-02
   2.9477304e-02
   7.4549720e-02
   1.1809909e-01
   2.2102661e-02
   4.5111362e-02
   6.1014902e-02
   9.7143978e-02
   4.2929813e-02
   5.9983939e-02
   4.6137545e-02
   6.0014799e-02
   5.2601155e-02
   7.6276705e-02
   2.8718175e-02
   3.1869791e-02
   2.3732798e-02
   2.2492457e-02
   8.5430406e-02
   3.7829407e-02
   1.7930077e-02
   3.7057552e-02
   7.8444496e-02
   3.7061609e-02
   2.8501168e-02
   5.1756274e-02
   4.7018781e-02
   3.6256790e-02
   3.6891483e-02
   7.0821203e-02
   4.1211888e-02
   3.1165281e-02
   2.3520702e-02
   1.3296494e-02
   5.1870987e-02
   3.7948951e-02
   1.7520444e-02
   2.2603074e-02
   4.6683799e-02
   3.4768537e-02
   2.5647078e-02
   2.8805891e-02
   3.3005256e-02
   3.2304816e-02
   3.4449622e-02
   4.4971030e-02
   3.1392571e-02
   3.3205949e-02
   2.6529107e-02
   1.2641597e-02
   4.6656143e-02
   3.5715435e-02
   1.7680997e-02
   2.1777553e-02
   4.2520389e-02
   3.5890121e-02
   1.8567976e-02
   3.0503394e-02
   3.4962062e-02
   3.1743176e-02
   3.5740752e-02
   4.4694737e-02
   2.7407035e-02
   1.9487619e-02
   2.8742943e-02
   1.2283426e-02
   2.9648475e-02
   3.0122567e-02
   2.1571757e-02
   2.0402143e-02
   3.0930011e-02
   2.9659258e-02
   2.1101048e-02
   4.4971980e-02
   3.5203315e-02
   3.8107384e-02
   4.0122326e-02
   4.5813892e-02
   2.8549684e-02
   2.0419331e-02
   2.2268299e-02
   1.0111788e-02
   2.7832111e-02
   3.3169668e-02
   1.7946564e-02
   2.0551287e-02
   2.8111877e-02
   3.5712976e-02
   2.0185785e-02
   3.2343071e-02
   2.6039446e-02
   4.6449382e-02
   3.5686255e-02
   3.9210808e-02
   2.0742465e-02
   5.5302307e-02
   1.9829612e-02
   1.1178106e-02
   2.9168228e-02
   8.2659744e-02
   1.7253513e-02
   2.2809619e-02
   3.1095158e-02
   1.0612061e-01
   2.2724871e-02
   2.6217969e-02
   2.4581729e-02
   1.2896223e-01
   4.1083194e-02
   3.6082085e-02
   1.5425234e-02
   1.9232266e-01
   2.3501217e-02
   1.3988153e-02
   3.5189286e-02
   2.3437938e-01
   2.1240575e-02
   3.0813338e-02
   3.2913107e-02
   2.5193599e-01
   4.0537253e-02
   3.6570471e-02
   4.1444052e-02
   2.2273059e-01
   6.6438965e-02
   4.9498111e-02
   1.8736975e-02
   1.3986178e-01
   2.7146898e-02
   3.6361545e-02
   7.6244071e-02
   1.5436189e-01
   2.2802519e-02
   5.0086875e-02
   6.6174828e-02
   1.3426353e-01
   3.7682630e-02
   6.6599280e-02
   4.8206627e-02
   1.0142648e-01
   5.3787276e-02
   8.1863090e-02
   2.5909614e-02
   3.2764249e-02
   2.3151077e-02
   2.5627760e-02
   9.9666260e-02
   4.4445112e-02
   1.8617738e-02
   4.4841308e-02
   9.3656950e-02
   4.2148080e-02
   4.0405933e-02
   5.9833255e-02
   4.6338286e-02
   4.8316769e-02
   4.3742623e-02
   7.3091805e-02
   4.3265980e-02
   1.9100616e-02
   2.1790078e-02
   1.0883262e-02
   4.2548895e-02
   2.6504161e-02
   1.8164689e-02
   2.2451082e-02
   4.0715236e-02
   3.0588722e-02
   3.3182763e-02
   3.0274028e-02
   2.5826233e-02
   3.9381169e-02
   3.9493032e-02
   4.1148145e-02
   3.0100111e-02
   1.7577693e-02
   2.2371473e-02
   1.0288229e-02
   2.9817123e-02
   2.6809931e-02
   2.0057490e-02
   1.7858744e-02
   2.9490903e-02
   2.8533207e-02
   1.8512450e-02
   2.9560121e-02
   2.5199762e-02
   3.5490569e-02
   3.7561268e-02
   3.9961863e-02
   2.3592167e-02
   2.5313223e-02
   3.0419854e-02
   1.3551933e-02
   2.6694454e-02
   4.4585392e-02
   2.7061110e-02
   1.5202174e-02
   2.3144482e-02
   4.2971186e-02
   2.4912648e-02
   5.3798612e-02
   3.5116900e-02
   6.6775300e-02
   5.9886519e-02
   5.0976586e-02
   4.0652744e-02
   2.7392035e-02
   2.2815205e-02
   9.4946707e-03
   2.1410985e-02
   4.7309551e-02
   2.2550747e-02
   1.7235752e-02
   2.2716150e-02
   5.2362688e-02
   2.1129854e-02
   3.7006069e-02
   2.4704603e-02
   7.5863674e-02
   4.9609050e-02
   4.9709518e-02
   2.3149602e-02
   6.4377733e-02
   1.6257439e-02
   7.8614168e-03
   2.1089023e-02
   1.0453480e-01
   2.0508843e-02
   2.0542847e-02
   2.4301121e-02
   1.4052935e-01
   2.2502331e-02
   2.8393552e-02
   2.7787628e-02
   1.9487895e-01
   4.2959798e-02
   3.9468441e-02
   1.5727242e-02
   1.9663830e-01
   2.0463990e-02
   1.4712114e-02
   3.1100394e-02
   2.7211854e-01
   2.2526324e-02
   3.0093877e-02
   3.3288367e-02
   2.9782683e-01
   4.8906352e-02
   3.9072327e-02
   5.0464097e-02
   2.9400295e-01
   6.0124099e-02
   5.1964670e-02
   1.5794473e-02
   1.3410173e-01
   2.8680513e-02
   4.2980280e-02
   8.2365610e-02
   1.5824234e-01
   2.5193993e-02
   5.9433084e-02
   8.1638359e-02
   1.3229017e-01
   5.0888374e-02
   9.5846198e-02
   5.6842532e-02
   1.1760990e-01
   5.9900265e-02
   1.0130418e-01
   3.0823473e-02
   4.6681803e-02
   2.2529300e-02
   2.7450260e-02
   1.0750537e-01
   5.8167204e-02
   2.2303229e-02
   6.1070774e-02
   1.2607466e-01
   5.7829309e-02
   5.4579601e-02
   9.9317834e-02
   4.5600988e-02
   7.5570427e-02
   5.4473661e-02
   1.0568036e-01
   4.4665165e-02
   2.6535565e-02
   2.1084307e-02
   8.6628888e-03
   4.2497300e-02
   3.4400824e-02
   2.0651191e-02
   2.7457651e-02
   4.6018131e-02
   4.3992396e-02
   4.9014952e-02
   4.1972101e-02
   2.3839246e-02
   6.7215219e-02
   4.9390253e-02
   4.9600698e-02
   3.2976657e-02
   1.7302508e-02
   2.2677742e-02
   9.4095496e-03
   2.8989963e-02
   3.7053857e-02
   2.1783758e-02
   1.4982293e-02
   2.0779237e-02
   4.2833809e-02
   2.8314043e-02
   3.6130089e-02
   2.6259273e-02
   5.9186593e-02
   5.5239696e-02
   4.7168389e-02
   3.4121629e-02
   2.0075077e-02
   3.7791133e-02
   1.5606912e-02
   2.8971812e-02
   5.3561751e-02
   2.1920871e-02
   1.6771033e-02
   2.5466589e-02
   5.4492421e-02
   2.9755609e-02
   8.3800562e-02
   4.3601207e-02
   6.7801476e-02
   9.3515106e-02
   6.5494925e-02
   5.6564081e-02
   2.5908394e-02
   2.5511226e-02
   8.0050360e-03
   2.1350332e-02
   3.9798640e-02
   2.3307584e-02
   1.8021457e-02
   1.9624379e-02
   5.8664367e-02
   2.4112953e-02
   4.8519604e-02
   3.4962486e-02
   7.2292008e-02
   8.3359987e-02
   5.3684261e-02
   3.1545900e-02
   4.0989090e-02
   1.9794328e-02
   8.4870830e-03
   2.2523871e-02
   6.5391429e-02
   2.1365767e-02
   2.6500104e-02
   2.1839689e-02
   9.3216948e-02
   2.8546508e-02
   3.6490601e-02
   3.5576075e-02
   1.3011928e-01
   6.7226321e-02
   4.3188214e-02
   2.0204799e-02
   9.2381492e-02
   3.0179918e-02
   1.7931897e-02
   4.2480871e-02
   1.1190333e-01
   3.8172942e-02
   3.7675451e-02
   2.9589908e-02
   1.2421529e-01
   7.3466234e-02
   4.7406465e-02
   5.8562521e-02
   1.4648962e-01
   8.7818220e-02
   6.7689016e-02
   2.1934131e-02
   7.2598308e-02
   3.9879210e-02
   4.6813585e-02
   1.3618007e-01
   7.9457335e-02
   4.8825368e-02
   8.1311919e-02
   1.2081546e-01
   5.9836831e-02
   6.7399241e-02
   1.1322084e-01
   6.8083122e-02
   6.4673707e-02
   8.4963851e-02
   1.0282311e-01
   3.3307590e-02
   4.2990904e-02
   2.5899392e-02
   3.3272222e-02
   1.8201241e-01
   5.6459568e-02
   2.2970259e-02
   9.1577083e-02
   1.8620612e-01
   6.4856976e-02
   6.2252585e-02
   1.2386022e-01
   5.5489916e-02
   7.5356722e-02
   7.0170350e-02
   9.4597027e-02
   4.2927168e-02
   3.6983300e-02
   2.3976520e-02
   1.0819086e-02
   5.7185110e-02
   3.9765421e-02
   2.0267474e-02
   4.3291532e-02
   5.6554850e-02
   4.9827386e-02
   6.7842849e-02
   6.1689988e-02
   3.4507416e-02
   8.1087917e-02
   4.8500367e-02
   5.4117385e-02
   4.5049135e-02
   2.3336370e-02
   2.7870560e-02
   9.3739228e-03
   2.7305581e-02
   4.4487979e-02
   1.9169033e-02
   2.3973780e-02
   2.3452044e-02
   5.8575101e-02
   3.2710966e-02
   6.2785566e-02
   3.4409709e-02
   6.1913025e-02
   8.5356615e-02
   6.7123048e-02
   5.7396248e-02
