   3.2397173e-02
   3.5757817e-02
   3.7661351e-02
   1.1401679e-02
   6.4769223e-02
   1.1334617e-01
   8.0348961e-02
   1.2461521e-02
   7.6552100e-02
   1.2804669e-01
   7.9930782e-02
   9.8409802e-03
   5.1861852e-02
   1.0963490e-01
   1.0345955e-01
   1.4416969e-02
   6.2935941e-02
   4.0901478e-02
   2.2280503e-02
   1.1539535e-02
   8.3511949e-02
   6.9450364e-02
   3.8051516e-02
   1.0049332e-02
   4.1947894e-02
   5.6210760e-02
   3.6721405e-02
   7.9204468e-03
   3.5703108e-02
   4.9766429e-02
   4.8549358e-02
   9.2200236e-03
   1.0636443e-01
   9.1570102e-02
   1.5028149e-02
   1.1390836e-02
   4.6728954e-02
   4.1148566e-02
   1.6468354e-02
   9.5596109e-03
   3.5565343e-02
   1.7837925e-02
   1.1198541e-02
   6.9911433e-03
   2.6243431e-02
   1.5010354e-02
   1.9605460e-02
   7.0466087e-03
   6.3886821e-02
   1.1161344e-01
   2.4168668e-02
   1.3138113e-02
   3.6611136e-02
   3.4487024e-02
   2.2898782e-02
   1.1033886e-02
   3.7730180e-02
   1.8856259e-02
   1.6187286e-02
   8.3097061e-03
   2.6784191e-02
   1.5642678e-02
   3.1777889e-02
   6.7156646e-03
   3.9507207e-02
   6.1922193e-02
   4.5501363e-02
   1.6424052e-02
   4.2396490e-02
   3.7146028e-02
   3.5485230e-02
   1.4740069e-02
   4.7847942e-02
   2.6567262e-02
   2.5840733e-02
   1.1367803e-02
   3.0300559e-02
   2.6206253e-02
   2.8341591e-02
   8.1449142e-03
   3.2225344e-02
   3.5966456e-02
   2.5174404e-02
   1.3558217e-02
   3.4431942e-02
   2.9003788e-02
   2.3401754e-02
   1.1666537e-02
   4.1435476e-02
   2.3750769e-02
   1.4662554e-02
   9.3066804e-03
   3.8154535e-02
   3.5107587e-02
   1.7178094e-02
   5.6595760e-03
   2.9731859e-02
   2.8243655e-02
   1.4854455e-02
   1.2751351e-02
   3.0794257e-02
   2.4337623e-02
   1.7851582e-02
   9.8616499e-03
   4.6035413e-02
   2.8035924e-02
   1.1414120e-02
   7.6599964e-03
   8.1177302e-02
   2.8740918e-02
   1.4996958e-02
   4.8421118e-03
   2.9945910e-02
   3.0524444e-02
   2.2840289e-02
   1.1466751e-02
   3.4308411e-02
   5.5246614e-02
   3.9902899e-02
   1.0433769e-02
   8.5471801e-02
   6.7899600e-02
   3.4149025e-02
   7.7394741e-03
   7.0763163e-02
   5.0013892e-02
   4.5947138e-02
   7.0845676e-03
   4.0161029e-02
   4.0672500e-02
   3.7721645e-02
   7.5103776e-03
   9.7308122e-02
   1.8064667e-01
   1.2895077e-01
   1.3496380e-02
   1.1298203e-01
   2.0771094e-01
   1.3983615e-01
   1.3223133e-02
   6.5769680e-02
   1.4748400e-01
   1.2927625e-01
   2.7714510e-02
   9.8433346e-02
   5.3638771e-02
   2.3407238e-02
   6.7392215e-03
   1.3210893e-01
   1.1425423e-01
   5.7891008e-02
   7.6612360e-03
   4.2439025e-02
   8.9125238e-02
   6.0633507e-02
   7.7306605e-03
   4.2513002e-02
   6.8585500e-02
   6.0594551e-02
   1.5455374e-02
   1.7265882e-01
   1.1918336e-01
   1.5932947e-02
   7.3648002e-03
   6.7778192e-02
   6.7318417e-02
   2.3283392e-02
   5.8003664e-03
   3.4756538e-02
   2.2131935e-02
   1.3099239e-02
   5.5691837e-03
   2.7522024e-02
   1.9037148e-02
   2.5986800e-02
   8.7430971e-03
   9.7863697e-02
   1.2135284e-01
   2.7711408e-02
   9.5041674e-03
   4.5170773e-02
   4.5379225e-02
   2.9438810e-02
   7.5262198e-03
   4.0243857e-02
   2.3310937e-02
   2.0191381e-02
   6.4188717e-03
   2.5961770e-02
   2.2127997e-02
   4.9580112e-02
   7.0165792e-03
   4.6579856e-02
   7.8814380e-02
   5.3280603e-02
   1.5337515e-02
   4.6767145e-02
   4.8001792e-02
   5.7245415e-02
   1.1808211e-02
   5.3528126e-02
   3.4781143e-02
   4.4521332e-02
   1.0204760e-02
   3.2958228e-02
   3.8972303e-02
   4.0972888e-02
   8.1065977e-03
   3.8073089e-02
   4.4693965e-02
   2.9662615e-02
   1.0466640e-02
   3.8853023e-02
   3.7883703e-02
   3.3902075e-02
   8.9118788e-03
   4.9276218e-02
   3.0246573e-02
   2.0860290e-02
   7.1727973e-03
   5.2318081e-02
   5.1851716e-02
   2.1547485e-02
   5.3771343e-03
   3.0711960e-02
   3.4084368e-02
   1.6214274e-02
   8.0869701e-03
   3.0894060e-02
   3.5365116e-02
   2.9790591e-02
   7.1700821e-03
   6.5604858e-02
   4.1794650e-02
   1.9903801e-02
   5.3578638e-03
   1.2365883e-01
   4.0023733e-02
   1.8959751e-02
   4.9303425e-03
   3.2778848e-02
   3.3727162e-02
   2.3451792e-02
   6.9221440e-03
   3.7209872e-02
   8.8055894e-02
   6.4353675e-02
   8.3261598e-03
   1.3442291e-01
   1.1075340e-01
   6.2309533e-02
   7.2334027e-03
   1.0742110e-01
   6.5462835e-02
   5.6429897e-02
   1.1102420e-02
   6.7625396e-02
   4.4117812e-02
   4.3916788e-02
   6.5160361e-03
   1.6346133e-01
   2.6597488e-01
   2.1055944e-01
   2.0639531e-02
   1.7789765e-01
   3.3659801e-01
   2.4674973e-01
   2.1911271e-02
   1.0102065e-01
   2.8157881e-01
   2.3798439e-01
   5.7196680e-02
   1.6989115e-01
   4.4849779e-02
   2.8462829e-02
   5.0990270e-03
   2.2573909e-01
   1.6211720e-01
   8.7135196e-02
   9.0721492e-03
   7.2991759e-02
   1.4566489e-01
   1.0155211e-01
   9.6566398e-03
   7.3425971e-02
   1.1835989e-01
   1.1012781e-01
   2.7291460e-02
   2.8723836e-01
   6.3995004e-02
   2.0794265e-02
   4.5355679e-03
   1.1902466e-01
   7.1088694e-02
   2.5564644e-02
   3.9904644e-03
   5.5947915e-02
   3.1166896e-02
   1.1265376e-02
   4.6038232e-03
   4.4784375e-02
   2.5389891e-02
   3.7604123e-02
   1.1467245e-02
   1.3976878e-01
   6.9049351e-02
   3.3361737e-02
   8.6063500e-03
   6.7833304e-02
   5.2279186e-02
   3.5751935e-02
   7.3266132e-03
   6.0687389e-02
   3.1442836e-02
   2.7322171e-02
   6.7252629e-03
   4.2172655e-02
   2.8237186e-02
   7.4536741e-02
   8.4754340e-03
   6.5080576e-02
   9.6872151e-02
   6.2544204e-02
   1.8168716e-02
   6.3746326e-02
   6.3691124e-02
   7.4337527e-02
   1.4288380e-02
   7.6328665e-02
   5.2260518e-02
   6.7802407e-02
   1.2544127e-02
   4.7857687e-02
   5.3889263e-02
   5.5129778e-02
   1.0972436e-02
   6.7204528e-02
   5.0128467e-02
   3.7552997e-02
   1.0948128e-02
   5.9698220e-02
   4.7017828e-02
   4.0444754e-02
   8.7817796e-03
   7.0396833e-02
   3.4925722e-02
   2.8525807e-02
   8.2674501e-03
   7.7942394e-02
   7.1950629e-02
   2.8382014e-02
   6.7545222e-03
   5.4818254e-02
   4.2407632e-02
   2.1780698e-02
   6.6651539e-03
   5.1728066e-02
   4.7657598e-02
   3.3355031e-02
   5.4163137e-03
   9.5313601e-02
   4.7811758e-02
   1.9026782e-02
   3.9531812e-03
   1.9126236e-01
   5.3256843e-02
   2.5148999e-02
   6.0853958e-03
   5.5910531e-02
   4.0180065e-02
   2.6204096e-02
   5.6271013e-03
   6.6795528e-02
   1.3072610e-01
   1.0091625e-01
   1.0415990e-02
   2.0144379e-01
   1.6088094e-01
   1.0484806e-01
   9.2305709e-03
   1.7075852e-01
   1.1294853e-01
   9.5627621e-02
   2.1501638e-02
   8.5024260e-02
   3.5211198e-02
   7.3220395e-02
   9.6964855e-03
   2.0863694e-01
   6.2887907e-02
   4.7953296e-02
   1.0337155e-02
   2.1523054e-01
   6.6515118e-02
   3.1617742e-02
   6.9343965e-03
   1.4733596e-01
   1.9106708e-01
   1.8172072e-01
   3.7550837e-02
   1.7352799e-01
   2.7706821e-02
   5.0557166e-02
   6.1311992e-03
   2.6776215e-01
   6.7716964e-02
   3.6278222e-02
   8.6868284e-03
   8.7455206e-02
   4.1489046e-02
   1.8232835e-02
   4.4726427e-03
   1.1502294e-01
   8.2947470e-02
   8.5849874e-02
   2.2310149e-02
   1.9366227e-01
   2.3485173e-02
   2.9216740e-02
   5.0252471e-03
   1.2556043e-01
   4.0962480e-02
   2.4862770e-02
   5.1576821e-03
   6.9147915e-02
   2.5726985e-02
   9.5460843e-03
   3.9445772e-03
   6.9413327e-02
   2.0638246e-02
   4.6974469e-02
   1.3958424e-02
   8.9834422e-02
   6.2646158e-02
   4.3842614e-02
   1.1444858e-02
   6.3424177e-02
   5.2454568e-02
   4.2406246e-02
   1.1679643e-02
   6.0307097e-02
   2.6167847e-02
   3.6931176e-02
   9.1455663e-03
   4.9595978e-02
   2.5856730e-02
   8.9145243e-02
   1.3371985e-02
   7.2439000e-02
   1.4352562e-01
   7.2266005e-02
   2.6572814e-02
   7.7322237e-02
   7.7164978e-02
   8.8230498e-02
   2.3487303e-02
   8.3740599e-02
   5.4162204e-02
   9.2271619e-02
   2.2021070e-02
   6.3065156e-02
   6.4812586e-02
   5.9166718e-02
   1.8942958e-02
   6.5830961e-02
   6.0904503e-02
   4.7180697e-02
   1.3732233e-02
   5.9363961e-02
   5.5247039e-02
   5.0279994e-02
   1.2362826e-02
   6.6509508e-02
   2.9709790e-02
   4.0934622e-02
   1.4935843e-02
   7.8593142e-02
   8.5362598e-02
   3.3680603e-02
   1.2089619e-02
   7.7511027e-02
   2.7822809e-02
   3.5270821e-02
   6.9298125e-03
   7.6915413e-02
   5.3191863e-02
   2.3940677e-02
   5.7754372e-03
   1.0060260e-01
   2.5934799e-02
   8.2352413e-03
   4.6084039e-03
   1.9396810e-01
   5.1744513e-02
   1.8464044e-02
   7.6756859e-03
   7.9772606e-02
   4.0616099e-02
   4.4720657e-02
   6.1026737e-03
   8.4749848e-02
   7.2395347e-02
   3.9591778e-02
   7.6871174e-03
   2.1476965e-01
   3.8986038e-02
   1.5032428e-02
   3.7880791e-03
   1.8072845e-01
   7.1511097e-02
   7.5888738e-02
   1.5870299e-02
