   1.0821995e-02
   2.2893382e-02
   5.0110314e-02
   5.2469425e-02
   1.0689532e-02
   3.0708058e-02
   8.0295719e-02
   6.6610403e-02
   1.0012614e-02
   2.4717247e-02
   6.6713780e-02
   5.6894377e-02
   1.1809929e-02
   1.7524593e-02
   4.3515954e-02
   4.4270102e-02
   1.1260622e-02
   1.9233786e-02
   3.5902549e-02
   4.6005908e-02
   1.0619876e-02
   1.9979671e-02
   4.5919139e-02
   5.4390520e-02
   1.0280839e-02
   1.7985623e-02
   5.2590221e-02
   4.9549431e-02
   1.1842211e-02
   1.8306760e-02
   4.2384569e-02
   4.8430972e-02
   1.1052976e-02
   1.7094292e-02
   2.8654108e-02
   4.7469594e-02
   1.0224089e-02
   1.6253576e-02
   2.8334519e-02
   4.8225891e-02
   1.0620556e-02
   1.4239521e-02
   4.0451542e-02
   4.6369109e-02
   1.1265381e-02
   1.5939550e-02
   3.3941090e-02
   4.6965484e-02
   1.6937770e-02
   3.6795862e-02
   5.6503069e-02
   6.4872056e-02
   1.7065382e-02
   3.7962817e-02
   5.9796315e-02
   6.1965168e-02
   1.7319113e-02
   3.7412748e-02
   6.4001553e-02
   5.8199711e-02
   1.6019957e-02
   3.5047587e-02
   6.0944416e-02
   5.5454310e-02
   2.7159713e-02
   7.1077712e-02
   1.1108389e-01
   1.0181522e-01
   3.0115014e-02
   7.4995823e-02
   1.1958912e-01
   9.7044535e-02
   3.0002432e-02
   7.8141220e-02
   1.2019834e-01
   8.6623475e-02
   2.6026240e-02
   7.1144238e-02
   1.1448275e-01
   9.1439985e-02
   1.5604356e-02
   3.5686776e-02
   6.1953031e-02
   6.7103602e-02
   1.6119892e-02
   3.7561458e-02
   6.5476663e-02
   6.4951830e-02
   1.5774714e-02
   3.6053527e-02
   6.4369380e-02
   5.7950400e-02
   1.5024887e-02
   3.4192313e-02
   5.8560561e-02
   5.8753237e-02
   1.1010307e-02
   1.8529501e-02
   3.4744512e-02
   4.9422577e-02
   1.0044145e-02
   1.6677778e-02
   3.2102693e-02
   4.3624103e-02
   1.0105225e-02
   1.3715872e-02
   3.4506198e-02
   4.4031449e-02
   1.1163881e-02
   1.4841213e-02
   2.9177736e-02
   3.9269447e-02
   1.0523288e-02
   2.1565279e-02
   4.2749554e-02
   5.0314020e-02
   1.0092199e-02
   2.0911146e-02
   4.7499195e-02
   5.2631751e-02
   9.7223567e-03
   1.6871784e-02
   4.4112369e-02
   4.8084259e-02
   1.1850175e-02
   1.4707244e-02
   3.1288818e-02
   4.0058456e-02
   6.7347782e-03
   2.5332835e-02
   6.2475763e-02
   4.8398286e-02
   6.7247129e-03
   2.9358067e-02
   7.8303784e-02
   5.4428820e-02
   6.1621722e-03
   2.5094207e-02
   6.7806795e-02
   4.2069428e-02
   7.3072664e-03
   1.6795713e-02
   4.8285410e-02
   3.4833644e-02
   6.8270168e-03
   2.0617045e-02
   4.7254760e-02
   4.5638852e-02
   6.8322872e-03
   2.0093100e-02
   4.5855839e-02
   4.8885465e-02
   6.0158712e-03
   1.8563461e-02
   5.6345895e-02
   4.0378451e-02
   6.5158671e-03
   1.8184949e-02
   4.6598952e-02
   3.8131610e-02
   7.4459631e-03
   1.9208811e-02
   3.8873874e-02
   4.5258414e-02
   7.3892134e-03
   1.7892968e-02
   3.1932835e-02
   4.8582096e-02
   6.7807785e-03
   1.5668666e-02
   5.6532916e-02
   3.8410537e-02
   6.5656332e-03
   1.6594267e-02
   4.0011890e-02
   3.7926454e-02
   1.5200386e-02
   4.8310682e-02
   6.7147255e-02
   5.5612437e-02
   1.6297573e-02
   4.4460639e-02
   6.6471554e-02
   5.5948511e-02
   1.5074397e-02
   4.0542960e-02
   7.4355662e-02
   5.1177930e-02
   1.3372635e-02
   4.5352124e-02
   7.5454645e-02
   5.3414632e-02
   2.9119028e-02
   1.0197312e-01
   1.2446070e-01
   8.4427260e-02
   3.2576270e-02
   9.0147428e-02
   1.3709725e-01
   8.7300450e-02
   3.0103918e-02
   8.3331771e-02
   1.2432665e-01
   7.8740008e-02
   2.6603037e-02
   9.5622838e-02
   1.4462833e-01
   9.9547453e-02
   1.3667885e-02
   4.7189567e-02
   7.5403325e-02
   5.6337107e-02
   1.4552314e-02
   4.2871423e-02
   7.1828067e-02
   5.4765631e-02
   1.3435777e-02
   3.7058264e-02
   6.8326071e-02
   4.5922652e-02
   1.2350876e-02
   4.2640317e-02
   6.8739258e-02
   5.5330690e-02
   7.6960349e-03
   2.3235284e-02
   4.7161743e-02
   4.0248446e-02
   6.8366011e-03
   1.9566303e-02
   3.7618328e-02
   3.5552584e-02
   6.2947664e-03
   1.4147679e-02
   4.1836046e-02
   3.2451302e-02
   6.5953340e-03
   1.4385422e-02
   3.2288559e-02
   2.6169088e-02
   6.8999371e-03
   2.3242598e-02
   4.8927438e-02
   4.1078966e-02
   6.5877214e-03
   2.1293808e-02
   4.8442069e-02
   4.1982226e-02
   6.3365246e-03
   1.6283421e-02
   4.6912406e-02
   3.5821531e-02
   6.9937063e-03
   1.2163843e-02
   3.6540098e-02
   2.7838042e-02
   4.8824591e-03
   3.3318132e-02
   7.8207970e-02
   5.4551098e-02
   6.4166272e-03
   2.6968461e-02
   6.4121366e-02
   5.0354663e-02
   4.3908344e-03
   2.1057773e-02
   6.5860167e-02
   3.5308503e-02
   4.3807728e-03
   1.9775569e-02
   5.3135630e-02
   3.0336097e-02
   5.3389529e-03
   2.5822623e-02
   5.2896753e-02
   4.9110759e-02
   5.4916064e-03
   2.0231394e-02
   4.3586329e-02
   5.0333586e-02
   5.0315852e-03
   1.7962378e-02
   5.7300795e-02
   3.3279169e-02
   4.7226800e-03
   2.0150267e-02
   4.3386832e-02
   3.3455007e-02
   5.7377047e-03
   2.4965165e-02
   4.5776952e-02
   4.7366176e-02
   5.8073876e-03
   2.1614866e-02
   4.1573856e-02
   4.7735032e-02
   4.9671633e-03
   1.8435247e-02
   6.7782372e-02
   3.4628447e-02
   4.5803827e-03
   2.2275364e-02
   4.7321223e-02
   3.2827485e-02
   1.9697292e-02
   5.2847404e-02
   7.3846608e-02
   5.5165228e-02
   2.1671195e-02
   5.1735036e-02
   6.1144028e-02
   5.1120128e-02
   1.9368671e-02
   5.1058445e-02
   8.9463778e-02
   5.0581809e-02
   1.8765094e-02
   6.0260978e-02
   8.1271194e-02
   4.4542879e-02
   4.4616342e-02
   1.2198054e-01
   1.4824475e-01
   6.7283593e-02
   4.8046950e-02
   1.1448774e-01
   1.3139659e-01
   6.9737524e-02
   4.3822996e-02
   1.1118452e-01
   1.4645261e-01
   6.8434298e-02
   4.1697815e-02
   1.2562095e-01
   1.6934837e-01
   9.4497271e-02
   1.6968861e-02
   5.2505393e-02
   9.1264673e-02
   4.5520354e-02
   1.8577743e-02
   4.9613271e-02
   7.0767544e-02
   4.4519048e-02
   1.6908370e-02
   4.5086544e-02
   6.7690849e-02
   3.6189497e-02
   1.5786165e-02
   5.4193471e-02
   7.7017263e-02
   4.7042113e-02
   6.0430006e-03
   3.0889785e-02
   5.4865934e-02
   4.3527979e-02
   5.5627609e-03
   2.2985660e-02
   4.9436994e-02
   3.6432330e-02
   4.0205056e-03
   1.5876912e-02
   4.6381593e-02
   2.6109407e-02
   4.1659297e-03
   1.7358519e-02
   3.6341526e-02
   2.5175912e-02
   4.6629310e-03
   2.8043341e-02
   5.0921638e-02
   4.4587683e-02
   5.8816466e-03
   2.0527778e-02
   4.9624585e-02
   4.1079294e-02
   4.3762205e-03
   1.5766997e-02
   4.6990190e-02
   2.9864578e-02
   4.0854025e-03
   1.4468022e-02
   4.7359601e-02
   2.5501966e-02
   3.4796074e-03
   3.3273239e-02
   8.0518059e-02
   6.0605265e-02
   4.7199135e-03
   1.7700927e-02
   3.2002334e-02
   5.5984028e-02
   3.8057263e-03
   1.7349621e-02
   7.3648944e-02
   3.9323598e-02
   2.7634297e-03
   2.4907257e-02
   6.6772811e-02
   4.0290762e-02
   4.2400230e-03
   2.6882611e-02
   4.0774867e-02
   5.3435910e-02
   5.3170444e-03
   2.2220779e-02
   3.9618421e-02
   5.5227749e-02
   3.7872258e-03
   1.4609318e-02
   5.9777044e-02
   4.1551534e-02
   3.4520885e-03
   2.1441460e-02
   3.9990552e-02
   3.4551125e-02
   4.6206992e-03
   2.4229618e-02
   4.3424163e-02
   5.2294049e-02
   7.4073672e-03
   2.4103742e-02
   4.6792150e-02
   5.6225453e-02
   4.1263658e-03
   1.4327141e-02
   5.6203716e-02
   4.1359719e-02
   3.5943727e-03
   2.1893680e-02
   4.3520764e-02
   4.0068306e-02
   2.3620570e-02
   5.8823477e-02
   8.3123043e-02
   5.7499491e-02
   2.7130082e-02
   4.9639132e-02
   8.3528526e-02
   6.2927134e-02
   2.4372652e-02
   6.9545463e-02
   8.9197755e-02
   5.6075539e-02
   2.4700055e-02
   6.1864559e-02
   1.0566729e-01
   4.1814923e-02
   5.6431070e-02
   1.3897142e-01
   1.8326859e-01
   9.1448389e-02
   6.2397446e-02
   1.2629861e-01
   1.7880329e-01
   7.1979880e-02
   5.7720751e-02
   1.4575261e-01
   1.5582919e-01
   8.7096877e-02
   5.7280954e-02
   1.3938962e-01
   2.0073532e-01
   8.9032419e-02
   2.0924009e-02
   5.4752134e-02
   8.8660337e-02
   5.2024752e-02
   2.3114840e-02
   5.1080249e-02
   8.2645923e-02
   4.5212470e-02
   2.0724427e-02
   5.0623409e-02
   7.5327851e-02
   4.1991010e-02
   1.9949308e-02
   5.9449933e-02
   6.7223780e-02
   4.8129041e-02
   5.3704716e-03
   2.7873570e-02
   5.1676068e-02
   5.5296566e-02
   6.4161411e-03
   1.9135179e-02
   5.0508205e-02
   4.2885028e-02
   3.8870596e-03
   1.6305793e-02
   4.3344863e-02
   2.0659698e-02
   4.2010038e-03
   1.9038199e-02
   3.1668756e-02
   3.2605562e-02
   3.6422345e-03
   2.1475516e-02
   5.4540265e-02
   5.1752899e-02
   4.9025426e-03
   1.4524775e-02
   3.7272293e-02
   3.9152242e-02
   3.8589148e-03
   1.3557092e-02
   4.5389075e-02
   3.2325484e-02
   3.7839310e-03
   1.5309518e-02
   4.4940814e-02
   3.1716954e-02
