   3.3634331e-02
   2.6846858e-02
   5.2278031e-02
   1.8094536e-02
   6.4550593e-02
   3.5128325e-02
   3.0285463e-02
   1.0693770e-02
   7.9415046e-02
   1.3117976e-01
   8.4218025e-02
   1.2398651e-02
   3.7489496e-02
   1.4384949e-01
   1.0593291e-01
   9.7052157e-03
   6.2294401e-02
   3.1789206e-02
   3.9287325e-02
   1.7181652e-02
   8.3991259e-02
   4.4360064e-02
   1.8339943e-02
   1.0746191e-02
   4.4849429e-02
   5.5153288e-02
   3.9907176e-02
   9.9994354e-03
   3.3518422e-02
   5.7404224e-02
   4.7505468e-02
   7.7108280e-03
   1.0554784e-01
   5.8583260e-02
   3.3373915e-02
   1.6107943e-02
   4.8919007e-02
   3.9441835e-02
   1.2840464e-02
   1.0798187e-02
   3.4742691e-02
   1.6817575e-02
   1.6599154e-02
   8.4446054e-03
   3.2221895e-02
   1.1236105e-02
   1.5259014e-02
   8.0799377e-03
   6.2450897e-02
   5.6563091e-02
   4.3121375e-02
   1.5682239e-02
   4.2591602e-02
   3.7541661e-02
   2.5863357e-02
   1.1271730e-02
   3.8529579e-02
   1.8709924e-02
   2.3246011e-02
   9.3324287e-03
   3.5873108e-02
   1.0998425e-02
   1.8868513e-02
   8.9233443e-03
   3.8048685e-02
   3.8212739e-02
   5.5087641e-02
   1.8042570e-02
   5.0841559e-02
   5.3541247e-02
   5.4845098e-02
   1.3442768e-02
   4.6893582e-02
   2.3923848e-02
   3.3721782e-02
   1.1231613e-02
   4.4409450e-02
   1.1217118e-02
   2.5825523e-02
   1.0435128e-02
   3.0665169e-02
   2.4330227e-02
   4.1378211e-02
   1.5869172e-02
   4.1141793e-02
   3.2612968e-02
   2.8770784e-02
   1.1558337e-02
   3.9927840e-02
   1.8729966e-02
   2.0396680e-02
   9.2039537e-03
   5.6663271e-02
   1.0748474e-02
   1.5660146e-02
   8.2182232e-03
   2.7935684e-02
   2.1109991e-02
   3.8007446e-02
   1.4812794e-02
   3.5236593e-02
   2.4246860e-02
   1.3271770e-02
   1.0727786e-02
   4.4123653e-02
   1.7966948e-02
   1.6888430e-02
   8.7107448e-03
   9.4875798e-02
   1.1265703e-02
   1.5022904e-02
   6.9335555e-03
   2.9347681e-02
   2.3408417e-02
   4.2042490e-02
   1.5691366e-02
   3.6567722e-02
   2.5403062e-02
   1.7912569e-02
   1.0863578e-02
   7.9095028e-02
   5.7656396e-02
   3.9869454e-02
   9.6103521e-03
   6.5959714e-02
   5.5191293e-02
   4.4730760e-02
   7.8171380e-03
   4.2246662e-02
   3.2295335e-02
   4.8332315e-02
   1.5254547e-02
   9.7375706e-02
   5.0953586e-02
   3.6714908e-02
   6.6660154e-03
   1.1760361e-01
   1.6092704e-01
   1.0836283e-01
   1.3197913e-02
   4.5483023e-02
   1.8079945e-01
   1.4008613e-01
   1.0594138e-02
   9.9987060e-02
   4.1615505e-02
   3.8163688e-02
   1.3415845e-02
   1.3659738e-01
   6.7943305e-02
   2.1327069e-02
   6.1157639e-03
   5.2787010e-02
   6.8093486e-02
   5.2158274e-02
   8.1594940e-03
   3.7336838e-02
   7.1280256e-02
   6.1649341e-02
   6.2308311e-03
   1.7861949e-01
   8.5324816e-02
   3.0149141e-02
   1.1772137e-02
   7.5949386e-02
   5.7653911e-02
   1.4004737e-02
   6.0999687e-03
   3.8016114e-02
   1.8698066e-02
   2.2119120e-02
   5.3259498e-03
   3.3951942e-02
   8.8205812e-03
   1.8591594e-02
   5.6599444e-03
   9.8156199e-02
   7.4220404e-02
   4.0073033e-02
   1.2605700e-02
   5.6492209e-02
   5.0187033e-02
   2.8703289e-02
   7.5591970e-03
   4.7317117e-02
   2.1329625e-02
   3.3878688e-02
   6.6567198e-03
   3.8592231e-02
   8.0588404e-03
   2.5142444e-02
   6.6069588e-03
   4.6532094e-02
   4.7491647e-02
   6.2290616e-02
   1.5998749e-02
   6.6974655e-02
   6.6231377e-02
   6.2186051e-02
   1.1176390e-02
   5.9595834e-02
   2.6920477e-02
   5.7520498e-02
   9.6501261e-03
   5.2882086e-02
   8.3389962e-03
   4.2780280e-02
   9.3948655e-03
   3.5147235e-02
   3.1036306e-02
   4.1015938e-02
   1.2570021e-02
   5.0978191e-02
   3.8848318e-02
   3.3632491e-02
   8.1329355e-03
   5.2477583e-02
   2.0029413e-02
   3.1007664e-02
   6.5050866e-03
   7.9682119e-02
   7.5119068e-03
   2.2351539e-02
   5.4668817e-03
   3.2165896e-02
   2.6765468e-02
   3.5057776e-02
   1.1651970e-02
   3.9690875e-02
   3.1212019e-02
   1.3654981e-02
   6.7175142e-03
   6.4146042e-02
   2.0983327e-02
   2.4366226e-02
   4.9149944e-03
   1.4665879e-01
   8.5844882e-03
   2.3196274e-02
   4.3539829e-03
   3.5229981e-02
   2.7998492e-02
   4.0409781e-02
   1.2120103e-02
   4.3773293e-02
   3.4665029e-02
   2.0374622e-02
   7.3756059e-03
   1.2471402e-01
   7.2990455e-02
   5.4355308e-02
   7.4424869e-03
   1.0013911e-01
   7.0927940e-02
   6.3045181e-02
   6.0933693e-03
   6.7956112e-02
   4.0890299e-02
   6.0381163e-02
   1.4725035e-02
   1.5266572e-01
   6.2864378e-02
   4.8541266e-02
   5.0208895e-03
   1.8739299e-01
   2.7082071e-01
   2.0417741e-01
   2.3786362e-02
   7.9518333e-02
   3.8459361e-01
   2.8873086e-01
   2.0508002e-02
   1.7846419e-01
   4.5042586e-02
   4.3227673e-02
   1.4331385e-02
   2.2457907e-01
   8.1313513e-02
   3.2929033e-02
   3.9184382e-03
   8.9170069e-02
   1.1435883e-01
   8.3726607e-02
   1.0859368e-02
   6.5252595e-02
   1.4868557e-01
   1.1803096e-01
   9.2469314e-03
   3.0347627e-01
   5.9502665e-02
   3.4582797e-02
   1.1233716e-02
   1.3276049e-01
   6.1742503e-02
   1.9854974e-02
   3.8808051e-03
   5.7690926e-02
   2.3422636e-02
   2.7863963e-02
   4.3327687e-03
   5.2717775e-02
   1.1475505e-02
   1.8838480e-02
   4.5532137e-03
   1.4746957e-01
   5.5579573e-02
   3.6972396e-02
   1.2728444e-02
   8.4229320e-02
   5.2272968e-02
   3.1570908e-02
   7.0082187e-03
   7.5296886e-02
   2.6558038e-02
   4.5091193e-02
   6.9734869e-03
   5.7691149e-02
   8.3230250e-03
   2.7827807e-02
   5.9091020e-03
   6.4552143e-02
   6.5957472e-02
   5.3273898e-02
   1.6259711e-02
   7.6809146e-02
   8.8431723e-02
   6.5373205e-02
   1.2976624e-02
   8.2054742e-02
   3.2919426e-02
   8.6375773e-02
   1.1867465e-02
   7.6075122e-02
   9.6745780e-03
   6.3649982e-02
   1.0057586e-02
   5.7045408e-02
   4.2166136e-02
   4.4020995e-02
   1.0157662e-02
   7.6058984e-02
   5.2748833e-02
   3.9057568e-02
   7.3766853e-03
   8.0675475e-02
   2.5535563e-02
   4.2587414e-02
   6.1307903e-03
   1.2122972e-01
   7.8218067e-03
   2.8260637e-02
   5.5177165e-03
   5.4275278e-02
   3.9716192e-02
   3.5711892e-02
   1.1788273e-02
   5.5950966e-02
   4.1602533e-02
   2.0030797e-02
   3.9950814e-03
   1.0453419e-01
   2.7856376e-02
   3.9245583e-02
   4.0100990e-03
   2.2688858e-01
   1.2298973e-02
   3.5984065e-02
   3.2120410e-03
   5.6398526e-02
   3.3519451e-02
   5.1411778e-02
   1.1633334e-02
   8.0562100e-02
   4.5223188e-02
   2.9438905e-02
   4.8822025e-03
   1.9558561e-01
   1.1515272e-01
   9.9009261e-02
   1.0906694e-02
   1.6797535e-01
   1.5463375e-01
   1.2868525e-01
   8.6398097e-03
   9.1200717e-02
   2.8173828e-02
   7.9566188e-02
   2.8125821e-02
   1.7820434e-01
   4.2418677e-02
   8.0896206e-02
   7.1953582e-03
   1.8533005e-01
   1.9214964e-01
   1.4307068e-01
   2.1835273e-02
   8.6910836e-02
   1.8738420e-01
   1.4938630e-01
   1.2788543e-02
   1.4879802e-01
   3.7044208e-02
   6.1916098e-02
   2.8029468e-02
   2.3279622e-01
   5.5900194e-02
   5.2893687e-02
   4.7835326e-03
   1.0481732e-01
   9.0415090e-02
   6.4255320e-02
   1.0486417e-02
   7.8830376e-02
   7.4602611e-02
   6.3074306e-02
   6.0002464e-03
   1.8160787e-01
   6.0287334e-02
   4.0646531e-02
   1.4664542e-02
   1.2113436e-01
   4.6745073e-02
   3.1120596e-02
   3.7044033e-03
   8.8972867e-02
   3.3483379e-02
   2.9859593e-02
   6.3832146e-03
   6.9451012e-02
   1.0078171e-02
   1.1204128e-02
   5.1210215e-03
   9.3957923e-02
   7.7661909e-02
   4.7671199e-02
   1.5276966e-02
   8.1039727e-02
   5.9530918e-02
   4.4742510e-02
   9.8871719e-03
   9.5569201e-02
   3.9803341e-02
   5.7921421e-02
   9.1588795e-03
   7.4307047e-02
   1.3260824e-02
   3.5714518e-02
   7.2888914e-03
   9.5245481e-02
   9.7175270e-02
   5.7009608e-02
   2.9387653e-02
   1.0925800e-01
   1.3468009e-01
   9.7305156e-02
   2.1553583e-02
   1.2864062e-01
   5.4986101e-02
   1.1057596e-01
   1.6142277e-02
   1.1971224e-01
   1.9069636e-02
   8.8729009e-02
   1.7528115e-02
   6.9000781e-02
   4.9686436e-02
   4.8306841e-02
   1.4140874e-02
   8.5703149e-02
   6.5607883e-02
   5.4894682e-02
   9.1579808e-03
   8.5021533e-02
   4.3624770e-02
   5.0299801e-02
   7.9128388e-03
   9.8445944e-02
   1.3133128e-02
   3.5757769e-02
   8.3734831e-03
   7.3063172e-02
   4.4107255e-02
   4.9797479e-02
   1.4440622e-02
   8.4706917e-02
   3.2380056e-02
   3.5202064e-02
   4.1188849e-03
   1.1752819e-01
   3.9944846e-02
   3.0582078e-02
   5.0988598e-03
   1.5697007e-01
   1.1154420e-02
   1.3020390e-02
   3.5458354e-03
   8.1980251e-02
   4.2689875e-02
   7.2764590e-02
   1.8948197e-02
   9.3979947e-02
   2.8203353e-02
   5.2393366e-02
   5.7773795e-03
   1.9521689e-01
   9.4409190e-02
   7.6505281e-02
   1.1599788e-02
   1.4354545e-01
   7.8103878e-02
   6.4791963e-02
   6.2399800e-03
