   8.6804882e-02
   9.2102125e-02
   1.0841503e-01
   1.5149006e-02
   6.3752405e-02
   9.3054801e-02
   5.7976563e-02
   1.2088545e-02
   7.7207826e-02
   1.4998199e-01
   7.4858755e-02
   1.3543965e-02
   3.3649329e-02
   4.4841472e-02
   2.4441864e-02
   1.4650698e-02
   5.6242790e-02
   4.3206170e-02
   4.6945419e-02
   1.1986519e-02
   8.7533273e-02
   7.0365146e-02
   2.9140806e-02
   1.1280944e-02
   3.9461341e-02
   7.3249012e-02
   4.0076483e-02
   1.3294541e-02
   3.0519053e-02
   3.7639342e-02
   2.0526756e-02
   1.5165547e-02
   4.3265522e-02
   1.5988272e-02
   1.2838116e-02
   1.1261744e-02
   4.7706921e-02
   2.9095154e-02
   1.1783247e-02
   1.1404213e-02
   3.3598397e-02
   3.3050764e-02
   1.7939430e-02
   1.3112981e-02
   3.1195192e-02
   3.5738662e-02
   2.2093330e-02
   1.4074042e-02
   2.4974901e-02
   2.5229540e-02
   1.5011997e-02
   1.6588224e-02
   3.8074512e-02
   2.5743525e-02
   1.4652284e-02
   1.6996205e-02
   3.9300483e-02
   4.0690612e-02
   2.1555131e-02
   1.8794455e-02
   3.3625413e-02
   4.3948311e-02
   3.8152706e-02
   1.9564100e-02
   1.6077744e-02
   1.7894946e-02
   2.4714185e-02
   3.3943620e-02
   4.8140716e-02
   2.8562151e-02
   2.4478441e-02
   3.6524214e-02
   5.3009715e-02
   5.0086912e-02
   3.3795539e-02
   3.2964967e-02
   3.9837055e-02
   7.6980010e-02
   4.7082305e-02
   3.2070015e-02
   1.3643810e-02
   9.8936912e-03
   2.7012222e-02
   3.1175347e-02
   3.9388791e-02
   2.3776440e-02
   1.6306097e-02
   2.6620572e-02
   4.3482132e-02
   4.9031530e-02
   1.8365493e-02
   2.1754529e-02
   6.2879033e-02
   1.3975407e-01
   2.6795594e-02
   2.2421975e-02
   1.2994699e-02
   9.2307664e-03
   2.0793747e-02
   1.9528519e-02
   3.4060471e-02
   2.1568105e-02
   1.2226534e-02
   1.3676859e-02
   4.8147384e-02
   5.8216698e-02
   1.3946434e-02
   1.3557924e-02
   1.0649956e-01
   1.0454843e-01
   1.8978927e-02
   1.4758466e-02
   3.5838660e-02
   3.5405032e-02
   4.6713170e-02
   1.4584805e-02
   3.7206016e-02
   4.2244539e-02
   2.6430259e-02
   1.2499195e-02
   8.6094171e-02
   9.4383381e-02
   3.1552725e-02
   1.2462071e-02
   6.7047462e-02
   4.8288669e-02
   2.0926557e-02
   1.4624398e-02
   1.2451677e-01
   1.3066940e-01
   1.4092036e-01
   1.5878173e-02
   9.6474700e-02
   1.4647149e-01
   9.6014388e-02
   9.7273318e-03
   1.1932986e-01
   2.5013974e-01
   1.5169750e-01
   1.0804160e-02
   4.0802896e-02
   4.7519173e-02
   2.7747313e-02
   9.6706431e-03
   7.7618890e-02
   6.2152404e-02
   6.3270122e-02
   1.1939696e-02
   1.4122604e-01
   1.0213210e-01
   4.9414504e-02
   8.7512275e-03
   4.6679813e-02
   1.2303814e-01
   7.9390116e-02
   1.0469272e-02
   3.3317599e-02
   3.9442163e-02
   2.1457471e-02
   1.0857990e-02
   5.5443559e-02
   2.3514530e-02
   1.8770894e-02
   1.0148183e-02
   6.8373859e-02
   3.7628889e-02
   1.8079968e-02
   8.7140398e-03
   3.7958819e-02
   4.7963008e-02
   2.5407648e-02
   1.1174828e-02
   3.2458387e-02
   4.1604500e-02
   2.9099833e-02
   1.1019786e-02
   3.1302433e-02
   3.9656416e-02
   1.9709034e-02
   1.4722869e-02
   4.8709024e-02
   3.7335094e-02
   2.1767460e-02
   1.6863311e-02
   4.6320237e-02
   5.6430232e-02
   2.4736943e-02
   2.1393757e-02
   3.7516475e-02
   5.5016436e-02
   5.0251041e-02
   1.9316128e-02
   1.8667292e-02
   2.6676543e-02
   3.8025636e-02
   3.1833597e-02
   5.7032406e-02
   3.3950839e-02
   3.7574686e-02
   3.7985731e-02
   6.4010851e-02
   5.4021180e-02
   4.8078343e-02
   3.9367944e-02
   4.8143655e-02
   8.4004752e-02
   5.3564020e-02
   3.6328550e-02
   1.5605265e-02
   1.3829433e-02
   4.6942044e-02
   3.1289283e-02
   4.5364667e-02
   3.3623308e-02
   2.5702417e-02
   2.4672842e-02
   5.4690912e-02
   6.5052785e-02
   2.2963826e-02
   2.2811254e-02
   9.8704211e-02
   1.1862174e-01
   2.7744643e-02
   2.1240620e-02
   1.5664207e-02
   1.2952016e-02
   3.4261778e-02
   2.1906264e-02
   3.5431679e-02
   2.9834490e-02
   1.6892767e-02
   1.1217477e-02
   7.1932338e-02
   8.8836692e-02
   1.6551262e-02
   1.1135461e-02
   1.7588355e-01
   1.0806125e-01
   2.0718617e-02
   1.0908999e-02
   4.9397316e-02
   4.9481697e-02
   6.0508728e-02
   1.3278906e-02
   4.0076669e-02
   6.4149655e-02
   4.1110683e-02
   9.3301889e-03
   1.3574380e-01
   1.5236354e-01
   5.4397482e-02
   1.0075493e-02
   1.0689924e-01
   5.6473743e-02
   2.2226185e-02
   8.9649837e-03
   1.6579293e-01
   2.0435123e-01
   2.0825022e-01
   2.6424386e-02
   1.5382148e-01
   1.2740441e-01
   8.8248536e-02
   9.5514171e-03
   1.9118293e-01
   1.3665614e-01
   6.5257572e-02
   8.7370174e-03
   7.1314573e-02
   4.5260560e-02
   2.4492376e-02
   7.1374257e-03
   1.1229722e-01
   9.3983717e-02
   9.4073750e-02
   1.8463599e-02
   2.0610243e-01
   9.7068176e-02
   4.5144834e-02
   7.6012597e-03
   7.7032715e-02
   6.9909506e-02
   3.4562491e-02
   9.0670343e-03
   5.7246350e-02
   4.7156718e-02
   2.8312862e-02
   8.2344739e-03
   8.6437032e-02
   3.5562847e-02
   2.0247063e-02
   1.3394410e-02
   9.6956186e-02
   4.1805416e-02
   2.1713426e-02
   6.7942264e-03
   5.8537204e-02
   5.6978129e-02
   1.2899864e-02
   9.7854380e-03
   5.3267539e-02
   4.7024790e-02
   4.2345051e-02
   8.3703380e-03
   4.5831222e-02
   5.8365650e-02
   2.4439650e-02
   1.7154878e-02
   7.0243947e-02
   3.4723312e-02
   3.2854829e-02
   2.1115974e-02
   6.8567537e-02
   6.0045756e-02
   3.2019395e-02
   2.4534401e-02
   5.9669379e-02
   5.3357556e-02
   7.7598631e-02
   2.2954736e-02
   2.4352808e-02
   4.0302243e-02
   4.8927676e-02
   3.6206212e-02
   7.2880775e-02
   4.2899359e-02
   5.6164753e-02
   4.9702872e-02
   8.2035840e-02
   6.3865423e-02
   6.6617951e-02
   5.5620376e-02
   6.1526451e-02
   1.0315780e-01
   7.8436226e-02
   5.2155748e-02
   1.9412363e-02
   1.7362971e-02
   7.0699930e-02
   4.1719131e-02
   6.6552147e-02
   3.7198544e-02
   3.7402757e-02
   2.7670585e-02
   7.5026661e-02
   5.0512921e-02
   2.9752718e-02
   2.7642246e-02
   1.3397767e-01
   6.9820769e-02
   3.5978589e-02
   2.4272822e-02
   2.1236835e-02
   1.8246345e-02
   5.3047884e-02
   3.4984455e-02
   5.9587631e-02
   3.1989362e-02
   2.2495473e-02
   1.0599772e-02
   1.2329689e-01
   7.3459268e-02
   1.1299762e-02
   9.2489580e-03
   2.8605634e-01
   5.4903381e-02
   2.2496881e-02
   8.6450279e-03
   6.6515252e-02
   7.7251598e-02
   8.3867311e-02
   1.9099047e-02
   6.7697093e-02
   5.5474326e-02
   4.0756740e-02
   9.0360530e-03
   2.3123209e-01
   1.1279175e-01
   2.4975272e-02
   9.7661363e-03
   1.8478961e-01
   4.1735128e-02
   2.1628266e-02
   7.5195073e-03
   2.7036577e-01
   2.9776061e-01
   3.0836251e-01
   4.6964325e-02
   1.9793546e-01
   1.4752640e-01
   1.1170743e-01
   1.1066614e-02
   2.1713209e-01
   4.8447870e-02
   1.2980456e-02
   7.5078686e-03
   9.3535386e-02
   3.6613718e-02
   3.5188194e-02
   6.3401689e-03
   1.5295744e-01
   1.3186783e-01
   1.3661727e-01
   3.2177098e-02
   2.3519368e-01
   8.3398797e-02
   5.3570803e-02
   8.4452163e-03
   8.3295807e-02
   2.9406151e-02
   1.4295371e-02
   6.4853444e-03
   7.8838825e-02
   4.7924660e-02
   4.5024477e-02
   6.7462474e-03
   9.0698227e-02
   4.5444086e-02
   2.1639276e-02
   1.8029682e-02
   1.0583446e-01
   3.3639144e-02
   2.9113127e-02
   9.1705183e-03
   7.4702211e-02
   3.5297863e-02
   1.4668886e-02
   6.3557220e-03
   7.4091047e-02
   4.1881483e-02
   7.3316544e-02
   6.2321885e-03
   5.0097283e-02
   7.7855349e-02
   3.4033652e-02
   2.9253541e-02
   7.0915118e-02
   3.4598187e-02
   4.5288753e-02
   3.1503581e-02
   6.0910556e-02
   4.1364569e-02
   4.9011581e-02
   2.8717257e-02
   5.7763234e-02
   4.2642865e-02
   1.1999404e-01
   3.1042032e-02
   2.9695289e-02
   5.7479698e-02
   5.3787213e-02
   6.4917967e-02
   8.9682773e-02
   3.7028890e-02
   8.4446155e-02
   7.3614761e-02
   8.9740194e-02
   5.9021976e-02
   9.6884742e-02
   7.1115680e-02
   6.0022749e-02
   9.8428719e-02
   1.1292098e-01
   7.4115537e-02
   2.2509333e-02
   2.2596484e-02
   8.1446268e-02
   6.7880973e-02
   7.0689887e-02
   2.2486867e-02
   5.4886322e-02
   3.4930628e-02
   5.8393650e-02
   3.2753561e-02
   4.0377118e-02
   3.0285079e-02
   7.0738949e-02
   6.0590349e-02
   5.0286703e-02
   3.0595416e-02
   2.2807959e-02
   2.1752296e-02
   6.3881859e-02
   5.9127007e-02
   7.0393026e-02
   1.8869437e-02
   3.2628331e-02
   8.6305002e-03
   1.0783010e-01
   3.7189052e-02
   1.2935735e-02
   6.0675237e-03
   1.7236939e-01
   3.5291031e-02
   2.9297441e-02
   6.5384638e-03
   1.0911666e-01
   1.0439662e-01
   1.2799554e-01
   3.4258150e-02
   7.6777421e-02
   5.2009579e-02
   5.5550855e-02
   1.0328763e-02
   2.2844920e-01
   6.1772805e-02
   1.2407141e-02
   6.9737728e-03
   1.6219263e-01
   3.3173002e-02
   2.5681848e-02
   6.9676749e-03
