   3.6098998e-02
   5.0531451e-02
   6.2513851e-02
   6.0686219e-02
   1.2043007e-02
   2.1920199e-02
   5.6357678e-02
   6.3531898e-02
   1.4051446e-02
   3.7840333e-02
   4.7436427e-02
   5.2849066e-02
   3.1110354e-02
   5.8237426e-02
   4.4313803e-02
   4.0982779e-02
   3.5889555e-02
   2.8121309e-02
   3.2923885e-02
   4.7033597e-02
   1.4003954e-02
   2.0446301e-02
   4.9006686e-02
   6.1879259e-02
   1.3203528e-02
   2.2957867e-02
   3.7702914e-02
   5.4983176e-02
   2.1987356e-02
   3.5399415e-02
   3.0499445e-02
   4.6120159e-02
   3.0908089e-02
   1.5021227e-02
   2.0062987e-02
   4.2677924e-02
   1.3362974e-02
   2.0025242e-02
   4.8952863e-02
   6.3822486e-02
   1.3266064e-02
   1.6276762e-02
   3.6974970e-02
   5.7543468e-02
   1.8040026e-02
   2.4861006e-02
   3.0414820e-02
   5.3519338e-02
   1.7688014e-02
   1.6238235e-02
   2.1349281e-02
   4.4246424e-02
   2.1884371e-02
   3.3514619e-02
   6.5377228e-02
   6.6335298e-02
   1.4989633e-02
   1.8740777e-02
   4.1351922e-02
   5.2533403e-02
   1.7524496e-02
   2.3395546e-02
   5.6496136e-02
   3.8633578e-02
   1.5136766e-02
   1.1787277e-02
   2.8371159e-02
   4.7381911e-02
   3.5736024e-02
   6.3282244e-02
   1.0018982e-01
   6.8709932e-02
   1.8512510e-02
   2.8104376e-02
   5.4037489e-02
   5.6137230e-02
   1.7962255e-02
   3.9988138e-02
   4.8073042e-02
   3.6314137e-02
   1.5831597e-02
   9.1828350e-03
   2.8349405e-02
   4.8430916e-02
   2.2014828e-02
   3.2987267e-02
   6.0914181e-02
   6.5764606e-02
   1.5637612e-02
   2.1347987e-02
   3.5051398e-02
   5.1601615e-02
   2.5566215e-02
   5.3194720e-02
   2.6422460e-02
   3.2972094e-02
   1.6585652e-02
   9.2580095e-03
   2.5061775e-02
   6.6693500e-02
   1.2474940e-02
   1.9709852e-02
   4.8264399e-02
   6.3240662e-02
   2.2557391e-02
   1.9452371e-02
   2.6265243e-02
   4.9240608e-02
   2.8099401e-02
   3.3163678e-02
   2.4480654e-02
   3.1657305e-02
   2.3205781e-02
   2.5089823e-02
   3.8130410e-02
   5.8937885e-02
   1.1908687e-02
   1.9349193e-02
   4.8661701e-02
   6.2328033e-02
   2.1377994e-02
   2.4715118e-02
   3.2934651e-02
   5.2249722e-02
   2.7393233e-02
   3.7507128e-02
   3.3428501e-02
   3.5691462e-02
   3.9849494e-02
   6.9633827e-02
   6.9483869e-02
   5.5471040e-02
   8.6281030e-03
   1.9097097e-02
   4.9862061e-02
   3.6457527e-02
   9.8366002e-03
   4.6169769e-02
   4.9819201e-02
   4.2152848e-02
   2.4684196e-02
   6.2887736e-02
   4.3362584e-02
   3.8640834e-02
   3.7543796e-02
   3.5583533e-02
   3.2667156e-02
   3.4868293e-02
   1.0280416e-02
   1.8846299e-02
   4.1970957e-02
   3.5671286e-02
   9.7024469e-03
   2.5144588e-02
   3.5071608e-02
   4.1867614e-02
   1.4430358e-02
   3.2417938e-02
   3.0156869e-02
   4.9660593e-02
   3.3885479e-02
   1.6332064e-02
   1.6145203e-02
   2.4404870e-02
   1.0537394e-02
   1.7133888e-02
   4.5278367e-02
   3.5622876e-02
   8.8754529e-03
   1.3748709e-02
   3.7009243e-02
   3.9793428e-02
   1.0525914e-02
   1.7109822e-02
   3.2592978e-02
   6.0514335e-02
   1.5768630e-02
   1.7664546e-02
   1.8693525e-02
   2.6045479e-02
   2.3106111e-02
   3.4298640e-02
   6.8393022e-02
   3.7695553e-02
   1.1342589e-02
   1.8309103e-02
   4.4974014e-02
   3.7312154e-02
   1.0088329e-02
   1.6358851e-02
   6.8550490e-02
   3.9900634e-02
   9.9474993e-03
   1.2014894e-02
   2.9324949e-02
   2.8945755e-02
   3.7991449e-02
   6.7758992e-02
   1.0502658e-01
   3.9449226e-02
   1.7101284e-02
   2.9006628e-02
   6.1244443e-02
   3.7938245e-02
   1.2331846e-02
   3.4197841e-02
   5.9706114e-02
   3.1582966e-02
   1.0275998e-02
   8.6448239e-03
   3.0793177e-02
   3.1587537e-02
   2.0372549e-02
   3.1436421e-02
   5.8624152e-02
   3.7873305e-02
   1.4609220e-02
   2.4470869e-02
   3.1105191e-02
   3.5121880e-02
   2.0999126e-02
   5.4386776e-02
   2.6021237e-02
   2.8133614e-02
   1.2417734e-02
   9.3681477e-03
   2.3729073e-02
   5.9427332e-02
   1.0495718e-02
   1.6496042e-02
   4.4220071e-02
   3.4989975e-02
   2.0534452e-02
   2.3567561e-02
   1.8248383e-02
   3.0990964e-02
   2.5125479e-02
   3.6027920e-02
   1.9237565e-02
   2.7316583e-02
   2.3741843e-02
   3.2985795e-02
   4.0328320e-02
   5.4261677e-02
   8.7288786e-03
   1.5036669e-02
   3.9866198e-02
   3.4410827e-02
   1.9069023e-02
   2.9926278e-02
   2.9242011e-02
   3.2456126e-02
   2.2188244e-02
   3.7498236e-02
   2.5520710e-02
   3.0625857e-02
   2.7228212e-02
   7.5440452e-02
   8.8951923e-02
   4.9648065e-02
   1.1011825e-02
   2.0189101e-02
   5.3299986e-02
   2.2969224e-02
   1.1269903e-02
   6.5894984e-02
   6.5333776e-02
   3.7748475e-02
   2.4426132e-02
   7.4538462e-02
   5.0459657e-02
   4.5944601e-02
   4.2824313e-02
   3.8936615e-02
   4.1777320e-02
   2.9260326e-02
   1.2225511e-02
   2.0266434e-02
   4.0902670e-02
   2.2778925e-02
   8.7553114e-03
   3.5341505e-02
   4.2857978e-02
   3.5343494e-02
   1.3506057e-02
   3.5400737e-02
   3.7208024e-02
   6.8317346e-02
   4.4119935e-02
   2.1731898e-02
   1.8641965e-02
   2.0881550e-02
   1.2381391e-02
   1.7904911e-02
   4.0312935e-02
   1.9561665e-02
   8.1949951e-03
   1.7099870e-02
   3.6277883e-02
   3.3214375e-02
   8.1139151e-03
   1.7140178e-02
   4.6851423e-02
   8.2949713e-02
   2.1480100e-02
   2.1039687e-02
   2.0018116e-02
   2.0222260e-02
   3.1467825e-02
   3.0000661e-02
   4.2755608e-02
   2.0735746e-02
   1.4269377e-02
   2.3047054e-02
   5.1310286e-02
   3.3414632e-02
   7.7322898e-03
   1.8164666e-02
   1.0908236e-01
   4.5685217e-02
   1.1616251e-02
   1.5528825e-02
   3.5744604e-02
   2.4684850e-02
   5.9543997e-02
   5.3880870e-02
   5.6290995e-02
   2.5538851e-02
   2.1209519e-02
   3.3094279e-02
   5.2702308e-02
   3.4541193e-02
   1.0082087e-02
   3.4979146e-02
   8.6721152e-02
   3.5892591e-02
   1.1144134e-02
   1.1288788e-02
   3.9140034e-02
   3.1947903e-02
   2.8200274e-02
   2.6973883e-02
   4.3441687e-02
   2.4974605e-02
   1.7816711e-02
   3.1082526e-02
   2.6628045e-02
   2.9753361e-02
   1.6998569e-02
   4.7580037e-02
   3.1600352e-02
   3.3913083e-02
   1.3020757e-02
   1.1597533e-02
   2.4462372e-02
   6.2556863e-02
   1.3620030e-02
   1.5492880e-02
   3.7936233e-02
   1.9602858e-02
   2.7018398e-02
   3.8475499e-02
   2.0175762e-02
   2.2980882e-02
   2.0524984e-02
   3.5407692e-02
   2.1673411e-02
   3.1895436e-02
   1.8301181e-02
   3.5322610e-02
   4.7547113e-02
   5.3522445e-02
   1.1532510e-02
   1.5673710e-02
   3.8665868e-02
   1.9160656e-02
   2.5394326e-02
   4.4923332e-02
   3.6869910e-02
   2.7393930e-02
   2.0812612e-02
   4.5561254e-02
   2.5922751e-02
   3.6896523e-02
   3.9893452e-02
   1.0422052e-01
   1.0527097e-01
   5.4513309e-02
   1.5711812e-02
   2.7607262e-02
   4.0663596e-02
   1.5346142e-02
   1.6636290e-02
   1.2684144e-01
   8.5294865e-02
   4.6898473e-02
   2.3527460e-02
   1.0115586e-01
   6.3562080e-02
   6.5150842e-02
   7.8985140e-02
   5.0534975e-02
   5.3052522e-02
   3.2353610e-02
   2.0159008e-02
   2.9983593e-02
   3.6102574e-02
   1.0127420e-02
   1.3113742e-02
   6.4735331e-02
   5.8474928e-02
   3.4579702e-02
   1.6810620e-02
   4.8484161e-02
   5.2624941e-02
   7.1806133e-02
   7.4641816e-02
   2.7558116e-02
   2.4451535e-02
   2.2792269e-02
   2.1157548e-02
   2.7130933e-02
   3.8883410e-02
   1.2679243e-02
   1.3906659e-02
   2.6424490e-02
   4.4984289e-02
   3.0276813e-02
   1.1866752e-02
   1.5361707e-02
   5.8820214e-02
   8.7446660e-02
   3.3734817e-02
   2.4752226e-02
   2.9752992e-02
   1.8486014e-02
   3.2113347e-02
   4.0487543e-02
   3.9492879e-02
   1.5613680e-02
   1.9736653e-02
   2.4498019e-02
   6.4277671e-02
   3.6229908e-02
   1.1655544e-02
   2.0093199e-02
   1.2981652e-01
   6.0611319e-02
   1.7655315e-02
   2.1459121e-02
   5.3233046e-02
   2.4228133e-02
   6.0888615e-02
   7.1821749e-02
   5.2307289e-02
   1.9165413e-02
   2.2890465e-02
   4.0428005e-02
   6.4935073e-02
   3.4438640e-02
   1.6312571e-02
   4.9845550e-02
   1.1282266e-01
   4.1504450e-02
   1.8441882e-02
   1.5550254e-02
   5.8039818e-02
   2.6344057e-02
   3.3093993e-02
   3.6093995e-02
   3.0471938e-02
   1.8633630e-02
   2.0471875e-02
   3.9784368e-02
   3.3985015e-02
   1.9943362e-02
   2.9308097e-02
   7.6374292e-02
   4.8107229e-02
   3.6342528e-02
   2.4677241e-02
   1.9584214e-02
   3.5402216e-02
   5.8216579e-02
   1.7358668e-02
   2.3320286e-02
   2.8535055e-02
   1.4711263e-02
   4.9724981e-02
   5.4928228e-02
   3.0502580e-02
   1.9367322e-02
   3.7091009e-02
   5.4044437e-02
   3.1135065e-02
   3.0706355e-02
   2.7465677e-02
   4.7972646e-02
   5.3542010e-02
   6.0361329e-02
   1.6404830e-02
   1.7116690e-02
   4.0583543e-02
   1.3599351e-02
   4.5300763e-02
   7.2814412e-02
   6.0295466e-02
   3.1651814e-02
   2.8254807e-02
   6.5015040e-02
   4.5607425e-02
   4.7801733e-02
