   1.5253487e-02
   1.1975053e-02
   1.9446528e-02
   4.2535141e-02
   2.2050858e-02
   6.2930778e-02
   1.0983647e-01
   3.5815086e-02
   1.9606195e-02
   3.1743791e-02
   3.2503903e-02
   1.3110073e-02
   2.5267357e-02
   3.7663363e-02
   4.4958498e-02
   1.4247507e-02
   1.5079870e-02
   1.1903901e-02
   1.8627638e-02
   3.8461477e-02
   1.7623818e-02
   5.5670362e-02
   9.4898939e-02
   3.3723462e-02
   1.7735738e-02
   2.1756506e-02
   2.0799251e-02
   1.1856270e-02
   2.4730017e-02
   2.0335320e-02
   2.4039859e-02
   1.3550426e-02
   1.6037438e-02
   1.2117701e-02
   2.0211993e-02
   3.5453696e-02
   1.5125081e-02
   5.3938054e-02
   8.6792201e-02
   3.6220882e-02
   3.6233298e-02
   1.9254463e-02
   1.7644530e-02
   1.6153784e-02
   4.4414476e-02
   1.1794245e-02
   1.3885442e-02
   1.5283804e-02
   1.7134508e-02
   1.2063072e-02
   2.1219134e-02
   3.3954989e-02
   1.6125247e-02
   5.8442321e-02
   7.9186410e-02
   4.1474279e-02
   6.1300825e-02
   5.0829314e-02
   3.6965515e-02
   2.9091479e-02
   4.8058558e-02
   1.8307578e-02
   2.7789555e-02
   2.1568108e-02
   1.6775921e-02
   1.1956520e-02
   2.2332421e-02
   3.5976164e-02
   1.4792022e-02
   5.5451296e-02
   7.6359369e-02
   4.4024695e-02
   3.0882409e-02
   7.4915297e-02
   7.0669234e-02
   2.0250952e-02
   3.1129541e-02
   3.0320238e-02
   4.4627868e-02
   1.9325374e-02
   1.6323019e-02
   1.1781792e-02
   2.1344056e-02
   3.8345136e-02
   1.4781891e-02
   5.6502856e-02
   8.1703156e-02
   3.8826518e-02
   1.8338729e-02
   3.8016848e-02
   4.6445765e-02
   1.3650393e-02
   2.8926970e-02
   1.9662533e-02
   2.2543116e-02
   1.4917072e-02
   1.6147552e-02
   1.1018639e-02
   1.9243177e-02
   3.7655894e-02
   1.4585263e-02
   5.6361143e-02
   9.8080523e-02
   3.4112833e-02
   1.6189272e-02
   1.8455667e-02
   1.8327707e-02
   1.1754699e-02
   2.2607094e-02
   1.2583733e-02
   1.3693636e-02
   1.3635184e-02
   1.5459281e-02
   1.1206902e-02
   1.8747495e-02
   4.1615020e-02
   1.7451458e-02
   6.0383048e-02
   1.1132775e-01
   3.4825489e-02
   1.6759882e-02
   2.2428293e-02
   2.1862285e-02
   1.2322932e-02
   2.3327554e-02
   2.0949347e-02
   2.3873316e-02
   1.3697041e-02
   1.1768335e-02
   8.2385102e-03
   1.9482860e-02
   3.8325600e-02
   2.0520488e-02
   5.9350267e-02
   9.8206647e-02
   3.4213595e-02
   1.9048536e-02
   3.4287781e-02
   4.1752972e-02
   9.6092736e-03
   2.7622106e-02
   4.7787994e-02
   5.5042561e-02
   1.0595711e-02
   1.1994584e-02
   8.1253527e-03
   1.8315041e-02
   3.0509777e-02
   1.4328063e-02
   4.9134362e-02
   8.1313916e-02
   2.9032504e-02
   2.0750793e-02
   2.2975950e-02
   2.5774393e-02
   8.4815836e-03
   2.9732730e-02
   2.6275994e-02
   3.0988926e-02
   9.3671875e-03
   1.2118069e-02
   8.5049300e-03
   1.8528463e-02
   3.0169016e-02
   1.1343484e-02
   5.0376821e-02
   8.0190390e-02
   3.4313649e-02
   5.4747276e-02
   1.8217988e-02
   2.0471709e-02
   1.6547827e-02
   6.2566280e-02
   1.3315664e-02
   1.8039541e-02
   1.2638868e-02
   1.3565592e-02
   8.0808289e-03
   2.2350207e-02
   2.9531984e-02
   1.3514776e-02
   5.2831128e-02
   7.0305735e-02
   4.4924352e-02
   8.7795973e-02
   2.3452159e-02
   2.7363781e-02
   3.6642570e-02
   6.9479197e-02
   2.3186894e-02
   2.8982198e-02
   2.3441186e-02
   1.2623873e-02
   9.1529535e-03
   2.1843240e-02
   3.3733454e-02
   1.1750080e-02
   5.1124327e-02
   6.4638361e-02
   5.1601212e-02
   4.3270715e-02
   3.5762120e-02
   3.7623893e-02
   2.2026822e-02
   4.5211889e-02
   4.2381812e-02
   4.6315428e-02
   1.9875726e-02
   1.1930712e-02
   8.3079692e-03
   1.8938074e-02
   3.7417766e-02
   1.1897254e-02
   5.0110582e-02
   7.4081875e-02
   4.1040670e-02
   2.4718473e-02
   2.7437875e-02
   2.7727865e-02
   1.1755490e-02
   3.6293335e-02
   2.5881974e-02
   2.3612779e-02
   1.2661149e-02
   1.2543782e-02
   7.0877671e-03
   1.7387606e-02
   3.4085829e-02
   1.1418478e-02
   5.0385393e-02
   9.4018504e-02
   3.2771274e-02
   1.8023761e-02
   1.9366849e-02
   1.9737899e-02
   8.2136998e-03
   2.7513091e-02
   1.4686206e-02
   1.6649133e-02
   9.5920153e-03
   1.1522135e-02
   7.1481117e-03
   1.8049249e-02
   3.6448024e-02
   1.5675159e-02
   5.5963084e-02
   1.0372003e-01
   3.2063160e-02
   1.6643753e-02
   2.7600572e-02
   2.8353665e-02
   8.3225043e-03
   2.9544249e-02
   2.6030211e-02
   3.1465359e-02
   9.9987630e-03
   9.8372223e-03
   8.7644234e-03
   2.1424549e-02
   3.5004154e-02
   2.3971273e-02
   6.1091349e-02
   9.6161038e-02
   4.4155262e-02
   3.4468658e-02
   4.3101411e-02
   5.7300206e-02
   1.1205945e-02
   4.5548528e-02
   5.8401465e-02
   5.9298623e-02
   1.0213398e-02
   9.5510604e-03
   7.0949253e-03
   1.8306140e-02
   2.6431847e-02
   1.5618542e-02
   4.2963080e-02
   7.6659493e-02
   3.5071734e-02
   3.6994971e-02
   2.9988553e-02
   3.5490692e-02
   9.0267137e-03
   5.5627327e-02
   3.4798361e-02
   3.7263121e-02
   9.0352744e-03
   9.3220714e-03
   7.6048183e-03
   2.2057422e-02
   2.7293349e-02
   1.0434159e-02
   5.0247278e-02
   6.2112186e-02
   3.4456633e-02
   8.9187883e-02
   1.9130778e-02
   2.2469662e-02
   2.4370110e-02
   1.1054885e-01
   1.9330375e-02
   2.2117365e-02
   1.4133550e-02
   1.1065907e-02
   7.3322947e-03
   2.4487562e-02
   2.6802098e-02
   1.3089973e-02
   5.4382235e-02
   6.0047176e-02
   5.5258561e-02
   1.2907963e-01
   2.8876152e-02
   3.6317769e-02
   5.7762656e-02
   1.0917951e-01
   3.4387492e-02
   3.4320656e-02
   2.9672304e-02
   1.0895940e-02
   7.5872089e-03
   2.3538193e-02
   3.9157432e-02
   1.1003971e-02
   5.6623425e-02
   6.6914275e-02
   7.1353838e-02
   5.7652138e-02
   4.0739853e-02
   5.2428756e-02
   3.2476522e-02
   7.0988633e-02
   6.3700542e-02
   5.4042600e-02
   2.3927936e-02
   1.0801296e-02
   7.5784693e-03
   1.7514361e-02
   4.5349248e-02
   1.2224582e-02
   5.5996515e-02
   7.3303550e-02
   5.4704156e-02
   4.2793710e-02
   2.9819978e-02
   3.3746485e-02
   1.5772551e-02
   6.2496349e-02
   3.6012486e-02
   2.9269822e-02
   1.4713922e-02
   1.0724812e-02
   6.6211964e-03
   1.7908787e-02
   3.3373669e-02
   1.1561706e-02
   5.4151256e-02
   8.2653828e-02
   3.8644440e-02
   3.7003547e-02
   2.0128300e-02
   2.4617953e-02
   9.1722971e-03
   4.9680468e-02
   2.0473652e-02
   1.9256078e-02
   1.0529253e-02
   9.5528224e-03
   6.8430551e-03
   2.0967755e-02
   4.0063977e-02
   1.8898869e-02
   5.8955703e-02
   8.6666040e-02
   3.7086286e-02
   2.9082298e-02
   3.6234982e-02
   4.1732520e-02
   1.0173620e-02
   5.1071502e-02
   3.5522193e-02
   3.5349037e-02
   1.0417187e-02
   9.4403252e-03
   9.2181889e-03
   3.0526120e-02
   6.0497031e-02
   3.1438902e-02
   5.2774098e-02
   7.8621149e-02
   5.5962525e-02
   5.5449486e-02
   5.0202098e-02
   7.2656393e-02
   1.3425121e-02
   5.5015843e-02
   6.1942190e-02
   6.6687249e-02
   1.5730493e-02
   1.1458898e-02
   8.2318103e-03
   2.5408747e-02
   3.7740752e-02
   2.2516878e-02
   4.2189445e-02
   7.1297586e-02
   5.0745878e-02
   5.5715803e-02
   2.5931224e-02
   5.5457409e-02
   1.1498133e-02
   8.0359310e-02
   4.7476437e-02
   4.9629744e-02
   1.3798315e-02
   9.4443588e-03
   9.6728234e-03
   3.2076653e-02
   3.7626628e-02
   1.5187358e-02
   4.5700040e-02
   4.5305226e-02
   5.0379809e-02
   1.0596851e-01
   2.8020166e-02
   3.4589797e-02
   4.4305250e-02
   1.4175443e-01
   2.7881864e-02
   2.4955427e-02
   2.1277996e-02
   1.2063391e-02
   1.0387058e-02
   4.0000454e-02
   3.4432877e-02
   1.8424340e-02
   5.4097041e-02
   5.0713047e-02
   6.8724267e-02
   1.4150326e-01
   3.4567967e-02
   4.3317847e-02
   1.0324934e-01
   1.1645387e-01
   5.2327164e-02
   4.9783498e-02
   4.5960005e-02
   1.3041730e-02
   8.9357505e-03
   3.7554283e-02
   3.9331991e-02
   1.5168460e-02
   5.0881926e-02
   7.8863107e-02
   9.6577756e-02
   5.5352464e-02
   5.0118599e-02
   5.1387344e-02
   5.3971227e-02
   8.5078456e-02
   9.7162120e-02
   7.8255892e-02
   3.4433562e-02
   1.0209701e-02
   7.9548946e-03
   1.9669896e-02
   5.5285264e-02
   1.7662533e-02
   4.8100751e-02
   6.7357875e-02
   6.6309460e-02
   4.9143385e-02
   4.1689463e-02
   3.4671504e-02
   2.5646094e-02
   8.8186771e-02
   4.8899848e-02
   3.6648855e-02
   2.1490285e-02
   7.0820632e-03
   6.3549187e-03
   1.4323481e-02
   5.4567318e-02
   1.6746525e-02
   4.8329454e-02
   6.3185290e-02
   3.5084035e-02
   5.4283153e-02
   2.9945282e-02
   3.7793227e-02
   1.3433209e-02
   6.8719365e-02
   2.8176928e-02
   2.4868168e-02
   1.4922280e-02
   9.4357878e-03
   7.0193983e-03
   2.3470201e-02
   5.3632233e-02
   2.8711395e-02
   5.3046420e-02
   7.7849843e-02
   4.0956177e-02
   5.1014662e-02
   4.5960307e-02
   5.6588400e-02
   1.2011661e-02
   7.8773960e-02
   4.0217977e-02
   3.6189374e-02
   1.6679985e-02
