   3.5667822e-02
   3.2001559e-02
   3.7867967e-02
   1.1403736e-02
   6.6141799e-02
   9.4179377e-02
   6.5195821e-02
   1.0770192e-02
   7.1883917e-02
   1.2779416e-01
   9.1294341e-02
   8.7995557e-03
   3.6090799e-02
   1.1266156e-01
   8.9459315e-02
   7.6074046e-03
   6.3476883e-02
   3.3295635e-02
   2.1733958e-02
   1.1588694e-02
   8.2260795e-02
   5.5937048e-02
   3.2388955e-02
   9.0330569e-03
   4.0182427e-02
   5.2560665e-02
   4.0543202e-02
   7.6837228e-03
   3.0992081e-02
   4.7304362e-02
   4.1589100e-02
   5.5438103e-03
   1.0541134e-01
   7.2838962e-02
   1.4715956e-02
   1.1460766e-02
   4.5814164e-02
   3.8331762e-02
   1.5499297e-02
   8.7147793e-03
   3.6444828e-02
   1.2104845e-02
   1.2808093e-02
   7.0364275e-03
   2.9073058e-02
   1.0350483e-02
   1.3463219e-02
   5.6565427e-03
   6.5842718e-02
   8.1692144e-02
   2.3966141e-02
   1.2185103e-02
   3.6133103e-02
   2.9095091e-02
   2.3315305e-02
   9.6739000e-03
   3.6996152e-02
   1.3399965e-02
   1.8852379e-02
   8.6699426e-03
   3.2498196e-02
   1.0503506e-02
   2.2429777e-02
   6.4536324e-03
   4.2890646e-02
   4.9626008e-02
   4.3559030e-02
   1.5597588e-02
   4.3043781e-02
   3.2147549e-02
   4.0096145e-02
   1.2528989e-02
   4.4698074e-02
   1.7695324e-02
   3.1163014e-02
   1.1020699e-02
   4.1333191e-02
   1.5142079e-02
   2.8755989e-02
   8.4901648e-03
   3.5469525e-02
   3.0440209e-02
   2.4953146e-02
   1.2913465e-02
   3.5180449e-02
   2.5193904e-02
   2.5544154e-02
   9.8672360e-03
   3.9345037e-02
   1.4496617e-02
   1.7524997e-02
   8.2564577e-03
   5.7349943e-02
   1.8616779e-02
   1.5910063e-02
   5.6841117e-03
   3.1910129e-02
   2.4981314e-02
   1.5996238e-02
   1.1506769e-02
   3.0915031e-02
   2.0634085e-02
   1.6093353e-02
   8.6727235e-03
   4.5704767e-02
   1.4413163e-02
   1.3702309e-02
   6.8338253e-03
   1.0328534e-01
   1.5236586e-02
   1.2689021e-02
   4.7807875e-03
   3.2511700e-02
   2.7375266e-02
   2.3599295e-02
   1.1460002e-02
   3.5546996e-02
   4.6646766e-02
   3.3416003e-02
   9.2969676e-03
   8.3543941e-02
   5.4686915e-02
   3.9514728e-02
   6.8585244e-03
   6.7867719e-02
   4.5806549e-02
   3.7230264e-02
   5.2428995e-03
   4.4853818e-02
   3.7909377e-02
   3.8740017e-02
   7.4479342e-03
   1.0091901e-01
   1.4227551e-01
   8.8299952e-02
   9.9342521e-03
   1.0856447e-01
   1.8616033e-01
   1.2652098e-01
   1.0546437e-02
   4.1022986e-02
   1.3829947e-01
   1.1095835e-01
   1.0414938e-02
   9.8371178e-02
   4.9267896e-02
   2.3318019e-02
   7.1182894e-03
   1.3260967e-01
   8.6846359e-02
   4.3165352e-02
   6.3648405e-03
   4.4423148e-02
   7.8454994e-02
   5.6680277e-02
   6.7788642e-03
   3.2789733e-02
   5.8441781e-02
   5.2656725e-02
   5.9774853e-03
   1.6916883e-01
   1.0785425e-01
   1.5410468e-02
   6.5635242e-03
   6.8266064e-02
   5.2860819e-02
   2.1410096e-02
   5.5125435e-03
   3.7389547e-02
   1.4745113e-02
   1.6217325e-02
   4.9126549e-03
   3.1797137e-02
   1.0172966e-02
   1.7692193e-02
   4.5871735e-03
   1.0182291e-01
   1.0461962e-01
   2.6100803e-02
   8.6964434e-03
   4.5385115e-02
   3.6727656e-02
   3.1295720e-02
   6.4306143e-03
   4.3146469e-02
   1.3717816e-02
   2.5328869e-02
   6.1154813e-03
   3.7363876e-02
   1.1462628e-02
   3.2021448e-02
   5.7032411e-03
   5.3424262e-02
   6.7542888e-02
   4.9814954e-02
   1.3101369e-02
   5.1488433e-02
   4.2491328e-02
   5.9727572e-02
   1.0485716e-02
   5.2616104e-02
   2.1546273e-02
   5.2410807e-02
   8.9433687e-03
   5.0078638e-02
   1.8608287e-02
   4.5958284e-02
   7.7440748e-03
   4.2351749e-02
   3.9456610e-02
   2.7222997e-02
   9.0093855e-03
   3.9389793e-02
   2.9195277e-02
   3.6766384e-02
   6.8157734e-03
   4.8524678e-02
   1.6085219e-02
   2.6789824e-02
   5.5718021e-03
   8.6152777e-02
   2.2399960e-02
   2.1629449e-02
   4.6675983e-03
   3.5140958e-02
   2.9372349e-02
   1.6934535e-02
   7.8526298e-03
   3.2015406e-02
   2.5746278e-02
   2.3664430e-02
   5.5231573e-03
   6.4564481e-02
   1.9169642e-02
   2.4201136e-02
   4.4966438e-03
   1.6830744e-01
   1.8141795e-02
   1.8676935e-02
   3.9056775e-03
   3.6738031e-02
   2.9726556e-02
   2.4540376e-02
   6.9762375e-03
   3.9769873e-02
   7.0670113e-02
   4.6714664e-02
   7.4175685e-03
   1.3103838e-01
   8.0821358e-02
   6.0179558e-02
   5.7774894e-03
   1.0502042e-01
   5.9386227e-02
   4.8300046e-02
   5.4488857e-03
   7.6395117e-02
   4.0797263e-02
   3.8194478e-02
   5.2452623e-03
   1.6663849e-01
   2.2645253e-01
   1.5792926e-01
   1.6407574e-02
   1.6579174e-01
   3.8306388e-01
   2.7333027e-01
   1.9209454e-02
   6.3572474e-02
   2.9238343e-01
   2.1134265e-01
   2.1065766e-02
   1.6620691e-01
   4.6083830e-02
   2.6687801e-02
   4.1280319e-03
   2.2462355e-01
   1.3124150e-01
   7.1036384e-02
   7.8084883e-03
   7.3040091e-02
   1.6085050e-01
   1.0803224e-01
   9.3815187e-03
   5.1189035e-02
   1.2257752e-01
   9.5136806e-02
   1.0318272e-02
   2.8251243e-01
   6.2052544e-02
   2.0244638e-02
   4.2884201e-03
   1.1699019e-01
   6.4254299e-02
   2.9464321e-02
   4.3200669e-03
   6.0882080e-02
   1.9809719e-02
   1.5540726e-02
   4.0527792e-03
   5.6344967e-02
   1.4520168e-02
   1.8377321e-02
   4.9236403e-03
   1.5168992e-01
   6.3821055e-02
   3.0053660e-02
   7.4825971e-03
   6.4215489e-02
   4.5224559e-02
   4.1657981e-02
   6.9483044e-03
   6.4561233e-02
   1.6235977e-02
   3.2570839e-02
   5.8593759e-03
   6.2296823e-02
   1.3476158e-02
   4.1525107e-02
   6.0550319e-03
   7.4454471e-02
   9.8439664e-02
   5.3101901e-02
   1.5581608e-02
   6.2477589e-02
   6.6554867e-02
   8.3594345e-02
   1.3617929e-02
   7.3634803e-02
   3.0797157e-02
   7.6875575e-02
   1.1296281e-02
   7.6012909e-02
   2.6794644e-02
   7.0275955e-02
   9.9586854e-03
   6.7639023e-02
   4.7448386e-02
   3.0972652e-02
   8.5836835e-03
   5.7189647e-02
   4.2502493e-02
   4.7725685e-02
   7.7091591e-03
   6.8518832e-02
   1.9067066e-02
   3.2524727e-02
   6.0265749e-03
   1.3132459e-01
   2.6793998e-02
   3.0241607e-02
   4.7360663e-03
   6.0073193e-02
   3.8101379e-02
   1.9221095e-02
   6.2580742e-03
   5.0691646e-02
   3.6701586e-02
   3.5181992e-02
   4.9065487e-03
   9.2763864e-02
   2.3687553e-02
   3.2138005e-02
   3.2739125e-03
   2.3544535e-01
   2.5459841e-02
   2.6320888e-02
   3.6668996e-03
   5.9890494e-02
   3.5658523e-02
   2.5826249e-02
   4.9052141e-03
   6.4867057e-02
   1.1253215e-01
   8.3156519e-02
   9.5841298e-03
   1.9324768e-01
   1.5592805e-01
   1.2344285e-01
   7.9031531e-03
   1.5723614e-01
   1.2491716e-01
   9.0265676e-02
   8.3273947e-03
   8.8821188e-02
   3.3035349e-02
   6.1047822e-02
   7.9456614e-03
   2.0837092e-01
   9.5503606e-02
   8.5150845e-02
   1.2539309e-02
   1.9831884e-01
   9.6020043e-02
   6.3427255e-02
   6.7540938e-03
   8.6940743e-02
   2.0341487e-01
   1.4410825e-01
   2.2474643e-02
   1.4909878e-01
   2.9633868e-02
   4.4350810e-02
   4.8290621e-03
   2.3779973e-01
   7.5188398e-02
   4.4962563e-02
   7.2266664e-03
   8.3858222e-02
   4.1612495e-02
   2.9368710e-02
   5.6062904e-03
   7.2942048e-02
   9.1213599e-02
   6.5285616e-02
   1.1847121e-02
   1.7071155e-01
   2.9796470e-02
   2.7086258e-02
   4.1916324e-03
   1.0680075e-01
   4.1758090e-02
   3.1597085e-02
   4.9159825e-03
   7.2346322e-02
   1.7880412e-02
   9.3315598e-03
   4.5913314e-03
   8.7428249e-02
   1.9043598e-02
   1.6652819e-02
   4.8304787e-03
   7.8934990e-02
   5.9595071e-02
   3.9134812e-02
   1.1802484e-02
   5.8435854e-02
   6.4132832e-02
   5.8075529e-02
   1.0517988e-02
   5.7931889e-02
   2.3842359e-02
   3.8353708e-02
   8.4520066e-03
   7.4495606e-02
   1.9227518e-02
   5.2248973e-02
   9.1261463e-03
   8.2938239e-02
   1.4764154e-01
   6.6034421e-02
   2.6771752e-02
   7.6517068e-02
   1.0634427e-01
   1.0577010e-01
   2.3556452e-02
   8.0625504e-02
   4.8540935e-02
   9.9141322e-02
   1.8928712e-02
   8.6563282e-02
   4.1035987e-02
   9.7030185e-02
   1.7920332e-02
   7.5731881e-02
   5.9997290e-02
   3.9699282e-02
   1.3285790e-02
   5.7467002e-02
   6.2022895e-02
   5.9827812e-02
   1.3940282e-02
   6.3630283e-02
   2.5563551e-02
   4.1360151e-02
   9.1987830e-03
   8.7867647e-02
   2.8911702e-02
   4.3051060e-02
   7.5623034e-03
   9.4302207e-02
   3.5429109e-02
   3.0776447e-02
   6.5039038e-03
   6.7533240e-02
   4.2625669e-02
   2.7797384e-02
   5.2654142e-03
   1.0191677e-01
   1.7423224e-02
   1.0499343e-02
   3.3799442e-03
   1.5498146e-01
   1.9234914e-02
   1.9233631e-02
   5.0654234e-03
   7.9917476e-02
   4.3876681e-02
   3.9756440e-02
   5.3764787e-03
   8.6093858e-02
   6.7954622e-02
   5.6763336e-02
   7.7747423e-03
   2.0749392e-01
   4.8516925e-02
   2.8961033e-02
   4.5597847e-03
   1.5553768e-01
   8.3042458e-02
   5.9436951e-02
   8.7591335e-03
