   5.0440017e-02
   1.0923206e-01
   9.5174119e-02
   2.2772580e-02
   7.1364813e-02
   1.2517202e-01
   7.6188877e-02
   1.0421623e-02
   7.9785362e-02
   1.2712301e-01
   5.7434279e-02
   9.9228611e-03
   3.9270833e-02
   5.4747052e-02
   4.0885568e-02
   1.3195127e-02
   5.4733135e-02
   5.4050699e-02
   4.6498407e-02
   1.2557075e-02
   9.6702524e-02
   1.0740005e-01
   4.1096244e-02
   7.6397914e-03
   4.3535583e-02
   7.4838869e-02
   3.4196973e-02
   1.0974245e-02
   3.2677192e-02
   4.5987036e-02
   3.5765659e-02
   1.3393020e-02
   6.0401648e-02
   2.2775209e-02
   1.5456996e-02
   7.2476682e-03
   5.8026955e-02
   6.9078468e-02
   1.6731981e-02
   7.4942932e-03
   3.6160037e-02
   4.8373625e-02
   2.0134138e-02
   9.3452930e-03
   3.2685354e-02
   4.3582905e-02
   3.4196910e-02
   1.4045916e-02
   2.9883744e-02
   2.9578123e-02
   1.5445282e-02
   8.1882002e-03
   4.4835079e-02
   5.0713208e-02
   2.5214480e-02
   8.8086184e-03
   4.1216068e-02
   6.0671601e-02
   3.0348292e-02
   1.0930586e-02
   3.6872093e-02
   5.0589044e-02
   4.2711128e-02
   1.5885597e-02
   2.5209151e-02
   2.3730598e-02
   2.4131078e-02
   1.2581603e-02
   5.3387020e-02
   5.4737773e-02
   4.8490539e-02
   1.1939680e-02
   5.4826509e-02
   7.7487171e-02
   5.5849735e-02
   1.5430106e-02
   4.5063499e-02
   7.3072657e-02
   5.3082608e-02
   1.8304968e-02
   2.1882903e-02
   1.6444476e-02
   2.6460905e-02
   1.1950245e-02
   4.3043744e-02
   4.3129992e-02
   3.1045659e-02
   9.4304895e-03
   4.5464814e-02
   7.7810131e-02
   2.7248964e-02
   1.2307842e-02
   6.3731074e-02
   1.3401140e-01
   3.5749972e-02
   1.4113321e-02
   2.1540087e-02
   1.5898408e-02
   1.9268891e-02
   1.1093958e-02
   3.7686538e-02
   3.6696065e-02
   1.6804690e-02
   7.5652129e-03
   4.9221616e-02
   9.5344916e-02
   1.5768081e-02
   1.0149288e-02
   1.0108009e-01
   1.0696888e-01
   2.7651355e-02
   1.2951267e-02
   3.0987456e-02
   4.7178645e-02
   4.3341942e-02
   1.3908388e-02
   4.2070992e-02
   6.2771715e-02
   3.3132013e-02
   8.9909118e-03
   8.6389340e-02
   1.0817794e-01
   2.7803052e-02
   9.5523782e-03
   6.6215090e-02
   5.8479004e-02
   3.2529946e-02
   1.3048823e-02
   6.2478963e-02
   1.3931678e-01
   1.1738561e-01
   3.3601534e-02
   1.0641451e-01
   1.7546928e-01
   1.1472094e-01
   1.3217163e-02
   1.2385457e-01
   1.5630847e-01
   7.4963018e-02
   6.3185948e-03
   4.9434528e-02
   5.7969864e-02
   4.2904079e-02
   8.7054344e-03
   8.5234731e-02
   7.0678160e-02
   5.8267497e-02
   1.6972747e-02
   1.5840986e-01
   1.4476636e-01
   5.9566423e-02
   7.6535116e-03
   5.2975576e-02
   8.8935532e-02
   4.3192703e-02
   7.0240069e-03
   3.8087614e-02
   4.8616443e-02
   4.0973205e-02
   9.4588278e-03
   9.8934889e-02
   3.2889985e-02
   2.0526981e-02
   7.2399308e-03
   9.2093974e-02
   9.0649366e-02
   1.7852511e-02
   5.5845203e-03
   4.2878982e-02
   5.2896276e-02
   1.9214027e-02
   6.7507178e-03
   3.7480738e-02
   4.9908757e-02
   4.1468292e-02
   1.1120627e-02
   4.2531453e-02
   4.6621945e-02
   2.2669064e-02
   9.0599088e-03
   6.0255196e-02
   5.9980318e-02
   2.8998608e-02
   6.6758110e-03
   5.3744849e-02
   6.8039343e-02
   3.7971027e-02
   8.7115197e-03
   4.3434102e-02
   5.5181686e-02
   5.1465005e-02
   1.2461404e-02
   2.8098101e-02
   3.6079708e-02
   3.8628548e-02
   1.5876742e-02
   6.9395095e-02
   5.3921338e-02
   6.3574173e-02
   1.0631476e-02
   7.3124036e-02
   7.5742640e-02
   7.6177329e-02
   1.2964815e-02
   5.8997251e-02
   6.9297902e-02
   6.6474125e-02
   1.5201173e-02
   2.3167465e-02
   2.2421103e-02
   4.7339566e-02
   1.6480565e-02
   5.2931223e-02
   4.8157819e-02
   4.0566023e-02
   7.0432918e-03
   6.2273342e-02
   7.6318771e-02
   3.3971038e-02
   9.3294410e-03
   9.9271223e-02
   1.1478244e-01
   4.2631317e-02
   9.8719280e-03
   2.2488685e-02
   2.1017889e-02
   3.0663071e-02
   1.4454066e-02
   4.1520540e-02
   4.0316463e-02
   1.9172521e-02
   6.4100069e-03
   7.5044304e-02
   1.1547261e-01
   1.5199658e-02
   7.3797391e-03
   1.6657332e-01
   1.0799982e-01
   2.9196396e-02
   8.5690450e-03
   3.4940623e-02
   5.8058809e-02
   5.4563142e-02
   1.8502792e-02
   4.5620888e-02
   7.7949591e-02
   4.6305623e-02
   8.3972430e-03
   1.3569781e-01
   1.3596827e-01
   3.2291565e-02
   6.7128316e-03
   1.0533264e-01
   6.2079366e-02
   3.2697607e-02
   8.4785847e-03
   9.8919705e-02
   1.8154131e-01
   1.5967363e-01
   5.2016307e-02
   1.6023035e-01
   1.2155159e-01
   6.4035229e-02
   1.0101235e-02
   1.8820117e-01
   8.7922513e-02
   1.7458921e-02
   5.2844384e-03
   8.5563757e-02
   6.2255248e-02
   5.9318390e-02
   7.9881325e-03
   1.3881353e-01
   8.6326875e-02
   7.7896319e-02
   2.5859430e-02
   2.3005255e-01
   1.1649802e-01
   3.2554224e-02
   5.9142206e-03
   8.4298283e-02
   5.2892432e-02
   1.7888190e-02
   6.0687177e-03
   5.6300264e-02
   6.1775576e-02
   5.5519868e-02
   6.7841695e-03
   1.6560082e-01
   4.1279700e-02
   2.8450971e-02
   1.1238847e-02
   1.3443160e-01
   8.5973911e-02
   1.5248903e-02
   4.9070381e-03
   7.0773877e-02
   5.1316537e-02
   1.6042875e-02
   5.4680943e-03
   6.0368728e-02
   5.6191087e-02
   5.8074698e-02
   1.0390740e-02
   6.9291130e-02
   6.2028535e-02
   2.7729224e-02
   1.4213391e-02
   8.7211758e-02
   5.8389306e-02
   3.7521280e-02
   8.0689285e-03
   8.2502000e-02
   6.3043140e-02
   4.9501505e-02
   7.8131035e-03
   6.7593209e-02
   5.7991587e-02
   6.9669761e-02
   1.2819358e-02
   4.5372963e-02
   4.7452267e-02
   5.4299887e-02
   2.7648620e-02
   8.3019324e-02
   5.6473725e-02
   8.5588977e-02
   1.4504595e-02
   8.4920689e-02
   8.2919948e-02
   9.7280547e-02
   1.3832142e-02
   8.3552524e-02
   6.8870522e-02
   9.3603924e-02
   1.8156571e-02
   3.4761492e-02
   2.5599703e-02
   7.3311083e-02
   2.5778139e-02
   7.4287824e-02
   4.1054085e-02
   5.2344233e-02
   8.3695520e-03
   8.9374557e-02
   5.5236574e-02
   4.2062297e-02
   7.7707847e-03
   1.2805475e-01
   7.6049469e-02
   6.1259847e-02
   9.8500792e-03
   3.4590296e-02
   2.4403501e-02
   4.5003172e-02
   2.2288285e-02
   6.6422023e-02
   4.3335993e-02
   2.1314826e-02
   5.5714841e-03
   1.2099302e-01
   7.9146974e-02
   1.4096058e-02
   4.8676650e-03
   2.6574525e-01
   6.4988963e-02
   3.6116119e-02
   7.1984576e-03
   5.8652960e-02
   6.9654137e-02
   6.8182565e-02
   2.7046626e-02
   7.4299365e-02
   5.8324262e-02
   3.3750415e-02
   6.6023804e-03
   2.1651146e-01
   1.0612287e-01
   1.5958706e-02
   4.7965795e-03
   1.7689869e-01
   5.3025607e-02
   4.3140355e-02
   7.9990299e-03
   1.0736440e-01
   1.2387764e-01
   1.2936115e-01
   5.3971041e-02
   1.4871439e-01
   9.2062056e-02
   5.6614235e-02
   9.4086584e-03
   1.7402515e-01
   4.5609172e-02
   2.1658007e-02
   4.4699651e-03
   8.9924097e-02
   7.3420547e-02
   8.5194260e-02
   8.8959783e-03
   1.2535153e-01
   5.6297429e-02
   7.3901162e-02
   3.3030789e-02
   2.0756699e-01
   6.8642937e-02
   2.9334258e-02
   7.7129961e-03
   8.4203005e-02
   3.1704199e-02
   2.0545501e-02
   4.4420781e-03
   6.7190640e-02
   7.5956926e-02
   7.0650309e-02
   5.9436555e-03
   1.4689168e-01
   4.6021298e-02
   3.0290851e-02
   1.9639201e-02
   1.1429144e-01
   6.8288580e-02
   1.6086411e-02
   6.4772787e-03
   8.6954996e-02
   3.3990618e-02
   1.8635420e-02
   5.0570243e-03
   7.5414419e-02
   5.4591440e-02
   9.4139785e-02
   8.1320293e-03
   8.1768185e-02
   6.8471059e-02
   2.8574610e-02
   2.4209129e-02
   8.9528948e-02
   5.6692682e-02
   4.4399638e-02
   1.1882251e-02
   8.2804084e-02
   3.9183851e-02
   6.4481944e-02
   1.0530298e-02
   5.8401458e-02
   4.0155683e-02
   9.4859429e-02
   1.7015541e-02
   7.5169586e-02
   5.5447713e-02
   7.2429173e-02
   4.9186196e-02
   8.8507615e-02
   5.2886203e-02
   1.0277859e-01
   2.2617921e-02
   1.0815969e-01
   6.4010829e-02
   1.2682131e-01
   2.0225635e-02
   8.3050840e-02
   7.2215013e-02
   1.1691351e-01
   2.6106978e-02
   5.0471082e-02
   2.5384795e-02
   9.6201308e-02
   3.5686690e-02
   8.0291420e-02
   3.2883447e-02
   6.2691435e-02
   1.2330249e-02
   7.9802468e-02
   3.4718812e-02
   5.3734258e-02
   1.0662007e-02
   7.7196471e-02
   8.4051140e-02
   7.2285362e-02
   1.2352825e-02
   5.2061003e-02
   2.0152811e-02
   5.5454757e-02
   3.6042139e-02
   9.1233611e-02
   3.8331132e-02
   2.4931371e-02
   8.0884220e-03
   1.0138058e-01
   3.8651794e-02
   1.8244589e-02
   3.6587056e-03
   1.5041931e-01
   6.0833029e-02
   4.2498458e-02
   7.4016135e-03
   7.0372246e-02
   5.5997238e-02
   6.3686423e-02
   3.4794252e-02
   9.0010732e-02
   5.1867496e-02
   3.5739712e-02
   8.1784688e-03
   1.9800781e-01
   5.8496527e-02
   1.9567091e-02
   3.4051437e-03
   1.3268247e-01
   4.6671342e-02
   5.9489917e-02
   9.6071139e-03
