   3.9397012e-02
   4.5629721e-02
   3.9917164e-02
   1.9239929e-02
   6.0173746e-02
   1.2752245e-01
   9.7043291e-02
   1.5473993e-02
   9.5004730e-02
   1.0651526e-01
   8.6346008e-02
   1.4649445e-02
   9.8103434e-02
   7.4440978e-02
   1.4237569e-01
   5.2571747e-02
   6.0642269e-02
   5.2039910e-02
   2.6990322e-02
   1.9597238e-02
   8.3003111e-02
   9.3940496e-02
   4.3731045e-02
   1.3144531e-02
   5.0298717e-02
   4.9619641e-02
   4.2312868e-02
   1.2588711e-02
   4.4408068e-02
   3.5697415e-02
   6.2985815e-02
   3.7313692e-02
   1.0432973e-01
   1.0789134e-01
   2.2869008e-02
   2.0062113e-02
   5.5128567e-02
   7.1550563e-02
   2.1265471e-02
   1.3466883e-02
   3.1396616e-02
   1.9130679e-02
   1.8184567e-02
   1.2360496e-02
   1.7025055e-02
   1.3521150e-02
   1.6384453e-02
   3.8476694e-02
   6.5497711e-02
   1.5703040e-01
   3.1286098e-02
   3.1922951e-02
   4.5797545e-02
   5.7317715e-02
   2.7149318e-02
   2.0535734e-02
   3.3087775e-02
   2.1179987e-02
   2.1072354e-02
   2.2425773e-02
   1.6781511e-02
   1.5053927e-02
   1.9363943e-02
   2.6432725e-02
   4.2140331e-02
   8.6628422e-02
   4.8899986e-02
   4.2070407e-02
   5.0546180e-02
   5.2799623e-02
   4.1240096e-02
   3.2550063e-02
   4.1161723e-02
   2.6931683e-02
   2.8973462e-02
   3.7153218e-02
   1.6879618e-02
   1.8608768e-02
   1.9160645e-02
   2.9287154e-02
   3.7024666e-02
   4.7057010e-02
   3.1038083e-02
   2.3576679e-02
   4.3697130e-02
   4.2834435e-02
   2.5573527e-02
   1.8602507e-02
   3.6544956e-02
   2.2490276e-02
   1.9232668e-02
   1.8491061e-02
   2.2244046e-02
   2.9336512e-02
   1.4342343e-02
   2.0222677e-02
   3.6383916e-02
   4.1743267e-02
   2.2736119e-02
   1.9186104e-02
   3.8176309e-02
   3.7405968e-02
   2.1692270e-02
   1.2450580e-02
   3.4029339e-02
   2.0225737e-02
   1.5515922e-02
   1.1542883e-02
   3.4303956e-02
   2.8887326e-02
   1.4127349e-02
   1.7292537e-02
   3.7644532e-02
   4.2648900e-02
   2.8797967e-02
   1.8293139e-02
   3.8235918e-02
   6.8203427e-02
   4.8852660e-02
   1.3831818e-02
   6.1797369e-02
   5.0673243e-02
   3.9690174e-02
   1.2457522e-02
   5.6061950e-02
   3.7361942e-02
   5.7027645e-02
   2.8382715e-02
   3.9546695e-02
   4.3261975e-02
   3.9387614e-02
   1.0786989e-02
   8.6676322e-02
   2.2269094e-01
   1.8604682e-01
   1.5223252e-02
   1.2420705e-01
   1.5800966e-01
   1.2866224e-01
   1.3573837e-02
   1.3935930e-01
   1.0427343e-01
   1.8520948e-01
   6.0252380e-02
   8.9455754e-02
   5.5068657e-02
   2.7548209e-02
   1.0420986e-02
   1.3348003e-01
   1.5682317e-01
   7.2623298e-02
   9.5249154e-03
   5.7153270e-02
   6.9855221e-02
   5.7317439e-02
   1.0410099e-02
   6.1909363e-02
   4.9706224e-02
   8.3990619e-02
   4.4691175e-02
   1.6426823e-01
   1.0703992e-01
   2.0976825e-02
   1.4258065e-02
   8.0271527e-02
   1.0957088e-01
   2.4504377e-02
   8.0679180e-03
   3.3168282e-02
   2.5382550e-02
   2.3177356e-02
   9.1450028e-03
   1.7216146e-02
   1.6656870e-02
   1.8742213e-02
   4.7850754e-02
   9.5647432e-02
   1.3471313e-01
   3.0125860e-02
   3.4119543e-02
   5.3250767e-02
   6.8876125e-02
   2.8717391e-02
   2.1402547e-02
   3.5792567e-02
   2.6000027e-02
   3.0086499e-02
   2.3888908e-02
   1.6570155e-02
   1.9166853e-02
   2.3354921e-02
   3.0621659e-02
   4.9471218e-02
   9.1463380e-02
   5.2204676e-02
   5.0863903e-02
   5.8303345e-02
   6.1522815e-02
   5.7492245e-02
   4.1335005e-02
   4.7511481e-02
   2.8633954e-02
   4.3325938e-02
   4.3381229e-02
   1.7235328e-02
   2.5684936e-02
   2.3120366e-02
   2.7834572e-02
   3.8763613e-02
   5.2896917e-02
   3.4084074e-02
   2.1842275e-02
   4.7432240e-02
   5.0697163e-02
   3.0103765e-02
   1.8916477e-02
   4.3108575e-02
   2.7038867e-02
   2.7081855e-02
   1.8891569e-02
   2.7964316e-02
   4.5106508e-02
   1.4970644e-02
   1.8479524e-02
   3.4028109e-02
   4.2136636e-02
   2.2627069e-02
   1.2091042e-02
   3.6994141e-02
   4.9440335e-02
   2.8766735e-02
   8.2376571e-03
   3.8531031e-02
   2.4916427e-02
   2.0840857e-02
   8.6746728e-03
   4.4101622e-02
   4.5102652e-02
   1.7060351e-02
   1.7403571e-02
   3.3542145e-02
   3.9570067e-02
   2.9341726e-02
   1.0816328e-02
   4.1329663e-02
   1.1593460e-01
   9.0228468e-02
   9.8489113e-03
   7.6067440e-02
   7.0497319e-02
   5.9655197e-02
   9.3018226e-03
   7.4215569e-02
   5.2054834e-02
   7.4274711e-02
   3.3663534e-02
   6.4455949e-02
   4.1989956e-02
   5.6050744e-02
   9.2105819e-03
   1.3773471e-01
   1.4316130e-01
   1.0948658e-01
   1.0521666e-02
   1.8256620e-01
   1.5446651e-01
   1.2110521e-01
   1.3060705e-02
   2.1238731e-01
   1.7433268e-01
   2.1178080e-01
   1.0366143e-01
   1.5016922e-01
   4.3522924e-02
   3.9386772e-02
   8.1674894e-03
   2.2092071e-01
   1.3180061e-01
   4.2870063e-02
   6.5395948e-03
   8.2740866e-02
   6.6345483e-02
   5.8651593e-02
   1.0187997e-02
   9.4881512e-02
   8.1600875e-02
   9.6023433e-02
   7.5761735e-02
   2.7037457e-01
   5.1724501e-02
   2.4098272e-02
   1.1979821e-02
   1.4394619e-01
   9.3362547e-02
   1.5050381e-02
   7.4609830e-03
   4.7799263e-02
   2.2420140e-02
   3.0422173e-02
   1.1366290e-02
   2.5591262e-02
   2.4352631e-02
   2.5449993e-02
   7.7527210e-02
   1.4039139e-01
   7.4022964e-02
   4.0012065e-02
   3.5657335e-02
   8.1559703e-02
   5.4211222e-02
   3.6978044e-02
   2.8358797e-02
   5.1922608e-02
   2.4699003e-02
   4.4393279e-02
   3.1104483e-02
   2.2999378e-02
   2.5084229e-02
   3.3778731e-02
   3.8860876e-02
   6.2683389e-02
   1.0843971e-01
   6.3960820e-02
   6.4558312e-02
   7.4913956e-02
   6.8955041e-02
   7.8850381e-02
   6.2492147e-02
   5.1798124e-02
   2.9912259e-02
   6.3862301e-02
   5.9000753e-02
   2.4296986e-02
   3.3171058e-02
   3.5036854e-02
   2.8738787e-02
   5.3638510e-02
   5.4452807e-02
   3.8952611e-02
   2.7238553e-02
   7.0377909e-02
   5.2603517e-02
   3.7320327e-02
   2.5489300e-02
   5.9272513e-02
   2.9409224e-02
   4.1965693e-02
   2.5084004e-02
   3.9567236e-02
   6.0495287e-02
   2.0738881e-02
   2.1089211e-02
   5.2806865e-02
   4.4658158e-02
   2.9271292e-02
   1.0300543e-02
   5.6759078e-02
   5.8930453e-02
   1.5729319e-02
   7.3131118e-03
   5.5697460e-02
   2.4535192e-02
   2.5417488e-02
   9.4232084e-03
   5.1303443e-02
   6.0589161e-02
   2.2155058e-02
   2.6566554e-02
   4.9602833e-02
   4.6340998e-02
   4.0465765e-02
   7.7150315e-03
   6.8166845e-02
   8.4742032e-02
   5.4054298e-02
   7.5765722e-03
   1.0426868e-01
   6.6399433e-02
   5.6329478e-02
   8.5623609e-03
   9.6373148e-02
   8.3461940e-02
   8.1013627e-02
   5.5086918e-02
   8.9382745e-02
   4.1930556e-02
   8.3536454e-02
   9.3909288e-03
   1.6161896e-01
   4.0700499e-02
   4.7820430e-02
   7.5519672e-03
   2.4200498e-01
   1.5274256e-01
   9.8202869e-02
   1.5650455e-02
   2.3757912e-01
   2.7324402e-01
   2.9525080e-01
   2.0389846e-01
   1.4495915e-01
   3.3282660e-02
   4.9964286e-02
   7.9383152e-03
   2.2493291e-01
   6.2271245e-02
   2.4975825e-02
   6.4508445e-03
   1.0618020e-01
   6.7398138e-02
   5.7894871e-02
   1.5514622e-02
   1.0188049e-01
   1.1861201e-01
   1.2446157e-01
   1.3345809e-01
   1.6847545e-01
   2.6676727e-02
   2.7652372e-02
   1.0161197e-02
   1.2992233e-01
   4.4909835e-02
   1.9192668e-02
   8.1927488e-03
   6.4258419e-02
   1.6203210e-02
   4.0162507e-02
   2.0827252e-02
   3.0928887e-02
   3.4448244e-02
   3.4343045e-02
   1.2101270e-01
   8.7865479e-02
   6.5834798e-02
   4.6762630e-02
   4.2366207e-02
   8.2047872e-02
   4.0566519e-02
   5.0327521e-02
   4.4904556e-02
   6.5987907e-02
   2.2902189e-02
   5.7767220e-02
   4.3710887e-02
   2.8276645e-02
   3.8848661e-02
   5.3243391e-02
   5.1665548e-02
   8.3025202e-02
   1.2272964e-01
   6.4946488e-02
   9.8013833e-02
   1.0546042e-01
   6.6380478e-02
   1.0039846e-01
   1.0249478e-01
   6.2643990e-02
   3.1217562e-02
   8.0178820e-02
   8.9245789e-02
   2.6824014e-02
   4.1956965e-02
   5.4218642e-02
   4.5135546e-02
   6.5347604e-02
   5.4519359e-02
   5.2965757e-02
   3.9865494e-02
   8.4619887e-02
   4.3262679e-02
   5.1663082e-02
   3.8442697e-02
   7.9947107e-02
   3.2761123e-02
   5.2578386e-02
   3.8806338e-02
   4.2510942e-02
   8.1710435e-02
   2.8699331e-02
   2.5485232e-02
   7.4509792e-02
   3.1458810e-02
   5.1245082e-02
   1.3618249e-02
   8.1293702e-02
   4.5587178e-02
   1.8377902e-02
   8.3162859e-03
   7.4430443e-02
   2.3313452e-02
   3.4697723e-02
   1.2982279e-02
   5.6402024e-02
   8.2139179e-02
   2.8356044e-02
   3.7439514e-02
   6.2766671e-02
   4.0417496e-02
   6.2700361e-02
   8.5676871e-03
   7.9310797e-02
   4.3679114e-02
   3.2289520e-02
   7.6693757e-03
   1.3078448e-01
   5.7960369e-02
   5.4140721e-02
   1.2478365e-02
   1.1385088e-01
   1.2715916e-01
   1.1095802e-01
   9.9062614e-02
