   3.6730208e-02
   3.5493240e-02
   4.5994986e-02
   1.4694104e-02
   6.4169951e-02
   6.0684536e-02
   3.1588912e-02
   1.0768371e-02
   8.6805515e-02
   1.3088000e-01
   6.7688785e-02
   1.1366230e-02
   3.7417401e-02
   1.4549491e-01
   7.3000714e-02
   1.0392911e-02
   6.1284292e-02
   3.2381099e-02
   3.4998376e-02
   1.4628550e-02
   9.2797004e-02
   5.3638827e-02
   1.8513234e-02
   1.0390566e-02
   4.8222877e-02
   5.2984681e-02
   3.1704258e-02
   1.0119777e-02
   3.3030346e-02
   5.4947410e-02
   3.3169836e-02
   9.0091247e-03
   1.2323612e-01
   5.5250384e-02
   2.9108496e-02
   1.4586658e-02
   6.3229829e-02
   5.0421011e-02
   1.2149199e-02
   1.1102797e-02
   3.8117073e-02
   1.2504398e-02
   1.4135878e-02
   9.9741844e-03
   3.2862157e-02
   9.7298352e-03
   1.2485808e-02
   9.4435969e-03
   8.5426293e-02
   6.7071520e-02
   3.5342135e-02
   1.5745994e-02
   4.4730563e-02
   4.4112720e-02
   2.1952873e-02
   1.2200552e-02
   4.3492693e-02
   1.3500297e-02
   2.0736625e-02
   1.0891282e-02
   3.6770172e-02
   8.6245034e-03
   1.7765805e-02
   1.0198191e-02
   4.3023352e-02
   4.1292064e-02
   4.9100809e-02
   1.8265774e-02
   5.0388835e-02
   5.3632349e-02
   4.2681295e-02
   1.4759399e-02
   5.6010984e-02
   1.6213475e-02
   3.3607256e-02
   1.3483016e-02
   4.8720405e-02
   9.6117295e-03
   2.6616838e-02
   1.2170042e-02
   3.2871492e-02
   2.6838226e-02
   3.8029362e-02
   1.6205860e-02
   4.1482694e-02
   3.5433598e-02
   2.4257431e-02
   1.1840008e-02
   4.6491649e-02
   1.4377324e-02
   1.9012308e-02
   1.0801729e-02
   6.6217773e-02
   9.5364572e-03
   1.4772005e-02
   9.6065253e-03
   3.0775011e-02
   2.4630500e-02
   3.2286044e-02
   1.5567035e-02
   3.5247143e-02
   2.5917962e-02
   1.2257588e-02
   1.0847769e-02
   4.6698973e-02
   1.3165699e-02
   1.5058363e-02
   9.1601452e-03
   1.0856317e-01
   1.0559494e-02
   1.2999597e-02
   8.6848782e-03
   3.2503031e-02
   2.7613411e-02
   3.7790332e-02
   1.4233721e-02
   3.7878513e-02
   3.5947688e-02
   1.8865213e-02
   1.1398088e-02
   8.3865032e-02
   5.5490270e-02
   3.2721814e-02
   9.0633947e-03
   7.4100398e-02
   5.9804745e-02
   3.3401653e-02
   8.9987079e-03
   4.3618482e-02
   3.8015101e-02
   4.3398667e-02
   1.0347282e-02
   9.6863382e-02
   6.7479677e-02
   3.0308889e-02
   7.4459980e-03
   1.3218443e-01
   1.9692557e-01
   1.0407406e-01
   1.1807345e-02
   4.4983853e-02
   1.8549360e-01
   1.0217555e-01
   1.1459854e-02
   9.3538605e-02
   3.8388979e-02
   3.3781797e-02
   9.6808765e-03
   1.5178652e-01
   7.2575539e-02
   1.9641828e-02
   6.5588118e-03
   5.9027366e-02
   7.9937480e-02
   4.6996467e-02
   8.1475805e-03
   3.7326399e-02
   6.9466412e-02
   4.3101721e-02
   7.4922107e-03
   2.0945457e-01
   7.2453819e-02
   2.9140243e-02
   9.8627303e-03
   1.0287716e-01
   7.1228661e-02
   1.3482464e-02
   6.5497416e-03
   4.2068079e-02
   1.4518158e-02
   1.8042561e-02
   6.7282645e-03
   3.6064371e-02
   8.1691025e-03
   1.3742141e-02
   6.9125607e-03
   1.3965802e-01
   7.8990862e-02
   3.6382794e-02
   1.1050072e-02
   6.2414404e-02
   5.1934168e-02
   2.5915153e-02
   8.7514063e-03
   5.0587595e-02
   1.4676170e-02
   2.9236142e-02
   7.7608489e-03
   4.4446684e-02
   6.9474140e-03
   2.1523686e-02
   7.6477067e-03
   5.4801170e-02
   4.9890283e-02
   5.2832738e-02
   1.3876484e-02
   6.0698260e-02
   6.0666416e-02
   5.4464359e-02
   1.2801932e-02
   6.9825187e-02
   1.8538907e-02
   5.8864996e-02
   1.1119086e-02
   6.1648928e-02
   8.4363474e-03
   4.3584172e-02
   9.9786688e-03
   3.9463941e-02
   3.3526167e-02
   3.8188577e-02
   1.1602563e-02
   5.0625529e-02
   4.2460367e-02
   3.0596167e-02
   8.4172217e-03
   5.9868824e-02
   1.6262477e-02
   2.9033732e-02
   7.3085739e-03
   9.6561737e-02
   8.1327725e-03
   2.0488953e-02
   6.7656669e-03
   3.7259445e-02
   2.9663118e-02
   2.7152061e-02
   1.1466289e-02
   4.0297288e-02
   3.5168067e-02
   1.1825779e-02
   6.9249463e-03
   6.5396778e-02
   1.7116435e-02
   2.6678044e-02
   5.5568097e-03
   1.7429589e-01
   9.9859638e-03
   2.0035340e-02
   5.6489874e-03
   3.5655282e-02
   3.0967794e-02
   3.4196209e-02
   1.0027606e-02
   4.7459848e-02
   4.3635968e-02
   1.8992381e-02
   8.1898347e-03
   1.3346772e-01
   8.4345274e-02
   5.3870056e-02
   6.8815090e-03
   1.1648186e-01
   8.0010578e-02
   5.0758194e-02
   6.9086677e-03
   6.4363241e-02
   4.6146572e-02
   5.2866548e-02
   1.1055485e-02
   1.5360735e-01
   7.6732472e-02
   4.3809794e-02
   6.2451563e-03
   1.9999917e-01
   3.7185937e-01
   2.0764966e-01
   1.8802565e-02
   7.4234314e-02
   3.9218420e-01
   2.1591355e-01
   2.1768743e-02
   1.5378387e-01
   4.1523933e-02
   4.0903233e-02
   1.0198025e-02
   2.4787600e-01
   7.8111149e-02
   2.6982432e-02
   4.3022484e-03
   9.8999836e-02
   1.5120977e-01
   8.1245735e-02
   9.0319188e-03
   5.8663107e-02
   1.4488561e-01
   8.5825242e-02
   1.0210365e-02
   3.0588558e-01
   4.7972377e-02
   3.1740353e-02
   8.6942958e-03
   1.7731239e-01
   6.4025313e-02
   1.9096762e-02
   4.8661516e-03
   6.5756150e-02
   2.1647375e-02
   1.6874043e-02
   5.6058066e-03
   5.5913232e-02
   1.1116589e-02
   1.1636280e-02
   6.1210487e-03
   1.6707085e-01
   5.5822022e-02
   4.0352933e-02
   1.0539529e-02
   8.9722700e-02
   4.8054475e-02
   3.0038223e-02
   8.3784703e-03
   7.6742008e-02
   2.0674964e-02
   3.6803938e-02
   7.2409096e-03
   7.0101470e-02
   7.4514421e-03
   2.6767282e-02
   7.3370892e-03
   7.1527459e-02
   6.3711792e-02
   4.8084557e-02
   1.4767523e-02
   7.8277409e-02
   7.4835442e-02
   6.3697994e-02
   1.4244759e-02
   9.3947969e-02
   2.8585605e-02
   8.0342710e-02
   1.2686079e-02
   9.5604561e-02
   1.2825304e-02
   6.4549685e-02
   1.1114271e-02
   5.5636857e-02
   4.3224152e-02
   3.9502162e-02
   1.1242284e-02
   7.5246885e-02
   4.9004592e-02
   3.6049303e-02
   7.7412683e-03
   8.1171453e-02
   2.1512050e-02
   3.4895588e-02
   7.2322120e-03
   1.2855060e-01
   8.8927485e-03
   2.5641901e-02
   6.3713421e-03
   6.0927499e-02
   3.8835008e-02
   2.9215503e-02
   1.1974180e-02
   6.5573692e-02
   4.6752434e-02
   1.6033288e-02
   5.5877254e-03
   9.3545631e-02
   2.3724381e-02
   3.1806175e-02
   4.3833321e-03
   2.3754092e-01
   1.5556621e-02
   2.6139015e-02
   4.8016962e-03
   5.7240639e-02
   4.1477587e-02
   4.0979583e-02
   9.9280365e-03
   7.7754200e-02
   5.1660854e-02
   2.7868226e-02
   6.2046642e-03
   1.8765613e-01
   1.5183808e-01
   9.9961765e-02
   8.4318575e-03
   1.7665103e-01
   1.6952428e-01
   1.0269579e-01
   9.3312114e-03
   7.6285459e-02
   4.5292672e-02
   7.9099461e-02
   1.6323231e-02
   1.5973650e-01
   5.1966839e-02
   5.1977538e-02
   7.2464594e-03
   1.9026835e-01
   7.3735707e-02
   3.9694402e-02
   6.9065704e-03
   8.9857973e-02
   1.0295168e-01
   5.8394052e-02
   1.4886888e-02
   1.1487500e-01
   4.4703178e-02
   6.6259973e-02
   1.6323170e-02
   1.9649014e-01
   6.2672459e-02
   3.3083469e-02
   4.8205797e-03
   9.0711765e-02
   4.8341706e-02
   1.9298833e-02
   5.9036831e-03
   7.4379809e-02
   4.5111869e-02
   2.4980702e-02
   8.4586218e-03
   1.4573799e-01
   5.3473789e-02
   3.5693239e-02
   1.0770600e-02
   1.2475304e-01
   4.8130471e-02
   2.9223455e-02
   4.1955290e-03
   7.9972312e-02
   2.5507275e-02
   1.4922814e-02
   4.8798076e-03
   6.5707058e-02
   1.1241697e-02
   8.0323834e-03
   5.1903524e-03
   8.0059715e-02
   8.1188470e-02
   4.4887364e-02
   1.4725753e-02
   7.5877339e-02
   6.6181771e-02
   3.8049791e-02
   1.1439166e-02
   7.6484002e-02
   3.1332504e-02
   4.4207934e-02
   9.3288478e-03
   6.6090137e-02
   1.2553318e-02
   3.5390116e-02
   9.5685767e-03
   6.9173321e-02
   9.5918715e-02
   5.7768967e-02
   2.7721955e-02
   9.7099833e-02
   1.3314913e-01
   8.7387711e-02
   2.2864316e-02
   1.0899431e-01
   4.4939671e-02
   1.0137821e-01
   1.8457582e-02
   9.4722748e-02
   2.6316499e-02
   9.2527464e-02
   1.6946711e-02
   5.6536667e-02
   5.0514605e-02
   5.4197375e-02
   1.6609633e-02
   7.3732235e-02
   7.2054364e-02
   5.6062780e-02
   1.0564644e-02
   7.3254734e-02
   3.2538231e-02
   4.3558303e-02
   8.8885566e-03
   8.5361287e-02
   1.4685812e-02
   3.6920205e-02
   8.5336734e-03
   6.9597319e-02
   3.6840234e-02
   4.2412408e-02
   1.5990693e-02
   8.8695146e-02
   4.8378397e-02
   2.6164699e-02
   4.8696501e-03
   9.6306182e-02
   2.9438153e-02
   1.1659904e-02
   3.6360165e-03
   1.4985031e-01
   8.4022265e-03
   8.9407936e-03
   3.8965496e-03
   5.6932501e-02
   4.6125300e-02
   5.9276924e-02
   1.4011428e-02
   7.5952686e-02
   5.1891260e-02
   3.7958130e-02
   5.8064270e-03
   1.7062171e-01
   5.6811452e-02
   2.2272259e-02
   4.3881806e-03
   1.5192947e-01
   4.6502255e-02
   2.6178980e-02
   7.6170960e-03
