   1.3802115e-02
   3.7557829e-02
   5.0689805e-02
   3.3676121e-02
   3.5551615e-02
   8.6891420e-02
   9.2393488e-02
   6.0129941e-02
   2.9298134e-02
   6.1008651e-02
   9.0847686e-02
   6.4087577e-02
   6.6617645e-02
   9.1080569e-02
   9.8423243e-02
   7.7306829e-02
   1.2613185e-02
   2.9851891e-02
   4.6661917e-02
   2.0316591e-02
   2.4695851e-02
   4.5876373e-02
   5.3678844e-02
   3.1774476e-02
   2.1775298e-02
   3.4231041e-02
   4.9783718e-02
   3.5457179e-02
   4.4268049e-02
   4.4644389e-02
   5.1178265e-02
   4.3957006e-02
   1.2926679e-02
   2.4428781e-02
   3.8845669e-02
   1.4535942e-02
   2.0218166e-02
   1.7687710e-02
   2.8698098e-02
   1.3499413e-02
   3.0972414e-02
   1.6218236e-02
   2.3401743e-02
   2.0124502e-02
   3.6676779e-02
   1.6623061e-02
   1.9226583e-02
   1.8324358e-02
   3.2933291e-02
   3.7707355e-02
   4.8363112e-02
   1.5226630e-02
   3.7016712e-02
   2.2299115e-02
   3.3872038e-02
   1.4742383e-02
   5.8587976e-02
   1.9770339e-02
   2.4541069e-02
   2.5612820e-02
   5.0300144e-02
   1.9610515e-02
   1.9165030e-02
   2.1088358e-02
   2.9903555e-02
   4.9719457e-02
   6.7321457e-02
   2.2613695e-02
   2.6400222e-02
   2.4910696e-02
   5.5495128e-02
   1.5854832e-02
   3.2516003e-02
   2.1416323e-02
   3.8510919e-02
   2.2919314e-02
   3.2816529e-02
   2.0409156e-02
   2.4026465e-02
   2.3291413e-02
   1.4270960e-02
   3.2355059e-02
   5.4821547e-02
   2.1807268e-02
   1.7639820e-02
   1.9326942e-02
   4.7818586e-02
   1.5242834e-02
   1.7720737e-02
   1.5289424e-02
   3.4530371e-02
   1.8858578e-02
   2.5178848e-02
   1.6895430e-02
   2.1362841e-02
   2.8048204e-02
   1.5631290e-02
   2.3856783e-02
   3.8964082e-02
   1.3430211e-02
   1.7442964e-02
   1.9595467e-02
   3.1372979e-02
   1.2573927e-02
   1.7551512e-02
   1.5839517e-02
   2.3152439e-02
   2.0263867e-02
   2.5602752e-02
   1.5575485e-02
   1.8425036e-02
   2.8768687e-02
   1.3771502e-02
   2.7479690e-02
   4.1853834e-02
   2.0233892e-02
   2.1822976e-02
   3.9665330e-02
   5.0389633e-02
   2.6655797e-02
   2.1290042e-02
   3.1605791e-02
   4.3226175e-02
   3.3626765e-02
   3.8424466e-02
   3.7987228e-02
   3.9875802e-02
   3.4890287e-02
   8.7088402e-03
   4.1710488e-02
   5.1824607e-02
   4.4101276e-02
   3.5499647e-02
   1.0867797e-01
   1.1813909e-01
   8.1041619e-02
   3.1089811e-02
   8.1044674e-02
   1.3068470e-01
   9.9176064e-02
   8.5759662e-02
   1.2402461e-01
   1.3014907e-01
   7.8264907e-02
   6.9681644e-03
   2.8985418e-02
   4.2814471e-02
   2.0957304e-02
   2.2655429e-02
   5.3559367e-02
   6.6765025e-02
   3.9854798e-02
   2.1782434e-02
   4.3599375e-02
   6.7630120e-02
   4.9435500e-02
   5.4094575e-02
   5.8862451e-02
   6.6120073e-02
   4.2798355e-02
   1.2383997e-02
   2.3894988e-02
   3.4692667e-02
   8.8971434e-03
   2.2066966e-02
   1.8228494e-02
   2.6643079e-02
   1.1940704e-02
   3.8316626e-02
   1.7662751e-02
   2.4471406e-02
   1.7856324e-02
   4.3852996e-02
   1.7077722e-02
   1.8588394e-02
   1.5419348e-02
   4.8677109e-02
   4.4299547e-02
   4.3197315e-02
   1.1007812e-02
   4.7868963e-02
   2.4620039e-02
   3.0630022e-02
   1.1373653e-02
   7.7199280e-02
   2.4341943e-02
   2.5132895e-02
   2.3179274e-02
   6.5756604e-02
   2.0103630e-02
   1.7233139e-02
   1.6909467e-02
   4.4255115e-02
   5.9121132e-02
   7.1383379e-02
   2.5447164e-02
   3.2203361e-02
   2.7233718e-02
   6.7919716e-02
   1.3134043e-02
   3.7047748e-02
   2.6881730e-02
   4.4031400e-02
   2.0626547e-02
   3.4787491e-02
   2.3417799e-02
   2.4022777e-02
   1.8050915e-02
   1.1851533e-02
   2.9579716e-02
   6.0475826e-02
   2.5583861e-02
   1.4214722e-02
   1.8938635e-02
   5.7885595e-02
   1.3737177e-02
   1.3455343e-02
   1.4939666e-02
   3.9013308e-02
   1.6735110e-02
   2.2130257e-02
   1.7574746e-02
   2.1585269e-02
   1.9134952e-02
   7.7838786e-03
   2.1713419e-02
   3.9309494e-02
   1.1843201e-02
   1.1955643e-02
   1.8048679e-02
   2.9091008e-02
   1.0651738e-02
   1.2652031e-02
   1.3298905e-02
   2.3726122e-02
   1.8965567e-02
   2.2479398e-02
   1.5141546e-02
   1.6459240e-02
   2.0730669e-02
   8.0825407e-03
   2.7568430e-02
   4.0738788e-02
   2.0461131e-02
   1.7560411e-02
   4.5088228e-02
   5.9224702e-02
   3.1757493e-02
   1.8911529e-02
   3.4923427e-02
   5.4817587e-02
   4.3521922e-02
   4.0828466e-02
   4.8207995e-02
   4.7773201e-02
   3.3430930e-02
   8.1679700e-03
   4.1095041e-02
   5.7522584e-02
   5.3523205e-02
   3.7726860e-02
   1.4620715e-01
   1.4539200e-01
   9.6937172e-02
   4.8637141e-02
   1.1185607e-01
   1.7612650e-01
   1.5362059e-01
   1.2678364e-01
   1.9449054e-01
   1.9352546e-01
   1.1533683e-01
   7.3061460e-03
   2.8638382e-02
   4.4722751e-02
   2.4063434e-02
   2.5638795e-02
   7.0786588e-02
   8.2188703e-02
   4.8265588e-02
   3.6924887e-02
   6.0854129e-02
   9.2527442e-02
   7.5352982e-02
   8.1786580e-02
   9.5801756e-02
   9.4400562e-02
   6.0665436e-02
   1.9432593e-02
   3.2444358e-02
   3.4409344e-02
   8.5879583e-03
   3.5810120e-02
   2.7078655e-02
   3.2663226e-02
   1.3988326e-02
   6.7081451e-02
   2.5508795e-02
   3.2208405e-02
   2.2204135e-02
   5.6710370e-02
   2.4449311e-02
   2.5415180e-02
   1.8149894e-02
   7.8210272e-02
   5.4910239e-02
   4.9050234e-02
   1.1663360e-02
   8.6245865e-02
   3.3942994e-02
   3.9807223e-02
   1.0985691e-02
   1.3118733e-01
   4.0349826e-02
   2.9327396e-02
   2.7081512e-02
   9.0644039e-02
   3.0714490e-02
   2.5415508e-02
   1.9811358e-02
   7.3624022e-02
   6.2793501e-02
   8.0843493e-02
   3.1392537e-02
   5.5083942e-02
   3.5588596e-02
   9.8640852e-02
   1.5130832e-02
   5.9837367e-02
   4.5473926e-02
   6.2388267e-02
   2.3905938e-02
   4.9408901e-02
   3.5597418e-02
   3.5427615e-02
   2.4443941e-02
   1.9224681e-02
   3.1846005e-02
   7.1407139e-02
   3.0984411e-02
   1.9650670e-02
   2.2551328e-02
   8.9238867e-02
   1.5017376e-02
   1.8395510e-02
   2.2467535e-02
   5.7378553e-02
   1.9869503e-02
   2.8305959e-02
   2.3370670e-02
   2.7480660e-02
   2.9480278e-02
   8.0192443e-03
   2.9959405e-02
   4.3045100e-02
   1.3581843e-02
   1.2654832e-02
   2.1522366e-02
   3.4607947e-02
   1.1652407e-02
   1.6127285e-02
   1.6470226e-02
   3.1224133e-02
   2.4460744e-02
   2.8619446e-02
   1.9883707e-02
   2.1235013e-02
   3.3484880e-02
   7.3027969e-03
   2.4063943e-02
   4.3430608e-02
   2.3573160e-02
   1.7860265e-02
   5.8881480e-02
   6.6776812e-02
   4.1173119e-02
   2.7353102e-02
   4.5165401e-02
   7.2170056e-02
   6.6556148e-02
   6.0010161e-02
   7.2035179e-02
   6.7190826e-02
   5.1986370e-02
   1.4542742e-02
   6.7984976e-02
   5.6449089e-02
   5.6121990e-02
   7.9529949e-02
   1.6342708e-01
   1.0501353e-01
   8.0609038e-02
   8.0071278e-02
   1.1756536e-01
   1.4550218e-01
   1.3151568e-01
   1.6965793e-01
   1.9660357e-01
   1.9816287e-01
   1.8157321e-01
   1.4054686e-02
   4.0267035e-02
   4.6846546e-02
   2.7634827e-02
   5.1392980e-02
   7.7266365e-02
   6.0223930e-02
   5.2133508e-02
   6.5938406e-02
   7.3106363e-02
   7.1400523e-02
   7.1903311e-02
   1.1374410e-01
   1.0725497e-01
   9.3578644e-02
   9.4890185e-02
   3.5139531e-02
   2.9713770e-02
   4.7206197e-02
   1.0184827e-02
   6.1152708e-02
   3.2178544e-02
   3.2293141e-02
   1.8212045e-02
   1.0225506e-01
   3.4263976e-02
   3.0924683e-02
   2.6360320e-02
   7.6834917e-02
   4.1064244e-02
   3.0655205e-02
   2.8673051e-02
   1.2895608e-01
   7.4624360e-02
   6.3891508e-02
   2.0723637e-02
   1.2965544e-01
   4.9108040e-02
   5.0079159e-02
   2.1615056e-02
   1.7519149e-01
   5.7076707e-02
   4.6480943e-02
   3.6418293e-02
   8.4175497e-02
   4.4180844e-02
   3.5621420e-02
   2.9175948e-02
   1.2623592e-01
   7.5988963e-02
   1.0526783e-01
   6.3423440e-02
   8.6884625e-02
   4.8218828e-02
   1.2236394e-01
   3.2334056e-02
   8.5551083e-02
   5.7423547e-02
   9.7829685e-02
   3.1083049e-02
   5.0241951e-02
   5.6257457e-02
   5.1535849e-02
   4.4330701e-02
   3.7687872e-02
   2.8071247e-02
   7.7284254e-02
   5.2785546e-02
   3.0606566e-02
   2.4977846e-02
   1.1191132e-01
   2.8605709e-02
   2.9594174e-02
   2.9849600e-02
   9.2327707e-02
   2.0691346e-02
   4.5112886e-02
   3.0691672e-02
   3.5850383e-02
   5.3407174e-02
   1.4785493e-02
   2.0422634e-02
   5.4568172e-02
   2.0795373e-02
   2.3271717e-02
   2.9486638e-02
   4.8309322e-02
   1.7310407e-02
   3.2420065e-02
   2.3780111e-02
   4.6736296e-02
   2.9236479e-02
   4.7346510e-02
   2.3840273e-02
   2.8579349e-02
   6.0063165e-02
   1.2559623e-02
   2.9422684e-02
   4.9698688e-02
   2.6433120e-02
   3.7739038e-02
   7.2801478e-02
   5.3527121e-02
   4.2272829e-02
   4.8024651e-02
   5.0909061e-02
   5.9478238e-02
   6.3866347e-02
   8.7325551e-02
   7.8851938e-02
   7.1021773e-02
   8.9954413e-02
