   2.2772610e-02
   3.6592185e-02
   9.5320553e-02
   6.4225562e-02
   1.8252103e-02
   2.0128060e-02
   5.6194294e-02
   6.1220702e-02
   1.6940059e-02
   7.4602626e-03
   1.8896554e-02
   5.9041556e-02
   2.2402314e-02
   4.2643864e-02
   4.5254637e-02
   5.3975761e-02
   2.2541862e-02
   3.3912681e-02
   5.7376791e-02
   6.0824465e-02
   1.8427955e-02
   1.5490050e-02
   3.1780828e-02
   6.0769197e-02
   1.7588012e-02
   6.5572546e-03
   1.8839961e-02
   5.9083614e-02
   2.0401346e-02
   2.5270376e-02
   2.7669961e-02
   4.1259594e-02
   2.5427088e-02
   2.7091697e-02
   3.5284005e-02
   5.5890594e-02
   2.1273140e-02
   1.0948842e-02
   1.9701021e-02
   6.0243703e-02
   1.7166138e-02
   8.6206635e-03
   1.9347254e-02
   5.8385983e-02
   1.9850066e-02
   1.7584471e-02
   1.8953893e-02
   3.7017312e-02
   4.0201697e-02
   4.2368297e-02
   4.8138045e-02
   5.4158572e-02
   3.5319660e-02
   1.4108276e-02
   2.4369428e-02
   6.2397793e-02
   1.8482748e-02
   1.5097475e-02
   2.2711858e-02
   6.3764326e-02
   2.0570017e-02
   1.9833943e-02
   2.5163105e-02
   4.1191440e-02
   3.0982647e-02
   6.5440215e-02
   8.9227870e-02
   7.8448676e-02
   2.6067851e-02
   1.8156350e-02
   4.4135842e-02
   6.7128293e-02
   2.1242410e-02
   1.0557209e-02
   4.0394496e-02
   6.2590331e-02
   2.7344462e-02
   2.8927743e-02
   3.1180715e-02
   3.9306048e-02
   2.1516042e-02
   3.3481453e-02
   5.7133146e-02
   8.8281281e-02
   1.7129669e-02
   1.1439157e-02
   3.6594220e-02
   7.0441529e-02
   2.1152681e-02
   6.3328529e-03
   3.3867098e-02
   6.4637855e-02
   2.7760588e-02
   2.3206050e-02
   2.1555366e-02
   3.8098089e-02
   2.2268916e-02
   2.7858878e-02
   3.3092964e-02
   5.9499335e-02
   1.7263548e-02
   1.1263283e-02
   2.0743962e-02
   6.2777504e-02
   1.6451038e-02
   6.1329482e-03
   1.6746374e-02
   6.0682699e-02
   1.9680701e-02
   1.7785972e-02
   1.9785453e-02
   3.8423505e-02
   2.2567250e-02
   3.4435127e-02
   5.1061172e-02
   5.8744658e-02
   1.7526546e-02
   1.5814450e-02
   3.1385541e-02
   6.1091065e-02
   1.6066309e-02
   6.8052807e-03
   1.6956639e-02
   6.1182164e-02
   2.0943852e-02
   2.7029216e-02
   2.8353116e-02
   4.3200228e-02
   1.3549775e-02
   2.6953675e-02
   8.0919027e-02
   5.0927557e-02
   1.0143735e-02
   1.3032413e-02
   3.1855658e-02
   3.4964390e-02
   9.8455092e-03
   5.3853462e-03
   1.2839025e-02
   3.5065886e-02
   1.9126365e-02
   6.2454835e-02
   5.1052902e-02
   5.4634348e-02
   1.2192098e-02
   2.5159597e-02
   5.0747018e-02
   4.3636031e-02
   1.0476152e-02
   9.1941925e-03
   1.9345289e-02
   3.3331193e-02
   9.1755185e-03
   4.9168784e-03
   1.1760017e-02
   3.2429345e-02
   1.4870389e-02
   3.1450607e-02
   2.9363956e-02
   3.1483509e-02
   1.6022658e-02
   2.2147238e-02
   3.6820229e-02
   3.5078216e-02
   1.6228376e-02
   7.9712169e-03
   1.3795813e-02
   3.3434406e-02
   1.0499518e-02
   9.4116880e-03
   1.1916658e-02
   3.1783402e-02
   1.2681827e-02
   1.6373822e-02
   1.4315310e-02
   2.1515321e-02
   3.4582797e-02
   4.4170834e-02
   4.8547219e-02
   4.1827168e-02
   3.4856200e-02
   1.2365387e-02
   2.1067316e-02
   3.5702698e-02
   1.3691327e-02
   2.1397730e-02
   2.0655148e-02
   3.7006486e-02
   1.5464351e-02
   1.8472724e-02
   2.4932735e-02
   2.7622079e-02
   2.4413856e-02
   7.1570143e-02
   9.6952096e-02
   7.5155117e-02
   2.2332881e-02
   1.6884184e-02
   4.6403855e-02
   4.4140924e-02
   2.1515360e-02
   1.3353634e-02
   5.6377970e-02
   4.0956728e-02
   3.1236604e-02
   2.7016016e-02
   3.4565307e-02
   3.0823739e-02
   1.2725780e-02
   2.9783595e-02
   5.8116823e-02
   8.3068252e-02
   1.0567067e-02
   8.4987143e-03
   3.8091283e-02
   4.7924731e-02
   2.2093315e-02
   4.7585829e-03
   4.5424867e-02
   4.2267285e-02
   3.0822836e-02
   2.1476079e-02
   1.9699289e-02
   2.4264922e-02
   1.2046119e-02
   1.9323384e-02
   2.9640887e-02
   4.2128116e-02
   9.5051294e-03
   6.6653816e-03
   1.7404174e-02
   3.7585855e-02
   1.1915457e-02
   4.4031139e-03
   1.4328629e-02
   3.7688676e-02
   1.5130475e-02
   1.7519271e-02
   1.4748861e-02
   2.3679657e-02
   1.2794004e-02
   2.0513831e-02
   4.6049759e-02
   3.8503285e-02
   9.4388407e-03
   9.4118342e-03
   2.0292677e-02
   3.5259865e-02
   1.0509979e-02
   4.5046015e-03
   1.2012969e-02
   3.3554651e-02
   1.5497874e-02
   3.3982106e-02
   2.9017413e-02
   3.1867035e-02
   8.3695510e-03
   3.3107791e-02
   8.4282607e-02
   4.3944925e-02
   5.1361183e-03
   1.5890753e-02
   3.7128527e-02
   2.3456082e-02
   6.5267156e-03
   1.1310449e-02
   1.5642909e-02
   2.0144003e-02
   2.3088383e-02
   9.0795919e-02
   6.5218508e-02
   7.3245555e-02
   8.6855311e-03
   2.8358981e-02
   4.4435807e-02
   3.5558354e-02
   5.8755563e-03
   1.0797204e-02
   2.1789268e-02
   2.1432590e-02
   6.4309714e-03
   7.8542121e-03
   1.2091265e-02
   1.8675845e-02
   1.3654483e-02
   4.2864811e-02
   3.9249886e-02
   3.4385301e-02
   1.6415300e-02
   2.8636752e-02
   3.9680317e-02
   2.7268589e-02
   1.6505767e-02
   9.4640050e-03
   1.5113151e-02
   1.8796246e-02
   8.7125925e-03
   1.7023932e-02
   1.2225777e-02
   2.0113295e-02
   1.0902540e-02
   1.7833399e-02
   1.9776030e-02
   1.6252762e-02
   4.8560012e-02
   5.7211597e-02
   5.9671789e-02
   3.1928077e-02
   4.8914745e-02
   1.7792864e-02
   2.6975721e-02
   2.4545075e-02
   1.6083889e-02
   3.8050439e-02
   2.6210422e-02
   2.7708620e-02
   1.8680828e-02
   2.3813343e-02
   3.2669242e-02
   2.5225423e-02
   3.2152798e-02
   8.5406311e-02
   1.1228777e-01
   6.8845525e-02
   2.8807331e-02
   2.3030359e-02
   6.7975521e-02
   3.9115608e-02
   3.1853840e-02
   2.1634249e-02
   8.4356755e-02
   3.1281568e-02
   5.1383693e-02
   3.9813135e-02
   4.4369623e-02
   3.1752858e-02
   9.7525138e-03
   3.7265450e-02
   6.4559974e-02
   7.5188212e-02
   7.8251148e-03
   1.3294904e-02
   5.1579144e-02
   4.2613424e-02
   3.2579016e-02
   5.9036287e-03
   6.2696926e-02
   3.3446122e-02
   5.2653350e-02
   3.3248860e-02
   2.2842739e-02
   1.9417915e-02
   8.5586216e-03
   1.9839773e-02
   3.4815889e-02
   3.2263082e-02
   6.5746042e-03
   1.0316115e-02
   1.9743837e-02
   2.4774190e-02
   1.2269160e-02
   4.1530039e-03
   1.5028493e-02
   2.4851805e-02
   1.9266762e-02
   1.9445676e-02
   1.7327772e-02
   1.7668415e-02
   7.3818821e-03
   2.2209747e-02
   4.9525015e-02
   3.3281036e-02
   5.2987034e-03
   1.3387248e-02
   2.2691462e-02
   2.1946553e-02
   7.5510372e-03
   6.7230193e-03
   1.1131220e-02
   1.9792439e-02
   1.6174393e-02
   4.6851542e-02
   3.6710631e-02
   3.6507152e-02
   9.0755830e-03
   3.0324161e-02
   5.6365240e-02
   4.0512178e-02
   3.8395524e-03
   3.3655223e-02
   5.8139395e-02
   2.0157760e-02
   8.3580427e-03
   2.9993422e-02
   2.4442345e-02
   1.4405302e-02
   3.2316037e-02
   1.3664347e-01
   1.1364535e-01
   1.0825575e-01
   8.6422507e-03
   2.4006933e-02
   2.9237948e-02
   2.9345604e-02
   4.2916741e-03
   2.1001128e-02
   3.2660395e-02
   1.3760434e-02
   7.3441090e-03
   1.8484935e-02
   1.5934240e-02
   1.2462700e-02
   2.2726011e-02
   6.9510080e-02
   7.2567262e-02
   5.1693019e-02
   2.0559369e-02
   2.7016753e-02
   3.6023900e-02
   2.6975550e-02
   1.9128652e-02
   1.6871097e-02
   2.1230031e-02
   1.1387204e-02
   1.1435173e-02
   2.8744100e-02
   9.3204342e-03
   1.5025566e-02
   1.4768994e-02
   2.6554713e-02
   3.0664336e-02
   1.6636010e-02
   6.2961429e-02
   7.5211547e-02
   7.2198845e-02
   3.2854009e-02
   6.1893757e-02
   3.1282265e-02
   4.1579418e-02
   2.4011506e-02
   2.4540717e-02
   5.3257972e-02
   3.5345357e-02
   1.8158846e-02
   2.3100251e-02
   3.6684062e-02
   5.5475794e-02
   3.2312173e-02
   4.3158367e-02
   1.1546267e-01
   1.5358868e-01
   7.5412773e-02
   3.5507020e-02
   4.4466190e-02
   8.6128071e-02
   4.8991252e-02
   3.3645079e-02
   3.1384781e-02
   1.3395612e-01
   3.1897794e-02
   5.5750530e-02
   5.2321214e-02
   7.3847950e-02
   4.2134583e-02
   9.6262628e-03
   4.2904928e-02
   8.3307691e-02
   7.0594855e-02
   7.7674603e-03
   3.0888602e-02
   7.0512988e-02
   4.7320489e-02
   3.2376163e-02
   1.3530453e-02
   9.9533103e-02
   2.7112687e-02
   5.8875464e-02
   4.5853529e-02
   3.7646964e-02
   2.0322705e-02
   7.5308881e-03
   1.9010771e-02
   2.2955945e-02
   3.8329743e-02
   4.1140360e-03
   2.0688659e-02
   2.5787368e-02
   1.7393155e-02
   1.4349893e-02
   8.2790041e-03
   1.8503655e-02
   2.0958414e-02
   2.3165109e-02
   3.3209011e-02
   2.4816779e-02
   1.5961943e-02
   7.1531441e-03
   2.3226541e-02
   3.3416953e-02
   3.4797445e-02
   4.2707203e-03
   2.7800847e-02
   3.0885130e-02
   1.6773337e-02
   8.1808651e-03
   1.7750349e-02
   1.3334596e-02
   1.1378153e-02
   2.3563160e-02
   7.1945734e-02
   6.7775637e-02
   5.1505260e-02
