   5.6164507e-02
   8.5043609e-02
   6.9366388e-02
   2.6930934e-02
   4.5925066e-02
   6.2908657e-02
   5.0943177e-02
   2.4398375e-02
   4.6326432e-02
   1.0250739e-01
   1.0303006e-01
   3.0543517e-02
   4.5868210e-02
   1.2094192e-01
   1.0429778e-01
   3.9313089e-02
   4.1290376e-02
   4.5460906e-02
   3.9773751e-02
   2.3817297e-02
   4.0479124e-02
   3.4074523e-02
   3.0465711e-02
   2.0954030e-02
   4.2689998e-02
   5.3790838e-02
   5.6642335e-02
   2.2626938e-02
   4.7225401e-02
   6.5449268e-02
   5.7416495e-02
   3.5437092e-02
   4.4316508e-02
   2.3205543e-02
   2.6176240e-02
   2.5248453e-02
   5.9007149e-02
   1.6992826e-02
   1.9366844e-02
   2.5098404e-02
   8.7007329e-02
   3.1135028e-02
   2.5631990e-02
   1.8823408e-02
   1.0045879e-01
   4.3526512e-02
   2.6718820e-02
   3.2480828e-02
   1.1438047e-01
   4.5182031e-02
   3.7384067e-02
   3.9276663e-02
   1.4099826e-01
   3.3698216e-02
   2.6843484e-02
   3.8262170e-02
   1.7741235e-01
   7.0515312e-02
   2.9421119e-02
   2.0965036e-02
   1.2863874e-01
   9.1944456e-02
   2.9992174e-02
   3.8015120e-02
   8.1445053e-02
   6.0950812e-02
   7.7457711e-02
   3.5455372e-02
   8.1826016e-02
   4.1548025e-02
   5.0612502e-02
   3.1499669e-02
   8.7887526e-02
   7.0004046e-02
   5.2610353e-02
   2.6423963e-02
   6.2951282e-02
   7.3103495e-02
   5.0224423e-02
   4.4956453e-02
   3.4080852e-02
   2.8713871e-02
   5.4295979e-02
   2.4915420e-02
   3.8361624e-02
   2.0111281e-02
   3.8115017e-02
   2.5885092e-02
   4.4135474e-02
   3.2391146e-02
   4.2151857e-02
   4.2504165e-02
   4.7949757e-02
   3.8699742e-02
   3.9088856e-02
   5.1799767e-02
   3.7373129e-02
   2.2797883e-02
   2.6861012e-02
   2.0026324e-02
   4.0339001e-02
   1.6999455e-02
   2.0203168e-02
   2.1188466e-02
   4.4348530e-02
   2.9223945e-02
   2.7041549e-02
   2.7970940e-02
   4.7612928e-02
   3.4362391e-02
   2.6397794e-02
   4.1129131e-02
   4.0452093e-02
   4.1895866e-02
   3.9269090e-02
   2.3004651e-02
   4.2551167e-02
   3.1823847e-02
   2.9287077e-02
   2.1435900e-02
   4.4673111e-02
   5.2425943e-02
   5.0718099e-02
   2.1461789e-02
   4.6137892e-02
   6.1609853e-02
   4.8590947e-02
   3.2518439e-02
   5.0825786e-02
   1.0516208e-01
   8.2400016e-02
   2.1186786e-02
   3.1218713e-02
   7.9880945e-02
   6.2740482e-02
   2.3011629e-02
   3.0625969e-02
   1.4229344e-01
   1.3660447e-01
   3.6710348e-02
   3.3902295e-02
   1.7898309e-01
   1.5882817e-01
   3.5015833e-02
   3.4852337e-02
   5.1780768e-02
   4.3229833e-02
   1.5871577e-02
   2.9147148e-02
   4.1674886e-02
   3.6682028e-02
   1.6737532e-02
   3.2739148e-02
   6.8344526e-02
   7.0411615e-02
   2.2816161e-02
   4.1594926e-02
   9.7628847e-02
   8.3656617e-02
   2.8069967e-02
   5.9177309e-02
   2.3991236e-02
   2.2361888e-02
   2.1622732e-02
   8.0622502e-02
   1.9937312e-02
   2.1454522e-02
   1.9583274e-02
   1.2968893e-01
   3.9778505e-02
   2.8206065e-02
   1.4721141e-02
   1.5065028e-01
   4.9046442e-02
   2.7512502e-02
   2.2579741e-02
   1.8600591e-01
   7.1299098e-02
   4.2103093e-02
   4.3976519e-02
   2.2427130e-01
   4.8957977e-02
   3.3253022e-02
   3.8355116e-02
   2.8609249e-01
   9.8398641e-02
   3.3638820e-02
   1.6017711e-02
   2.0084871e-01
   9.8110832e-02
   2.9896691e-02
   3.2400444e-02
   1.2996253e-01
   9.9126622e-02
   1.2367853e-01
   3.4848168e-02
   1.2062652e-01
   6.2080134e-02
   7.5238734e-02
   3.0390272e-02
   1.2671848e-01
   1.0214201e-01
   7.9075530e-02
   2.8869947e-02
   7.7372663e-02
   7.9638243e-02
   5.6837738e-02
   4.2319871e-02
   3.4930393e-02
   3.2925323e-02
   8.4795251e-02
   1.8147729e-02
   3.4286112e-02
   2.4193481e-02
   5.7268396e-02
   2.5406711e-02
   4.2589936e-02
   4.0020440e-02
   6.0932834e-02
   6.2524855e-02
   4.4053935e-02
   4.1244499e-02
   3.8701814e-02
   5.5894580e-02
   2.3581965e-02
   1.9407928e-02
   2.8505627e-02
   1.3486846e-02
   2.5467360e-02
   1.6186358e-02
   2.2742348e-02
   1.6573427e-02
   3.1881738e-02
   2.7633356e-02
   3.0375322e-02
   3.5909027e-02
   3.8153362e-02
   3.5797138e-02
   2.3844020e-02
   3.9430503e-02
   3.0231822e-02
   4.5715008e-02
   4.2473778e-02
   1.5634626e-02
   2.6573068e-02
   3.5819091e-02
   3.3194009e-02
   1.5567566e-02
   2.8634351e-02
   6.4373337e-02
   5.8815714e-02
   2.1230580e-02
   3.5538681e-02
   7.6809056e-02
   6.0877431e-02
   2.7080638e-02
   7.7731974e-02
   1.4676180e-01
   1.2610254e-01
   3.2181319e-02
   4.0744923e-02
   1.0575325e-01
   8.2550190e-02
   3.1889170e-02
   3.7447736e-02
   2.4018687e-01
   2.4150982e-01
   6.3287273e-02
   4.5748506e-02
   2.5098652e-01
   2.1970785e-01
   4.3211542e-02
   5.2588891e-02
   6.7184575e-02
   5.6605589e-02
   2.0983549e-02
   4.2370509e-02
   5.3195383e-02
   4.3598808e-02
   2.0199388e-02
   4.7216564e-02
   1.0990448e-01
   1.1340391e-01
   3.4474716e-02
   6.1054129e-02
   1.2976012e-01
   1.0841479e-01
   2.9282354e-02
   7.3101424e-02
   2.9527007e-02
   2.3749026e-02
   2.5406236e-02
   1.0461100e-01
   2.4313005e-02
   2.8326733e-02
   2.7077800e-02
   1.6361432e-01
   3.8099851e-02
   3.4328315e-02
   1.5817793e-02
   2.0851074e-01
   3.5551038e-02
   2.3699787e-02
   1.7061526e-02
   2.1645971e-01
   9.4340667e-02
   5.2949701e-02
   5.4142252e-02
   2.5308207e-01
   6.0341962e-02
   4.7956645e-02
   5.5658530e-02
   3.1168696e-01
   8.7138534e-02
   3.8204782e-02
   2.1979995e-02
   2.5380015e-01
   5.6426480e-02
   3.5364177e-02
   3.6392268e-02
   1.6416539e-01
   1.3305373e-01
   1.7281382e-01
   3.5055432e-02
   1.3669860e-01
   7.6372489e-02
   9.4914377e-02
   3.5570215e-02
   1.3058156e-01
   1.0979898e-01
   9.9426538e-02
   4.8153434e-02
   9.4665043e-02
   6.4175889e-02
   6.6097409e-02
   6.0248662e-02
   4.8300281e-02
   3.9452076e-02
   1.1395755e-01
   1.5825683e-02
   4.9422134e-02
   3.3864107e-02
   7.4946485e-02
   3.0100822e-02
   5.8549188e-02
   4.9727701e-02
   7.6517686e-02
   1.1215203e-01
   5.7667948e-02
   4.3430772e-02
   4.0907096e-02
   9.0543605e-02
   3.4126069e-02
   2.1835206e-02
   3.7130240e-02
   1.2773527e-02
   3.5133254e-02
   2.1914531e-02
   3.1623602e-02
   1.7717697e-02
   4.6529584e-02
   3.2386832e-02
   3.5099458e-02
   6.0665105e-02
   6.1093148e-02
   3.2631278e-02
   2.3791751e-02
   5.9083931e-02
   4.5169383e-02
   5.4075491e-02
   5.8184698e-02
   2.1077143e-02
   3.3218902e-02
   4.3920722e-02
   4.2218544e-02
   2.0570360e-02
   3.7914842e-02
   1.0089328e-01
   8.9054137e-02
   2.8889185e-02
   4.6620827e-02
   1.0358320e-01
   7.8091808e-02
   2.9401913e-02
   1.0849837e-01
   2.1064840e-01
   1.8627554e-01
   3.5799924e-02
   4.7965728e-02
   1.2694612e-01
   1.0398071e-01
   3.9039332e-02
   5.1063899e-02
   2.3022023e-01
   2.5076059e-01
   8.0677137e-02
   6.5898389e-02
   1.0261505e-01
   1.0072308e-01
   3.0942077e-02
   7.5610228e-02
   9.2549875e-02
   7.9390995e-02
   2.7921213e-02
   5.9297211e-02
   6.6125862e-02
   5.5386167e-02
   2.5128314e-02
   5.8849856e-02
   1.0404408e-01
   1.1663045e-01
   4.0329557e-02
   6.4872198e-02
   5.3986453e-02
   5.4694965e-02
   2.5434418e-02
   6.9226786e-02
   3.0303923e-02
   2.5068471e-02
   3.2936342e-02
   7.5881198e-02
   2.9758822e-02
   3.2395273e-02
   4.3379623e-02
   1.0738510e-01
   2.6694139e-02
   2.7056981e-02
   1.9386075e-02
   1.5395658e-01
   2.9780168e-02
   2.4759818e-02
   1.9558979e-02
   1.4260797e-01
   1.0438088e-01
   4.8005816e-02
   7.5948410e-02
   1.2849265e-01
   6.7514502e-02
   5.5361174e-02
   8.1380129e-02
   1.3021487e-01
   1.0418619e-01
   2.8791660e-02
   3.1237759e-02
   1.4956601e-01
   5.8663890e-02
   3.9720260e-02
   5.0627306e-02
   1.4184253e-01
   1.4819580e-01
   1.7104565e-01
   4.9145032e-02
   8.6942725e-02
   8.0959216e-02
   9.7617120e-02
   4.3446828e-02
   6.4186029e-02
   1.1976565e-01
   9.2699774e-02
   6.2081903e-02
   6.3683309e-02
   6.2051825e-02
   9.2179842e-02
   8.8009343e-02
   6.6241287e-02
   3.7265275e-02
   1.1461031e-01
   2.0313237e-02
   6.9256589e-02
   4.6474122e-02
   8.1204623e-02
   4.0487375e-02
   5.0435964e-02
   5.3334452e-02
   8.2020350e-02
   1.7239682e-01
   6.7014739e-02
   3.4061927e-02
   5.7775568e-02
   1.2670286e-01
   5.3534780e-02
   2.1697363e-02
   3.9699543e-02
   1.6198484e-02
   4.7224015e-02
   2.4117351e-02
   4.0827960e-02
   2.5410039e-02
   4.7348592e-02
   3.3058610e-02
   3.4119383e-02
   9.3662150e-02
   8.2027152e-02
   2.3049368e-02
   2.1363810e-02
   8.2935572e-02
   6.0977172e-02
   7.6260589e-02
   8.1038050e-02
   2.7898856e-02
   5.0642274e-02
   4.8224308e-02
   5.1064253e-02
   3.0420559e-02
   5.0340500e-02
   9.9353135e-02
   9.0558261e-02
   3.7877355e-02
   5.2085541e-02
   5.4402683e-02
   4.6783790e-02
   3.1656098e-02
