   8.5505927e-03
   2.9248066e-02
   2.9006599e-02
   3.4845490e-02
   8.2622245e-02
   2.6118835e-02
   4.0962294e-02
   4.9972102e-02
   6.5261900e-02
   5.5472706e-02
   5.1896032e-02
   3.7589528e-02
   2.2216240e-02
   2.6159411e-02
   3.6482215e-02
   6.2888645e-02
   6.1744885e-03
   1.8905656e-02
   1.7030971e-02
   2.7763655e-02
   4.7281001e-02
   2.1404104e-02
   3.4205765e-02
   4.0679567e-02
   3.7074987e-02
   3.4802988e-02
   3.4428269e-02
   3.0807162e-02
   1.3664573e-02
   1.2791675e-02
   1.8536258e-02
   4.0281113e-02
   4.6282969e-03
   1.1127224e-02
   1.1847961e-02
   2.5588788e-02
   2.0607727e-02
   2.0035516e-02
   3.0667445e-02
   4.2832706e-02
   1.5465176e-02
   2.4223881e-02
   2.2698609e-02
   3.0188195e-02
   7.2635189e-03
   5.0475216e-03
   6.9277524e-03
   2.9566294e-02
   4.7962265e-03
   1.0513116e-02
   1.7833063e-02
   2.5838157e-02
   1.8662715e-02
   2.4931848e-02
   3.0617259e-02
   4.9257480e-02
   1.3928221e-02
   2.7512914e-02
   2.2163890e-02
   3.5228614e-02
   6.9138487e-03
   4.7846679e-03
   8.9807259e-03
   3.2202102e-02
   5.7979417e-03
   1.5104841e-02
   2.0867439e-02
   2.5970453e-02
   2.2179978e-02
   4.2262573e-02
   3.1751212e-02
   4.2959735e-02
   2.7233232e-02
   2.4310408e-02
   2.2992583e-02
   3.6456935e-02
   7.6526292e-03
   5.0110533e-03
   9.9140750e-03
   3.3832874e-02
   5.2824845e-03
   1.5815169e-02
   1.2831894e-02
   2.4488037e-02
   3.2351442e-02
   5.1803626e-02
   3.0509697e-02
   3.8436230e-02
   3.6629919e-02
   2.0484203e-02
   2.5930787e-02
   3.1989116e-02
   8.1013767e-03
   4.5055826e-03
   7.5747976e-03
   2.7645664e-02
   5.0897016e-03
   1.1540424e-02
   1.1613512e-02
   2.4213355e-02
   2.7974606e-02
   3.4771036e-02
   2.7453905e-02
   3.6827594e-02
   1.7609874e-02
   1.8642785e-02
   2.8065201e-02
   3.0548891e-02
   7.3426277e-03
   4.7614337e-03
   7.1191113e-03
   2.6013788e-02
   5.9544942e-03
   1.7632049e-02
   1.6840970e-02
   2.7282180e-02
   4.3075919e-02
   2.4593245e-02
   3.1869039e-02
   3.8736906e-02
   3.2705296e-02
   2.9980166e-02
   3.2694031e-02
   3.0806325e-02
   1.1901291e-02
   1.0586629e-02
   1.4364678e-02
   3.5094574e-02
   1.0989950e-02
   3.8840204e-02
   3.6416389e-02
   3.2741535e-02
   1.1673596e-01
   2.7179496e-02
   3.8274821e-02
   4.3380804e-02
   8.5755989e-02
   4.5365974e-02
   4.7973868e-02
   3.1179193e-02
   2.9630890e-02
   5.0205197e-02
   6.0556673e-02
   6.5030523e-02
   6.6285934e-03
   2.3444857e-02
   1.8724730e-02
   2.0822795e-02
   6.7636624e-02
   1.9654091e-02
   3.2840785e-02
   3.2517560e-02
   4.9239099e-02
   2.6441526e-02
   2.8784920e-02
   2.0814555e-02
   1.6201800e-02
   2.3098009e-02
   2.8863989e-02
   3.6819208e-02
   3.5609857e-03
   1.0681525e-02
   9.1535933e-03
   1.6897554e-02
   2.4292244e-02
   1.5335522e-02
   3.0592851e-02
   3.3722963e-02
   1.6994128e-02
   1.7354548e-02
   1.4531790e-02
   1.8820057e-02
   7.0346012e-03
   3.9397064e-03
   5.9596114e-03
   1.9863984e-02
   4.0907622e-03
   1.0151356e-02
   2.2247670e-02
   1.7904637e-02
   2.1882806e-02
   2.1906227e-02
   3.1590812e-02
   4.1593932e-02
   1.6499894e-02
   2.1859976e-02
   1.4952787e-02
   2.7030157e-02
   7.6429620e-03
   3.0777312e-03
   9.1273310e-03
   2.7753629e-02
   6.1325259e-03
   1.8381298e-02
   2.8159689e-02
   1.7377835e-02
   3.1272769e-02
   5.5411808e-02
   3.2761130e-02
   3.6002062e-02
   4.1636955e-02
   1.7481115e-02
   1.6239502e-02
   2.8938688e-02
   8.7876460e-03
   3.3306817e-03
   1.0911839e-02
   3.1142896e-02
   4.9930867e-03
   2.0940075e-02
   1.0928487e-02
   1.6508207e-02
   4.8242819e-02
   7.1102120e-02
   2.7246367e-02
   2.8865300e-02
   6.0195651e-02
   1.3730915e-02
   1.8276451e-02
   2.1424860e-02
   8.6916080e-03
   3.0660671e-03
   5.9909751e-03
   1.7701235e-02
   4.3816012e-03
   1.2901569e-02
   8.5686399e-03
   1.5849337e-02
   3.6809448e-02
   3.7023857e-02
   2.3031566e-02
   2.6629187e-02
   2.6233297e-02
   1.1205086e-02
   1.9570909e-02
   1.7460944e-02
   8.6581372e-03
   3.3876058e-03
   5.5894558e-03
   1.5193108e-02
   6.0728150e-03
   2.0885972e-02
   1.8163107e-02
   1.9667627e-02
   6.2125131e-02
   2.4321409e-02
   2.6354808e-02
   2.8839290e-02
   4.2982012e-02
   2.1837045e-02
   2.3925403e-02
   1.9788563e-02
   1.4910237e-02
   1.7229328e-02
   2.1365300e-02
   2.9934820e-02
   2.3292212e-02
   5.0905675e-02
   4.6800908e-02
   3.7633166e-02
   1.7815244e-01
   3.8386215e-02
   4.4603143e-02
   4.9121786e-02
   1.4339630e-01
   3.7612244e-02
   4.0549658e-02
   3.0796245e-02
   3.8878199e-02
   4.3710593e-02
   5.5770084e-02
   4.8048533e-02
   1.3113553e-02
   2.9610997e-02
   2.1802465e-02
   2.1648822e-02
   1.1230224e-01
   2.6890619e-02
   3.1671043e-02
   3.4163918e-02
   8.6862467e-02
   2.1214116e-02
   2.3786243e-02
   1.9066857e-02
   2.2393817e-02
   2.1021219e-02
   2.8002115e-02
   2.5000773e-02
   5.3508268e-03
   1.2534484e-02
   1.1015838e-02
   1.3942979e-02
   4.3742198e-02
   1.6901020e-02
   3.2677334e-02
   2.9828122e-02
   2.9420272e-02
   1.6053963e-02
   1.1363842e-02
   1.3518302e-02
   9.4222790e-03
   3.4804619e-03
   6.9235293e-03
   1.6048117e-02
   5.8549736e-03
   1.2321279e-02
   3.4804258e-02
   1.5214598e-02
   3.5412420e-02
   2.3604535e-02
   3.4178138e-02
   3.9555486e-02
   2.5147904e-02
   1.9931218e-02
   1.1771226e-02
   2.0773986e-02
   1.0327989e-02
   2.5560039e-03
   1.2539888e-02
   3.0247640e-02
   1.0232754e-02
   2.2731628e-02
   4.5756351e-02
   1.5820181e-02
   4.8121136e-02
   6.1225794e-02
   3.3296589e-02
   3.3786055e-02
   6.0133141e-02
   1.4450971e-02
   1.3319503e-02
   2.4865134e-02
   1.3703809e-02
   3.0392639e-03
   1.6663482e-02
   3.9879497e-02
   8.0994014e-03
   2.7973089e-02
   1.5191766e-02
   1.4687961e-02
   7.1769260e-02
   8.0652826e-02
   2.8518727e-02
   2.5068602e-02
   9.0854980e-02
   1.1840541e-02
   1.4768724e-02
   1.7125456e-02
   1.2765416e-02
   1.9646741e-03
   7.2173388e-03
   1.7554006e-02
   7.3472061e-03
   1.7071426e-02
   8.6421277e-03
   1.3840700e-02
   5.2964985e-02
   4.1982587e-02
   2.4608329e-02
   2.2269679e-02
   3.8232353e-02
   9.0088788e-03
   1.7257053e-02
   1.3995200e-02
   9.8047620e-03
   2.8383392e-03
   5.1254355e-03
   1.1758926e-02
   1.1547997e-02
   2.7968356e-02
   2.0799449e-02
   1.8275810e-02
   1.0344794e-01
   3.0628087e-02
   2.8938059e-02
   3.1822942e-02
   7.3520891e-02
   1.7673165e-02
   1.9978283e-02
   1.6983891e-02
   1.7037125e-02
   1.5128142e-02
   1.9971102e-02
   2.0480560e-02
   4.2318963e-02
   7.6532416e-02
   7.0460826e-02
   4.3930296e-02
   1.8019421e-01
   4.6796277e-02
   6.3901275e-02
   4.8489355e-02
   1.7913507e-01
   3.3505779e-02
   4.6197422e-02
   3.8188495e-02
   6.4909481e-02
   7.6876923e-02
   8.2635045e-02
   4.7037736e-02
   2.3084201e-02
   4.1555289e-02
   3.1860333e-02
   2.3210458e-02
   1.4295410e-01
   3.5939649e-02
   3.7005957e-02
   2.7162686e-02
   1.1787382e-01
   1.9081434e-02
   2.3661977e-02
   1.9392399e-02
   3.2927167e-02
   3.6537375e-02
   4.1630965e-02
   1.9509187e-02
   1.0159299e-02
   1.5623064e-02
   1.6983723e-02
   1.2407020e-02
   5.4488603e-02
   1.7872136e-02
   3.6058255e-02
   2.3430463e-02
   4.5154892e-02
   1.5839573e-02
   1.0408401e-02
   1.0896447e-02
   7.9597337e-03
   4.4837366e-03
   1.1378538e-02
   1.3512218e-02
   1.1832270e-02
   1.5966464e-02
   6.0263302e-02
   1.7471904e-02
   4.7578324e-02
   2.1612259e-02
   3.9802574e-02
   3.4080330e-02
   3.4904923e-02
   1.6935075e-02
   1.1903803e-02
   1.9702516e-02
   1.4966994e-02
   3.3022454e-03
   2.3087336e-02
   3.8928386e-02
   2.2359259e-02
   2.3094248e-02
   7.9583660e-02
   2.0287603e-02
   7.2833844e-02
   5.4138821e-02
   3.3075728e-02
   2.9252443e-02
   9.3140125e-02
   1.9678351e-02
   1.3452523e-02
   1.9871460e-02
   2.7062686e-02
   3.4801464e-03
   3.1843975e-02
   5.9552740e-02
   1.6155114e-02
   3.7411664e-02
   2.4170361e-02
   1.4822912e-02
   1.1223816e-01
   7.5449117e-02
   3.1828299e-02
   2.5277056e-02
   1.4901704e-01
   1.8548345e-02
   1.6078262e-02
   1.5606707e-02
   2.2142818e-02
   2.1231708e-03
   1.2546781e-02
   2.2155367e-02
   1.5436710e-02
   2.5564317e-02
   1.2078634e-02
   1.2648307e-02
   7.3842980e-02
   3.8176995e-02
   2.9208755e-02
   2.2170788e-02
   5.4028638e-02
   8.7885996e-03
   1.4459372e-02
   1.1012600e-02
   1.3613299e-02
   3.2756797e-03
   7.3938416e-03
   9.5298560e-03
   2.1802807e-02
   4.1139107e-02
   2.9682999e-02
   1.8265447e-02
   1.0615827e-01
   3.3970535e-02
   3.7493996e-02
   3.1175619e-02
   9.8296747e-02
   1.6615223e-02
   1.6918840e-02
   1.6938066e-02
   2.2653572e-02
   2.6432374e-02
   3.1781748e-02
   1.9514443e-02
