   2.1798490e-02
   2.7568016e-02
   3.6680419e-02
   1.4840482e-02
   3.2375265e-02
   2.5754197e-02
   4.9719613e-02
   1.2155274e-02
   3.0081807e-02
   2.5610827e-02
   4.6337575e-02
   1.2865878e-02
   2.8570257e-02
   2.9820947e-02
   3.5493590e-02
   1.5502376e-02
   2.2177404e-02
   3.6761094e-02
   3.5124201e-02
   1.4786895e-02
   2.8933423e-02
   2.9880146e-02
   4.5581993e-02
   1.2494963e-02
   2.9105626e-02
   2.7791468e-02
   4.2938676e-02
   1.2191150e-02
   2.8326349e-02
   2.8213743e-02
   3.4550093e-02
   1.5037707e-02
   2.1173982e-02
   4.2071961e-02
   3.6480233e-02
   1.4717952e-02
   2.7316011e-02
   3.3928640e-02
   4.4166714e-02
   1.2565806e-02
   3.1388782e-02
   2.6769755e-02
   4.1808311e-02
   1.2532002e-02
   3.0014878e-02
   2.5303259e-02
   3.5167966e-02
   1.4919713e-02
   6.4624935e-02
   4.1314155e-02
   4.2202678e-02
   1.9282177e-02
   7.8871883e-02
   3.8532600e-02
   4.5963682e-02
   1.7018463e-02
   8.4832855e-02
   2.8161233e-02
   5.8289897e-02
   1.6881190e-02
   8.6204730e-02
   2.7816616e-02
   5.2306086e-02
   1.9935163e-02
   1.5519987e-01
   5.5871539e-02
   5.9582658e-02
   2.8065037e-02
   1.7939787e-01
   3.9750468e-02
   5.3436242e-02
   2.5423579e-02
   1.9463909e-01
   3.4559716e-02
   6.6009857e-02
   2.5933184e-02
   2.0586362e-01
   3.2911878e-02
   8.6445697e-02
   2.9743990e-02
   6.5856352e-02
   3.9465759e-02
   4.6179142e-02
   1.8450847e-02
   8.0587476e-02
   2.9423103e-02
   4.6151433e-02
   1.5660910e-02
   9.0227641e-02
   2.9484520e-02
   4.3697074e-02
   1.6575227e-02
   9.1288038e-02
   2.9326422e-02
   4.8864644e-02
   1.9193370e-02
   2.0784657e-02
   4.1654944e-02
   3.9248955e-02
   1.5259409e-02
   2.8286971e-02
   2.8613854e-02
   4.1233227e-02
   1.2770252e-02
   3.3647954e-02
   2.8255653e-02
   4.0620033e-02
   1.2194045e-02
   3.2512698e-02
   2.8360780e-02
   3.5664495e-02
   1.6235163e-02
   2.0846816e-02
   3.7218969e-02
   3.8478959e-02
   1.5520836e-02
   2.9741574e-02
   2.6677612e-02
   4.6667416e-02
   1.2607035e-02
   2.9951397e-02
   2.5913829e-02
   4.2001948e-02
   1.2813506e-02
   2.9397978e-02
   2.9787706e-02
   3.4378074e-02
   1.6231157e-02
   1.6372528e-02
   3.0949272e-02
   4.0857181e-02
   8.7990332e-03
   2.9284611e-02
   2.4937300e-02
   4.4830658e-02
   7.1049132e-03
   2.8017279e-02
   2.4202373e-02
   4.3282073e-02
   8.1744436e-03
   2.4381448e-02
   3.5120979e-02
   3.1587061e-02
   1.0321343e-02
   1.6784428e-02
   3.8390383e-02
   3.6888350e-02
   8.4964214e-03
   2.9868988e-02
   2.5900451e-02
   4.2038325e-02
   6.7708776e-03
   2.6905689e-02
   2.2533011e-02
   4.4037204e-02
   7.1455510e-03
   2.3883326e-02
   3.0337455e-02
   2.7778652e-02
   9.7768158e-03
   2.0116562e-02
   4.3269906e-02
   3.4452509e-02
   8.6607151e-03
   2.9729640e-02
   3.0827798e-02
   4.2215906e-02
   7.3595620e-03
   3.4357719e-02
   2.5139188e-02
   4.3862808e-02
   7.7681867e-03
   2.8426848e-02
   2.8071791e-02
   3.2397497e-02
   9.6924724e-03
   9.5045596e-02
   4.0529847e-02
   4.5958534e-02
   1.7539164e-02
   1.0838883e-01
   4.2568073e-02
   4.8277821e-02
   1.6123462e-02
   1.1649314e-01
   3.0856546e-02
   7.8731269e-02
   1.5571212e-02
   1.1353302e-01
   2.9916961e-02
   5.7306837e-02
   1.8324193e-02
   2.3372759e-01
   4.9770996e-02
   7.3846042e-02
   3.1440794e-02
   2.5126085e-01
   4.5290973e-02
   6.2427342e-02
   3.0332260e-02
   2.6064801e-01
   3.8916692e-02
   8.3957434e-02
   3.0393073e-02
   2.6631019e-01
   3.7959971e-02
   1.0508955e-01
   3.5812270e-02
   9.8035708e-02
   3.9094437e-02
   4.8879288e-02
   1.4831740e-02
   1.1621551e-01
   2.9140783e-02
   4.6505269e-02
   1.3807315e-02
   1.2248275e-01
   2.8206237e-02
   4.6358477e-02
   1.4770690e-02
   1.1937330e-01
   2.7987409e-02
   4.9812023e-02
   1.6961731e-02
   1.8688984e-02
   4.1757774e-02
   3.7459005e-02
   9.9268043e-03
   3.2551501e-02
   2.3234857e-02
   4.0819984e-02
   8.0711273e-03
   3.7468925e-02
   2.6042331e-02
   3.7458330e-02
   8.1820693e-03
   3.2458242e-02
   2.5463693e-02
   2.7897498e-02
   1.0360585e-02
   1.6866745e-02
   3.7827704e-02
   3.7877280e-02
   8.8843284e-03
   2.8963517e-02
   2.3243247e-02
   4.2137485e-02
   7.8747133e-03
   2.7826576e-02
   2.3264740e-02
   3.7361886e-02
   7.7678822e-03
   2.4111990e-02
   3.1099018e-02
   2.8954569e-02
   1.0315340e-02
   1.8328609e-02
   4.1610952e-02
   4.6379860e-02
   5.6793564e-03
   3.3066701e-02
   2.5920417e-02
   5.8953367e-02
   5.2138795e-03
   3.6485698e-02
   3.2200512e-02
   4.1365199e-02
   6.2279459e-03
   3.0274814e-02
   4.3148436e-02
   3.1681035e-02
   7.1597281e-03
   1.8536318e-02
   3.4510240e-02
   4.2414099e-02
   5.1634279e-03
   4.4854298e-02
   2.3905694e-02
   4.3899968e-02
   5.2695740e-03
   2.9654745e-02
   2.4073249e-02
   4.4573318e-02
   5.8442974e-03
   3.1762645e-02
   3.6092822e-02
   3.2710452e-02
   7.0473431e-03
   2.3667237e-02
   3.6183864e-02
   3.7021499e-02
   6.5080216e-03
   3.7292093e-02
   3.3608533e-02
   4.6039052e-02
   5.0606094e-03
   4.0106118e-02
   2.6058974e-02
   5.5098254e-02
   7.0349867e-03
   3.5998534e-02
   2.4282455e-02
   3.6147390e-02
   9.7402958e-03
   8.9708038e-02
   4.1271135e-02
   5.3261574e-02
   2.3915598e-02
   9.5458202e-02
   5.3953782e-02
   5.3513564e-02
   2.4002727e-02
   9.6363373e-02
   3.3813253e-02
   1.0213939e-01
   2.5171665e-02
   9.3678385e-02
   3.0169634e-02
   6.8504244e-02
   2.7296148e-02
   2.2085841e-01
   4.6046484e-02
   9.8281279e-02
   5.2089389e-02
   2.0345822e-01
   5.6961931e-02
   7.0664741e-02
   5.2880555e-02
   2.0679785e-01
   4.4414945e-02
   9.5458686e-02
   5.2836075e-02
   2.0716225e-01
   4.7373135e-02
   1.2045658e-01
   5.6849174e-02
   9.4069861e-02
   4.2690396e-02
   6.3946053e-02
   2.0143041e-02
   1.0061011e-01
   3.4968294e-02
   4.9765561e-02
   2.0000422e-02
   1.0382611e-01
   2.9922895e-02
   5.1514659e-02
   2.1227971e-02
   9.7233288e-02
   2.8193906e-02
   5.3134646e-02
   2.2513943e-02
   2.1864798e-02
   3.9700378e-02
   4.1533288e-02
   6.6001927e-03
   4.2019468e-02
   2.2349825e-02
   3.6622442e-02
   6.7275991e-03
   4.2578764e-02
   3.0106647e-02
   3.8737241e-02
   7.4460641e-03
   4.1708447e-02
   2.4424439e-02
   2.8267931e-02
   8.2389843e-03
   1.8305015e-02
   3.8460940e-02
   3.9815631e-02
   6.8341922e-03
   3.7980676e-02
   2.4004821e-02
   5.4465521e-02
   6.2334840e-03
   3.3174746e-02
   3.0537494e-02
   3.9018538e-02
   6.1438982e-03
   2.6160963e-02
   3.5731755e-02
   2.9879700e-02
   7.2079939e-03
   2.3818415e-02
   4.8950765e-02
   5.8960602e-02
   6.5947268e-03
   3.8457997e-02
   3.7932333e-02
   7.2855003e-02
   6.0718874e-03
   4.5173410e-02
   3.5291262e-02
   5.4321557e-02
   6.3228323e-03
   2.2376580e-02
   3.4691054e-02
   4.0436972e-02
   7.1331062e-03
   2.1295162e-02
   3.2238953e-02
   5.9431043e-02
   6.4997091e-03
   5.6983687e-02
   2.9362457e-02
   5.6171607e-02
   5.0566001e-03
   2.4581265e-02
   3.0373065e-02
   6.7133479e-02
   7.4874870e-03
   3.1356558e-02
   3.9084937e-02
   3.4280527e-02
   7.3474082e-03
   2.5111312e-02
   3.6851790e-02
   6.0093537e-02
   8.1083821e-03
   3.8925774e-02
   3.7594762e-02
   5.0373003e-02
   5.7833744e-03
   2.5820948e-02
   3.1696554e-02
   6.9088638e-02
   9.4298525e-03
   3.4595966e-02
   2.1494351e-02
   3.9730396e-02
   1.0787325e-02
   5.8869459e-02
   6.1519489e-02
   6.5016493e-02
   3.9547391e-02
   5.7918511e-02
   7.3372789e-02
   6.0930863e-02
   4.2824272e-02
   5.7718635e-02
   4.7588814e-02
   8.5455351e-02
   4.0120449e-02
   6.6180214e-02
   4.4557538e-02
   5.9520505e-02
   4.1393355e-02
   1.2466151e-01
   5.1970381e-02
   1.2435577e-01
   9.3653269e-02
   1.2488979e-01
   8.4297292e-02
   9.8026022e-02
   9.6827812e-02
   1.2224646e-01
   7.1105868e-02
   8.0250964e-02
   9.1705248e-02
   1.2150741e-01
   8.3286718e-02
   8.4355287e-02
   9.2739604e-02
   5.9549954e-02
   5.7757594e-02
   7.8116097e-02
   3.3047620e-02
   7.1921952e-02
   5.1511109e-02
   6.4436100e-02
   3.4587648e-02
   5.8312669e-02
   4.9127694e-02
   7.0957333e-02
   3.2899614e-02
   5.5276610e-02
   4.1042112e-02
   4.7999118e-02
   3.4250312e-02
   2.2263005e-02
   3.9066341e-02
   6.3516341e-02
   5.6571704e-03
   4.0018659e-02
   3.1274613e-02
   4.0978421e-02
   8.0117323e-03
   1.9756526e-02
   3.7602328e-02
   5.0963260e-02
   8.8633616e-03
   4.2101610e-02
   2.5285276e-02
   3.0204607e-02
   7.8239441e-03
   2.6409535e-02
   3.8900927e-02
   6.5141879e-02
   7.5891344e-03
   3.6615353e-02
   3.2844938e-02
   6.4497940e-02
   6.6941460e-03
   3.5035651e-02
   3.2856692e-02
   5.7063993e-02
   7.5620594e-03
   2.4839042e-02
   3.7503775e-02
   4.2932320e-02
   6.4610108e-03
