   3.0578362e-02
   4.2880479e-02
   3.3624101e-02
   1.5853623e-02
   3.0739279e-02
   3.2331403e-02
   5.3669605e-02
   1.9638618e-02
   2.7640164e-02
   1.3385518e-02
   4.8222236e-02
   3.5228405e-02
   2.8863348e-02
   2.3708185e-02
   1.9187806e-02
   2.3621611e-02
   2.8015712e-02
   3.6749661e-02
   3.2881055e-02
   1.6346168e-02
   2.7336940e-02
   3.0113570e-02
   4.0015943e-02
   1.7922046e-02
   2.6520289e-02
   1.4640925e-02
   3.3761974e-02
   2.3189601e-02
   2.9040493e-02
   1.9571811e-02
   1.9767901e-02
   2.2358026e-02
   2.8899891e-02
   3.5027180e-02
   3.0889733e-02
   2.1233734e-02
   2.5501302e-02
   3.0135594e-02
   3.1581089e-02
   2.3548031e-02
   2.5420506e-02
   1.4545350e-02
   2.5943348e-02
   2.0664250e-02
   3.0952800e-02
   1.8115373e-02
   2.1125626e-02
   2.4095511e-02
   3.1948324e-02
   4.3083444e-02
   3.8492985e-02
   2.4304420e-02
   2.8336871e-02
   3.7723061e-02
   4.3237660e-02
   3.5136431e-02
   2.9951114e-02
   1.8453086e-02
   4.1733649e-02
   3.7822511e-02
   3.5478827e-02
   2.0885844e-02
   4.2568795e-02
   4.7715619e-02
   4.8293814e-02
   9.6715681e-02
   4.5354664e-02
   2.5039664e-02
   7.1291961e-02
   6.7753859e-02
   4.9415577e-02
   2.5651492e-02
   9.9251173e-02
   4.4184554e-02
   5.3561632e-02
   2.9284086e-02
   1.3711141e-01
   2.8180819e-02
   5.5525780e-02
   3.9474372e-02
   1.1038268e-01
   1.2901142e-01
   3.4523930e-02
   2.9697463e-02
   1.4653006e-01
   7.9172246e-02
   3.8144659e-02
   2.6772223e-02
   1.6202098e-01
   4.5771040e-02
   3.5450201e-02
   1.8597074e-02
   1.8741567e-01
   2.8124202e-02
   2.7390584e-02
   2.2260562e-02
   8.4494650e-02
   5.6683883e-02
   2.7713424e-02
   2.0180484e-02
   7.3019765e-02
   3.9332204e-02
   3.3907011e-02
   2.4597576e-02
   5.9814535e-02
   1.6707437e-02
   2.6799561e-02
   1.6938504e-02
   5.3029492e-02
   2.5996257e-02
   2.1115331e-02
   2.1642167e-02
   3.4149084e-02
   3.8551871e-02
   2.9329078e-02
   1.5515327e-02
   3.0704359e-02
   3.1449173e-02
   4.0748969e-02
   2.1120822e-02
   2.8990524e-02
   1.3720623e-02
   3.3611823e-02
   2.3310602e-02
   2.8487097e-02
   2.5669340e-02
   1.8365594e-02
   2.2489520e-02
   3.7313625e-02
   5.1974539e-02
   3.6550891e-02
   1.3407685e-02
   3.6128640e-02
   3.6387756e-02
   4.7697004e-02
   2.3753816e-02
   3.0135682e-02
   1.4197038e-02
   4.5875434e-02
   2.5052089e-02
   1.9537687e-02
   2.9158637e-02
   2.0564171e-02
   1.3673197e-02
   3.3710763e-02
   4.2262748e-02
   3.5264987e-02
   1.3973301e-02
   3.1979736e-02
   3.5432667e-02
   3.8448781e-02
   1.8740367e-02
   2.7224559e-02
   1.5005852e-02
   3.4078956e-02
   1.6942225e-02
   1.8967884e-02
   2.3924246e-02
   1.6858794e-02
   1.2369145e-02
   3.6621843e-02
   4.0579244e-02
   3.8073160e-02
   1.9600768e-02
   3.1565852e-02
   3.8400549e-02
   3.1385224e-02
   2.4221525e-02
   2.9141979e-02
   1.3642780e-02
   3.0861197e-02
   2.0053199e-02
   2.0978918e-02
   2.0966729e-02
   1.6148418e-02
   1.7118476e-02
   4.1786641e-02
   4.7359753e-02
   4.6860173e-02
   2.4434954e-02
   3.9964858e-02
   4.6715137e-02
   5.2387726e-02
   3.5963185e-02
   4.2018361e-02
   1.8282697e-02
   5.3540435e-02
   3.8706660e-02
   4.0124997e-02
   2.2749165e-02
   4.9004003e-02
   5.0636739e-02
   7.8128286e-02
   8.8349700e-02
   5.4716382e-02
   2.7781706e-02
   1.2057805e-01
   6.3413024e-02
   6.1948802e-02
   2.9054008e-02
   1.5358409e-01
   3.9114505e-02
   5.9752725e-02
   3.0837771e-02
   1.8506999e-01
   3.4222577e-02
   6.5142579e-02
   4.0639248e-02
   1.9426839e-01
   1.2559834e-01
   3.7989724e-02
   3.1715583e-02
   2.5673869e-01
   7.3626138e-02
   4.8792310e-02
   3.2139566e-02
   2.6253107e-01
   4.1369177e-02
   4.1148387e-02
   1.7064610e-02
   2.6526290e-01
   3.1479187e-02
   2.2474889e-02
   1.4028203e-02
   1.4391585e-01
   6.4092800e-02
   3.1800851e-02
   2.1094080e-02
   1.2772287e-01
   4.2996526e-02
   3.4336675e-02
   3.2102574e-02
   1.0043160e-01
   1.6326770e-02
   2.9275602e-02
   1.4562832e-02
   7.7164829e-02
   2.6254190e-02
   1.5996106e-02
   1.1513978e-02
   5.1367264e-02
   4.8051413e-02
   3.3973560e-02
   1.5349121e-02
   4.1999806e-02
   3.4850851e-02
   3.6501609e-02
   2.7191235e-02
   3.6304452e-02
   1.2546975e-02
   3.3956595e-02
   1.8114356e-02
   2.3159014e-02
   2.9507350e-02
   1.8420018e-02
   1.1600912e-02
   6.0312908e-02
   4.7926761e-02
   4.2982742e-02
   1.4260276e-02
   5.2652206e-02
   4.7827344e-02
   5.6152981e-02
   2.6472585e-02
   4.2515971e-02
   1.9379567e-02
   5.3996600e-02
   2.6811371e-02
   2.2853915e-02
   3.8499326e-02
   1.7419335e-02
   7.9337573e-03
   5.4750469e-02
   4.1226830e-02
   4.5735523e-02
   1.4697142e-02
   4.9416378e-02
   4.5596212e-02
   4.8752747e-02
   2.1938244e-02
   4.3060284e-02
   1.8307203e-02
   4.5067661e-02
   2.0591803e-02
   2.3201667e-02
   3.1079287e-02
   1.3563109e-02
   8.4518772e-03
   6.9792800e-02
   4.3096095e-02
   4.7302686e-02
   2.0725418e-02
   5.0879799e-02
   4.9410686e-02
   3.8888846e-02
   2.5838075e-02
   4.5660809e-02
   1.9587081e-02
   5.3352617e-02
   2.5632299e-02
   2.6253063e-02
   2.2614470e-02
   1.9537458e-02
   1.7419899e-02
   7.2162732e-02
   4.5903601e-02
   6.9553465e-02
   3.0932417e-02
   6.3791223e-02
   5.2218828e-02
   7.4147291e-02
   4.2991217e-02
   6.6909336e-02
   2.6366593e-02
   8.0473974e-02
   4.7048613e-02
   4.6453852e-02
   2.3704939e-02
   6.8986781e-02
   5.1262449e-02
   1.0402220e-01
   7.7378459e-02
   8.4671170e-02
   3.9163623e-02
   1.1334946e-01
   6.5804563e-02
   8.4795401e-02
   3.8251553e-02
   1.2483898e-01
   5.2401677e-02
   6.9356948e-02
   4.2558849e-02
   1.4471595e-01
   4.2190731e-02
   8.8125020e-02
   3.9124805e-02
   2.7493188e-01
   8.1203878e-02
   4.9713437e-02
   3.6526561e-02
   2.8184396e-01
   7.0051432e-02
   5.7916064e-02
   2.9882826e-02
   2.3992200e-01
   5.0601456e-02
   4.5271028e-02
   2.2361826e-02
   2.2085924e-01
   3.5189271e-02
   2.7849220e-02
   1.1459375e-02
   2.2379212e-01
   4.6237554e-02
   3.8528696e-02
   1.8422477e-02
   1.6733655e-01
   4.1118242e-02
   4.0517472e-02
   2.9797157e-02
   1.1493828e-01
   1.7274527e-02
   3.2354586e-02
   1.6851626e-02
   7.7139571e-02
   2.3355687e-02
   1.5025253e-02
   7.4192770e-03
   8.5146919e-02
   4.1290991e-02
   3.9066106e-02
   1.3963523e-02
   6.6736028e-02
   4.5423936e-02
   3.9629657e-02
   2.9419081e-02
   5.7991929e-02
   1.7680828e-02
   4.3148704e-02
   1.7253872e-02
   2.4914760e-02
   3.0830864e-02
   1.5570589e-02
   6.8667326e-03
   7.9900816e-02
   4.4605855e-02
   4.5070153e-02
   1.5380945e-02
   6.6606678e-02
   6.0893670e-02
   7.0645347e-02
   2.1969790e-02
   5.8038045e-02
   2.5258064e-02
   7.5911544e-02
   3.6892287e-02
   3.0995235e-02
   3.2232814e-02
   2.1869944e-02
   8.1300512e-03
   6.9623649e-02
   3.9247572e-02
   6.4288594e-02
   1.5297572e-02
   6.5669708e-02
   6.5893762e-02
   7.1369343e-02
   2.4174605e-02
   5.2698892e-02
   3.2073103e-02
   6.7888819e-02
   3.0522102e-02
   3.1697895e-02
   2.9903946e-02
   1.7918592e-02
   8.1179971e-03
   9.6350379e-02
   3.3977140e-02
   7.2314307e-02
   2.5048804e-02
   4.5823798e-02
   7.0083782e-02
   6.9232047e-02
   2.8306013e-02
   5.0656978e-02
   3.1825244e-02
   6.4878665e-02
   4.0382240e-02
   3.2370944e-02
   2.4794064e-02
   2.5502831e-02
   2.2707555e-02
   7.8601755e-02
   4.2541243e-02
   1.0466854e-01
   4.4735484e-02
   6.5595090e-02
   7.6941133e-02
   1.1072690e-01
   5.8644351e-02
   7.1311250e-02
   3.1537857e-02
   9.7062133e-02
   7.2965764e-02
   4.4334915e-02
   2.6913265e-02
   8.3711594e-02
   7.3870100e-02
   7.3969021e-02
   9.2602581e-02
   1.0775388e-01
   6.4157277e-02
   5.2809376e-02
   9.9481516e-02
   1.2280903e-01
   5.8495879e-02
   5.3417969e-02
   8.9421690e-02
   9.0711974e-02
   5.9776846e-02
   7.5958110e-02
   7.2238036e-02
   1.0773898e-01
   5.8942851e-02
   1.6097029e-01
   9.3943112e-02
   5.8046874e-02
   5.4356251e-02
   1.0302073e-01
   9.7831443e-02
   8.7114178e-02
   2.8415438e-02
   8.8209450e-02
   8.9274347e-02
   6.2177971e-02
   3.5826810e-02
   8.3921798e-02
   5.5009466e-02
   3.4278639e-02
   1.5274912e-02
   1.7473577e-01
   4.3640226e-02
   4.6578329e-02
   2.1008056e-02
   9.8167881e-02
   6.1791535e-02
   4.9938619e-02
   2.3947345e-02
   7.7275172e-02
   2.2994401e-02
   3.6439601e-02
   2.4624569e-02
   4.0491760e-02
   1.9307965e-02
   1.8437948e-02
   1.0042454e-02
   9.2653446e-02
   4.6274409e-02
   3.2780062e-02
   1.3044373e-02
   6.3960597e-02
   7.0274651e-02
   5.4165479e-02
   1.9769371e-02
   7.1403474e-02
   1.9934010e-02
   6.5870360e-02
   2.1810591e-02
   3.3151068e-02
   2.8443832e-02
   1.8002408e-02
   6.3518663e-03
