   3.5534993e-02
   5.9851788e-02
   5.3328902e-02
   1.1972350e-02
   6.7934126e-02
   1.4497384e-01
   9.0935864e-02
   1.3031647e-02
   7.9838105e-02
   1.3254794e-01
   6.2755980e-02
   1.1115814e-02
   3.5707001e-02
   4.0115960e-02
   2.1773046e-02
   1.2020228e-02
   4.7025986e-02
   2.7766353e-02
   2.4954434e-02
   9.0379883e-03
   9.5758818e-02
   9.9637143e-02
   4.4458184e-02
   1.0181353e-02
   4.2015713e-02
   6.7473769e-02
   3.3705682e-02
   1.0178071e-02
   3.0840429e-02
   3.3955023e-02
   2.0454420e-02
   1.2612830e-02
   6.0022149e-02
   8.9980317e-03
   9.6508488e-03
   8.2182977e-03
   5.6845270e-02
   5.4396160e-02
   1.5281801e-02
   8.8882828e-03
   3.5389908e-02
   3.0715136e-02
   1.7412478e-02
   9.9065052e-03
   3.0008592e-02
   3.2499064e-02
   2.6947588e-02
   1.4051597e-02
   3.3272497e-02
   1.3364023e-02
   1.2683890e-02
   1.2800409e-02
   4.0697545e-02
   4.1673925e-02
   1.7837841e-02
   1.3196569e-02
   3.8049079e-02
   3.7927333e-02
   2.3502909e-02
   1.4276995e-02
   3.4055088e-02
   3.9291844e-02
   3.8075957e-02
   1.7748086e-02
   2.2252528e-02
   1.3397671e-02
   2.5533272e-02
   2.6449924e-02
   4.8264742e-02
   3.9562397e-02
   3.0866574e-02
   2.4346840e-02
   4.6223953e-02
   4.7293503e-02
   3.5087947e-02
   2.5527729e-02
   4.3511212e-02
   6.7872763e-02
   4.4782721e-02
   2.6243398e-02
   1.8039415e-02
   7.8851283e-03
   2.6728917e-02
   1.6491627e-02
   3.6774933e-02
   3.0248566e-02
   2.4441071e-02
   1.5678765e-02
   4.0896967e-02
   4.7046032e-02
   1.9021774e-02
   1.6039174e-02
   6.5799266e-02
   1.3043183e-01
   2.6723461e-02
   1.7848907e-02
   1.7514503e-02
   7.0218411e-03
   1.5032511e-02
   9.6233292e-03
   3.0914625e-02
   2.7831046e-02
   1.5286140e-02
   1.0623737e-02
   4.7125671e-02
   6.0320124e-02
   1.2976897e-02
   1.0583994e-02
   1.0594887e-01
   1.0380828e-01
   1.8305661e-02
   1.2361245e-02
   2.3063492e-02
   2.3400772e-02
   2.3691837e-02
   9.9179931e-03
   3.6023509e-02
   6.3990615e-02
   3.8168047e-02
   1.0983814e-02
   8.6680986e-02
   8.7867834e-02
   2.8615978e-02
   1.0399272e-02
   6.8820760e-02
   4.6404425e-02
   1.8236652e-02
   1.1818510e-02
   5.4100983e-02
   9.1452144e-02
   7.4131295e-02
   1.3443782e-02
   1.0447901e-01
   2.3575798e-01
   1.5547009e-01
   1.4584100e-02
   1.2157861e-01
   2.1726838e-01
   1.2458677e-01
   1.0723225e-02
   4.8986200e-02
   4.3107044e-02
   2.2396950e-02
   8.0615738e-03
   7.4225388e-02
   4.1617297e-02
   3.6788195e-02
   7.9067079e-03
   1.5666784e-01
   1.5518036e-01
   7.4837126e-02
   8.7185493e-03
   5.3480420e-02
   1.1212266e-01
   6.3773476e-02
   7.9663703e-03
   3.7029084e-02
   3.5280228e-02
   2.1861320e-02
   8.9586796e-03
   9.5768988e-02
   1.3731270e-02
   1.5023265e-02
   6.2702396e-03
   9.1580905e-02
   7.8773521e-02
   2.0304481e-02
   6.2530790e-03
   4.3728318e-02
   4.7167417e-02
   2.4866171e-02
   6.9547319e-03
   3.6477700e-02
   3.6905386e-02
   3.6792871e-02
   1.1893108e-02
   4.9841560e-02
   2.1163024e-02
   2.1014884e-02
   1.4129906e-02
   5.8878388e-02
   6.2233780e-02
   2.1682339e-02
   1.4959952e-02
   4.7715884e-02
   5.4756910e-02
   2.9945998e-02
   1.6594497e-02
   4.3298181e-02
   4.8810691e-02
   4.8663389e-02
   1.9963549e-02
   2.8882205e-02
   2.0505488e-02
   4.4276573e-02
   3.4336600e-02
   6.2075641e-02
   5.1158231e-02
   4.4496622e-02
   3.4857687e-02
   6.0215913e-02
   5.7473119e-02
   5.1691305e-02
   3.5493318e-02
   5.6219697e-02
   7.2280660e-02
   4.7908798e-02
   3.5201274e-02
   2.1519197e-02
   1.1421554e-02
   4.9885824e-02
   1.7865533e-02
   4.6121806e-02
   4.2284217e-02
   3.4183607e-02
   1.8672688e-02
   5.6404058e-02
   6.6755176e-02
   2.4790097e-02
   1.8676268e-02
   1.0285208e-01
   1.1708108e-01
   2.6112312e-02
   1.8917201e-02
   2.1813219e-02
   8.5697807e-03
   2.7228927e-02
   7.4950145e-03
   3.7418172e-02
   3.8260229e-02
   1.8347181e-02
   8.9479368e-03
   7.3035598e-02
   9.3992613e-02
   1.5377182e-02
   8.7582739e-03
   1.7386948e-01
   1.1255007e-01
   1.8553065e-02
   9.4714770e-03
   3.1097651e-02
   3.2816716e-02
   3.2641355e-02
   9.1046821e-03
   4.4068620e-02
   9.8286979e-02
   5.9190668e-02
   1.0459864e-02
   1.3501190e-01
   1.3989010e-01
   4.7686934e-02
   8.1444634e-03
   1.1097658e-01
   5.6270637e-02
   1.7731404e-02
   8.1725102e-03
   9.4463415e-02
   1.2607081e-01
   1.2082560e-01
   1.8318309e-02
   1.6504058e-01
   1.4799000e-01
   8.7688155e-02
   1.1606071e-02
   1.8834567e-01
   1.4983071e-01
   7.4372396e-02
   7.9658022e-03
   8.7766096e-02
   4.0109407e-02
   2.0919925e-02
   6.3318308e-03
   1.2176460e-01
   5.9297454e-02
   5.8430966e-02
   1.0403479e-02
   2.3766726e-01
   1.1489753e-01
   4.6598595e-02
   8.5051209e-03
   9.0971299e-02
   8.1535935e-02
   4.0200889e-02
   6.3474029e-03
   6.3700855e-02
   3.9328631e-02
   2.8776443e-02
   7.0329434e-03
   1.4537814e-01
   1.8818505e-02
   2.3521235e-02
   7.1727037e-03
   1.3759436e-01
   8.1820145e-02
   1.2499853e-02
   6.4013372e-03
   7.1604475e-02
   5.6776047e-02
   1.9059934e-02
   5.4680780e-03
   6.1527099e-02
   4.6901144e-02
   5.4533627e-02
   1.1128374e-02
   7.6683566e-02
   2.7827200e-02
   3.3877492e-02
   1.8620251e-02
   8.9957297e-02
   6.0684025e-02
   2.8084284e-02
   2.1521362e-02
   7.7665403e-02
   6.2133331e-02
   3.9946049e-02
   2.3892511e-02
   7.0465781e-02
   4.8975728e-02
   7.4295774e-02
   2.9068299e-02
   4.7820173e-02
   2.6660388e-02
   6.2862314e-02
   4.9731858e-02
   8.0798477e-02
   6.5300994e-02
   5.7889212e-02
   5.3645629e-02
   8.8731267e-02
   7.4685290e-02
   7.1163483e-02
   5.7110634e-02
   7.9046659e-02
   8.9977555e-02
   7.0044771e-02
   5.7765212e-02
   3.7717763e-02
   1.5357953e-02
   7.0530459e-02
   2.4506979e-02
   6.9804050e-02
   4.6532020e-02
   4.3723390e-02
   2.4529647e-02
   8.8535115e-02
   5.5665474e-02
   3.1601634e-02
   2.4235800e-02
   1.3860823e-01
   6.9820561e-02
   3.5472013e-02
   2.4221815e-02
   3.9304290e-02
   1.1416208e-02
   4.1936908e-02
   8.1449915e-03
   6.6885233e-02
   5.0048046e-02
   1.9658888e-02
   8.8217193e-03
   1.2507571e-01
   7.3917389e-02
   1.4027962e-02
   6.7840489e-03
   2.6934177e-01
   6.2207088e-02
   2.0621035e-02
   7.5505646e-03
   5.6989852e-02
   4.5030065e-02
   5.3145569e-02
   1.1122753e-02
   7.6240964e-02
   7.4241422e-02
   3.8128033e-02
   9.3297446e-03
   2.2562426e-01
   1.1444495e-01
   3.0919669e-02
   6.3067032e-03
   1.7773771e-01
   4.4440649e-02
   1.7495295e-02
   7.0963050e-03
   1.4138365e-01
   1.5192424e-01
   1.4910507e-01
   2.7015533e-02
   1.8567988e-01
   6.1227158e-02
   3.7055459e-02
   1.0367958e-02
   1.9585085e-01
   5.6429189e-02
   1.7254258e-02
   5.5251997e-03
   1.1945385e-01
   3.2781921e-02
   3.6167964e-02
   6.3634180e-03
   1.4663935e-01
   7.0612140e-02
   7.2998933e-02
   1.5425500e-02
   2.2402827e-01
   6.4688124e-02
   2.3506856e-02
   7.7326749e-03
   1.0294788e-01
   3.6001608e-02
   2.1427423e-02
   5.5234013e-03
   9.2237383e-02
   4.7976315e-02
   4.9410909e-02
   8.2383696e-03
   1.5959966e-01
   2.4072241e-02
   3.3810373e-02
   1.1138604e-02
   1.0944296e-01
   6.3587010e-02
   1.2711893e-02
   6.9566625e-03
   9.5592745e-02
   3.5991795e-02
   2.1776404e-02
   6.1974772e-03
   8.0923580e-02
   4.4267997e-02
   9.6599743e-02
   1.5078403e-02
   8.4414937e-02
   3.2064345e-02
   4.5901060e-02
   3.0083193e-02
   7.5289622e-02
   5.7091270e-02
   3.8785856e-02
   3.4677323e-02
   8.1568219e-02
   4.7435850e-02
   5.6924019e-02
   3.8905360e-02
   7.0515700e-02
   4.4612993e-02
   1.1974625e-01
   4.5131199e-02
   7.7215068e-02
   3.4916617e-02
   7.4748278e-02
   8.6329252e-02
   8.8432625e-02
   6.5010950e-02
   7.6622449e-02
   9.0184078e-02
   1.0529095e-01
   7.4621677e-02
   7.9666257e-02
   9.4324149e-02
   9.3285434e-02
   9.8765858e-02
   7.3230296e-02
   9.0542302e-02
   5.2385323e-02
   2.3145176e-02
   7.1533218e-02
   4.2536672e-02
   7.3060527e-02
   3.5489526e-02
   5.6456123e-02
   3.5938047e-02
   7.7095143e-02
   4.0781736e-02
   3.3861019e-02
   3.5161048e-02
   7.5659677e-02
   6.8374202e-02
   5.2795608e-02
   3.8449198e-02
   6.8527155e-02
   1.8313553e-02
   4.9888488e-02
   1.3631460e-02
   9.0215728e-02
   3.5963032e-02
   2.5165822e-02
   9.0795429e-03
   1.0731832e-01
   3.7077453e-02
   1.4385059e-02
   6.0324939e-03
   1.5001093e-01
   4.4536650e-02
   2.8405281e-02
   8.6194035e-03
   8.3313160e-02
   5.5215672e-02
   6.8819039e-02
   1.5207235e-02
   1.0268820e-01
   3.5028584e-02
   2.3946432e-02
   1.0724238e-02
   2.1535747e-01
   6.1801683e-02
   1.5873643e-02
   5.3087920e-03
   1.4463003e-01
   2.7558245e-02
   1.8580275e-02
   5.9091849e-03
