   2.4870079e-02
   9.4680823e-03
   3.6321435e-02
   1.3652788e-02
   3.5439912e-02
   3.8913563e-02
   5.6405410e-02
   1.5146240e-02
   3.5983466e-02
   3.7144627e-02
   3.5644632e-02
   1.0059023e-02
   7.2448604e-02
   7.9573169e-02
   9.5191032e-02
   2.6997572e-02
   2.2486113e-02
   8.9180730e-03
   3.0370599e-02
   1.3377509e-02
   3.1568971e-02
   2.6835937e-02
   3.7145562e-02
   1.2014742e-02
   3.3123024e-02
   2.4317151e-02
   2.2848764e-02
   1.0091418e-02
   3.9820138e-02
   3.2629769e-02
   4.1205369e-02
   1.8373471e-02
   3.7210941e-02
   8.5428003e-03
   2.7190723e-02
   1.2629788e-02
   6.1844718e-02
   2.0619351e-02
   2.8417669e-02
   1.1249686e-02
   7.3361136e-02
   2.5858570e-02
   1.9778555e-02
   1.0610132e-02
   3.2996032e-02
   1.0786023e-02
   1.3028836e-02
   1.5599362e-02
   1.1257204e-01
   9.1735395e-03
   3.0029463e-02
   1.3739306e-02
   1.7766611e-01
   2.8941052e-02
   3.6099926e-02
   1.2231596e-02
   1.6268697e-01
   6.3143067e-02
   4.1822717e-02
   1.5148068e-02
   4.2426154e-02
   1.0300943e-02
   1.4798007e-02
   2.3945719e-02
   7.5227804e-02
   1.0256774e-02
   3.4854647e-02
   1.4996516e-02
   1.0277478e-01
   3.3235293e-02
   4.4136532e-02
   1.3211344e-02
   8.3120413e-02
   7.1526431e-02
   6.3553974e-02
   1.5089167e-02
   2.5556117e-02
   1.1863326e-02
   1.6769497e-02
   2.2909068e-02
   2.2505635e-02
   9.9275680e-03
   3.3945668e-02
   1.3972968e-02
   3.1020870e-02
   2.4984149e-02
   3.5042707e-02
   1.2253770e-02
   3.4875609e-02
   3.6289766e-02
   4.5591973e-02
   1.1916868e-02
   1.9310575e-02
   1.1144659e-02
   1.3580333e-02
   1.5274744e-02
   2.3791160e-02
   9.3516363e-03
   2.9310789e-02
   1.2683270e-02
   3.2772649e-02
   2.2322541e-02
   3.3301078e-02
   1.0889784e-02
   3.3976734e-02
   2.3862096e-02
   2.3245199e-02
   1.0441869e-02
   2.1061370e-02
   1.1424864e-02
   1.2791582e-02
   1.4933800e-02
   2.5837926e-02
   8.9171696e-03
   3.2390684e-02
   1.2944878e-02
   3.4145068e-02
   2.9776026e-02
   4.3367635e-02
   1.2202951e-02
   3.6104325e-02
   2.5342492e-02
   2.1983109e-02
   9.8712016e-03
   3.7306488e-02
   3.7172697e-02
   4.1432798e-02
   1.8898724e-02
   1.7451843e-02
   7.3661455e-03
   3.6753338e-02
   1.0562046e-02
   2.5752960e-02
   4.7007658e-02
   6.4029604e-02
   1.9054698e-02
   3.3468682e-02
   3.8976993e-02
   4.0614814e-02
   6.3485084e-03
   1.1483724e-01
   1.3562550e-01
   1.5212427e-01
   3.3529345e-02
   1.9846527e-02
   6.6159219e-03
   3.0121071e-02
   8.8126762e-03
   2.7815163e-02
   2.7427655e-02
   3.9992664e-02
   1.0942175e-02
   3.6044557e-02
   2.8932333e-02
   2.5771650e-02
   6.8250019e-03
   5.6321271e-02
   5.2314814e-02
   6.2291190e-02
   2.1177111e-02
   5.5861041e-02
   7.0646056e-03
   2.6001498e-02
   7.9340190e-03
   9.9413611e-02
   2.1774095e-02
   3.0688534e-02
   7.8297965e-03
   1.1920825e-01
   2.9127445e-02
   1.7645979e-02
   8.0254721e-03
   4.8668042e-02
   1.1348963e-02
   1.6000178e-02
   2.0198112e-02
   1.6906102e-01
   7.9161627e-03
   3.0972278e-02
   9.5531112e-03
   2.7902615e-01
   3.4540430e-02
   4.2406227e-02
   9.8547153e-03
   2.6513693e-01
   6.4259164e-02
   3.9712906e-02
   1.4480582e-02
   6.4515553e-02
   1.0529080e-02
   1.6982600e-02
   2.8359776e-02
   1.1576635e-01
   8.3761252e-03
   4.2185035e-02
   1.2189608e-02
   1.5335852e-01
   3.8765568e-02
   5.3358346e-02
   1.2019157e-02
   1.3022427e-01
   7.5866573e-02
   5.8623753e-02
   1.4955404e-02
   3.5994325e-02
   1.3008754e-02
   2.1034366e-02
   2.7606722e-02
   2.6867295e-02
   8.0130612e-03
   3.5558585e-02
   9.8953871e-03
   3.8690638e-02
   2.6553495e-02
   3.9446346e-02
   1.0255688e-02
   4.7368463e-02
   4.2670690e-02
   3.5805430e-02
   9.7679058e-03
   2.1130964e-02
   1.3558022e-02
   1.6747201e-02
   1.6460294e-02
   1.7809574e-02
   7.9357121e-03
   2.9042002e-02
   8.0668051e-03
   2.5250543e-02
   2.2201195e-02
   3.6729977e-02
   8.3017042e-03
   3.3618011e-02
   2.1055700e-02
   1.7701076e-02
   7.2126971e-03
   2.0756038e-02
   1.2940259e-02
   1.6356973e-02
   1.3323721e-02
   1.6561581e-02
   7.7432077e-03
   3.1002354e-02
   9.3454709e-03
   2.4560124e-02
   3.3876907e-02
   4.3371670e-02
   1.2709714e-02
   3.2783337e-02
   2.5821563e-02
   2.5288885e-02
   6.2683974e-03
   5.3214155e-02
   5.9527297e-02
   6.4129256e-02
   2.0417184e-02
   2.2812895e-02
   7.9647601e-03
   5.2531097e-02
   1.2853792e-02
   3.2859635e-02
   6.1290424e-02
   9.6901715e-02
   3.2491878e-02
   5.0001431e-02
   4.9576469e-02
   5.1173523e-02
   6.2162075e-03
   1.9838551e-01
   1.9989608e-01
   1.7789021e-01
   3.9378062e-02
   2.7680123e-02
   7.3320991e-03
   4.2939015e-02
   9.8758852e-03
   4.0968038e-02
   3.4583241e-02
   5.3214062e-02
   1.7730311e-02
   6.0038794e-02
   3.5941474e-02
   3.3253353e-02
   6.2394170e-03
   8.6814716e-02
   7.9903379e-02
   7.6464102e-02
   2.9925436e-02
   7.0706993e-02
   7.7070976e-03
   3.7945602e-02
   7.3508066e-03
   1.2120067e-01
   2.6250776e-02
   3.7277058e-02
   9.2255715e-03
   1.5334794e-01
   2.4691312e-02
   2.0874428e-02
   7.4080452e-03
   7.0382617e-02
   1.7495448e-02
   1.9856753e-02
   3.7428673e-02
   1.9482535e-01
   9.5899506e-03
   4.0914305e-02
   9.2774518e-03
   2.6970407e-01
   4.7951583e-02
   5.0326150e-02
   1.0267710e-02
   2.8741834e-01
   4.2351004e-02
   4.4062864e-02
   2.1147281e-02
   9.3411244e-02
   1.4529496e-02
   2.1402216e-02
   5.2048597e-02
   1.3631888e-01
   9.9968864e-03
   5.6840971e-02
   1.3408422e-02
   1.3361259e-01
   4.1827582e-02
   6.0394898e-02
   1.3450850e-02
   1.3875790e-01
   7.7114731e-02
   5.6131415e-02
   2.2346791e-02
   5.8074571e-02
   1.7838083e-02
   2.7704386e-02
   5.1704559e-02
   4.2538751e-02
   7.3364726e-03
   4.9617756e-02
   1.0717088e-02
   5.3584576e-02
   3.2421418e-02
   4.0503856e-02
   1.0272244e-02
   7.2013758e-02
   4.9048748e-02
   2.5353733e-02
   1.1754191e-02
   2.8809844e-02
   1.8801382e-02
   2.0846816e-02
   2.8768815e-02
   2.8044719e-02
   6.0874773e-03
   3.9034579e-02
   8.8352943e-03
   3.5393964e-02
   2.6101716e-02
   3.8820062e-02
   9.7838128e-03
   5.5930238e-02
   2.3222759e-02
   1.7005978e-02
   6.3090730e-03
   2.8770473e-02
   1.7439792e-02
   2.0681093e-02
   2.1976363e-02
   2.1094380e-02
   6.3863415e-03
   4.3440893e-02
   1.0659140e-02
   3.5023917e-02
   3.9717272e-02
   5.9650134e-02
   1.8901613e-02
   5.2088022e-02
   3.6567345e-02
   3.3143077e-02
   5.5261008e-03
   8.5815720e-02
   8.6074650e-02
   7.7435128e-02
   2.7005682e-02
   3.5546731e-02
   1.4283644e-02
   5.9554957e-02
   2.1072667e-02
   5.1253609e-02
   7.6956294e-02
   1.5461941e-01
   5.7307694e-02
   4.9679786e-02
   3.2169826e-02
   4.3523476e-02
   6.8080616e-03
   3.1056896e-01
   2.8376237e-01
   2.5426772e-01
   6.1400883e-02
   4.0470827e-02
   1.1716824e-02
   6.3041553e-02
   1.5266859e-02
   5.0897703e-02
   5.1909894e-02
   8.6958125e-02
   3.5635307e-02
   7.2279595e-02
   2.8724022e-02
   3.8157776e-02
   7.7365432e-03
   1.1931946e-01
   1.0941711e-01
   1.1553697e-01
   4.8368350e-02
   6.6054888e-02
   1.0196501e-02
   6.7214020e-02
   1.1917785e-02
   8.0462940e-02
   4.2471204e-02
   5.7371866e-02
   1.7950840e-02
   1.0353948e-01
   3.0176509e-02
   2.9962307e-02
   9.8650167e-03
   4.6943143e-02
   2.5933687e-02
   2.8607184e-02
   4.7120973e-02
   1.1872029e-01
   1.1471675e-02
   6.3265294e-02
   1.3340279e-02
   1.2329841e-01
   7.8943737e-02
   6.4276546e-02
   1.2885530e-02
   1.2795334e-01
   5.7115022e-02
   5.2192751e-02
   3.1243464e-02
   5.6381989e-02
   2.1519026e-02
   2.6051322e-02
   8.2374267e-02
   9.4946429e-02
   1.3470056e-02
   8.9330480e-02
   2.0809835e-02
   7.0619382e-02
   6.3894302e-02
   7.6831281e-02
   2.2151323e-02
   7.5777486e-02
   1.1874136e-01
   6.5884106e-02
   3.0495536e-02
   5.0161686e-02
   2.7018605e-02
   3.3894334e-02
   8.4272750e-02
   4.8678130e-02
   1.0450165e-02
   7.8203827e-02
   1.4816307e-02
   5.8748201e-02
   4.5609951e-02
   5.5686481e-02
   1.4464381e-02
   9.6758895e-02
   7.2590522e-02
   4.0483650e-02
   1.7343627e-02
   3.1178722e-02
   3.0135302e-02
   2.7470930e-02
   4.3277930e-02
   4.6525765e-02
   8.4547540e-03
   6.3784160e-02
   1.2682375e-02
   4.4532686e-02
   3.6378283e-02
   5.1387753e-02
   1.4073909e-02
   7.3506601e-02
   2.4397325e-02
   2.7634913e-02
   5.8964831e-03
   3.0288076e-02
   2.4349457e-02
   2.5994012e-02
   4.1495208e-02
   2.6636779e-02
   1.0190184e-02
   6.8325877e-02
   1.5662678e-02
   4.3720286e-02
   5.9395690e-02
   8.4423520e-02
   3.1528071e-02
   7.6961711e-02
   3.0135682e-02
   2.4837773e-02
   6.1135436e-03
   1.3379419e-01
   1.3739571e-01
   1.1156166e-01
   4.4642460e-02
