   4.2706471e-02
   2.0650830e-02
   5.2371159e-02
   1.2862613e-02
   3.4521796e-02
   4.9683508e-02
   4.5444161e-02
   1.0093880e-02
   3.3999018e-02
   3.5800699e-02
   2.4939381e-02
   8.4067378e-03
   3.2545414e-02
   3.9532032e-02
   3.6102783e-02
   7.0662131e-03
   3.9671149e-02
   2.1582650e-02
   4.6901505e-02
   1.3316346e-02
   3.2058250e-02
   4.7369134e-02
   4.2465057e-02
   1.0739516e-02
   3.1864792e-02
   3.3546593e-02
   2.5553729e-02
   7.8638494e-03
   3.4669094e-02
   3.7672013e-02
   2.9393883e-02
   6.9613298e-03
   5.2071057e-02
   2.6337003e-02
   4.4370387e-02
   1.4176429e-02
   5.9169021e-02
   4.5819294e-02
   3.9988235e-02
   1.1601779e-02
   6.8353184e-02
   4.0197052e-02
   2.7361263e-02
   7.6414631e-03
   7.7622108e-02
   5.5358715e-02
   2.8285790e-02
   7.0823343e-03
   1.6454175e-01
   4.2709962e-02
   4.7893468e-02
   1.4067895e-02
   1.5938014e-01
   8.1979699e-02
   4.6565216e-02
   1.1214382e-02
   1.3680282e-01
   1.0510677e-01
   3.5465717e-02
   8.6451471e-03
   1.0263167e-01
   1.2754828e-01
   3.4653828e-02
   8.0524599e-03
   1.2209816e-01
   4.5502383e-02
   6.0016315e-02
   1.8873477e-02
   9.7430155e-02
   8.3343200e-02
   6.3260168e-02
   1.7081723e-02
   6.6733338e-02
   9.1126025e-02
   5.9085835e-02
   1.5344919e-02
   4.6887375e-02
   9.9079169e-02
   4.9769219e-02
   9.8339263e-03
   3.9967827e-02
   2.9585965e-02
   5.0991517e-02
   1.9396147e-02
   3.2058276e-02
   5.1167220e-02
   4.4239797e-02
   1.8974138e-02
   3.0437959e-02
   4.0828660e-02
   4.5108300e-02
   1.7346941e-02
   3.4624446e-02
   5.1114477e-02
   4.2834036e-02
   8.5576605e-03
   4.4329133e-02
   2.6007380e-02
   4.4172268e-02
   1.2558587e-02
   3.3315357e-02
   4.9298435e-02
   3.7254408e-02
   9.7410921e-03
   2.9952539e-02
   4.0586852e-02
   2.8132191e-02
   8.6526200e-03
   3.1496238e-02
   4.6744108e-02
   3.0728474e-02
   7.2928746e-03
   4.4193286e-02
   2.3310840e-02
   5.0753646e-02
   1.2756906e-02
   3.5753258e-02
   4.6640795e-02
   4.1332569e-02
   9.4371745e-03
   3.2495689e-02
   3.8822033e-02
   2.3175893e-02
   8.0614807e-03
   3.1199342e-02
   3.8757838e-02
   2.9312328e-02
   7.1269828e-03
   2.2714185e-02
   1.9298244e-02
   4.2269889e-02
   7.6427897e-03
   2.9797645e-02
   4.0391844e-02
   4.1417781e-02
   5.1363856e-03
   3.1496279e-02
   2.8498776e-02
   2.1486448e-02
   3.8473492e-03
   3.6279824e-02
   4.4743311e-02
   4.5097794e-02
   4.6884944e-03
   2.4143187e-02
   2.0265970e-02
   3.8478833e-02
   6.7966343e-03
   3.4766994e-02
   3.9431207e-02
   3.6116786e-02
   5.1595862e-03
   3.6238376e-02
   2.9003404e-02
   2.0738766e-02
   3.7579446e-03
   4.4666659e-02
   4.4788603e-02
   3.3942059e-02
   4.2436500e-03
   6.9822617e-02
   2.5641600e-02
   3.9471317e-02
   7.3485440e-03
   9.5163085e-02
   3.9412506e-02
   3.6764715e-02
   5.9749079e-03
   1.1378702e-01
   3.9482448e-02
   2.2433456e-02
   4.4126110e-03
   1.2224130e-01
   6.0767066e-02
   2.7565777e-02
   4.5377244e-03
   2.3723660e-01
   4.2657338e-02
   5.3313095e-02
   9.2659770e-03
   2.4780589e-01
   6.2495276e-02
   4.6039268e-02
   7.9451771e-03
   2.3036824e-01
   7.9387322e-02
   2.8366098e-02
   7.1048187e-03
   1.6895220e-01
   1.2335236e-01
   3.8699504e-02
   6.3775382e-03
   1.7039260e-01
   4.6656106e-02
   6.9943212e-02
   2.2536214e-02
   1.4678261e-01
   6.3285023e-02
   6.7100585e-02
   2.2658588e-02
   1.0892109e-01
   6.8221122e-02
   6.0419008e-02
   2.2221010e-02
   7.0779175e-02
   9.2393771e-02
   6.3899972e-02
   9.7313710e-03
   3.8801551e-02
   2.5439497e-02
   5.4193407e-02
   2.4838397e-02
   4.0814590e-02
   3.9484527e-02
   4.1324131e-02
   2.7732976e-02
   3.8968593e-02
   3.4705311e-02
   5.2839041e-02
   2.6817637e-02
   4.1123200e-02
   6.0578596e-02
   5.7078209e-02
   7.0445682e-03
   2.5134217e-02
   2.1009950e-02
   3.7131239e-02
   9.7168237e-03
   2.9340871e-02
   3.5177808e-02
   3.2514349e-02
   9.1100661e-03
   3.1064181e-02
   3.2891586e-02
   3.0004626e-02
   7.9346923e-03
   3.6253154e-02
   5.6290213e-02
   3.3544466e-02
   4.9583088e-03
   2.2569217e-02
   2.0215154e-02
   3.9785981e-02
   7.4985395e-03
   2.7018407e-02
   4.0089235e-02
   3.7960719e-02
   5.0751455e-03
   2.8510742e-02
   2.9621156e-02
   2.1260558e-02
   3.7877758e-03
   3.5941090e-02
   4.2843044e-02
   3.4165993e-02
   4.3797591e-03
   2.6736116e-02
   1.9182872e-02
   5.5080555e-02
   7.7099982e-03
   4.2688165e-02
   3.8736355e-02
   4.8561905e-02
   4.1446965e-03
   4.5277890e-02
   2.8279686e-02
   2.2973420e-02
   2.7390881e-03
   5.2881274e-02
   5.9732705e-02
   6.3616306e-02
   4.1445461e-03
   2.9312477e-02
   2.0377785e-02
   4.6093170e-02
   6.5520993e-03
   5.1593937e-02
   3.5645828e-02
   3.9552998e-02
   4.1134129e-03
   5.7818756e-02
   2.5863428e-02
   1.9902539e-02
   2.4226753e-03
   7.6855391e-02
   5.2399788e-02
   4.6274997e-02
   3.8199858e-03
   7.4365973e-02
   2.4382824e-02
   4.2923525e-02
   6.5482692e-03
   1.0860150e-01
   3.4987133e-02
   3.6641736e-02
   4.7448007e-03
   1.5346405e-01
   2.8914304e-02
   2.2657357e-02
   3.5170310e-03
   2.0161220e-01
   4.4337753e-02
   3.8304374e-02
   4.0861731e-03
   1.9247197e-01
   5.3566571e-02
   5.9556682e-02
   9.8689692e-03
   2.2229113e-01
   6.6178627e-02
   5.4003723e-02
   8.6452356e-03
   2.6589450e-01
   6.1685868e-02
   3.1048896e-02
   8.5060727e-03
   2.5800508e-01
   7.5096652e-02
   6.5673091e-02
   5.9779831e-03
   1.2276644e-01
   5.9864838e-02
   8.2328171e-02
   3.5517126e-02
   1.1824515e-01
   7.3166579e-02
   6.5244839e-02
   3.7810966e-02
   1.0583477e-01
   6.4747758e-02
   7.1403079e-02
   3.5496045e-02
   9.6236922e-02
   7.7570111e-02
   1.0214608e-01
   1.3368333e-02
   4.6808861e-02
   2.6271483e-02
   6.1155435e-02
   4.1260410e-02
   5.8015183e-02
   3.9596461e-02
   4.4427086e-02
   4.8344772e-02
   5.5555508e-02
   3.1483907e-02
   7.3026590e-02
   4.3650355e-02
   6.1381314e-02
   6.2153958e-02
   8.5896179e-02
   9.4299037e-03
   2.9651728e-02
   2.3032032e-02
   4.0144101e-02
   1.0953145e-02
   4.1555449e-02
   3.4136571e-02
   3.2821018e-02
   1.1833031e-02
   4.8891049e-02
   2.9851977e-02
   3.6831927e-02
   1.0155136e-02
   5.7053424e-02
   6.5508828e-02
   4.9093734e-02
   4.4545881e-03
   2.5342662e-02
   1.9137170e-02
   5.3124744e-02
   6.0340697e-03
   4.0970679e-02
   3.6932305e-02
   4.8331000e-02
   3.9497730e-03
   4.2794023e-02
   2.9197827e-02
   2.2981361e-02
   2.7319780e-03
   5.4069716e-02
   5.4418277e-02
   5.0996255e-02
   4.3188678e-03
   2.9243851e-02
   2.2158278e-02
   7.8936219e-02
   1.3331962e-02
   6.1240807e-02
   3.8995992e-02
   6.0098235e-02
   4.9159927e-03
   6.5199219e-02
   2.4443448e-02
   1.9939376e-02
   2.9740937e-03
   6.9366120e-02
   6.5644480e-02
   1.0403454e-01
   4.9625607e-03
   3.2898195e-02
   1.8537605e-02
   5.5510115e-02
   8.6336723e-03
   6.4295746e-02
   3.4532055e-02
   4.8592325e-02
   4.4039511e-03
   5.8439173e-02
   1.6592035e-02
   2.0966334e-02
   2.7663531e-03
   8.4215574e-02
   6.0457852e-02
   6.5339848e-02
   5.2124397e-03
   4.2381294e-02
   2.4984706e-02
   4.7417238e-02
   8.3492696e-03
   6.9720052e-02
   3.2508392e-02
   4.4790003e-02
   4.1156514e-03
   1.0879059e-01
   2.5154434e-02
   2.9977480e-02
   3.8908455e-03
   1.6123332e-01
   5.2930161e-02
   5.3473808e-02
   6.1326609e-03
   5.4278042e-02
   7.7526487e-02
   7.0182078e-02
   1.4339749e-02
   7.2234482e-02
   9.2210449e-02
   7.3348157e-02
   1.2387098e-02
   1.1250230e-01
   8.2950324e-02
   4.2398565e-02
   1.2239918e-02
   1.7491984e-01
   7.8291059e-02
   1.0333019e-01
   8.8715237e-03
   4.7764152e-02
   9.3597174e-02
   1.1666143e-01
   6.3280024e-02
   5.0877139e-02
   1.1768499e-01
   8.8456146e-02
   7.2497010e-02
   4.7855005e-02
   8.8333115e-02
   7.4616313e-02
   6.3825376e-02
   8.3121486e-02
   6.9392160e-02
   1.2881856e-01
   2.6213277e-02
   4.5338709e-02
   3.7569731e-02
   8.5119106e-02
   7.1661569e-02
   7.4453034e-02
   5.3518888e-02
   6.3562632e-02
   8.9697666e-02
   6.9518276e-02
   3.3294346e-02
   7.5319096e-02
   7.6404899e-02
   8.0951616e-02
   5.8981106e-02
   1.0738171e-01
   1.8982705e-02
   3.4580979e-02
   2.7098065e-02
   6.7786515e-02
   1.8250613e-02
   4.7344171e-02
   3.8770020e-02
   3.9914958e-02
   1.9196765e-02
   6.1587434e-02
   1.9721596e-02
   5.0342441e-02
   1.6550317e-02
   6.7774400e-02
   7.3298037e-02
   7.5149588e-02
   6.7545297e-03
   2.2408661e-02
   2.6076464e-02
   8.7318622e-02
   8.7669706e-03
   4.7408637e-02
   3.6272526e-02
   5.5041753e-02
   4.4024955e-03
   6.5308481e-02
   2.2397496e-02
   2.6786657e-02
   3.0056336e-03
   7.2109632e-02
   5.6137364e-02
   9.5321067e-02
   7.0108701e-03
