   1.2404423e-02
   1.0782827e-02
   1.4107455e-02
   2.8506892e-02
   1.4630138e-02
   5.8628158e-03
   1.3075241e-02
   2.9212596e-02
   1.8275583e-02
   7.8879688e-03
   1.4702191e-02
   3.1517714e-02
   2.7614126e-02
   1.4107615e-02
   1.3571937e-02
   3.2530949e-02
   1.1960315e-02
   9.3621006e-03
   1.1871167e-02
   2.8324155e-02
   1.3862182e-02
   5.0195451e-03
   9.0354830e-03
   2.9508388e-02
   1.7404603e-02
   6.7241192e-03
   1.0610504e-02
   3.1915165e-02
   2.6214309e-02
   1.3159936e-02
   1.2227014e-02
   3.2809991e-02
   1.2763270e-02
   8.6668171e-03
   1.1789721e-02
   3.1763393e-02
   1.3848200e-02
   4.8660175e-03
   7.9132421e-03
   3.3440363e-02
   1.7324835e-02
   6.5543237e-03
   9.9797538e-03
   3.6908925e-02
   2.6134841e-02
   1.3616763e-02
   1.3119464e-02
   3.8056467e-02
   1.8216336e-02
   9.6202493e-03
   1.5645489e-02
   4.0210441e-02
   1.5659891e-02
   6.6160508e-03
   1.3775586e-02
   4.1235209e-02
   1.9394800e-02
   8.5678026e-03
   1.7009575e-02
   4.8150588e-02
   2.8995035e-02
   1.6986974e-02
   1.9702014e-02
   5.1751301e-02
   1.7991282e-02
   1.0576976e-02
   1.9255364e-02
   4.5662507e-02
   1.7223813e-02
   1.1138047e-02
   1.9320756e-02
   4.4662990e-02
   2.1928649e-02
   1.4527771e-02
   2.3776742e-02
   5.0428309e-02
   3.2602038e-02
   2.4238143e-02
   2.7133083e-02
   5.6697942e-02
   1.3990994e-02
   1.0103397e-02
   1.5207556e-02
   4.0310528e-02
   1.6160615e-02
   8.9107715e-03
   1.0982104e-02
   3.8289215e-02
   2.0986684e-02
   1.0026588e-02
   1.3530227e-02
   4.0134482e-02
   3.0327672e-02
   1.8264372e-02
   1.6518261e-02
   4.4327386e-02
   1.2076743e-02
   8.6230803e-03
   1.2032527e-02
   3.1769972e-02
   1.3943481e-02
   5.7778344e-03
   8.3112065e-03
   3.0811157e-02
   1.7729107e-02
   6.9279238e-03
   1.0783217e-02
   3.2029711e-02
   2.6178025e-02
   1.3838214e-02
   1.2400572e-02
   3.4802429e-02
   1.1848870e-02
   9.2607643e-03
   1.2026348e-02
   2.8481901e-02
   1.3804751e-02
   5.7419054e-03
   1.0728045e-02
   2.8390948e-02
   1.7390396e-02
   7.0426981e-03
   1.1836803e-02
   3.0353673e-02
   2.6118902e-02
   1.3539192e-02
   1.2774927e-02
   3.1956367e-02
   1.1887849e-02
   1.2074828e-02
   1.8569106e-02
   3.6581431e-02
   1.3946134e-02
   6.6907145e-03
   1.9623749e-02
   3.8941115e-02
   1.7422125e-02
   9.2864456e-03
   2.1801289e-02
   4.1212130e-02
   2.5494598e-02
   1.5347958e-02
   1.7838534e-02
   3.7431072e-02
   1.1836591e-02
   1.0241811e-02
   1.4474723e-02
   3.7247498e-02
   1.3543386e-02
   5.4922435e-03
   1.2187802e-02
   4.1265596e-02
   1.6917784e-02
   7.5507462e-03
   1.4110377e-02
   4.4003088e-02
   2.4851521e-02
   1.4003060e-02
   1.4844093e-02
   3.8996112e-02
   1.3213777e-02
   9.3689179e-03
   1.3715981e-02
   4.3186624e-02
   1.3852871e-02
   5.2572801e-03
   9.9337064e-03
   4.8897084e-02
   1.6965639e-02
   7.0708822e-03
   1.2318019e-02
   5.3418219e-02
   2.4865484e-02
   1.4654056e-02
   1.5683169e-02
   4.8274770e-02
   2.1943951e-02
   1.0542406e-02
   2.0178856e-02
   5.5991404e-02
   1.5514596e-02
   7.5969920e-03
   2.0175487e-02
   6.0686838e-02
   1.8607253e-02
   9.9514499e-03
   2.4879163e-02
   7.1106881e-02
   2.6020505e-02
   1.9451428e-02
   2.8414352e-02
   7.0266046e-02
   1.9908754e-02
   1.1829648e-02
   2.6358526e-02
   6.3958913e-02
   1.6756829e-02
   1.4194107e-02
   2.9605182e-02
   6.4632036e-02
   2.1394571e-02
   1.9108012e-02
   3.6100350e-02
   7.0012853e-02
   2.9133547e-02
   3.2304782e-02
   4.1679099e-02
   7.3571011e-02
   1.3610691e-02
   1.1013386e-02
   1.9164585e-02
   5.8256969e-02
   1.6358377e-02
   1.0782339e-02
   1.4675656e-02
   5.6258962e-02
   2.1842038e-02
   1.2372052e-02
   1.7772613e-02
   5.3934935e-02
   2.9451322e-02
   2.2421908e-02
   2.0900527e-02
   5.3265605e-02
   1.2097185e-02
   9.4592720e-03
   1.4176998e-02
   4.5372594e-02
   1.4014239e-02
   6.3746655e-03
   1.0708712e-02
   4.4232555e-02
   1.7675221e-02
   7.5918497e-03
   1.3368975e-02
   4.2411264e-02
   2.5067780e-02
   1.5184854e-02
   1.4433799e-02
   4.1370746e-02
   1.1587244e-02
   1.0065964e-02
   1.4713037e-02
   3.8229130e-02
   1.3688259e-02
   6.5700342e-03
   1.5891068e-02
   3.8861375e-02
   1.7029319e-02
   7.9914350e-03
   1.6896131e-02
   3.8526155e-02
   2.4699032e-02
   1.4909021e-02
   1.6068293e-02
   3.6526468e-02
   9.3675880e-03
   1.4172337e-02
   2.6728444e-02
   4.2129554e-02
   1.0965744e-02
   7.0245196e-03
   2.7204869e-02
   4.6950333e-02
   1.3727588e-02
   1.0564048e-02
   3.1090561e-02
   4.9877182e-02
   1.8852048e-02
   1.6315347e-02
   2.3653530e-02
   4.0335454e-02
   9.6017988e-03
   1.0976353e-02
   1.8272392e-02
   4.1799456e-02
   1.1033818e-02
   5.6355163e-03
   1.5708672e-02
   4.8445739e-02
   1.3617867e-02
   8.1805019e-03
   1.8531481e-02
   5.1412385e-02
   1.8892059e-02
   1.3891266e-02
   1.7771708e-02
   4.1286357e-02
   1.2111159e-02
   9.2727579e-03
   1.5595423e-02
   4.6438467e-02
   1.1734335e-02
   5.2545653e-03
   1.2319990e-02
   5.3357482e-02
   1.3932455e-02
   7.1822572e-03
   1.4938274e-02
   5.7453919e-02
   1.9437673e-02
   1.4017342e-02
   1.8243907e-02
   5.0403558e-02
   2.6348623e-02
   1.1070727e-02
   2.5106344e-02
   5.5820215e-02
   1.3713895e-02
   8.8850437e-03
   2.9399313e-02
   6.3670643e-02
   1.4874368e-02
   1.2440385e-02
   3.7128273e-02
   7.3767982e-02
   1.9969566e-02
   2.1571461e-02
   4.0686827e-02
   7.6561019e-02
   2.2377396e-02
   1.3671058e-02
   3.3440981e-02
   6.0779642e-02
   1.5874395e-02
   1.9448271e-02
   4.3993969e-02
   6.5340690e-02
   1.9557780e-02
   2.7727056e-02
   5.5978995e-02
   7.0747845e-02
   2.3777334e-02
   4.2069923e-02
   6.2742323e-02
   7.6275088e-02
   1.1884137e-02
   1.1973855e-02
   2.2518625e-02
   5.8182999e-02
   1.6243126e-02
   1.4206485e-02
   2.0357955e-02
   6.0596935e-02
   2.1676583e-02
   1.6518861e-02
   2.5421631e-02
   5.7591472e-02
   2.6000857e-02
   2.7138583e-02
   2.7386302e-02
   5.1398672e-02
   1.0127215e-02
   9.4910162e-03
   1.6060309e-02
   4.9914464e-02
   1.2120362e-02
   6.8176142e-03
   1.3925326e-02
   5.1490437e-02
   1.4940016e-02
   8.1024449e-03
   1.7317412e-02
   4.8652533e-02
   2.0376792e-02
   1.5268481e-02
   1.6197085e-02
   4.4303328e-02
   9.4268341e-03
   1.0582634e-02
   1.8571459e-02
   4.4271149e-02
   1.1141488e-02
   6.9182548e-03
   2.2331920e-02
   4.6876464e-02
   1.3712817e-02
   8.5554086e-03
   2.4107363e-02
   4.6110973e-02
   1.9110089e-02
   1.5459836e-02
   2.0307511e-02
   3.8929667e-02
   7.1768044e-03
   1.7078593e-02
   3.7019406e-02
   3.6069721e-02
   8.0934213e-03
   7.6169991e-03
   3.7487533e-02
   3.9452605e-02
   9.5934123e-03
   1.2655919e-02
   4.3773457e-02
   4.4245172e-02
   1.2807739e-02
   1.7923443e-02
   3.1756673e-02
   3.7358921e-02
   7.7735349e-03
   1.1667891e-02
   2.3681626e-02
   3.5015021e-02
   8.3227577e-03
   5.8017927e-03
   2.0593783e-02
   3.8488582e-02
   9.6538896e-03
   8.8114701e-03
   2.4609094e-02
   4.2346109e-02
   1.2971817e-02
   1.4012572e-02
   2.1677358e-02
   3.5555668e-02
   1.1599658e-02
   8.7168599e-03
   1.7579000e-02
   3.7143454e-02
   8.9722350e-03
   4.9179057e-03
   1.5579910e-02
   4.0379081e-02
   1.0045864e-02
   7.0006982e-03
   1.9909399e-02
   4.4665195e-02
   1.3217032e-02
   1.3295820e-02
   2.1481449e-02
   4.3659598e-02
   3.2378305e-02
   1.1400177e-02
   3.0638199e-02
   4.3067832e-02
   1.1394908e-02
   1.0318185e-02
   3.9450888e-02
   4.8037998e-02
   1.0884849e-02
   1.6571030e-02
   5.3028118e-02
   6.4844683e-02
   1.3686195e-02
   2.6294567e-02
   5.4186963e-02
   7.9451144e-02
   2.6279617e-02
   1.4471405e-02
   3.9459433e-02
   4.3123245e-02
   1.5751526e-02
   2.5716612e-02
   5.6746282e-02
   4.8380148e-02
   2.1550784e-02
   4.1199751e-02
   8.0022275e-02
   6.2136505e-02
   2.1281261e-02
   5.8565713e-02
   8.7448843e-02
   7.8055620e-02
   1.0099550e-02
   1.2227712e-02
   2.4722300e-02
   4.3568254e-02
   1.7030088e-02
   1.8847296e-02
   2.6247086e-02
   4.5790244e-02
   2.5811905e-02
   2.3279550e-02
   3.6336061e-02
   4.6025570e-02
   2.4993589e-02
   3.4742564e-02
   3.5994507e-02
   4.2774174e-02
   7.7659735e-03
   8.5513527e-03
   1.7749751e-02
   3.8669847e-02
   9.7106090e-03
   7.3373998e-03
   1.8652529e-02
   3.9846964e-02
   1.2077868e-02
   8.8629359e-03
   2.4977433e-02
   3.9969563e-02
   1.4370298e-02
   1.5251171e-02
   1.8595956e-02
   3.7684962e-02
   7.2859256e-03
   1.1064313e-02
   2.3428058e-02
   3.5490386e-02
   8.3234403e-03
   7.0184404e-03
   3.0559285e-02
   3.8478680e-02
   9.7724162e-03
   9.8480145e-03
   3.5138544e-02
   4.1615266e-02
   1.2755297e-02
   1.6579870e-02
   2.6062012e-02
   3.5925049e-02
