   2.8564291e-02
   2.7694140e-02
   4.4996437e-02
   1.2458381e-02
   2.5361769e-02
   1.8570332e-02
   4.4016924e-02
   1.1464362e-02
   2.6960513e-02
   2.6252158e-02
   2.6014240e-02
   1.7700428e-02
   2.7496140e-02
   2.3594473e-02
   1.3713433e-02
   2.1451406e-02
   2.8399283e-02
   2.5626853e-02
   3.9462924e-02
   1.2923290e-02
   2.4950234e-02
   1.8028213e-02
   4.1996505e-02
   1.1224511e-02
   2.7119013e-02
   2.2369130e-02
   2.4279492e-02
   1.6945986e-02
   2.6964070e-02
   1.9223625e-02
   1.2452134e-02
   2.3242272e-02
   3.2127380e-02
   2.6712392e-02
   3.7030119e-02
   1.3184437e-02
   2.6030818e-02
   1.8299861e-02
   4.1396238e-02
   1.2453144e-02
   2.9808473e-02
   2.1156168e-02
   2.4826873e-02
   1.5457063e-02
   2.8114986e-02
   1.9837547e-02
   1.3425348e-02
   2.4488844e-02
   8.6001188e-02
   3.2643028e-02
   4.8946265e-02
   1.9754101e-02
   8.7329604e-02
   2.0572321e-02
   5.4810774e-02
   2.3463428e-02
   8.8356405e-02
   2.4394771e-02
   3.8954586e-02
   2.9028632e-02
   8.7932423e-02
   2.4988078e-02
   2.7655359e-02
   3.3564717e-02
   1.9122323e-01
   3.6039080e-02
   7.4220516e-02
   3.0783562e-02
   2.0182028e-01
   2.3104411e-02
   9.0131700e-02
   3.5981562e-02
   2.0390801e-01
   3.0777944e-02
   6.8761155e-02
   4.2953577e-02
   2.1498604e-01
   3.1304657e-02
   5.4241244e-02
   4.9900658e-02
   8.3608322e-02
   2.9792642e-02
   4.7757205e-02
   1.7691247e-02
   8.5912943e-02
   1.9830555e-02
   5.6610081e-02
   1.7033866e-02
   9.1696419e-02
   2.4419535e-02
   3.8415700e-02
   2.1668270e-02
   9.3723789e-02
   2.5261272e-02
   2.5617672e-02
   2.9946156e-02
   3.1578124e-02
   2.7469806e-02
   3.6591519e-02
   1.3642266e-02
   2.6211521e-02
   1.7013174e-02
   4.2739414e-02
   1.1992419e-02
   2.9161638e-02
   2.3088990e-02
   2.4127312e-02
   1.4340839e-02
   3.0508500e-02
   2.3480235e-02
   1.3050894e-02
   2.2833176e-02
   2.9502872e-02
   2.8190941e-02
   3.9254677e-02
   1.2961216e-02
   2.5415402e-02
   1.8145368e-02
   4.3200541e-02
   1.1993483e-02
   2.6821941e-02
   2.5328586e-02
   2.4065247e-02
   1.5661927e-02
   2.7468370e-02
   2.2134447e-02
   1.2816790e-02
   2.1074310e-02
   2.6396357e-02
   2.7149659e-02
   4.0938340e-02
   8.1585245e-03
   2.0537524e-02
   1.9110847e-02
   4.2030953e-02
   8.8298358e-03
   2.6208779e-02
   2.9410088e-02
   2.6497241e-02
   1.5794240e-02
   2.1291655e-02
   2.2987699e-02
   1.1583662e-02
   1.5360815e-02
   2.4854481e-02
   2.2620196e-02
   3.6524393e-02
   8.1808819e-03
   2.3734249e-02
   1.9875066e-02
   3.6487874e-02
   7.5707212e-03
   2.8539842e-02
   2.5303286e-02
   2.2271508e-02
   1.4788337e-02
   2.2045998e-02
   1.9226823e-02
   9.3161054e-03
   1.7225999e-02
   3.3867389e-02
   2.7455162e-02
   3.2601323e-02
   8.3887577e-03
   2.7971433e-02
   1.9962501e-02
   3.5223786e-02
   9.2323655e-03
   3.5063028e-02
   2.0257974e-02
   2.1906171e-02
   1.2917754e-02
   2.6349191e-02
   1.8122192e-02
   1.0233848e-02
   1.7330674e-02
   1.1893602e-01
   3.7667785e-02
   5.5767678e-02
   1.8130368e-02
   1.1987949e-01
   2.3164619e-02
   5.7136320e-02
   2.2627121e-02
   1.2045715e-01
   2.3438850e-02
   4.2568147e-02
   2.6106380e-02
   1.1256932e-01
   2.2595061e-02
   2.7406152e-02
   3.0962940e-02
   2.7192092e-01
   4.3297723e-02
   9.5139280e-02
   3.4119681e-02
   2.7352378e-01
   2.8371753e-02
   1.0323704e-01
   3.7768379e-02
   2.7250695e-01
   3.2437190e-02
   8.3257087e-02
   4.0367555e-02
   2.7278003e-01
   3.3478364e-02
   5.7102229e-02
   5.1356975e-02
   1.1750496e-01
   3.3634588e-02
   5.5415530e-02
   1.5959814e-02
   1.1956134e-01
   2.0963550e-02
   5.7928976e-02
   1.5649009e-02
   1.2451365e-01
   2.4800874e-02
   4.1551694e-02
   1.9906696e-02
   1.1979335e-01
   2.4621898e-02
   2.5838166e-02
   2.7239285e-02
   3.1511873e-02
   2.8447947e-02
   3.7071608e-02
   8.7623233e-03
   3.0092608e-02
   1.8124465e-02
   3.7664529e-02
   8.0553107e-03
   3.3183597e-02
   2.1507941e-02
   1.9785328e-02
   1.1342353e-02
   2.8610148e-02
   2.0298678e-02
   1.0051133e-02
   1.6710974e-02
   2.7677130e-02
   2.4971759e-02
   3.8083132e-02
   7.6279934e-03
   2.3042576e-02
   1.6167948e-02
   3.8958777e-02
   7.7036438e-03
   2.6810588e-02
   2.8132433e-02
   2.2643549e-02
   1.2720845e-02
   2.0187162e-02
   2.2747943e-02
   9.7389044e-03
   1.5277660e-02
   2.8850676e-02
   3.0276407e-02
   4.6221361e-02
   5.6184288e-03
   2.3179220e-02
   2.5466707e-02
   4.3847270e-02
   7.5631291e-03
   2.8741535e-02
   3.5210554e-02
   2.7881866e-02
   2.0089243e-02
   2.3438103e-02
   2.8367983e-02
   1.2210204e-02
   1.4655107e-02
   2.7272781e-02
   2.3614667e-02
   4.2434417e-02
   5.3148721e-03
   3.5900496e-02
   2.3966961e-02
   3.8040433e-02
   6.6353991e-03
   3.1036345e-02
   2.7507540e-02
   2.1883029e-02
   1.8878326e-02
   2.5733098e-02
   2.4156738e-02
   8.7226480e-03
   1.4424430e-02
   4.0416460e-02
   2.7567454e-02
   3.9918520e-02
   6.1859344e-03
   3.2751512e-02
   1.8897973e-02
   3.9948322e-02
   8.6417980e-03
   4.3030456e-02
   1.9282026e-02
   2.0995645e-02
   1.5587796e-02
   2.9230306e-02
   1.9239321e-02
   9.4027314e-03
   1.4219224e-02
   9.1448881e-02
   4.6970394e-02
   7.5722501e-02
   2.5307020e-02
   9.6804768e-02
   2.8645966e-02
   7.3546410e-02
   2.9446475e-02
   9.5961429e-02
   2.3992786e-02
   5.2642833e-02
   3.5052922e-02
   9.8520488e-02
   2.2646694e-02
   3.4149598e-02
   3.4711279e-02
   2.0279670e-01
   5.2118599e-02
   1.1468170e-01
   5.5209063e-02
   2.0412625e-01
   3.7829407e-02
   1.3472046e-01
   5.9770368e-02
   2.0594086e-01
   3.8557149e-02
   1.0438161e-01
   5.8476441e-02
   2.3440829e-01
   4.1318130e-02
   7.8470215e-02
   6.4232223e-02
   9.0369008e-02
   3.9569136e-02
   6.4615570e-02
   2.1583449e-02
   9.6705653e-02
   2.3530118e-02
   6.7733139e-02
   2.2386471e-02
   1.0259242e-01
   2.6934713e-02
   4.6442162e-02
   2.8690789e-02
   1.0388996e-01
   2.5404036e-02
   3.2945737e-02
   3.2066092e-02
   3.4557082e-02
   3.1027982e-02
   4.6372596e-02
   7.1774586e-03
   3.9496686e-02
   1.8101964e-02
   3.7703633e-02
   7.6478245e-03
   3.5693690e-02
   2.1056993e-02
   1.8155910e-02
   1.3768756e-02
   3.5183132e-02
   2.1898480e-02
   9.6990196e-03
   1.3947792e-02
   2.8986733e-02
   2.7626649e-02
   4.5696214e-02
   5.3797904e-03
   3.0501902e-02
   1.8358713e-02
   3.7697703e-02
   6.7276238e-03
   3.6887981e-02
   2.9498730e-02
   1.9772122e-02
   1.4895083e-02
   2.2589080e-02
   2.4015829e-02
   8.4888069e-03
   1.3545173e-02
   2.6001940e-02
   2.8217550e-02
   4.7592528e-02
   7.9150815e-03
   2.7934503e-02
   3.3692971e-02
   4.0391184e-02
   5.3376686e-03
   3.2297660e-02
   2.1580674e-02
   2.7418928e-02
   2.7466180e-02
   1.7394321e-02
   3.6892626e-02
   2.1366317e-02
   1.6828943e-02
   2.0002868e-02
   3.2435920e-02
   5.8978055e-02
   6.3931872e-03
   4.8296504e-02
   3.8738888e-02
   3.7188847e-02
   5.2325097e-03
   2.1565009e-02
   2.1752587e-02
   2.5563641e-02
   2.9369187e-02
   2.5569499e-02
   2.9172195e-02
   1.1404248e-02
   1.6906450e-02
   2.7850615e-02
   3.9517689e-02
   5.1445398e-02
   8.0583971e-03
   2.9796029e-02
   2.8737761e-02
   4.9425755e-02
   8.0221863e-03
   3.0871144e-02
   1.7287249e-02
   2.0157982e-02
   1.9885438e-02
   2.4208043e-02
   1.6826838e-02
   9.0593286e-03
   1.4184079e-02
   5.9167530e-02
   7.5060248e-02
   7.8048185e-02
   4.3058477e-02
   5.1662132e-02
   4.6811465e-02
   6.2007912e-02
   4.3201793e-02
   5.7032552e-02
   3.5127103e-02
   4.3934226e-02
   5.9503384e-02
   5.5804882e-02
   3.5256330e-02
   5.1581502e-02
   4.6160527e-02
   1.2189239e-01
   8.0871470e-02
   9.3724556e-02
   9.7871020e-02
   1.2754969e-01
   6.7848489e-02
   8.2617261e-02
   9.9659167e-02
   1.2492587e-01
   6.8112426e-02
   8.6802013e-02
   1.0280894e-01
   1.0827619e-01
   7.2852872e-02
   1.1894028e-01
   9.6921727e-02
   5.7136472e-02
   4.4712488e-02
   6.5964468e-02
   3.5811454e-02
   6.6940822e-02
   3.7411582e-02
   6.3438863e-02
   3.6092043e-02
   5.7970531e-02
   3.6458243e-02
   3.7287306e-02
   4.9629301e-02
   5.2395463e-02
   3.6319491e-02
   4.5185793e-02
   4.1430667e-02
   3.3973459e-02
   3.5712980e-02
   5.2410521e-02
   8.1073232e-03
   3.4358405e-02
   2.2306040e-02
   3.8373820e-02
   7.0652817e-03
   2.8899161e-02
   1.8610129e-02
   2.2331601e-02
   2.0764856e-02
   3.0084483e-02
   2.3556096e-02
   1.4012367e-02
   1.2232861e-02
   3.1501818e-02
   3.3521984e-02
   5.7856768e-02
   6.9877338e-03
   2.3118770e-02
   2.3999302e-02
   4.1915361e-02
   6.7377775e-03
   4.2703573e-02
   2.2135861e-02
   2.4182884e-02
   1.9134482e-02
   1.6762894e-02
   3.1328820e-02
   1.3401858e-02
   1.1844791e-02
