   8.5422054e-02
   9.7853221e-02
   8.8247895e-02
   6.9263917e-03
   8.1638180e-02
   8.7735243e-02
   8.4149815e-02
   8.2888417e-03
   6.4566620e-02
   6.1350681e-02
   5.8900058e-02
   9.2058675e-03
   6.0808919e-02
   5.0933432e-02
   6.2799498e-02
   1.1822877e-02
   4.2005394e-02
   4.5590132e-02
   4.0829953e-02
   5.7449327e-03
   3.7597001e-02
   3.9174959e-02
   4.0828846e-02
   6.7501790e-03
   2.9048754e-02
   2.5986964e-02
   3.0173549e-02
   7.7710184e-03
   4.0869124e-02
   2.4418252e-02
   3.5816841e-02
   1.4254740e-02
   1.4946828e-02
   9.6343458e-03
   1.1745898e-02
   5.0482405e-03
   1.0665431e-02
   8.3012646e-03
   1.4101416e-02
   6.0488135e-03
   9.1256192e-03
   5.8922237e-03
   1.0741231e-02
   7.2773709e-03
   2.8207753e-02
   1.0320868e-02
   1.8551761e-02
   2.1818334e-02
   1.5431710e-02
   8.4325867e-03
   1.1816459e-02
   6.0894056e-03
   1.0167133e-02
   7.5472482e-03
   1.6542710e-02
   7.1785958e-03
   9.3457624e-03
   5.2968781e-03
   1.3857355e-02
   8.2212370e-03
   3.0730719e-02
   1.1387538e-02
   2.9705703e-02
   1.5778450e-02
   1.8928356e-02
   8.5541084e-03
   1.7582227e-02
   9.8634548e-03
   1.1849678e-02
   7.4442718e-03
   2.5242679e-02
   9.8846126e-03
   1.0149814e-02
   5.4488629e-03
   2.2928188e-02
   1.0889812e-02
   4.0150259e-02
   1.5204245e-02
   5.6637324e-02
   1.3607788e-02
   1.5680695e-02
   8.2295891e-03
   1.3936171e-02
   6.9909063e-03
   1.0641321e-02
   7.5803087e-03
   1.8698445e-02
   7.7923154e-03
   8.8776434e-03
   5.6498796e-03
   1.4779896e-02
   8.4060431e-03
   4.9867712e-02
   1.1776579e-02
   3.1286586e-02
   1.1324761e-02
   1.4129934e-02
   1.0003153e-02
   1.1705961e-02
   5.2725337e-03
   1.0430765e-02
   8.2742339e-03
   1.3496055e-02
   6.2668459e-03
   8.5809920e-03
   6.0467445e-03
   1.0397420e-02
   7.1007679e-03
   7.4899502e-02
   9.9331057e-03
   1.8002201e-02
   1.0666081e-02
   3.5999808e-02
   3.7751839e-02
   3.7286263e-02
   5.3689783e-03
   3.1971335e-02
   3.2652270e-02
   3.5773896e-02
   6.7127552e-03
   2.6190085e-02
   2.3311142e-02
   2.6628759e-02
   7.4375216e-03
   5.8887862e-02
   2.2618052e-02
   3.2830201e-02
   1.0866049e-02
   1.3755192e-01
   1.5645459e-01
   1.4072709e-01
   9.1631096e-03
   1.1965320e-01
   1.2706134e-01
   1.2064921e-01
   9.5383571e-03
   9.7296797e-02
   9.4050258e-02
   8.6465992e-02
   1.0321015e-02
   9.1175951e-02
   7.8566916e-02
   7.7691711e-02
   1.0793071e-02
   6.4421259e-02
   7.1654446e-02
   6.5015160e-02
   6.3843741e-03
   5.3744890e-02
   5.7399228e-02
   5.8105297e-02
   6.2291310e-03
   4.2322773e-02
   3.9266013e-02
   4.5739677e-02
   6.6841547e-03
   5.5380084e-02
   3.4836657e-02
   4.4962108e-02
   1.2998872e-02
   1.4840871e-02
   1.0061844e-02
   1.5055654e-02
   4.7370917e-03
   9.2412364e-03
   9.1816122e-03
   1.9488262e-02
   4.7824178e-03
   7.2953501e-03
   5.1026121e-03
   1.6039584e-02
   5.4526376e-03
   3.3051785e-02
   1.0526042e-02
   2.1078516e-02
   2.1816956e-02
   1.4279186e-02
   6.6971327e-03
   1.5360772e-02
   6.2062591e-03
   7.4966573e-03
   7.6161339e-03
   2.1289527e-02
   6.1937920e-03
   6.5869433e-03
   3.9579100e-03
   2.0698773e-02
   6.0792286e-03
   3.6561724e-02
   1.2546748e-02
   3.4989759e-02
   1.4277488e-02
   1.9690236e-02
   6.8048351e-03
   2.6456315e-02
   1.2814173e-02
   1.0110029e-02
   7.7843913e-03
   3.6909778e-02
   1.0675939e-02
   8.2381684e-03
   3.5573959e-03
   3.6658805e-02
   9.4754063e-03
   4.8503544e-02
   1.7968735e-02
   6.6873580e-02
   1.0803090e-02
   1.4379063e-02
   6.7246961e-03
   1.9017912e-02
   8.7057054e-03
   7.9234680e-03
   7.6525416e-03
   2.7389999e-02
   7.6271184e-03
   6.2847654e-03
   3.5360353e-03
   2.5596986e-02
   6.7841983e-03
   6.9863319e-02
   1.2317771e-02
   3.6682051e-02
   9.1443732e-03
   1.3218245e-02
   9.4420230e-03
   1.4945469e-02
   5.5749244e-03
   8.8689802e-03
   1.0007380e-02
   1.8860692e-02
   4.9527292e-03
   6.3430751e-03
   4.7469186e-03
   1.5496260e-02
   4.6564844e-03
   1.1417765e-01
   9.1936076e-03
   2.0797009e-02
   7.7898707e-03
   5.0242376e-02
   5.3321369e-02
   5.6209400e-02
   5.9935204e-03
   4.2471703e-02
   4.5301661e-02
   5.1064860e-02
   5.9358156e-03
   3.5346590e-02
   3.3482496e-02
   3.7249289e-02
   6.0013267e-03
   9.2097387e-02
   3.1651061e-02
   3.9151710e-02
   8.4960908e-03
   1.7828864e-01
   1.9763936e-01
   1.7681342e-01
   1.6808897e-02
   1.8464066e-01
   1.8158334e-01
   1.6374907e-01
   1.8362302e-02
   2.0246221e-01
   1.9719830e-01
   1.6582470e-01
   1.8964332e-02
   1.6345984e-01
   1.1535346e-01
   8.9210689e-02
   1.3175246e-02
   8.1587046e-02
   9.1506422e-02
   9.0019427e-02
   1.0557372e-02
   8.1924245e-02
   8.3404303e-02
   8.9056425e-02
   1.0602961e-02
   8.6791880e-02
   8.2037725e-02
   9.3239024e-02
   9.8663941e-03
   8.6386204e-02
   4.8668113e-02
   5.6598090e-02
   2.2102432e-02
   1.8324777e-02
   1.3322755e-02
   2.7192630e-02
   8.1593376e-03
   1.1839295e-02
   1.3533098e-02
   3.4314442e-02
   7.7573536e-03
   1.0336090e-02
   7.2487174e-03
   3.1845022e-02
   7.0548281e-03
   4.7411729e-02
   1.1279483e-02
   2.5676504e-02
   4.1496839e-02
   1.5606687e-02
   7.5890273e-03
   2.5480893e-02
   1.0307055e-02
   8.6302059e-03
   1.0606519e-02
   3.3131305e-02
   9.7303139e-03
   7.8165466e-03
   4.1470234e-03
   3.5938371e-02
   9.0086432e-03
   5.8311984e-02
   1.5029249e-02
   4.5460951e-02
   2.4670489e-02
   2.5969954e-02
   6.8004066e-03
   4.9997456e-02
   2.5160385e-02
   1.3330922e-02
   1.0376424e-02
   6.7298383e-02
   2.1621017e-02
   1.1812834e-02
   3.5510247e-03
   7.3249817e-02
   1.8746179e-02
   7.7165335e-02
   2.4615793e-02
   7.9817228e-02
   1.2151343e-02
   1.5668778e-02
   7.6288595e-03
   2.6935333e-02
   1.3998186e-02
   7.7720350e-03
   9.6763112e-03
   3.7215680e-02
   1.1457432e-02
   7.0640603e-03
   3.4642362e-03
   3.8613416e-02
   1.0268450e-02
   1.0065761e-01
   1.6684402e-02
   4.3602217e-02
   9.0937428e-03
   1.4532723e-02
   1.1718362e-02
   2.0043198e-02
   9.5686279e-03
   1.0402746e-02
   1.4567398e-02
   2.8369999e-02
   7.2423881e-03
   7.8073540e-03
   5.9681246e-03
   2.7226960e-02
   6.0458300e-03
   1.5999189e-01
   1.1993194e-02
   2.5501117e-02
   7.2494517e-03
   6.1498977e-02
   6.4987667e-02
   6.7659542e-02
   1.0117880e-02
   6.4424433e-02
   6.2655166e-02
   7.3807269e-02
   9.3967570e-03
   7.0650622e-02
   6.8638802e-02
   6.7557871e-02
   9.3487604e-03
   1.4102970e-01
   4.5963321e-02
   4.6409845e-02
   9.4134081e-03
   3.8160232e-01
   4.2481139e-01
   3.8909641e-01
   3.9214954e-02
   4.1490412e-01
   4.2737421e-01
   3.7196416e-01
   4.1725546e-02
   4.1127950e-01
   4.3140197e-01
   3.6229107e-01
   4.4311028e-02
   1.3118693e-01
   1.1931986e-01
   7.8385115e-02
   1.9523121e-02
   1.7179115e-01
   1.9766635e-01
   1.9501215e-01
   2.4278460e-02
   1.8278638e-01
   1.9185726e-01
   1.9362092e-01
   2.1825740e-02
   1.7363814e-01
   1.7841083e-01
   1.9918960e-01
   2.1235850e-02
   9.8273762e-02
   6.1415724e-02
   5.5437934e-02
   4.4060942e-02
   2.3611806e-02
   1.9496819e-02
   3.8724218e-02
   1.6276957e-02
   1.9232249e-02
   2.0045232e-02
   4.6353534e-02
   1.3291957e-02
   1.6411645e-02
   1.2429043e-02
   4.1955352e-02
   1.3341739e-02
   7.4283317e-02
   1.3539942e-02
   3.2562055e-02
   7.3364280e-02
   2.1089997e-02
   1.1092625e-02
   2.9038101e-02
   1.8206064e-02
   1.5114409e-02
   1.4684726e-02
   4.0728752e-02
   1.8224211e-02
   1.2013719e-02
   5.5051195e-03
   4.1629560e-02
   1.8641673e-02
   7.2245836e-02
   2.3644457e-02
   6.2463749e-02
   4.8537157e-02
   3.4284845e-02
   8.3993003e-03
   6.8682030e-02
   4.8868623e-02
   2.6031358e-02
   1.2975373e-02
   8.8508755e-02
   4.6176091e-02
   2.4198072e-02
   5.3215106e-03
   9.5406488e-02
   4.5513447e-02
   1.0006579e-01
   3.9963800e-02
   1.0828719e-01
   2.4104791e-02
   1.5226886e-02
   8.2957288e-03
   3.1324398e-02
   2.1771492e-02
   1.1857107e-02
   1.1837848e-02
   4.0970176e-02
   1.9234069e-02
   1.1885060e-02
   5.5318312e-03
   4.1505832e-02
   1.9627806e-02
   8.6904980e-02
   2.3019746e-02
   5.9454530e-02
   1.7089298e-02
   1.4952418e-02
   1.2711685e-02
   1.7544175e-02
   1.2208768e-02
   1.1603695e-02
   1.2532571e-02
   2.4027623e-02
   8.4930854e-03
   1.1633820e-02
   9.5754564e-03
   2.5965035e-02
   8.3623361e-03
   1.0659868e-01
   1.4981942e-02
   2.8966021e-02
   1.3445420e-02
   1.2586600e-01
   1.3403930e-01
   1.4132328e-01
   2.0588376e-02
   1.3941757e-01
   1.3950968e-01
   1.2888023e-01
   1.7701820e-02
   1.4365008e-01
   1.5045580e-01
   1.2477671e-01
   1.7674096e-02
   8.9709647e-02
   4.7746431e-02
   4.8807219e-02
   1.6868228e-02
