   2.4150008e-02
   1.6754661e-02
   2.3977021e-02
   3.0210411e-02
   1.6446387e-02
   1.1896102e-02
   1.2112472e-02
   2.5143456e-02
   1.0177044e-02
   1.0815663e-02
   1.0163026e-02
   2.3838449e-02
   4.6402002e-03
   5.9656859e-03
   9.3287611e-03
   2.9802587e-02
   2.1924745e-02
   1.3741398e-02
   1.9712405e-02
   2.9168727e-02
   1.3824529e-02
   7.8699095e-03
   9.1092540e-03
   2.4014389e-02
   5.8755828e-03
   5.8085094e-03
   6.2473272e-03
   2.2402709e-02
   4.1873110e-03
   5.4636956e-03
   9.0861116e-03
   2.8866693e-02
   2.2448517e-02
   1.3486108e-02
   1.9415665e-02
   3.0276319e-02
   1.3372296e-02
   6.8163313e-03
   8.8276360e-03
   2.4688944e-02
   3.8495108e-03
   3.7787857e-03
   4.9153091e-03
   2.3121776e-02
   4.0935930e-03
   5.4578325e-03
   9.9431574e-03
   2.9573560e-02
   2.8105915e-02
   2.1028277e-02
   2.6435740e-02
   3.6056858e-02
   1.5355833e-02
   8.0747837e-03
   1.0271949e-02
   3.0316824e-02
   4.5659076e-03
   3.9428277e-03
   5.4173488e-03
   2.6138805e-02
   5.2273809e-03
   6.0184659e-03
   1.2619624e-02
   3.3594474e-02
   3.6279183e-02
   3.3819061e-02
   3.8390983e-02
   4.5306306e-02
   1.8174406e-02
   1.0220775e-02
   1.2322460e-02
   3.9133571e-02
   5.7091871e-03
   4.0517673e-03
   6.3224514e-03
   2.9646644e-02
   6.7410762e-03
   6.3974508e-03
   1.4838639e-02
   3.8580932e-02
   2.7385000e-02
   1.9924322e-02
   2.7865153e-02
   3.6256760e-02
   1.5149232e-02
   7.9891402e-03
   9.8095303e-03
   3.0190954e-02
   4.5084939e-03
   3.9285342e-03
   5.3093741e-03
   2.5350159e-02
   5.2804640e-03
   6.0376883e-03
   1.2106145e-02
   3.3435896e-02
   2.2608133e-02
   1.3746196e-02
   2.1267070e-02
   3.0150648e-02
   1.3242844e-02
   6.7215511e-03
   8.5834982e-03
   2.4504611e-02
   3.7219387e-03
   3.8051484e-03
   4.7927857e-03
   2.2356341e-02
   4.2029843e-03
   5.4330039e-03
   9.6429121e-03
   2.9181384e-02
   2.2517739e-02
   1.4157865e-02
   2.1481041e-02
   2.9279575e-02
   1.4262777e-02
   7.7376263e-03
   9.5739318e-03
   2.4015656e-02
   5.9351246e-03
   6.0026660e-03
   6.8170428e-03
   2.2262149e-02
   4.2053876e-03
   5.4919324e-03
   9.1427183e-03
   2.8745169e-02
   2.7234446e-02
   2.1742653e-02
   3.3785157e-02
   2.8224157e-02
   1.7200051e-02
   1.4125748e-02
   1.4561417e-02
   2.4145212e-02
   1.3024473e-02
   1.4515425e-02
   1.2900606e-02
   2.2210170e-02
   4.4019017e-03
   5.5841510e-03
   1.1910890e-02
   2.6243825e-02
   2.4085836e-02
   1.6975505e-02
   2.6621269e-02
   2.7978018e-02
   1.3981266e-02
   8.8899843e-03
   1.0701904e-02
   2.3366237e-02
   6.7370031e-03
   6.9700954e-03
   7.3593115e-03
   2.1193814e-02
   4.1187997e-03
   5.3912010e-03
   1.1696926e-02
   2.6229169e-02
   2.4622234e-02
   1.6674355e-02
   2.5963448e-02
   2.9450450e-02
   1.3328684e-02
   7.5098509e-03
   1.0429376e-02
   2.4049809e-02
   3.8991158e-03
   3.9535090e-03
   5.3239386e-03
   2.2617798e-02
   4.2489874e-03
   5.6972820e-03
   1.2997148e-02
   2.7441256e-02
   3.1829845e-02
   2.8842209e-02
   3.6479920e-02
   3.5243362e-02
   1.5519643e-02
   9.3227718e-03
   1.2516641e-02
   3.0604126e-02
   4.6046386e-03
   4.1020154e-03
   5.7902071e-03
   2.5460459e-02
   5.3624935e-03
   6.2719928e-03
   1.6029155e-02
   3.0722925e-02
   4.4492941e-02
   4.9560435e-02
   5.5707760e-02
   4.6280865e-02
   1.9528287e-02
   1.2499101e-02
   1.5486156e-02
   4.1818324e-02
   5.7262788e-03
   4.2243870e-03
   6.8127210e-03
   2.8795613e-02
   6.9271559e-03
   6.6489335e-03
   1.9057147e-02
   3.5356801e-02
   3.1064015e-02
   2.7157882e-02
   3.9449535e-02
   3.5660818e-02
   1.5214751e-02
   9.1540841e-03
   1.1831733e-02
   3.0886460e-02
   4.4970736e-03
   4.0361024e-03
   5.7208054e-03
   2.4249885e-02
   5.4096361e-03
   6.2381267e-03
   1.5508273e-02
   3.0642111e-02
   2.5062012e-02
   1.7255764e-02
   3.0416170e-02
   2.9699618e-02
   1.3147873e-02
   7.4862894e-03
   9.8316176e-03
   2.4263496e-02
   3.7523734e-03
   3.9533474e-03
   5.1568109e-03
   2.1348944e-02
   4.3315613e-03
   5.5745123e-03
   1.2428218e-02
   2.6897909e-02
   2.5439173e-02
   1.8184029e-02
   3.0822596e-02
   2.8476192e-02
   1.4513852e-02
   9.0147760e-03
   1.1036006e-02
   2.3632640e-02
   7.0955888e-03
   7.5564641e-03
   8.0725476e-03
   2.1016993e-02
   4.1650641e-03
   5.3447043e-03
   1.1902281e-02
   2.5930816e-02
   2.8860634e-02
   2.7672615e-02
   4.4252921e-02
   2.2979317e-02
   1.7121691e-02
   1.7144060e-02
   1.8209592e-02
   2.1265035e-02
   1.5114865e-02
   1.7481770e-02
   1.4608630e-02
   1.9421563e-02
   3.9608572e-03
   5.0798999e-03
   1.3725646e-02
   2.0607509e-02
   2.3872370e-02
   2.0477537e-02
   3.3683684e-02
   2.2994690e-02
   1.2900593e-02
   1.0031671e-02
   1.3048593e-02
   2.0310642e-02
   7.2324229e-03
   7.7518108e-03
   7.8809531e-03
   1.8229198e-02
   3.7247753e-03
   4.9016112e-03
   1.3078186e-02
   2.0693764e-02
   2.4121549e-02
   1.7614357e-02
   2.9270910e-02
   2.4598610e-02
   1.1803739e-02
   7.8380685e-03
   1.1911661e-02
   2.0800488e-02
   3.6460692e-03
   3.7613984e-03
   5.1934165e-03
   1.9751903e-02
   3.9209104e-03
   5.3920220e-03
   1.4358718e-02
   2.2310479e-02
   3.4194846e-02
   3.1572398e-02
   3.8422380e-02
   3.0245686e-02
   1.5639722e-02
   9.8551791e-03
   1.3571406e-02
   2.7189137e-02
   4.3636435e-03
   3.8899416e-03
   5.5129202e-03
   2.3061583e-02
   5.0532715e-03
   5.7590301e-03
   1.7541967e-02
   2.5650339e-02
   5.3562053e-02
   5.6963570e-02
   6.0251322e-02
   4.3195684e-02
   2.2943771e-02
   1.3844934e-02
   1.7180368e-02
   3.9069746e-02
   5.4928614e-03
   3.8993752e-03
   6.7551099e-03
   2.7076980e-02
   6.5586544e-03
   5.9828740e-03
   2.0976765e-02
   3.0627258e-02
   3.2949459e-02
   2.8578864e-02
   4.0349104e-02
   3.0697810e-02
   1.4982691e-02
   9.5596351e-03
   1.2402982e-02
   2.6999392e-02
   4.1761138e-03
   3.7646808e-03
   5.6912475e-03
   2.1610303e-02
   5.0598718e-03
   5.6899809e-03
   1.7315313e-02
   2.5455585e-02
   2.5238937e-02
   1.8516049e-02
   3.4314625e-02
   2.4628930e-02
   1.1646030e-02
   7.8461189e-03
   1.0548959e-02
   2.0660779e-02
   3.4211040e-03
   3.8344485e-03
   5.0519402e-03
   1.8458884e-02
   3.9638588e-03
   5.2367402e-03
   1.3553097e-02
   2.1982452e-02
   2.6256967e-02
   2.2408916e-02
   3.9469425e-02
   2.3578545e-02
   1.3546669e-02
   1.0478245e-02
   1.2917616e-02
   2.0359274e-02
   7.7806092e-03
   8.7113343e-03
   8.7018320e-03
   1.8196188e-02
   3.7984822e-03
   5.0327512e-03
   1.3573007e-02
   2.0775812e-02
   2.8846906e-02
   2.7781500e-02
   3.9202046e-02
   1.6922737e-02
   1.8383127e-02
   2.0447372e-02
   2.2214675e-02
   1.7535690e-02
   1.7372843e-02
   1.9435234e-02
   1.6684577e-02
   1.6386375e-02
   3.2317967e-03
   4.1642813e-03
   1.5144885e-02
   1.4644564e-02
   2.2392308e-02
   1.9864714e-02
   3.0103967e-02
   1.6257655e-02
   1.2285268e-02
   1.1016177e-02
   1.4693425e-02
   1.5577818e-02
   7.6272469e-03
   7.9045091e-03
   8.2768705e-03
   1.3911763e-02
   2.9340344e-03
   3.9679920e-03
   1.3956109e-02
   1.4497510e-02
   1.9514780e-02
   1.4724466e-02
   2.4270860e-02
   1.6999047e-02
   9.8090442e-03
   7.0294361e-03
   1.1549247e-02
   1.5665621e-02
   2.9659909e-03
   2.8776019e-03
   4.8210626e-03
   1.4401971e-02
   3.0296557e-03
   4.0535573e-03
   1.4804669e-02
   1.5231363e-02
   3.3479899e-02
   3.4646984e-02
   3.5818748e-02
   2.6130412e-02
   1.5511127e-02
   1.0160280e-02
   1.5077512e-02
   2.3733782e-02
   3.7419528e-03
   3.0248733e-03
   4.8155650e-03
   1.8429434e-02
   4.2421501e-03
   4.3855831e-03
   1.8058928e-02
   1.9654511e-02
   6.1467245e-02
   7.0125699e-02
   6.8714045e-02
   4.7289755e-02
   2.7475508e-02
   1.5719051e-02
   2.3056651e-02
   3.9617084e-02
   5.0433418e-03
   3.0360769e-03
   6.2780241e-03
   2.5210423e-02
   5.8953436e-03
   4.7730491e-03
   2.2260014e-02
   2.7549641e-02
   3.0862140e-02
   2.9973738e-02
   3.5373934e-02
   2.7572324e-02
   1.4415309e-02
   9.3746008e-03
   1.4295352e-02
   2.3197675e-02
   3.5125685e-03
   2.9388580e-03
   5.1376624e-03
   1.7808449e-02
   4.3112058e-03
   4.3434328e-03
   1.8134743e-02
   1.9445216e-02
   2.0835409e-02
   1.4620419e-02
   2.5563518e-02
   1.7094856e-02
   9.2637911e-03
   6.9516259e-03
   1.0016939e-02
   1.5326972e-02
   2.6391891e-03
   3.1632883e-03
   4.4919760e-03
   1.4243145e-02
   3.0814372e-03
   3.9997594e-03
   1.4054953e-02
   1.4766630e-02
   2.4914715e-02
   2.0679299e-02
   3.2440439e-02
   1.6885890e-02
   1.2934114e-02
   1.1361626e-02
   1.4356459e-02
   1.6364008e-02
   8.3581442e-03
   9.2501966e-03
   9.4110211e-03
   1.4688899e-02
   2.9801559e-03
   4.0195235e-03
   1.4964925e-02
   1.4277477e-02
