   5.9195864e-03
   9.4335591e-03
   1.0908481e-02
   2.1733874e-02
   5.2952101e-03
   7.3841577e-03
   1.8303888e-02
   2.8868662e-02
   8.2129464e-03
   1.7027397e-02
   2.4184193e-02
   2.9727826e-02
   1.3800530e-02
   8.3673131e-03
   1.8940285e-02
   2.1782953e-02
   4.8085321e-03
   8.2316967e-03
   8.7921908e-03
   1.6360622e-02
   4.8121358e-03
   6.5630157e-03
   1.3533756e-02
   2.2237290e-02
   7.1547204e-03
   1.0244412e-02
   1.5136851e-02
   2.0373009e-02
   1.3142301e-02
   7.9619195e-03
   1.7468257e-02
   2.0373868e-02
   4.6820692e-03
   8.6923763e-03
   8.8052945e-03
   1.5801977e-02
   4.7699288e-03
   6.7172726e-03
   1.2722993e-02
   2.0810721e-02
   6.9642933e-03
   8.4189102e-03
   1.1235151e-02
   1.6687708e-02
   1.3341514e-02
   8.3636828e-03
   1.6902532e-02
   2.0396680e-02
   6.3434755e-03
   1.3883209e-02
   1.3983424e-02
   2.1171952e-02
   6.3878591e-03
   1.1602354e-02
   1.9645296e-02
   2.7743895e-02
   7.9296296e-03
   9.7200237e-03
   1.4165850e-02
   2.0709893e-02
   1.5670855e-02
   1.1670324e-02
   2.4157610e-02
   2.7074870e-02
   9.6087558e-03
   2.6202982e-02
   2.4273727e-02
   3.0408112e-02
   1.0545815e-02
   2.3088753e-02
   3.1709880e-02
   3.9099809e-02
   1.1451094e-02
   1.5719622e-02
   2.0061331e-02
   2.6757291e-02
   2.0183207e-02
   1.8808492e-02
   3.5208263e-02
   3.5130378e-02
   6.4167297e-03
   1.4579440e-02
   1.3954082e-02
   2.2119146e-02
   6.6513163e-03
   1.2926404e-02
   2.0069141e-02
   2.7241686e-02
   8.2003800e-03
   1.0036493e-02
   1.4068969e-02
   1.9553836e-02
   1.6113967e-02
   1.1862368e-02
   2.3796679e-02
   2.3956208e-02
   4.9127312e-03
   8.8034524e-03
   9.0540489e-03
   1.8531028e-02
   4.7821472e-03
   7.1907206e-03
   1.4453512e-02
   2.2392975e-02
   7.0070797e-03
   8.8767800e-03
   1.1627107e-02
   1.6880671e-02
   1.3477166e-02
   8.5073337e-03
   1.6659278e-02
   1.8833591e-02
   4.8241410e-03
   8.7845325e-03
   1.0000921e-02
   2.0911625e-02
   4.7147921e-03
   6.6603296e-03
   1.6337648e-02
   2.5236931e-02
   7.1779233e-03
   1.0595761e-02
   1.5026311e-02
   2.0022713e-02
   1.3115901e-02
   7.9225646e-03
   1.6055664e-02
   1.8855134e-02
   5.7841102e-03
   1.0289458e-02
   1.3696246e-02
   2.7571380e-02
   5.0001843e-03
   8.2998304e-03
   2.6973043e-02
   3.8397327e-02
   9.0251211e-03
   2.3452677e-02
   3.6236279e-02
   4.2028770e-02
   1.2777808e-02
   8.1613464e-03
   2.5077028e-02
   2.5642777e-02
   4.7347913e-03
   8.9840367e-03
   1.0331050e-02
   1.8665278e-02
   4.6800328e-03
   7.2951438e-03
   1.8655138e-02
   2.7842849e-02
   7.5013503e-03
   1.2606565e-02
   2.1027887e-02
   2.6061060e-02
   1.2447234e-02
   7.9272548e-03
   2.2683658e-02
   2.4237076e-02
   4.7054915e-03
   9.4084609e-03
   1.0089833e-02
   1.7229745e-02
   4.8129833e-03
   7.4965418e-03
   1.6607769e-02
   2.5294911e-02
   7.2159418e-03
   9.0419110e-03
   1.3770865e-02
   1.9377917e-02
   1.2774994e-02
   8.5029313e-03
   2.0653410e-02
   2.3317210e-02
   6.4633549e-03
   1.6893601e-02
   1.7894521e-02
   2.4274750e-02
   6.5842029e-03
   1.4165022e-02
   2.5894925e-02
   3.3889160e-02
   8.2302745e-03
   1.1257447e-02
   1.8161140e-02
   2.4769144e-02
   1.5127545e-02
   1.3691014e-02
   3.0280126e-02
   3.2338090e-02
   1.0197219e-02
   3.4510549e-02
   3.3300307e-02
   3.8105357e-02
   1.1161546e-02
   2.9879725e-02
   4.4240836e-02
   5.1323563e-02
   1.2104813e-02
   1.9780325e-02
   2.6995946e-02
   3.4177333e-02
   2.0616749e-02
   2.5192220e-02
   4.6214476e-02
   4.4364847e-02
   6.6985455e-03
   1.8214015e-02
   1.7383380e-02
   2.4560699e-02
   6.9044367e-03
   1.6147191e-02
   2.6145386e-02
   3.2569416e-02
   8.7125879e-03
   1.1876099e-02
   1.7461296e-02
   2.2431081e-02
   1.5970334e-02
   1.4147191e-02
   2.9321721e-02
   2.5895718e-02
   5.0438577e-03
   9.5119085e-03
   1.0345845e-02
   2.1134848e-02
   4.8459028e-03
   8.3844448e-03
   1.9568615e-02
   2.7667155e-02
   7.3163598e-03
   9.4462521e-03
   1.3885223e-02
   1.9430880e-02
   1.3242419e-02
   8.6844554e-03
   2.0290283e-02
   2.0270646e-02
   4.8675342e-03
   9.7508533e-03
   1.2680040e-02
   2.6608642e-02
   4.5854147e-03
   7.7296710e-03
   2.3749739e-02
   3.2364730e-02
   7.5591444e-03
   1.3138410e-02
   2.0547645e-02
   2.5467021e-02
   1.2675585e-02
   7.8845657e-03
   2.0154867e-02
   2.1158520e-02
   5.4331012e-03
   1.0239563e-02
   1.3814550e-02
   2.7805030e-02
   4.6750563e-03
   8.9422790e-03
   3.1187424e-02
   4.3610007e-02
   1.0098972e-02
   3.3585683e-02
   4.8539888e-02
   5.3021759e-02
   1.0607220e-02
   7.5428151e-03
   2.7065773e-02
   2.4856990e-02
   4.2875651e-03
   8.4609278e-03
   9.8320469e-03
   1.7567182e-02
   4.2707664e-03
   7.5114034e-03
   2.1628749e-02
   2.8636899e-02
   7.7960421e-03
   1.6368715e-02
   2.6761876e-02
   2.9823193e-02
   1.0340393e-02
   7.2532678e-03
   2.4133146e-02
   2.2208618e-02
   4.2078113e-03
   9.0887761e-03
   1.0320909e-02
   1.5726104e-02
   4.4506448e-03
   7.4728089e-03
   1.8914625e-02
   2.5960309e-02
   7.0148353e-03
   9.1903051e-03
   1.4988763e-02
   1.8950906e-02
   1.0807649e-02
   7.7326791e-03
   2.1446459e-02
   2.1158170e-02
   6.3408189e-03
   1.8715801e-02
   1.9158706e-02
   2.5828704e-02
   6.6135484e-03
   1.6363479e-02
   3.3012740e-02
   4.0787317e-02
   8.2117943e-03
   1.3008075e-02
   2.1795359e-02
   2.8449843e-02
   1.3635437e-02
   1.5694031e-02
   3.3118892e-02
   3.5646562e-02
   1.1109328e-02
   4.0781088e-02
   3.6239665e-02
   4.3243125e-02
   1.2249365e-02
   3.6610279e-02
   6.1125182e-02
   6.7423828e-02
   1.3141949e-02
   2.4938665e-02
   3.3877257e-02
   4.2962343e-02
   2.1018131e-02
   3.3004798e-02
   5.5002097e-02
   5.3678360e-02
   6.8852832e-03
   2.0469788e-02
   1.8510802e-02
   2.5043635e-02
   7.1034241e-03
   1.8981207e-02
   3.2809585e-02
   3.7729762e-02
   9.0277232e-03
   1.3880976e-02
   2.0510575e-02
   2.5022613e-02
   1.4889094e-02
   1.6488302e-02
   3.2455713e-02
   2.6881101e-02
   4.7885445e-03
   9.0419045e-03
   1.0127730e-02
   1.9136075e-02
   4.6116207e-03
   8.8813556e-03
   2.2177190e-02
   2.7871370e-02
   7.1125026e-03
   9.6636591e-03
   1.5086249e-02
   1.9045996e-02
   1.1339554e-02
   7.9561407e-03
   2.0564070e-02
   1.8593125e-02
   4.5657721e-03
   9.7047919e-03
   1.2810237e-02
   2.6386281e-02
   4.2916900e-03
   8.1831720e-03
   2.7653325e-02
   3.5389960e-02
   7.8752087e-03
   1.7018048e-02
   2.6155395e-02
   2.9499780e-02
   1.0677866e-02
   7.2326153e-03
   2.1006377e-02
   1.9070363e-02
   4.7102789e-03
   9.9505642e-03
   1.5515056e-02
   2.8886676e-02
   3.9770957e-03
   9.2042573e-03
   3.3310998e-02
   4.2044893e-02
   1.1326276e-02
   5.1752534e-02
   6.9523118e-02
   7.1499616e-02
   8.2309237e-03
   5.9856428e-03
   2.7957814e-02
   2.4063624e-02
   3.4424127e-03
   6.9279498e-03
   9.2811529e-03
   1.7317910e-02
   3.3942417e-03
   7.1134362e-03
   2.2947097e-02
   2.7546436e-02
   8.0475453e-03
   2.2757605e-02
   3.5666957e-02
   3.6719117e-02
   7.7065374e-03
   5.4814219e-03
   2.5072886e-02
   2.1246601e-02
   3.2387187e-03
   7.1034618e-03
   9.3303639e-03
   1.4459068e-02
   3.3376506e-03
   6.6483589e-03
   1.9738572e-02
   2.4913920e-02
   6.4470745e-03
   9.2853894e-03
   1.6613547e-02
   1.8178558e-02
   7.8438018e-03
   5.9864516e-03
   2.1437703e-02
   1.8414035e-02
   6.1030164e-03
   2.1221349e-02
   2.4714554e-02
   2.8349061e-02
   6.5651815e-03
   1.9902794e-02
   3.8239330e-02
   4.2503197e-02
   8.0418400e-03
   1.5673747e-02
   2.6017273e-02
   2.9311089e-02
   1.1885966e-02
   1.8194001e-02
   3.9311983e-02
   3.7239015e-02
   1.2620727e-02
   5.2992441e-02
   5.1994938e-02
   5.0773017e-02
   1.4288849e-02
   4.8253112e-02
   7.2039701e-02
   6.9734953e-02
   1.4968548e-02
   3.3013478e-02
   4.1979920e-02
   4.6562847e-02
   2.2436544e-02
   4.3648966e-02
   7.2105594e-02
   6.0858674e-02
   6.8040160e-03
   2.4011474e-02
   2.2966443e-02
   2.7393557e-02
   7.1798922e-03
   2.3670463e-02
   3.7186760e-02
   3.8687024e-02
   9.0374071e-03
   1.6979322e-02
   2.4601985e-02
   2.4976941e-02
   1.3068254e-02
   1.9468861e-02
   3.8000021e-02
   2.8104691e-02
   3.7882614e-03
   7.6838639e-03
   8.9786146e-03
   1.8772045e-02
   3.5511698e-03
   8.7209921e-03
   2.2636769e-02
   2.7162796e-02
   6.3479156e-03
   9.8135360e-03
   1.6804677e-02
   1.7824857e-02
   8.0705937e-03
   6.4368770e-03
   2.0321479e-02
   1.6651653e-02
   3.6592211e-03
   9.5788846e-03
   1.4115988e-02
   2.6891235e-02
   3.4528684e-03
   8.4284423e-03
   2.9810105e-02
   3.5130538e-02
   7.9055708e-03
   2.3869583e-02
   3.4931045e-02
   3.6012065e-02
   7.7268709e-03
   5.6398963e-03
   2.1126883e-02
   1.6694780e-02
