   9.8782638e-03
   7.4535268e-03
   6.0971230e-03
   3.1917185e-02
   7.6221218e-03
   6.4646001e-03
   4.4274810e-03
   2.4788208e-02
   1.4651665e-02
   1.2349998e-02
   1.1431781e-02
   2.4559660e-02
   2.8564312e-02
   2.5724376e-02
   2.8942484e-02
   3.0070089e-02
   9.2248162e-03
   6.7050713e-03
   5.1820846e-03
   3.0388635e-02
   7.2218729e-03
   6.1150766e-03
   4.1824873e-03
   2.3730930e-02
   1.0149262e-02
   7.1667931e-03
   6.9803479e-03
   2.1351043e-02
   2.3971982e-02
   2.1662589e-02
   2.0605948e-02
   2.6933564e-02
   9.2807813e-03
   6.7166793e-03
   5.0827186e-03
   3.1186063e-02
   7.3004523e-03
   6.2113381e-03
   4.2986586e-03
   2.4204914e-02
   8.4557664e-03
   5.2783806e-03
   5.3270408e-03
   2.1136031e-02
   2.3827750e-02
   2.0196924e-02
   1.9276232e-02
   2.7553093e-02
   1.0484740e-02
   7.2815190e-03
   5.9983088e-03
   3.5341825e-02
   8.2778437e-03
   6.7001698e-03
   5.3686802e-03
   2.7770210e-02
   9.8489262e-03
   5.4384395e-03
   6.0151289e-03
   2.3493275e-02
   3.1059479e-02
   2.1560656e-02
   2.2436811e-02
   3.2409023e-02
   1.1470934e-02
   7.5815129e-03
   7.3648305e-03
   4.0008653e-02
   9.6120154e-03
   6.8827928e-03
   7.0749908e-03
   3.2223608e-02
   1.1373959e-02
   5.6774523e-03
   6.5026092e-03
   2.6032494e-02
   4.0111344e-02
   2.5800779e-02
   2.6869150e-02
   3.8291257e-02
   1.0292604e-02
   7.1550026e-03
   6.1329263e-03
   3.5153501e-02
   8.2844794e-03
   6.5640914e-03
   5.2182334e-03
   2.7786778e-02
   9.4530527e-03
   5.3793499e-03
   5.3685396e-03
   2.2973957e-02
   2.8388845e-02
   2.0996656e-02
   2.1443276e-02
   3.1259470e-02
   9.1561116e-03
   6.6143661e-03
   5.1686545e-03
   3.0744471e-02
   7.2368043e-03
   6.0101240e-03
   4.1646203e-03
   2.4101334e-02
   8.2238596e-03
   5.1996652e-03
   4.7895638e-03
   2.0487627e-02
   2.3291128e-02
   2.0211635e-02
   1.8746005e-02
   2.6253317e-02
   9.0725552e-03
   6.6737155e-03
   5.5373441e-03
   3.0192124e-02
   7.2082998e-03
   6.0440637e-03
   4.1511217e-03
   2.3698125e-02
   9.9620707e-03
   7.5986595e-03
   6.7563769e-03
   2.1264583e-02
   2.3881584e-02
   2.2407997e-02
   2.0872330e-02
   2.6548259e-02
   9.9913124e-03
   7.9089124e-03
   6.5741418e-03
   3.0954940e-02
   7.9696206e-03
   7.1334331e-03
   4.7635548e-03
   2.4417529e-02
   2.0130284e-02
   1.6847204e-02
   1.5451975e-02
   2.8428612e-02
   3.7974391e-02
   3.6268055e-02
   4.1565426e-02
   3.4182865e-02
   9.6279429e-03
   7.3870458e-03
   5.6256000e-03
   3.0391915e-02
   7.8146346e-03
   7.1677514e-03
   4.7318302e-03
   2.4235170e-02
   1.2803648e-02
   9.3208086e-03
   8.7926975e-03
   2.3723263e-02
   2.8414981e-02
   2.9665675e-02
   2.6392931e-02
   2.9286815e-02
   9.6169049e-03
   7.4579241e-03
   5.5428678e-03
   3.1346992e-02
   7.9700956e-03
   7.3540057e-03
   4.9352073e-03
   2.5453851e-02
   1.0306632e-02
   6.5316944e-03
   6.3013947e-03
   2.2950035e-02
   2.7491445e-02
   2.5798267e-02
   2.3098437e-02
   2.9159594e-02
   1.0391012e-02
   7.7692615e-03
   6.3757240e-03
   3.4355540e-02
   8.6585740e-03
   7.5591328e-03
   5.9783529e-03
   2.8452519e-02
   1.2422136e-02
   6.5251440e-03
   6.8029631e-03
   2.4619317e-02
   3.8251471e-02
   2.5582397e-02
   2.7161144e-02
   3.4094576e-02
   1.1083174e-02
   7.9675270e-03
   7.7220537e-03
   3.8127583e-02
   9.7950371e-03
   7.5700860e-03
   7.8523876e-03
   3.2285914e-02
   1.4649610e-02
   6.6470234e-03
   7.1269176e-03
   2.6703604e-02
   5.2876364e-02
   3.0499432e-02
   3.3280615e-02
   4.1428737e-02
   1.0150501e-02
   7.5563747e-03
   6.4343470e-03
   3.4252707e-02
   8.5587092e-03
   7.1958909e-03
   5.7386905e-03
   2.8070653e-02
   1.0833967e-02
   6.2226541e-03
   5.8498178e-03
   2.3624260e-02
   3.2850318e-02
   2.5036713e-02
   2.5713257e-02
   3.2503963e-02
   9.4990702e-03
   7.2014020e-03
   5.6564561e-03
   3.1142181e-02
   7.8028487e-03
   6.7357039e-03
   4.6703811e-03
   2.5213059e-02
   9.6927322e-03
   6.4039445e-03
   5.4088756e-03
   2.1747615e-02
   2.7025597e-02
   2.5707697e-02
   2.2418501e-02
   2.7674576e-02
   9.4775017e-03
   7.2845095e-03
   6.2506115e-03
   3.0303238e-02
   7.7720834e-03
   6.7750034e-03
   4.6154126e-03
   2.4298722e-02
   1.2641607e-02
   1.0146436e-02
   8.6293360e-03
   2.3416681e-02
   2.8891966e-02
   3.0492011e-02
   2.7155522e-02
   2.8877152e-02
   8.0064470e-03
   7.1745976e-03
   5.8442419e-03
   2.6238637e-02
   6.7059835e-03
   6.7316778e-03
   4.5470991e-03
   2.1084554e-02
   2.6114400e-02
   2.3732904e-02
   2.2931056e-02
   3.6304839e-02
   4.7905426e-02
   5.0773203e-02
   5.9427049e-02
   3.5672188e-02
   7.6403283e-03
   6.5979995e-03
   5.0396756e-03
   2.6219346e-02
   6.6563040e-03
   6.9123115e-03
   4.6065301e-03
   2.1527184e-02
   1.4555451e-02
   1.1423647e-02
   1.1010636e-02
   2.4780154e-02
   2.9793773e-02
   3.8850252e-02
   3.2014754e-02
   2.6929855e-02
   7.6984749e-03
   6.6720950e-03
   4.9241888e-03
   2.6779460e-02
   6.7449561e-03
   7.1197581e-03
   4.7340230e-03
   2.3036806e-02
   9.7751943e-03
   6.6697742e-03
   6.1143572e-03
   2.1444460e-02
   2.5646936e-02
   2.9494990e-02
   2.3978407e-02
   2.5299769e-02
   8.3595999e-03
   6.7883986e-03
   5.6935959e-03
   2.9589172e-02
   7.2841267e-03
   6.9588120e-03
   5.8820941e-03
   2.5867812e-02
   1.3865715e-02
   6.4100367e-03
   6.4364825e-03
   2.3016267e-02
   4.4451945e-02
   2.7155327e-02
   2.9812708e-02
   3.1289682e-02
   8.8482667e-03
   6.6701882e-03
   7.0576705e-03
   3.3696000e-02
   8.4254183e-03
   6.6708904e-03
   8.2065612e-03
   2.9880779e-02
   1.7218404e-02
   6.2676952e-03
   6.7842547e-03
   2.4703654e-02
   6.7919984e-02
   3.3811763e-02
   3.9428752e-02
   4.0611729e-02
   8.1741279e-03
   6.3958373e-03
   5.8573182e-03
   2.9407829e-02
   7.1485406e-03
   6.4840554e-03
   5.6914119e-03
   2.5081964e-02
   1.0868139e-02
   6.2385863e-03
   5.4688607e-03
   2.1495553e-02
   3.4060277e-02
   2.6363291e-02
   2.7139710e-02
   2.9759068e-02
   7.7178432e-03
   6.3149361e-03
   5.0546946e-03
   2.6820390e-02
   6.6827191e-03
   6.1462969e-03
   4.5021502e-03
   2.2342712e-02
   9.2570093e-03
   6.7895660e-03
   5.1314845e-03
   1.9705867e-02
   2.4744902e-02
   2.9989572e-02
   2.2922326e-02
   2.4125870e-02
   7.6869689e-03
   6.4189937e-03
   5.5288221e-03
   2.5869716e-02
   6.5773958e-03
   6.3160341e-03
   4.4814553e-03
   2.1574583e-02
   1.4330280e-02
   1.3170097e-02
   1.1437980e-02
   2.5075810e-02
   3.0926982e-02
   4.0740687e-02
   3.3857968e-02
   2.7241511e-02
   5.6269341e-03
   5.5272141e-03
   4.6141376e-03
   1.9653125e-02
   4.7772015e-03
   4.9847965e-03
   3.6708126e-03
   1.6481210e-02
   3.2729186e-02
   3.6391426e-02
   4.0230684e-02
   5.4170594e-02
   5.3774673e-02
   7.9579435e-02
   8.9295596e-02
   4.0182292e-02
   5.3059952e-03
   4.9522640e-03
   3.8615724e-03
   1.9452399e-02
   4.8388406e-03
   5.1603387e-03
   3.5687974e-03
   1.6720155e-02
   1.6099254e-02
   1.4962859e-02
   1.6082261e-02
   2.7336746e-02
   3.0376172e-02
   5.6997076e-02
   4.1556809e-02
   2.5505075e-02
   5.4828161e-03
   5.0820759e-03
   3.8316075e-03
   1.9621138e-02
   4.9861553e-03
   5.5275830e-03
   3.7628554e-03
   1.7506713e-02
   8.4979525e-03
   6.1744498e-03
   4.9866606e-03
   1.6969651e-02
   2.2025457e-02
   3.7686929e-02
   2.4173835e-02
   2.0460799e-02
   6.3817194e-03
   5.3792824e-03
   5.0894348e-03
   2.3028325e-02
   5.5601373e-03
   5.5681407e-03
   5.7935575e-03
   2.0310083e-02
   9.9629806e-03
   5.9757219e-03
   5.8858031e-03
   1.8512985e-02
   4.4871662e-02
   2.9667467e-02
   3.1866565e-02
   2.6960218e-02
   6.9038682e-03
   5.2028559e-03
   7.4107004e-03
   2.8867736e-02
   7.2275689e-03
   5.2790986e-03
   9.4748437e-03
   2.6392227e-02
   1.1986218e-02
   5.8628665e-03
   6.8748123e-03
   2.1197582e-02
   7.1066357e-02
   3.7132658e-02
   4.6619613e-02
   3.6651317e-02
   5.9431256e-03
   4.8837760e-03
   5.3413832e-03
   2.2913437e-02
   5.5697556e-03
   4.9569532e-03
   5.5860896e-03
   2.0036310e-02
   9.4594425e-03
   5.7388153e-03
   4.7519924e-03
   1.7146712e-02
   3.4046058e-02
   2.8474120e-02
   2.8188942e-02
   2.4673035e-02
   5.4858755e-03
   4.9013193e-03
   3.9914702e-03
   2.0318214e-02
   4.8051164e-03
   4.8958687e-03
   3.5741176e-03
   1.7482620e-02
   7.9956884e-03
   6.3727279e-03
   4.3203686e-03
   1.5126342e-02
   2.1207379e-02
   4.0153664e-02
   2.3100553e-02
   1.8868843e-02
   5.2995565e-03
   4.8266798e-03
   4.3351175e-03
   1.9516142e-02
   4.6889349e-03
   4.9101682e-03
   3.5687604e-03
   1.6859759e-02
   1.6810799e-02
   1.8377347e-02
   1.8002838e-02
   2.9954184e-02
   3.2087516e-02
   6.2885910e-02
   4.4620015e-02
   2.6031220e-02
