   6.9032252e-02
   1.1480947e-01
   7.9180956e-02
   5.5706501e-03
   7.8462027e-02
   1.1344381e-01
   8.1990182e-02
   6.8612066e-03
   7.6915234e-02
   1.0115764e-01
   7.3971175e-02
   9.6146902e-03
   4.3389462e-02
   1.7514486e-02
   2.4994984e-02
   1.1995176e-02
   5.5194411e-02
   5.1427770e-02
   3.7787374e-02
   4.3535759e-03
   5.9783835e-02
   5.0060783e-02
   3.9708342e-02
   5.8177100e-03
   3.9494287e-02
   4.2717315e-02
   3.7147049e-02
   7.9426002e-03
   3.7268527e-02
   1.1518885e-02
   2.0607239e-02
   1.4441011e-02
   5.1281821e-02
   9.5428023e-03
   1.2020402e-02
   4.0823161e-03
   2.6965424e-02
   9.1487262e-03
   1.3977001e-02
   5.5868709e-03
   2.0976881e-02
   9.9151535e-03
   1.4315288e-02
   7.2025252e-03
   3.5510693e-02
   8.9648124e-03
   1.8738220e-02
   2.2985969e-02
   3.3256102e-02
   8.5241012e-03
   1.2922096e-02
   5.4022288e-03
   2.2993851e-02
   8.1488872e-03
   1.5473288e-02
   6.6483216e-03
   2.3566416e-02
   8.7743141e-03
   1.6347522e-02
   8.2379756e-03
   3.9340507e-02
   1.3396351e-02
   3.0820914e-02
   1.6426824e-02
   2.7496433e-02
   8.6860657e-03
   2.1478035e-02
   8.4361462e-03
   2.8970992e-02
   8.2866838e-03
   2.5324317e-02
   9.3415296e-03
   3.0442435e-02
   9.0064686e-03
   2.5598638e-02
   1.0814459e-02
   4.9395300e-02
   2.4150245e-02
   5.7125498e-02
   1.4231968e-02
   2.2332888e-02
   8.4735136e-03
   1.5115175e-02
   5.6241066e-03
   2.3706747e-02
   8.5415710e-03
   1.7783463e-02
   6.7090257e-03
   2.6040548e-02
   8.8366251e-03
   1.8861961e-02
   8.4524853e-03
   7.3644228e-02
   1.5090810e-02
   2.9550895e-02
   1.1451645e-02
   2.1220503e-02
   9.4070276e-03
   1.1376286e-02
   4.3863039e-03
   2.1347076e-02
   8.9809895e-03
   1.3246123e-02
   5.4619000e-03
   2.8128391e-02
   9.0762153e-03
   1.3290699e-02
   7.5100469e-03
   1.1041272e-01
   1.0129331e-02
   1.7293431e-02
   1.0789146e-02
   3.5961878e-02
   4.2039681e-02
   3.3202786e-02
   4.1881274e-03
   3.7674725e-02
   4.2510416e-02
   3.5099518e-02
   5.6556049e-03
   5.4603200e-02
   3.8003910e-02
   3.2973714e-02
   7.7247969e-03
   6.9079071e-02
   1.2002716e-02
   2.0126177e-02
   1.1271739e-02
   9.9946484e-02
   1.7751932e-01
   1.2239197e-01
   6.4131999e-03
   1.0850577e-01
   1.4437325e-01
   1.0296752e-01
   7.4630771e-03
   1.2313783e-01
   1.7634717e-01
   1.1184728e-01
   1.1045472e-02
   5.5910364e-02
   2.0179331e-02
   2.7112799e-02
   7.5689768e-03
   8.3609425e-02
   7.9006784e-02
   5.9637196e-02
   4.0635807e-03
   8.6871125e-02
   6.5639563e-02
   5.4221872e-02
   4.5914948e-03
   6.1585847e-02
   7.2841182e-02
   5.8768500e-02
   6.6624889e-03
   4.4520706e-02
   1.3514670e-02
   2.1802258e-02
   1.2644873e-02
   7.6550536e-02
   9.2575038e-03
   1.7314119e-02
   2.8073348e-03
   3.8416449e-02
   1.0019808e-02
   2.2287780e-02
   3.6979762e-03
   2.3416413e-02
   9.9282311e-03
   2.3377130e-02
   4.7585638e-03
   4.2978417e-02
   1.0822858e-02
   2.2023499e-02
   2.4725974e-02
   4.6926767e-02
   6.5214029e-03
   1.8622372e-02
   4.2790342e-03
   2.8317155e-02
   7.7279559e-03
   2.5016855e-02
   5.7547889e-03
   2.7507769e-02
   7.5724577e-03
   2.8115785e-02
   6.1371448e-03
   5.0640952e-02
   1.8221915e-02
   3.4424253e-02
   1.4875430e-02
   3.6111735e-02
   5.8365394e-03
   3.7318651e-02
   7.6729171e-03
   3.4724649e-02
   7.8885285e-03
   4.7804888e-02
   8.9954101e-03
   3.6247980e-02
   7.4758003e-03
   4.8867237e-02
   9.2574432e-03
   6.5695308e-02
   3.5781238e-02
   6.3442238e-02
   1.0503045e-02
   2.6995366e-02
   5.8087716e-03
   2.3194650e-02
   4.5285365e-03
   2.5872864e-02
   8.0784559e-03
   2.8546400e-02
   4.9764533e-03
   3.2192782e-02
   7.5530857e-03
   3.0633163e-02
   5.9309029e-03
   1.0906405e-01
   2.0651465e-02
   3.2279376e-02
   8.5344622e-03
   2.6054000e-02
   7.8512952e-03
   1.6016914e-02
   3.3370880e-03
   2.3258427e-02
   1.0072098e-02
   2.0570602e-02
   3.8966436e-03
   3.9359856e-02
   9.0045845e-03
   1.9661641e-02
   4.8521128e-03
   1.7388502e-01
   1.3702539e-02
   1.8853568e-02
   7.5451992e-03
   4.9025159e-02
   6.0813121e-02
   4.9283039e-02
   3.7267811e-03
   4.9024563e-02
   5.2141491e-02
   4.7336288e-02
   4.8417491e-03
   8.7464236e-02
   6.3537292e-02
   4.7805689e-02
   5.8394247e-03
   1.0994764e-01
   1.5067004e-02
   2.2016179e-02
   7.5404225e-03
   1.5807711e-01
   2.7944347e-01
   2.1401314e-01
   1.1454476e-02
   2.0478989e-01
   2.9335123e-01
   2.0537430e-01
   1.4327434e-02
   2.0816754e-01
   2.8884536e-01
   1.9020244e-01
   1.9780096e-02
   9.1980994e-02
   2.8519720e-02
   3.2960214e-02
   7.2852867e-03
   1.3978034e-01
   1.2608434e-01
   1.1331526e-01
   5.6867353e-03
   1.4459901e-01
   1.3184239e-01
   1.0985766e-01
   7.0588589e-03
   1.1624359e-01
   1.2185986e-01
   1.0376439e-01
   9.1963634e-03
   6.8546981e-02
   1.9440213e-02
   2.9611321e-02
   2.1307008e-02
   9.5365249e-02
   1.1451443e-02
   3.4769561e-02
   2.4673741e-03
   6.7439489e-02
   1.4204326e-02
   4.1696016e-02
   3.0347914e-03
   4.2770918e-02
   1.2394493e-02
   4.1571580e-02
   3.2055380e-03
   7.1253799e-02
   1.5685445e-02
   3.1414475e-02
   4.8483010e-02
   6.8220548e-02
   7.5354753e-03
   2.8655035e-02
   4.7887005e-03
   4.5398042e-02
   1.0330643e-02
   3.5916805e-02
   5.5346866e-03
   4.0964868e-02
   8.1132064e-03
   4.3413900e-02
   5.5876081e-03
   8.4576502e-02
   2.7030278e-02
   4.5904972e-02
   2.4984149e-02
   5.0767608e-02
   6.3006296e-03
   6.5302812e-02
   9.5914686e-03
   5.0784070e-02
   9.2578270e-03
   7.8333266e-02
   1.0566399e-02
   5.2624173e-02
   8.0946600e-03
   8.1470110e-02
   9.9564781e-03
   9.4473422e-02
   5.2433416e-02
   8.5951887e-02
   1.1380102e-02
   4.2421397e-02
   5.4517789e-03
   2.8916067e-02
   5.2539473e-03
   4.1348379e-02
   9.5379706e-03
   3.6677178e-02
   5.4436512e-03
   4.7560222e-02
   6.8875551e-03
   3.9686650e-02
   5.3778705e-03
   1.3899094e-01
   2.8129051e-02
   4.4042058e-02
   7.9883151e-03
   4.5493152e-02
   9.6944077e-03
   2.0750497e-02
   2.6560826e-03
   3.9932191e-02
   1.3033837e-02
   2.3458367e-02
   3.0795753e-03
   7.4632533e-02
   1.1487901e-02
   2.6220515e-02
   3.7351998e-03
   2.4982768e-01
   1.9072523e-02
   2.3269406e-02
   6.7973509e-03
   7.6502793e-02
   8.9854352e-02
   7.9692349e-02
   5.0316574e-03
   9.9034876e-02
   9.7098954e-02
   7.6286845e-02
   5.7237791e-03
   1.5246470e-01
   1.0271553e-01
   7.3838897e-02
   8.0170594e-03
   1.7046727e-01
   2.4356006e-02
   3.0262277e-02
   6.5156179e-03
   2.3077637e-01
   3.8739577e-01
   2.6872399e-01
   1.7331697e-02
   2.6531294e-01
   3.8628900e-01
   2.6342261e-01
   1.9349212e-02
   2.1500458e-01
   3.8483334e-01
   2.4943477e-01
   2.8867617e-02
   9.7708359e-02
   3.2523077e-02
   2.5102362e-02
   1.1356276e-02
   1.7680147e-01
   1.7372310e-01
   1.4157279e-01
   8.8617774e-03
   1.6136350e-01
   1.7237729e-01
   1.3310719e-01
   8.9730555e-03
   1.3816921e-01
   1.6437340e-01
   1.3667347e-01
   1.3666380e-02
   9.8035008e-02
   3.3884779e-02
   3.9458524e-02
   3.9590582e-02
   9.1162831e-02
   1.7005451e-02
   2.6061684e-02
   3.6247580e-03
   7.2175950e-02
   1.6490085e-02
   2.6996167e-02
   3.3236635e-03
   6.3934214e-02
   1.9574523e-02
   3.5614543e-02
   4.4518658e-03
   9.2676491e-02
   2.9289862e-02
   4.8598502e-02
   8.9599840e-02
   7.4954405e-02
   1.3083401e-02
   4.0734816e-02
   8.8185789e-03
   5.6091517e-02
   1.7356258e-02
   4.4077717e-02
   9.2598675e-03
   6.0012091e-02
   1.5834754e-02
   5.7487153e-02
   8.5183289e-03
   8.7751038e-02
   5.0972015e-02
   7.2576597e-02
   4.6972230e-02
   8.4879518e-02
   1.0361231e-02
   9.9330969e-02
   1.8282039e-02
   9.9888980e-02
   1.0879905e-02
   1.0744955e-01
   1.9520592e-02
   9.9827193e-02
   1.4691432e-02
   1.0641014e-01
   1.7084414e-02
   1.3464163e-01
   9.4059058e-02
   1.2276079e-01
   1.8167950e-02
   4.8022993e-02
   6.5791826e-03
   3.8858220e-02
   9.3245050e-03
   5.5817541e-02
   1.0488667e-02
   4.6832059e-02
   9.4707562e-03
   6.0388457e-02
   1.0989213e-02
   5.2741349e-02
   7.3300507e-03
   9.4719954e-02
   4.8983723e-02
   6.6668637e-02
   1.2197448e-02
   6.5584421e-02
   1.1209230e-02
   1.2320376e-02
   3.2974812e-03
   5.6051586e-02
   1.2037751e-02
   1.4533358e-02
   3.4341752e-03
   8.0031134e-02
   1.7390314e-02
   1.7399669e-02
   3.5500145e-03
   1.3152324e-01
   2.3112040e-02
   2.1400802e-02
   1.0436702e-02
   1.0561119e-01
   1.2472905e-01
   9.8945349e-02
   8.0395592e-03
   1.3905731e-01
   1.2597613e-01
   9.2267431e-02
   7.5496663e-03
   1.8056874e-01
   1.3746841e-01
   9.0933777e-02
   1.1657329e-02
   1.1768625e-01
   2.6490856e-02
   2.7034203e-02
   9.6801203e-03
