   8.6851437e-03
   8.7397322e-03
   1.2834318e-02
   2.7854459e-02
   1.4193301e-02
   1.5217061e-02
   1.8220881e-02
   3.1359863e-02
   1.2852361e-02
   9.6689221e-03
   1.9738084e-02
   3.9118547e-02
   1.9519495e-02
   1.7189229e-02
   1.7626965e-02
   3.3836175e-02
   8.5887257e-03
   5.9270631e-03
   1.1014605e-02
   2.6292674e-02
   1.4372310e-02
   9.9140508e-03
   1.2275229e-02
   2.9646296e-02
   1.2157429e-02
   8.5778488e-03
   1.6193908e-02
   3.8895991e-02
   1.8127903e-02
   1.2025373e-02
   1.5350941e-02
   3.4773167e-02
   9.1496296e-03
   4.6800817e-03
   1.0759401e-02
   2.6341654e-02
   1.4522928e-02
   6.7800279e-03
   1.0471676e-02
   3.1111022e-02
   1.2183920e-02
   8.6263102e-03
   1.6404202e-02
   4.2941082e-02
   1.7917397e-02
   9.4536664e-03
   1.5221699e-02
   3.9897099e-02
   9.4380984e-03
   4.7774832e-03
   1.1955840e-02
   2.9144404e-02
   1.4589198e-02
   6.1804270e-03
   1.1593077e-02
   3.9079674e-02
   1.3851510e-02
   1.3510080e-02
   2.5676280e-02
   5.5406269e-02
   1.9796638e-02
   9.9312933e-03
   1.8124569e-02
   4.6422109e-02
   9.2884358e-03
   4.9274107e-03
   1.4650003e-02
   3.2243326e-02
   1.5695035e-02
   5.9965160e-03
   1.4189376e-02
   4.8185363e-02
   1.6296806e-02
   2.3145044e-02
   4.0721897e-02
   6.4521767e-02
   2.1761196e-02
   1.1381545e-02
   1.8907841e-02
   4.8307423e-02
   8.6280117e-03
   4.8913369e-03
   1.4447115e-02
   3.0165993e-02
   1.4321861e-02
   5.3681182e-03
   1.3652438e-02
   4.5266420e-02
   1.4075667e-02
   1.4233502e-02
   2.4334999e-02
   5.5113196e-02
   2.0221151e-02
   1.3174345e-02
   1.5760429e-02
   3.9984044e-02
   7.5858827e-03
   4.7938204e-03
   1.1702965e-02
   2.8147442e-02
   1.2884764e-02
   5.4354286e-03
   1.2122491e-02
   3.7969768e-02
   1.2172542e-02
   8.9658946e-03
   1.5492038e-02
   4.2783540e-02
   1.9665975e-02
   1.1827134e-02
   1.4119096e-02
   3.3176843e-02
   7.8969393e-03
   6.0271593e-03
   1.1436695e-02
   2.6957519e-02
   1.3225010e-02
   9.0891104e-03
   1.3465783e-02
   3.2639004e-02
   1.2127164e-02
   8.8127609e-03
   1.5925076e-02
   3.8379587e-02
   1.9004019e-02
   1.2851129e-02
   1.5160062e-02
   3.2246303e-02
   9.1478182e-03
   1.1648786e-02
   1.4613586e-02
   2.6494548e-02
   1.3562108e-02
   2.2697391e-02
   2.6167883e-02
   4.0214900e-02
   1.2050644e-02
   1.1854202e-02
   2.7811140e-02
   5.4891948e-02
   1.8623287e-02
   2.2708109e-02
   2.1258833e-02
   3.9453134e-02
   8.8598980e-03
   6.8264813e-03
   1.1620082e-02
   2.5407011e-02
   1.5754873e-02
   1.3299059e-02
   1.5404791e-02
   3.8298011e-02
   1.1822066e-02
   1.0143728e-02
   2.1931160e-02
   5.5289429e-02
   1.7530411e-02
   1.4015961e-02
   1.7552618e-02
   4.2902470e-02
   1.0052838e-02
   4.8573641e-03
   1.0940595e-02
   2.5629796e-02
   1.6151603e-02
   8.3937394e-03
   1.1912483e-02
   4.0391490e-02
   1.1950850e-02
   9.7937062e-03
   2.1265177e-02
   5.9618194e-02
   1.7194217e-02
   1.0022331e-02
   1.7296409e-02
   5.0807949e-02
   1.0417448e-02
   4.8087146e-03
   1.2137839e-02
   2.7270783e-02
   1.4231024e-02
   7.6298909e-03
   1.3203649e-02
   4.7945190e-02
   1.3589042e-02
   1.7418163e-02
   3.5599463e-02
   7.0057616e-02
   1.8156977e-02
   1.0146555e-02
   2.1661235e-02
   5.4978445e-02
   8.9980066e-03
   4.9036960e-03
   1.5456637e-02
   2.8922610e-02
   1.5274181e-02
   6.8600718e-03
   1.6794167e-02
   5.7363667e-02
   1.6985726e-02
   3.3212982e-02
   6.0011342e-02
   7.7810802e-02
   1.9594293e-02
   1.2765776e-02
   2.2132868e-02
   5.4768085e-02
   8.3475187e-03
   4.8177699e-03
   1.5831657e-02
   2.9115491e-02
   1.3907135e-02
   5.8585503e-03
   1.6084379e-02
   5.7008352e-02
   1.4191485e-02
   1.8512987e-02
   3.3462968e-02
   6.9768302e-02
   1.8919118e-02
   1.6646018e-02
   1.6903045e-02
   4.5508351e-02
   7.6205796e-03
   4.8846924e-03
   1.2397227e-02
   2.9286310e-02
   1.2707446e-02
   6.0181413e-03
   1.4733073e-02
   5.1601604e-02
   1.2115682e-02
   1.0341892e-02
   1.9838171e-02
   5.9570618e-02
   2.1205608e-02
   1.4257522e-02
   1.5193000e-02
   3.8894355e-02
   8.0214078e-03
   7.0932065e-03
   1.2322091e-02
   2.6721435e-02
   1.2890820e-02
   1.2160589e-02
   1.7740207e-02
   4.3987133e-02
   1.1759947e-02
   1.0504839e-02
   2.1251913e-02
   5.3900320e-02
   1.9779436e-02
   1.5600768e-02
   1.7004754e-02
   3.7611846e-02
   9.6401460e-03
   1.6808968e-02
   1.7019926e-02
   2.1902258e-02
   1.1119070e-02
   3.2982733e-02
   3.6895297e-02
   4.0601812e-02
   9.6334117e-03
   1.3036336e-02
   3.2327093e-02
   5.4594360e-02
   1.4454554e-02
   2.9478790e-02
   2.5805125e-02
   3.7943810e-02
   8.5766604e-03
   8.1452997e-03
   1.1734844e-02
   2.1179888e-02
   1.6109740e-02
   1.7946187e-02
   1.8953862e-02
   3.7812132e-02
   9.4614336e-03
   1.0786402e-02
   2.5276426e-02
   5.2945413e-02
   1.3421531e-02
   1.5846219e-02
   1.9903921e-02
   4.2701308e-02
   1.0174193e-02
   4.3562432e-03
   1.0009153e-02
   2.1386486e-02
   1.6974648e-02
   1.0182138e-02
   1.2126860e-02
   3.9331600e-02
   9.8151742e-03
   1.0193323e-02
   2.3964673e-02
   5.3577282e-02
   1.3403681e-02
   9.4925044e-03
   1.9133430e-02
   4.9752809e-02
   1.0833013e-02
   4.2349896e-03
   1.0924740e-02
   2.2768661e-02
   1.2277342e-02
   9.2202825e-03
   1.3755325e-02
   4.3850210e-02
   1.1797848e-02
   1.9818172e-02
   4.1251577e-02
   5.7965439e-02
   1.4327467e-02
   9.7123245e-03
   2.5670219e-02
   4.7960509e-02
   8.0805682e-03
   4.2450819e-03
   1.5658630e-02
   2.3750981e-02
   1.3407655e-02
   7.5475983e-03
   1.8307962e-02
   4.9700033e-02
   1.5882285e-02
   3.9584380e-02
   7.0526779e-02
   6.1506726e-02
   1.6021891e-02
   1.4547966e-02
   2.5737993e-02
   4.6981189e-02
   7.2904709e-03
   4.2485171e-03
   1.6642092e-02
   2.4927733e-02
   1.1820147e-02
   6.0197767e-03
   1.7866734e-02
   4.9764540e-02
   1.2459166e-02
   2.1329712e-02
   3.7915345e-02
   5.6052350e-02
   1.5692335e-02
   2.0222349e-02
   1.7272199e-02
   3.9627168e-02
   6.6389325e-03
   4.4274242e-03
   1.2086214e-02
   2.7980506e-02
   1.0562547e-02
   6.2648333e-03
   1.7111056e-02
   5.0641850e-02
   1.0069599e-02
   1.1057632e-02
   2.1440590e-02
   5.3391203e-02
   2.0904042e-02
   1.6293820e-02
   1.5236993e-02
   3.6127184e-02
   7.6445076e-03
   8.8635571e-03
   1.3023381e-02
   2.3543108e-02
   1.0675897e-02
   1.6436774e-02
   2.3373714e-02
   4.4544190e-02
   9.6545927e-03
   1.1531145e-02
   2.3950078e-02
   5.1872034e-02
   1.8163955e-02
   1.8698072e-02
   1.8731585e-02
   3.6199037e-02
   1.0519584e-02
   2.2666132e-02
   1.9723788e-02
   1.6386574e-02
   8.7665031e-03
   4.6037965e-02
   4.9661219e-02
   3.1872321e-02
   7.0103663e-03
   1.2264244e-02
   2.9265409e-02
   3.9992779e-02
   1.1128407e-02
   3.5217427e-02
   3.2648984e-02
   3.1520735e-02
   8.6239520e-03
   9.6638333e-03
   1.1363709e-02
   1.5867431e-02
   1.7362885e-02
   2.3880206e-02
   2.3170184e-02
   2.8827025e-02
   6.9080237e-03
   1.0404357e-02
   2.5242960e-02
   3.6490742e-02
   9.7366590e-03
   1.7661218e-02
   2.3387039e-02
   3.8556110e-02
   1.0856133e-02
   3.4613572e-03
   8.1208050e-03
   1.5953636e-02
   1.8137269e-02
   1.2293112e-02
   1.1681004e-02
   2.9102892e-02
   6.9254646e-03
   1.0544874e-02
   2.6869224e-02
   3.5754848e-02
   9.2922030e-03
   8.6029069e-03
   2.1924639e-02
   4.7584128e-02
   1.2008199e-02
   3.3644866e-03
   9.4367471e-03
   1.6480865e-02
   1.0228829e-02
   1.0841858e-02
   1.3545834e-02
   3.2116920e-02
   1.0264678e-02
   2.2988230e-02
   4.5875531e-02
   3.8306288e-02
   1.0746025e-02
   9.9086491e-03
   3.3003524e-02
   3.8361095e-02
   7.7977888e-03
   3.3204968e-03
   1.6893523e-02
   1.7689817e-02
   1.2161279e-02
   8.5679656e-03
   1.9438466e-02
   3.6427736e-02
   1.8073777e-02
   4.8275311e-02
   7.9686858e-02
   4.0839411e-02
   1.4141427e-02
   1.8530652e-02
   3.2432824e-02
   3.5086889e-02
   6.1885742e-03
   3.3650701e-03
   1.8648053e-02
   2.1548763e-02
   9.6424278e-03
   6.2058228e-03
   1.9043764e-02
   3.7971996e-02
   1.1752470e-02
   2.4982691e-02
   4.0230524e-02
   3.6894325e-02
   1.3435641e-02
   2.4940526e-02
   1.8586094e-02
   3.0000621e-02
   5.5686310e-03
   3.6588167e-03
   1.1300606e-02
   2.9931111e-02
   7.7184145e-03
   6.6609848e-03
   1.8461993e-02
   4.4530872e-02
   7.1330350e-03
   1.1716456e-02
   2.2599610e-02
   3.5764195e-02
   2.2587549e-02
   1.8878942e-02
   1.5229969e-02
   2.8180141e-02
   7.4339919e-03
   1.0920642e-02
   1.3313649e-02
   2.1131378e-02
   7.7821324e-03
   2.2361632e-02
   2.8974859e-02
   3.6791805e-02
   6.7227934e-03
   1.1012912e-02
   2.3195645e-02
   3.6599454e-02
   1.8455504e-02
   2.1621022e-02
   2.0830914e-02
   2.9130405e-02
