   6.6130473e-03
   1.6153341e-02
   2.5061114e-02
   3.9736126e-02
   5.4469779e-03
   1.3762169e-02
   4.1099910e-02
   5.8783758e-02
   1.5748249e-02
   7.5301252e-02
   1.0444238e-01
   1.0432904e-01
   1.3840574e-02
   1.1237491e-02
   3.9158776e-02
   3.8007423e-02
   5.5867252e-03
   1.2482980e-02
   1.8916251e-02
   3.1344719e-02
   5.2809124e-03
   1.0890659e-02
   3.4843739e-02
   4.4415899e-02
   1.1811638e-02
   3.3061013e-02
   5.3030923e-02
   5.4117393e-02
   1.3552632e-02
   1.0555717e-02
   3.5738289e-02
   3.3802196e-02
   4.9899206e-03
   1.1362415e-02
   1.7553985e-02
   2.7555844e-02
   4.9022650e-03
   1.0317312e-02
   3.0178042e-02
   3.9872114e-02
   1.0200755e-02
   1.4087333e-02
   2.4960740e-02
   2.9025115e-02
   1.3492254e-02
   9.9749323e-03
   3.1167597e-02
   2.8574126e-02
   7.6651336e-03
   2.8734423e-02
   3.4552738e-02
   4.2321324e-02
   7.7424063e-03
   2.7312715e-02
   5.0079849e-02
   5.6516044e-02
   1.1859491e-02
   2.3162380e-02
   3.7947994e-02
   4.1608285e-02
   1.7829305e-02
   2.3916019e-02
   5.1396273e-02
   4.8441686e-02
   1.4864117e-02
   6.9489121e-02
   6.8225712e-02
   6.9217414e-02
   1.5749494e-02
   6.4667113e-02
   9.0489209e-02
   8.7524220e-02
   1.8756730e-02
   4.5962304e-02
   5.8073528e-02
   6.3606121e-02
   3.1465996e-02
   5.6782588e-02
   9.0992697e-02
   7.6022603e-02
   8.4165083e-03
   3.2533143e-02
   3.3210576e-02
   4.2317662e-02
   8.8040968e-03
   3.1344835e-02
   5.0695051e-02
   5.4929879e-02
   1.2555105e-02
   2.4870347e-02
   3.6186822e-02
   3.9155494e-02
   1.9661576e-02
   2.5199709e-02
   5.0577685e-02
   4.4955615e-02
   4.9726544e-03
   1.2824416e-02
   1.5426768e-02
   3.2838918e-02
   5.1613483e-03
   1.1845985e-02
   3.2024898e-02
   4.0328208e-02
   9.9274218e-03
   1.4738436e-02
   2.4836652e-02
   2.8764360e-02
   1.4141006e-02
   9.5903110e-03
   2.9700991e-02
   2.8230235e-02
   5.3390847e-03
   1.5060431e-02
   2.1941168e-02
   3.6452331e-02
   4.9533471e-03
   1.2481764e-02
   3.7117574e-02
   5.1127046e-02
   1.2068748e-02
   3.4607045e-02
   5.1344510e-02
   5.3316802e-02
   1.3522835e-02
   1.0036676e-02
   3.2813724e-02
   2.9641371e-02
   4.8703821e-03
   1.6822504e-02
   2.8755993e-02
   3.4163658e-02
   3.3486187e-03
   1.2259661e-02
   4.0938836e-02
   5.2089982e-02
   1.8205592e-02
   1.0242541e-01
   1.2672237e-01
   1.3586800e-01
   7.5803264e-03
   6.2049548e-03
   3.7495863e-02
   3.7778780e-02
   3.2217833e-03
   8.4841587e-03
   1.6812854e-02
   2.7178727e-02
   2.8522434e-03
   9.2083802e-03
   3.0915283e-02
   3.6846723e-02
   1.3057102e-02
   4.3859128e-02
   6.3766979e-02
   6.4324267e-02
   7.5798701e-03
   5.7854182e-03
   3.4342796e-02
   3.2350305e-02
   3.2759262e-03
   7.8611178e-03
   1.6198225e-02
   2.6487397e-02
   2.8861645e-03
   8.8830413e-03
   2.8241629e-02
   4.0137604e-02
   8.8301813e-03
   1.6916551e-02
   2.7853744e-02
   2.8538309e-02
   7.7757500e-03
   6.3058492e-03
   3.0151695e-02
   2.6278153e-02
   9.3624005e-03
   3.7848540e-02
   4.1757759e-02
   4.5417093e-02
   9.2884162e-03
   3.9928779e-02
   6.4645685e-02
   6.4696036e-02
   1.3734568e-02
   3.3868991e-02
   4.2026326e-02
   4.6487071e-02
   1.7852599e-02
   3.3378657e-02
   5.7049375e-02
   5.6386091e-02
   2.3930419e-02
   1.0246901e-01
   8.7979294e-02
   7.5551622e-02
   2.4487792e-02
   1.0233803e-01
   1.1272387e-01
   9.9779382e-02
   2.8717037e-02
   6.9602959e-02
   6.9971338e-02
   6.6185594e-02
   4.2833470e-02
   8.9392640e-02
   1.1070596e-01
   9.4797112e-02
   1.1218492e-02
   4.3863986e-02
   3.7426837e-02
   4.2999804e-02
   1.1345474e-02
   4.5055136e-02
   6.3082121e-02
   5.9756074e-02
   1.5621386e-02
   3.6155280e-02
   4.4734579e-02
   3.7267443e-02
   2.1323944e-02
   3.7174668e-02
   5.6496017e-02
   4.9922779e-02
   3.3254335e-03
   9.3472442e-03
   1.3363698e-02
   3.0252570e-02
   3.4153517e-03
   9.3864445e-03
   3.2249019e-02
   3.8941979e-02
   8.5070645e-03
   1.7203927e-02
   3.0476023e-02
   2.8496062e-02
   7.2834841e-03
   6.4491644e-03
   2.8268840e-02
   2.8271792e-02
   3.4662338e-03
   1.6111454e-02
   2.4650902e-02
   3.2457594e-02
   2.8667685e-03
   1.0016344e-02
   3.5811689e-02
   4.4753708e-02
   1.1830874e-02
   4.6205621e-02
   6.0789358e-02
   6.3924856e-02
   7.0596933e-03
   6.0754106e-03
   3.0436903e-02
   2.6040265e-02
   4.9714055e-03
   1.2034555e-02
   2.5708556e-02
   4.1105062e-02
   2.6830686e-03
   1.0861602e-02
   4.0192835e-02
   6.4570278e-02
   2.7881019e-02
   1.3827522e-01
   1.5768236e-01
   1.8021235e-01
   4.7193733e-03
   4.7118808e-03
   4.7542974e-02
   5.2738514e-02
   2.8336239e-03
   6.4573837e-03
   2.0828556e-02
   3.0923430e-02
   2.2593325e-03
   9.2438264e-03
   3.1239785e-02
   3.6922488e-02
   1.9185359e-02
   6.0877800e-02
   7.9295225e-02
   8.2771063e-02
   4.5149596e-03
   4.3021701e-03
   4.1604534e-02
   4.7387689e-02
   2.6145228e-03
   7.0857089e-03
   1.8939901e-02
   2.7422465e-02
   2.7107871e-03
   1.0571503e-02
   3.2072157e-02
   3.8123488e-02
   1.3783012e-02
   2.6837291e-02
   3.0304139e-02
   3.7822407e-02
   5.2200435e-03
   5.8701411e-03
   3.2043397e-02
   3.1508122e-02
   1.4790596e-02
   5.0961450e-02
   4.4906750e-02
   5.3167187e-02
   1.6564811e-02
   5.5178743e-02
   6.7165136e-02
   7.1720727e-02
   2.2946326e-02
   5.1748168e-02
   4.4514406e-02
   6.2106080e-02
   2.3471000e-02
   4.6979558e-02
   5.7876065e-02
   6.8768397e-02
   4.0619645e-02
   1.4093110e-01
   8.7737568e-02
   9.7047001e-02
   4.6682596e-02
   1.4931111e-01
   1.1230831e-01
   1.1010356e-01
   4.4925179e-02
   1.0045137e-01
   7.0801996e-02
   8.6931951e-02
   6.5220162e-02
   1.2846544e-01
   1.1777228e-01
   1.2250756e-01
   1.8246410e-02
   6.0035717e-02
   3.6304466e-02
   4.9661689e-02
   2.0254964e-02
   6.5399051e-02
   7.0634015e-02
   6.0431130e-02
   2.4622850e-02
   5.2735820e-02
   4.8304494e-02
   4.4320937e-02
   2.9886264e-02
   5.3161405e-02
   6.5965623e-02
   5.3932380e-02
   2.9490557e-03
   8.1807831e-03
   1.3837259e-02
   2.8026216e-02
   2.4416852e-03
   1.0053765e-02
   3.6326289e-02
   4.3135878e-02
   1.4460058e-02
   2.8271746e-02
   3.9058708e-02
   3.3264905e-02
   5.0129471e-03
   6.6123921e-03
   3.0906683e-02
   3.0903880e-02
   3.0665798e-03
   1.1396226e-02
   2.1365779e-02
   3.6880676e-02
   1.8231209e-03
   9.4691580e-03
   3.7441216e-02
   5.1300049e-02
   1.8461190e-02
   6.5333910e-02
   7.3455319e-02
   8.3583243e-02
   4.1980934e-03
   4.5823171e-03
   3.5967771e-02
   3.3577435e-02
   6.3632387e-03
   9.9027986e-03
   2.6907915e-02
   5.8046322e-02
   3.0033106e-03
   1.3818439e-02
   4.6064995e-02
   8.4992528e-02
   3.0899016e-02
   1.2889872e-01
   1.3022555e-01
   1.7342547e-01
   5.3001461e-03
   7.2874483e-03
   4.5116536e-02
   6.5617248e-02
   3.7591450e-03
   6.1302604e-03
   2.7743286e-02
   4.8759315e-02
   2.6527622e-03
   1.2503151e-02
   4.7294449e-02
   4.3063387e-02
   2.8045502e-02
   7.2439305e-02
   8.8126943e-02
   8.4624618e-02
   4.4400115e-03
   6.6669760e-03
   4.1015808e-02
   6.0106900e-02
   3.5949668e-03
   7.4228668e-03
   2.3551155e-02
   3.2561027e-02
   3.4040089e-03
   1.4164329e-02
   5.5515759e-02
   4.3525487e-02
   2.9372247e-02
   5.2662864e-02
   4.7432017e-02
   5.2962270e-02
   4.6708905e-03
   7.7081523e-03
   3.2658659e-02
   3.5262998e-02
   3.3136621e-02
   6.0801342e-02
   6.5633446e-02
   7.4432246e-02
   3.8677637e-02
   5.7731248e-02
   8.1015304e-02
   8.5122451e-02
   4.6241276e-02
   7.0233278e-02
   5.3020928e-02
   8.4173039e-02
   4.4058263e-02
   6.0317956e-02
   6.3322529e-02
   7.7672616e-02
   9.3963824e-02
   1.7262553e-01
   1.1597696e-01
   1.3704425e-01
   1.1121518e-01
   1.6714200e-01
   1.2745084e-01
   1.5851818e-01
   9.5742814e-02
   1.2879555e-01
   9.6899584e-02
   1.1956774e-01
   1.3082093e-01
   1.6578476e-01
   1.3045458e-01
   1.4815968e-01
   4.2026822e-02
   7.1604885e-02
   4.9016207e-02
   6.1510984e-02
   4.8766084e-02
   7.3747136e-02
   7.0951961e-02
   7.3854648e-02
   5.1930979e-02
   6.8641521e-02
   7.3848456e-02
   6.2309328e-02
   5.8791708e-02
   6.9965951e-02
   6.4118020e-02
   7.2073206e-02
   4.3512150e-03
   9.1640465e-03
   1.6426457e-02
   2.6962545e-02
   3.9392929e-03
   1.2837939e-02
   4.4819023e-02
   4.7332101e-02
   3.0594051e-02
   5.7241186e-02
   6.7548975e-02
   4.6274770e-02
   6.6671059e-03
   1.0592298e-02
   2.7457917e-02
   3.8152620e-02
   3.5489968e-03
   7.5750765e-03
   2.0839024e-02
   4.0611573e-02
   2.4999324e-03
   1.0442174e-02
   4.0681440e-02
   6.1821237e-02
   2.7679484e-02
   7.1390517e-02
   8.0477707e-02
   8.5386492e-02
   5.5850619e-03
   8.1311380e-03
   3.6742199e-02
   4.6584092e-02
