   7.6426275e-02
   8.7432057e-02
   7.5213976e-02
   1.8513830e-02
   6.2741429e-02
   6.8486586e-02
   6.0994733e-02
   1.2774074e-02
   6.6833563e-02
   7.1485586e-02
   6.9386147e-02
   1.0057672e-02
   6.0639802e-02
   7.7203728e-02
   1.0139028e-01
   3.9191127e-02
   3.8222231e-02
   3.4990765e-02
   2.9719137e-02
   1.3988608e-02
   3.1813022e-02
   2.6999226e-02
   2.3697110e-02
   1.0419809e-02
   2.9715970e-02
   2.8691050e-02
   2.9309098e-02
   8.7295007e-03
   2.7408453e-02
   3.3496782e-02
   4.7175109e-02
   2.8053027e-02
   1.9086767e-02
   1.0087815e-02
   8.5255615e-03
   1.1472456e-02
   1.2978720e-02
   5.5958088e-03
   5.3605945e-03
   8.7349759e-03
   1.0205043e-02
   5.3810636e-03
   5.5860160e-03
   7.8640375e-03
   9.1138398e-03
   6.8418551e-03
   1.3722474e-02
   2.6937012e-02
   1.7041078e-02
   9.6908389e-03
   7.7380673e-03
   1.6210629e-02
   1.4572339e-02
   5.6108651e-03
   5.0090449e-03
   1.4623753e-02
   1.2186646e-02
   5.4518492e-03
   6.0272985e-03
   1.4029226e-02
   9.4870208e-03
   6.4924550e-03
   2.1519829e-02
   1.5435896e-02
   1.8991260e-02
   9.8461844e-03
   8.1511103e-03
   2.7053267e-02
   1.8967276e-02
   6.0083200e-03
   5.4778187e-03
   2.5407700e-02
   1.5595848e-02
   5.8890008e-03
   6.3470909e-03
   2.2729011e-02
   1.1338318e-02
   8.4325727e-03
   2.2455974e-02
   1.1475799e-02
   1.6087897e-02
   9.8672481e-03
   7.9834554e-03
   1.7718153e-02
   1.3869454e-02
   5.3257900e-03
   5.2257669e-03
   1.4534595e-02
   1.2135203e-02
   6.3101682e-03
   5.3621475e-03
   1.2087224e-02
   1.1461014e-02
   1.7756538e-02
   1.3575333e-02
   9.2024272e-03
   1.4908037e-02
   1.0794220e-02
   8.5938657e-03
   1.2582353e-02
   1.2358100e-02
   5.4442226e-03
   5.5996059e-03
   8.8052629e-03
   1.2285785e-02
   5.9028552e-03
   5.4152529e-03
   6.7975917e-03
   1.9413315e-02
   1.7403912e-02
   1.3076123e-02
   8.5212337e-03
   3.6286432e-02
   3.8011406e-02
   3.4455530e-02
   1.5239229e-02
   3.0431023e-02
   2.6829561e-02
   2.6362391e-02
   1.0294768e-02
   3.1487375e-02
   2.7573910e-02
   2.6693070e-02
   7.7960072e-03
   3.4328319e-02
   3.2174461e-02
   4.2728495e-02
   1.8486308e-02
   1.0511003e-01
   1.1854427e-01
   1.0474866e-01
   2.0723304e-02
   9.2676669e-02
   1.0596908e-01
   9.5323376e-02
   1.7154617e-02
   9.3006112e-02
   1.0020657e-01
   9.4913028e-02
   1.4073347e-02
   9.4039917e-02
   1.1218902e-01
   1.4231335e-01
   6.4363681e-02
   5.0653268e-02
   4.5228750e-02
   3.9719347e-02
   1.5820993e-02
   4.5895241e-02
   4.0649980e-02
   3.6904015e-02
   1.3432455e-02
   4.2047247e-02
   3.9989311e-02
   4.0630784e-02
   1.2458464e-02
   4.0961519e-02
   4.9227200e-02
   6.3999154e-02
   5.0515771e-02
   2.0321850e-02
   9.9705709e-03
   8.4315287e-03
   1.5122051e-02
   1.4055141e-02
   5.5356091e-03
   5.5670319e-03
   1.3585960e-02
   1.1194513e-02
   6.1006751e-03
   6.6400017e-03
   1.3243911e-02
   9.2045115e-03
   9.1891587e-03
   1.6898351e-02
   4.9848460e-02
   1.8316643e-02
   8.5467463e-03
   6.8097003e-03
   2.3798143e-02
   1.5830772e-02
   4.6556923e-03
   4.6990258e-03
   2.5075410e-02
   1.3892228e-02
   5.4034623e-03
   7.3133842e-03
   2.5733167e-02
   9.7085191e-03
   7.4492628e-03
   3.0935967e-02
   2.3992080e-02
   2.0264030e-02
   8.4180208e-03
   6.7640115e-03
   3.8334362e-02
   2.2489712e-02
   5.3909388e-03
   5.8691325e-03
   3.8909819e-02
   1.8879896e-02
   5.5717109e-03
   8.0018472e-03
   3.5240922e-02
   1.2372109e-02
   1.0848938e-02
   3.1953990e-02
   1.1561261e-02
   1.4979798e-02
   8.2755927e-03
   6.8644080e-03
   2.3057856e-02
   1.5063526e-02
   4.9373251e-03
   5.8046053e-03
   1.9994719e-02
   1.4507529e-02
   7.2504641e-03
   6.2674354e-03
   1.7897844e-02
   1.3475029e-02
   2.5414299e-02
   1.5325281e-02
   1.0674016e-02
   1.3468819e-02
   1.0447735e-02
   8.8585652e-03
   1.5786564e-02
   1.2547523e-02
   5.5545503e-03
   6.3898372e-03
   1.2152147e-02
   1.5235046e-02
   6.8985750e-03
   6.7641600e-03
   1.0685428e-02
   2.3473339e-02
   2.5423704e-02
   1.3963002e-02
   1.1185299e-02
   4.8275679e-02
   5.0520435e-02
   4.9308095e-02
   1.7674724e-02
   4.4748366e-02
   4.0631738e-02
   4.1667975e-02
   1.3240161e-02
   4.1947052e-02
   3.8194049e-02
   3.6972433e-02
   1.1109308e-02
   4.7848798e-02
   4.5581453e-02
   5.5836193e-02
   2.8818516e-02
   1.5874729e-01
   1.9814782e-01
   1.8990128e-01
   2.9244244e-02
   1.7616962e-01
   2.1698444e-01
   1.9249840e-01
   2.3192389e-02
   1.4089693e-01
   1.6389559e-01
   1.5344796e-01
   2.0222889e-02
   1.4042355e-01
   1.7516872e-01
   2.1355461e-01
   1.0391144e-01
   7.4431449e-02
   7.2657324e-02
   7.2523072e-02
   1.7863018e-02
   9.2726871e-02
   8.2250796e-02
   7.5288735e-02
   1.7750951e-02
   6.9980137e-02
   6.4638160e-02
   6.6980042e-02
   1.7005583e-02
   6.2971465e-02
   7.5484999e-02
   9.1770463e-02
   7.8495272e-02
   3.1423714e-02
   9.9337464e-03
   1.3011786e-02
   2.6102537e-02
   2.3680583e-02
   7.3829847e-03
   9.6690133e-03
   2.2684515e-02
   1.8868176e-02
   7.5084660e-03
   1.0802630e-02
   2.2530142e-02
   1.3167399e-02
   1.3746664e-02
   2.3239834e-02
   8.7739162e-02
   2.3242025e-02
   7.2917542e-03
   1.0774028e-02
   3.6425397e-02
   2.1558279e-02
   5.2517368e-03
   8.4608039e-03
   3.7883062e-02
   2.0352077e-02
   5.7021766e-03
   1.2872986e-02
   4.1754253e-02
   1.4706391e-02
   1.1179273e-02
   4.8521385e-02
   4.3950878e-02
   2.5042357e-02
   8.1124753e-03
   1.3660339e-02
   7.6485209e-02
   3.4200914e-02
   5.5122343e-03
   1.3062568e-02
   7.9410471e-02
   2.6397290e-02
   7.2447872e-03
   1.6883707e-02
   7.0331901e-02
   1.8433554e-02
   1.8686803e-02
   4.9777821e-02
   1.8449510e-02
   1.7774800e-02
   7.4991798e-03
   1.1473573e-02
   3.4905784e-02
   1.9857390e-02
   5.6705461e-03
   8.7778699e-03
   3.4223352e-02
   2.1248655e-02
   9.8786382e-03
   1.0952178e-02
   3.2026276e-02
   1.9644814e-02
   4.2500891e-02
   2.2460012e-02
   1.6261963e-02
   2.2037191e-02
   9.8902639e-03
   1.5034390e-02
   2.8687306e-02
   2.1145618e-02
   7.0813322e-03
   1.1073753e-02
   2.0495720e-02
   2.8220888e-02
   1.0060195e-02
   1.0562168e-02
   1.6585505e-02
   2.9830609e-02
   4.0020451e-02
   2.0258289e-02
   1.9440221e-02
   8.2371712e-02
   7.9618290e-02
   9.1787718e-02
   2.4761140e-02
   9.3210824e-02
   8.2646497e-02
   8.7446101e-02
   2.1260308e-02
   6.5075710e-02
   6.1088119e-02
   6.2643178e-02
   1.8445916e-02
   6.5176018e-02
   6.8858810e-02
   8.0713868e-02
   4.7339085e-02
   3.5584220e-01
   4.5233890e-01
   4.2159280e-01
   5.5838469e-02
   3.1696475e-01
   4.4479430e-01
   4.1145471e-01
   5.2514039e-02
   2.9695138e-01
   3.6317888e-01
   3.3331797e-01
   4.4409238e-02
   2.0196690e-01
   2.0690194e-01
   1.7964214e-01
   1.0264823e-01
   1.5595619e-01
   1.6380310e-01
   1.6040730e-01
   2.5738038e-02
   1.8189096e-01
   1.6874371e-01
   1.5673512e-01
   1.7777817e-02
   1.4478797e-01
   1.4230278e-01
   1.4331800e-01
   2.4139408e-02
   9.4482280e-02
   9.3969688e-02
   8.0138534e-02
   9.0081096e-02
   3.9855607e-02
   1.1397643e-02
   1.9347316e-02
   2.3064859e-02
   3.6635559e-02
   1.0544581e-02
   1.7121121e-02
   1.9133730e-02
   2.3569439e-02
   9.0995738e-03
   1.8469809e-02
   2.4475116e-02
   2.1833930e-02
   1.9536149e-02
   2.8272146e-02
   1.3348737e-01
   2.0289220e-02
   7.1579474e-03
   1.6193153e-02
   4.2698901e-02
   2.5825713e-02
   5.0344765e-03
   1.4274064e-02
   4.4174287e-02
   2.5538575e-02
   6.0148099e-03
   2.5330106e-02
   5.5736236e-02
   2.4574667e-02
   1.4533729e-02
   5.6915086e-02
   6.7093514e-02
   4.0731501e-02
   6.0201557e-03
   3.5090383e-02
   1.0979355e-01
   5.2702546e-02
   5.2376944e-03
   3.6245987e-02
   1.1606600e-01
   4.2445965e-02
   9.1483723e-03
   3.9058503e-02
   1.1153619e-01
   3.0396499e-02
   2.5864260e-02
   5.9773978e-02
   3.1227216e-02
   1.8536378e-02
   5.6559970e-03
   1.7468782e-02
   4.4888411e-02
   2.3829579e-02
   5.8827684e-03
   1.6262352e-02
   4.5421612e-02
   3.5227090e-02
   1.1861744e-02
   1.8416742e-02
   5.2103724e-02
   2.8525205e-02
   6.0748175e-02
   2.7370879e-02
   2.7825346e-02
   2.4858246e-02
   1.3105378e-02
   2.3827912e-02
   3.4635615e-02
   3.7042674e-02
   1.0727528e-02
   1.9417498e-02
   2.6610542e-02
   3.9000791e-02
   1.4656330e-02
   1.5874535e-02
   2.6521714e-02
   4.3252371e-02
   5.9513927e-02
   2.7001241e-02
   3.2739881e-02
   1.8340549e-01
   1.7998761e-01
   2.0089751e-01
   4.5695018e-02
   1.8441282e-01
   1.6837177e-01
   1.8885943e-01
   4.1125506e-02
   1.2764221e-01
   1.3346642e-01
   1.3682719e-01
   3.5891868e-02
   8.2416847e-02
   7.7920370e-02
   7.0698157e-02
   5.4389451e-02
