   3.4733944e-02
   4.7419604e-02
   3.2786738e-02
   7.5251954e-03
   3.5068952e-02
   3.1243004e-02
   2.6952088e-02
   6.5976153e-03
   3.3488244e-02
   4.4378724e-02
   3.6715291e-02
   8.3559342e-03
   3.5939608e-02
   1.4004867e-02
   3.5727635e-02
   1.0606284e-02
   3.3146065e-02
   4.5680180e-02
   2.8280232e-02
   7.6565463e-03
   3.2227419e-02
   3.0792316e-02
   2.2265423e-02
   6.5164883e-03
   3.3784416e-02
   4.0586773e-02
   3.2003414e-02
   8.1890542e-03
   3.9039306e-02
   1.4510932e-02
   3.6122009e-02
   1.0502664e-02
   3.4219641e-02
   5.2090436e-02
   2.7065475e-02
   8.1833508e-03
   2.9492769e-02
   3.6012482e-02
   2.2861885e-02
   6.8089301e-03
   3.2402128e-02
   4.2040031e-02
   2.8964741e-02
   8.2899490e-03
   3.9605107e-02
   1.5006385e-02
   3.5714522e-02
   1.0789318e-02
   3.6677871e-02
   5.4485377e-02
   3.3796407e-02
   9.5332395e-03
   3.1188577e-02
   3.7486885e-02
   4.1794226e-02
   8.3726551e-03
   3.1813376e-02
   4.4302676e-02
   4.0081248e-02
   9.0578077e-03
   3.9000809e-02
   1.5437110e-02
   3.7786081e-02
   1.1391788e-02
   4.8216395e-02
   9.7320162e-02
   4.4568628e-02
   1.1367504e-02
   6.7681335e-02
   8.3756298e-02
   5.1952958e-02
   1.0084802e-02
   9.6188068e-02
   7.2816871e-02
   5.9811339e-02
   1.0338666e-02
   1.2532504e-01
   2.8695621e-02
   4.5457039e-02
   1.1948937e-02
   1.0018455e-01
   1.2786046e-01
   3.4501310e-02
   9.7380895e-03
   1.3628362e-01
   9.5675439e-02
   2.7607728e-02
   9.0494929e-03
   1.6218361e-01
   7.4011475e-02
   3.9152108e-02
   9.5043993e-03
   1.7087525e-01
   2.9910982e-02
   4.0025737e-02
   1.1566132e-02
   8.4613331e-02
   6.1463628e-02
   2.5737476e-02
   7.6657445e-03
   7.2972156e-02
   3.8562853e-02
   2.2306466e-02
   6.6897171e-03
   6.0019091e-02
   4.4239238e-02
   2.9628335e-02
   8.3252043e-03
   5.4379474e-02
   1.6222401e-02
   3.3929709e-02
   1.1077243e-02
   3.8310405e-02
   4.4021513e-02
   2.6916975e-02
   7.2026132e-03
   3.3956680e-02
   2.9991956e-02
   2.3346601e-02
   6.4790063e-03
   3.0921910e-02
   4.2837739e-02
   3.4189984e-02
   8.2427124e-03
   3.5156969e-02
   1.3482876e-02
   3.1720739e-02
   1.0860799e-02
   3.5710040e-02
   5.1569451e-02
   3.4028348e-02
   5.5291159e-03
   3.5708241e-02
   2.7373342e-02
   2.4010710e-02
   4.2239781e-03
   2.7962595e-02
   3.8400207e-02
   3.6407895e-02
   6.3325474e-03
   2.3026085e-02
   1.3706045e-02
   3.2895666e-02
   7.1903672e-03
   3.4339014e-02
   4.9536806e-02
   3.2100912e-02
   4.8593162e-03
   3.2445896e-02
   2.8197441e-02
   1.8752320e-02
   4.2923759e-03
   2.5645584e-02
   3.5231832e-02
   3.1558234e-02
   6.2284400e-03
   2.2193259e-02
   1.1389881e-02
   3.3836365e-02
   6.9267433e-03
   3.9046343e-02
   5.8259126e-02
   3.3038732e-02
   5.4871994e-03
   3.2041308e-02
   3.4098726e-02
   2.5900383e-02
   4.2887526e-03
   2.7327849e-02
   3.7389103e-02
   2.8618578e-02
   6.2395181e-03
   2.2976043e-02
   1.1389069e-02
   3.4027707e-02
   7.0726792e-03
   4.3725297e-02
   6.0090616e-02
   4.2845838e-02
   7.3889643e-03
   4.0062152e-02
   3.7357736e-02
   5.5989966e-02
   6.9647622e-03
   3.9336782e-02
   4.0005971e-02
   4.4020705e-02
   7.4432292e-03
   3.9616667e-02
   1.5189108e-02
   3.9920047e-02
   8.4363222e-03
   7.0512369e-02
   8.7453254e-02
   5.8601838e-02
   9.5859468e-03
   1.1007726e-01
   6.5179475e-02
   5.7849851e-02
   9.2842560e-03
   1.4104034e-01
   5.7315987e-02
   7.3388748e-02
   9.0330951e-03
   1.7092015e-01
   3.3536363e-02
   4.9828816e-02
   9.4396528e-03
   1.6773863e-01
   1.1919365e-01
   4.4076450e-02
   7.4095973e-03
   2.2945859e-01
   7.0531487e-02
   2.4995117e-02
   6.7979624e-03
   2.4885920e-01
   5.8595646e-02
   4.5300204e-02
   7.7975192e-03
   2.4490318e-01
   3.6001515e-02
   4.4473842e-02
   7.8636119e-03
   1.3520205e-01
   6.3223042e-02
   2.8203990e-02
   4.9913172e-03
   1.1972360e-01
   3.5896070e-02
   1.9595785e-02
   4.4536423e-03
   9.6143611e-02
   4.3507986e-02
   2.9150959e-02
   6.3742162e-03
   7.4428104e-02
   1.8436318e-02
   3.1985283e-02
   7.5259702e-03
   4.9707923e-02
   4.8813093e-02
   3.0981140e-02
   4.6340576e-03
   4.1089058e-02
   2.7456386e-02
   2.1061536e-02
   4.0619811e-03
   3.2256678e-02
   3.9989907e-02
   3.2612458e-02
   5.6923316e-03
   2.4501134e-02
   1.3913902e-02
   2.8860677e-02
   7.6369764e-03
   5.3052157e-02
   6.4398214e-02
   4.8915762e-02
   4.8895394e-03
   5.3421162e-02
   2.6835581e-02
   2.7119366e-02
   3.0397428e-03
   4.0250067e-02
   4.7400162e-02
   3.9432939e-02
   7.0811925e-03
   2.5456920e-02
   1.6202625e-02
   4.1837394e-02
   8.1238924e-03
   5.3760890e-02
   6.4392596e-02
   4.3708079e-02
   4.1589155e-03
   4.5782585e-02
   3.0992171e-02
   2.6682895e-02
   3.0607530e-03
   3.9575983e-02
   4.2163517e-02
   3.3348527e-02
   6.0216864e-03
   2.4880160e-02
   1.5302957e-02
   4.4929828e-02
   7.8300890e-03
   6.4088926e-02
   6.4350761e-02
   4.6126150e-02
   4.9981698e-03
   5.2298266e-02
   3.7316285e-02
   3.7696730e-02
   4.1261036e-03
   3.9530236e-02
   4.1363645e-02
   3.3475492e-02
   5.0335620e-03
   2.9026581e-02
   1.6446181e-02
   5.0115731e-02
   6.9862176e-03
   6.3474409e-02
   5.8886625e-02
   6.0364429e-02
   7.6617049e-03
   6.2199935e-02
   3.8949627e-02
   8.1794180e-02
   8.9266691e-03
   5.7948384e-02
   4.3097727e-02
   5.0175756e-02
   7.9753110e-03
   4.4514805e-02
   2.1254202e-02
   6.0509656e-02
   8.3518075e-03
   8.9488611e-02
   7.7798717e-02
   9.2559516e-02
   1.1914209e-02
   1.0432448e-01
   6.7534111e-02
   8.0805309e-02
   1.1927425e-02
   1.1190955e-01
   7.1981572e-02
   8.1750900e-02
   1.0952914e-02
   1.1506473e-01
   5.1882647e-02
   6.1003909e-02
   1.1051075e-02
   2.4599202e-01
   7.7126950e-02
   5.8912914e-02
   8.0897678e-03
   2.4986455e-01
   6.1565083e-02
   3.4239482e-02
   6.7568906e-03
   2.2668897e-01
   7.0461445e-02
   4.6276756e-02
   7.6612853e-03
   1.7451248e-01
   5.2237567e-02
   5.0873157e-02
   8.0812974e-03
   2.1745390e-01
   4.7279939e-02
   3.3446494e-02
   3.9278166e-03
   1.5678400e-01
   2.9378364e-02
   2.0651752e-02
   3.1879388e-03
   1.1321662e-01
   3.9763186e-02
   3.1177377e-02
   5.7514319e-03
   6.5590270e-02
   2.4522590e-02
   4.3622915e-02
   7.9036066e-03
   8.4191181e-02
   5.0498683e-02
   3.9661154e-02
   4.2917919e-03
   6.3109510e-02
   2.3504212e-02
   2.0593366e-02
   2.8017291e-03
   4.8451707e-02
   4.2895067e-02
   3.2482732e-02
   6.4071640e-03
   2.8988533e-02
   1.7499952e-02
   3.5193712e-02
   7.9934681e-03
   5.9854712e-02
   8.0236904e-02
   8.4445335e-02
   5.1526753e-03
   6.9676846e-02
   2.2833431e-02
   3.5713933e-02
   3.2413243e-03
   5.4286383e-02
   5.8643766e-02
   5.4397941e-02
   1.2334057e-02
   3.2397218e-02
   2.5356883e-02
   6.3803434e-02
   1.5770867e-02
   6.8460353e-02
   7.5591758e-02
   8.3777279e-02
   6.3151945e-03
   6.2038340e-02
   2.9526161e-02
   3.8449515e-02
   3.5540580e-03
   4.7740575e-02
   5.5788834e-02
   5.2561913e-02
   7.9032956e-03
   2.5164837e-02
   2.8070971e-02
   7.1102969e-02
   1.3222108e-02
   8.0939047e-02
   7.3434360e-02
   6.8898775e-02
   6.4874496e-03
   4.8670691e-02
   3.6276855e-02
   5.3140800e-02
   5.5457675e-03
   4.1514754e-02
   4.0046118e-02
   4.4259146e-02
   6.3667474e-03
   4.0348593e-02
   3.2606136e-02
   8.0255993e-02
   1.0066153e-02
   8.4010839e-02
   5.9468798e-02
   9.2885442e-02
   1.0371579e-02
   6.9027588e-02
   4.0854640e-02
   7.7866882e-02
   1.4436925e-02
   6.5163121e-02
   4.2389423e-02
   7.0222788e-02
   1.2594021e-02
   3.9407011e-02
   2.9938301e-02
   9.4715789e-02
   1.2588002e-02
   7.6087371e-02
   7.7349201e-02
   1.3629353e-01
   1.9812815e-02
   6.6179112e-02
   8.9164510e-02
   9.5849723e-02
   1.9971658e-02
   4.1409288e-02
   1.0421757e-01
   1.1563197e-01
   1.8417077e-02
   6.6653088e-02
   8.6108312e-02
   8.9280047e-02
   1.9472774e-02
   1.6671002e-01
   8.4061891e-02
   8.3316118e-02
   1.0358550e-02
   9.3909085e-02
   8.6392209e-02
   4.6513807e-02
   8.4137805e-03
   6.5787055e-02
   1.0234681e-01
   6.5284632e-02
   1.0303671e-02
   7.2192386e-02
   7.9103321e-02
   6.1153844e-02
   1.2613896e-02
   1.8329450e-01
   6.0497772e-02
   3.5665080e-02
   5.7721981e-03
   9.3925588e-02
   2.8627468e-02
   2.9449377e-02
   3.3827906e-03
   7.2452314e-02
   4.4524722e-02
   3.4427881e-02
   6.9915876e-03
   4.9902696e-02
   3.4675892e-02
   6.2404256e-02
   1.2163740e-02
   9.7458802e-02
   5.8713537e-02
   5.1948469e-02
   4.4108699e-03
   5.8881391e-02
   1.9302431e-02
   2.9824877e-02
   3.0863960e-03
   5.2510485e-02
   4.6736643e-02
   3.9892040e-02
   1.1101035e-02
   3.7425756e-02
   2.5281435e-02
   5.1664926e-02
   1.4771927e-02
