   4.4581606e-03
   4.9445666e-03
   9.2786038e-03
   3.2551955e-02
   3.0735175e-03
   4.2813127e-03
   7.1431790e-03
   2.9425830e-02
   7.0657106e-03
   4.7278786e-03
   9.2204781e-03
   3.3201512e-02
   2.3516823e-02
   3.0061854e-02
   3.1606134e-02
   4.5636475e-02
   3.8727960e-03
   4.4935634e-03
   8.7081864e-03
   3.1336106e-02
   2.8943643e-03
   4.0796408e-03
   6.8543772e-03
   2.8425029e-02
   6.7928652e-03
   4.2100083e-03
   8.6899297e-03
   3.1800468e-02
   2.2361554e-02
   2.1155637e-02
   2.6140772e-02
   4.2335432e-02
   3.8851642e-03
   4.5425561e-03
   9.2016235e-03
   3.1893492e-02
   2.9258956e-03
   4.3110917e-03
   7.0204851e-03
   2.8681630e-02
   6.6435686e-03
   4.0276395e-03
   8.7329112e-03
   3.2073334e-02
   2.3274757e-02
   1.7393563e-02
   2.4515925e-02
   4.2521428e-02
   5.1058442e-03
   4.9500843e-03
   1.1345613e-02
   3.5668898e-02
   4.0841540e-03
   4.8697018e-03
   8.4619522e-03
   3.1830747e-02
   7.3828069e-03
   4.3153674e-03
   9.9984016e-03
   3.5444945e-02
   2.4729926e-02
   1.8359108e-02
   2.7129013e-02
   4.7245961e-02
   6.4815050e-03
   5.2341637e-03
   1.5290560e-02
   3.9889779e-02
   5.9147789e-03
   4.8207282e-03
   1.2978470e-02
   3.5010368e-02
   8.6378902e-03
   4.3966416e-03
   1.4051785e-02
   3.8463820e-02
   2.5622278e-02
   1.8253937e-02
   3.0628575e-02
   5.0404288e-02
   4.6697990e-03
   4.9019195e-03
   1.3906937e-02
   3.6529344e-02
   3.9157462e-03
   4.5447149e-03
   1.1831290e-02
   3.2075483e-02
   7.5171911e-03
   4.1004634e-03
   1.2714943e-02
   3.5212032e-02
   2.3425149e-02
   1.7161971e-02
   2.8158190e-02
   4.6547439e-02
   3.6627618e-03
   4.4650361e-03
   9.9936007e-03
   3.2060400e-02
   2.8316050e-03
   4.3126140e-03
   7.5813476e-03
   2.8779086e-02
   6.5139993e-03
   3.7830092e-03
   8.9340974e-03
   3.1944096e-02
   2.1153715e-02
   1.6883595e-02
   2.4861217e-02
   4.2821582e-02
   3.7616554e-03
   4.4503738e-03
   9.0937084e-03
   3.1423751e-02
   2.8294995e-03
   4.1411859e-03
   6.8981051e-03
   2.8607057e-02
   6.4692544e-03
   3.8387573e-03
   8.5863909e-03
   3.1807106e-02
   2.1446055e-02
   2.2398593e-02
   2.6336797e-02
   4.2002924e-02
   4.0851794e-03
   4.4640051e-03
   1.1117859e-02
   2.8907374e-02
   2.7417629e-03
   3.9657815e-03
   7.5763892e-03
   2.6411774e-02
   6.2718098e-03
   4.6606129e-03
   8.7200888e-03
   3.0562796e-02
   2.2983084e-02
   4.3246735e-02
   3.8841955e-02
   4.9301576e-02
   3.6511798e-03
   4.2164680e-03
   1.0390615e-02
   2.8771721e-02
   2.7092036e-03
   3.9601591e-03
   7.4426341e-03
   2.6323222e-02
   6.3089640e-03
   4.4747256e-03
   8.4466459e-03
   2.9928192e-02
   2.1855714e-02
   2.6581995e-02
   2.9187012e-02
   4.4291221e-02
   3.8757897e-03
   4.5983214e-03
   1.1265205e-02
   2.9456593e-02
   2.9911466e-03
   4.7104815e-03
   7.9443986e-03
   2.7330073e-02
   6.2668631e-03
   4.6160240e-03
   8.7870061e-03
   3.0750493e-02
   2.3699306e-02
   1.9991791e-02
   2.5689816e-02
   4.4251446e-02
   5.1673437e-03
   5.0624949e-03
   1.3817262e-02
   3.2199305e-02
   4.2917663e-03
   5.6373570e-03
   9.7825089e-03
   2.9635541e-02
   6.8127830e-03
   4.9114274e-03
   1.0222715e-02
   3.2709759e-02
   2.3116946e-02
   2.1407505e-02
   2.8103368e-02
   4.7565971e-02
   6.4648022e-03
   5.3848075e-03
   1.9344734e-02
   3.5395909e-02
   6.1533558e-03
   5.3405864e-03
   1.5509557e-02
   3.1545706e-02
   7.8966143e-03
   4.9715652e-03
   1.5213637e-02
   3.3972707e-02
   2.2339445e-02
   2.1054029e-02
   3.3516478e-02
   4.8562836e-02
   4.6034944e-03
   4.9656606e-03
   1.7289605e-02
   3.3717521e-02
   3.9941678e-03
   4.8341458e-03
   1.4122113e-02
   2.9844502e-02
   6.9806944e-03
   4.4875299e-03
   1.3725123e-02
   3.2801840e-02
   2.1080727e-02
   1.8855779e-02
   3.1091683e-02
   4.7976088e-02
   3.5916481e-03
   4.4098375e-03
   1.2247812e-02
   3.0132126e-02
   2.8057883e-03
   4.6038819e-03
   8.8076461e-03
   2.7341001e-02
   6.1464706e-03
   4.0961122e-03
   9.1272024e-03
   3.0895760e-02
   1.9830888e-02
   1.9297257e-02
   2.6871584e-02
   4.6727438e-02
   3.4903737e-03
   4.1295765e-03
   1.1208946e-02
   2.8903538e-02
   2.6196965e-03
   4.1077356e-03
   7.6271705e-03
   2.6592601e-02
   5.8961818e-03
   3.9319657e-03
   8.3893957e-03
   3.0391002e-02
   2.0406671e-02
   2.9874690e-02
   2.9620079e-02
   4.4061519e-02
   3.7659195e-03
   4.2132353e-03
   1.2125892e-02
   2.2952992e-02
   2.6933404e-03
   4.0983139e-03
   7.7750320e-03
   2.1332346e-02
   5.2413903e-03
   4.7403402e-03
   8.2632937e-03
   2.6251471e-02
   2.1180196e-02
   6.6963553e-02
   5.0781321e-02
   4.9593680e-02
   3.3600524e-03
   3.9611119e-03
   1.1080307e-02
   2.2914561e-02
   2.6517932e-03
   4.1601192e-03
   7.6203560e-03
   2.1438599e-02
   5.3737639e-03
   4.6643284e-03
   7.9915617e-03
   2.5393799e-02
   1.9927628e-02
   3.6115900e-02
   3.2496784e-02
   4.0249474e-02
   3.5935347e-03
   4.3718899e-03
   1.1973620e-02
   2.3780996e-02
   2.9731956e-03
   5.0906944e-03
   8.1049064e-03
   2.3102170e-02
   5.3607039e-03
   4.8027555e-03
   8.3127702e-03
   2.6269699e-02
   2.2809083e-02
   2.2358825e-02
   2.4778793e-02
   3.8093649e-02
   4.8377928e-03
   4.6143588e-03
   1.4755656e-02
   2.5398973e-02
   4.2872345e-03
   6.1256220e-03
   1.0164951e-02
   2.4407951e-02
   5.5785752e-03
   5.2471454e-03
   9.8129911e-03
   2.7418498e-02
   2.0460395e-02
   2.3994163e-02
   2.5636902e-02
   3.9645903e-02
   6.1101257e-03
   4.7569694e-03
   2.1508010e-02
   2.8733965e-02
   6.2039583e-03
   5.4737576e-03
   1.7285090e-02
   2.5569135e-02
   6.6139819e-03
   5.0999024e-03
   1.5926031e-02
   2.7932955e-02
   1.7236987e-02
   2.3121884e-02
   3.4112487e-02
   4.0053900e-02
   4.2237979e-03
   4.4839028e-03
   1.8982854e-02
   2.8143119e-02
   4.0166834e-03
   4.9408972e-03
   1.5656112e-02
   2.4885396e-02
   5.7565956e-03
   4.5729247e-03
   1.4283027e-02
   2.7405541e-02
   1.6255582e-02
   1.9171448e-02
   3.0841898e-02
   4.3403085e-02
   3.2302169e-03
   4.1123996e-03
   1.2744462e-02
   2.4965955e-02
   2.7547404e-03
   4.7918288e-03
   9.1984347e-03
   2.2803279e-02
   5.0777681e-03
   4.2326925e-03
   8.7028062e-03
   2.6610168e-02
   1.5972577e-02
   2.0865403e-02
   2.7735673e-02
   4.5470361e-02
   3.1488661e-03
   3.8892657e-03
   1.2349907e-02
   2.3152756e-02
   2.5258122e-03
   4.2575803e-03
   8.0436543e-03
   2.1944590e-02
   4.8649260e-03
   4.0527591e-03
   8.1053451e-03
   2.6690140e-02
   1.7243985e-02
   4.1599076e-02
   3.3874221e-02
   4.1417424e-02
   3.3836982e-03
   3.5157667e-03
   1.2712183e-02
   1.5845556e-02
   2.3534696e-03
   3.6067695e-03
   6.9464138e-03
   1.5406626e-02
   4.1913050e-03
   4.7744913e-03
   7.4657989e-03
   2.0894071e-02
   2.2092422e-02
   1.0872595e-01
   6.6422112e-02
   4.5643210e-02
   2.7792829e-03
   3.1434309e-03
   1.0866801e-02
   1.6019395e-02
   2.2614496e-03
   3.6885261e-03
   6.7453971e-03
   1.5036190e-02
   4.2907707e-03
   4.5562815e-03
   6.9426047e-03
   1.9068329e-02
   2.0115593e-02
   5.0894618e-02
   3.5743561e-02
   3.3640258e-02
   2.7430495e-03
   3.2992903e-03
   1.1684634e-02
   1.6214062e-02
   2.5122606e-03
   4.4588554e-03
   7.2484370e-03
   1.5925132e-02
   4.1427794e-03
   4.4350298e-03
   6.7299320e-03
   1.9105431e-02
   2.4315456e-02
   2.3335382e-02
   2.0133076e-02
   2.7297387e-02
   4.0639099e-03
   3.4174125e-03
   1.4964108e-02
   1.6674314e-02
   3.9669396e-03
   5.3977720e-03
   9.8367650e-03
   1.6739158e-02
   4.2322911e-03
   4.9860501e-03
   8.2759503e-03
   1.9204879e-02
   2.0100556e-02
   2.8672846e-02
   2.2318874e-02
   2.7518764e-02
   5.5938796e-03
   3.4635589e-03
   2.4355942e-02
   2.1345308e-02
   6.1424840e-03
   4.7198571e-03
   2.0441975e-02
   1.8098827e-02
   5.2602501e-03
   4.7883065e-03
   1.7469989e-02
   1.9886039e-02
   1.2624245e-02
   2.7715441e-02
   3.7701726e-02
   2.8944232e-02
   3.4797026e-03
   3.2579117e-03
   2.1475943e-02
   2.0488385e-02
   3.6644808e-03
   4.0490259e-03
   1.8117191e-02
   1.7065780e-02
   4.2946963e-03
   4.2943340e-03
   1.5747327e-02
   2.0294419e-02
   1.1708191e-02
   1.8785525e-02
   2.9693123e-02
   3.7838377e-02
   2.3277444e-03
   3.0356445e-03
   1.2575504e-02
   1.6763903e-02
   2.1898043e-03
   4.0509664e-03
   8.7582786e-03
   1.5962962e-02
   3.6106051e-03
   3.9045045e-03
   7.7786255e-03
   2.0212892e-02
   1.1515099e-02
   2.2842478e-02
   2.4663493e-02
   4.2253003e-02
   2.5846874e-03
   3.0498714e-03
   1.3032895e-02
   1.5725151e-02
   2.0695745e-03
   3.7658582e-03
   7.5666993e-03
   1.5528141e-02
   3.5840326e-03
   3.7917977e-03
   7.1181315e-03
   2.1380495e-02
   1.4745180e-02
   6.7059092e-02
   3.8554788e-02
   3.5630096e-02
