   7.1752747e-03
   9.3607921e-03
   4.6037432e-02
   3.8847264e-02
   1.0097720e-02
   1.0626432e-02
   2.8836438e-02
   1.8995345e-02
   2.3414118e-02
   2.5839964e-02
   6.8227008e-02
   1.8237472e-02
   3.1381018e-02
   2.9824600e-02
   4.1427255e-02
   9.9196574e-03
   7.1680960e-03
   8.5538598e-03
   4.7491185e-02
   3.6110748e-02
   1.0221634e-02
   1.0091552e-02
   2.9422862e-02
   1.9138619e-02
   2.3212589e-02
   2.2794444e-02
   6.5030620e-02
   1.7376106e-02
   3.2738991e-02
   1.7004820e-02
   2.2765977e-02
   1.0297786e-02
   7.8707431e-03
   8.9551229e-03
   4.5666046e-02
   3.2719687e-02
   1.7996369e-02
   1.0622835e-02
   2.9810663e-02
   2.1201482e-02
   4.6479542e-02
   2.1074301e-02
   6.0334917e-02
   1.6686840e-02
   7.6211594e-02
   1.0412977e-02
   1.3969380e-02
   1.1097445e-02
   1.0055023e-02
   9.9433297e-03
   4.4893526e-02
   3.3564579e-02
   3.5216972e-02
   1.1411168e-02
   3.2564715e-02
   2.5932165e-02
   8.1393316e-02
   2.5882347e-02
   6.3448608e-02
   1.8404203e-02
   1.0557305e-01
   1.8879337e-02
   3.0330479e-02
   1.6649904e-02
   8.0393935e-03
   1.0452242e-02
   4.4369094e-02
   4.2436577e-02
   1.7491097e-02
   1.0929828e-02
   3.5368029e-02
   2.8193429e-02
   3.6777217e-02
   2.6597919e-02
   7.0081279e-02
   1.8499983e-02
   5.0408039e-02
   2.9870024e-02
   4.5067545e-02
   1.8707475e-02
   6.9354651e-03
   9.3832426e-03
   4.2535305e-02
   4.3424424e-02
   9.2720445e-03
   1.0009456e-02
   3.3184104e-02
   2.3561750e-02
   2.1423887e-02
   2.3399573e-02
   6.5028228e-02
   1.7904352e-02
   3.5124443e-02
   1.9492671e-02
   2.3501195e-02
   1.3527962e-02
   7.2008148e-03
   8.6331796e-03
   4.3375276e-02
   3.5206430e-02
   9.5496150e-03
   1.0094169e-02
   3.0346844e-02
   1.8872375e-02
   2.1248784e-02
   2.0790007e-02
   6.3089177e-02
   1.5719218e-02
   3.1035168e-02
   1.1384274e-02
   1.4279249e-02
   1.1126497e-02
   6.8244757e-03
   8.7831449e-03
   4.3636553e-02
   3.5707299e-02
   9.6649854e-03
   1.0689498e-02
   2.8286155e-02
   1.8820338e-02
   2.1985190e-02
   2.3498902e-02
   6.4370245e-02
   1.6438598e-02
   3.0132214e-02
   1.7371757e-02
   2.2139337e-02
   9.8947203e-03
   5.5180159e-03
   7.8620398e-03
   3.7308559e-02
   3.2409240e-02
   7.2890585e-03
   8.4114783e-03
   2.5205785e-02
   1.9088564e-02
   2.3382092e-02
   2.7436081e-02
   6.2328044e-02
   1.6395401e-02
   3.3901569e-02
   3.7127811e-02
   4.7154304e-02
   7.3243394e-03
   5.7784468e-03
   6.7609288e-03
   3.7684336e-02
   3.1175343e-02
   7.7070561e-03
   7.0538060e-03
   2.6864110e-02
   1.6552269e-02
   2.7658818e-02
   2.2827104e-02
   5.1510151e-02
   1.4790169e-02
   4.1992519e-02
   2.2477372e-02
   2.5779143e-02
   7.0507200e-03
   6.9389571e-03
   7.1283816e-03
   3.7573069e-02
   2.8833574e-02
   2.7253026e-02
   7.4227438e-03
   3.1623833e-02
   1.9731378e-02
   8.0245256e-02
   2.0496149e-02
   5.0977331e-02
   1.5269252e-02
   1.2778996e-01
   1.4169715e-02
   1.5578047e-02
   8.0617359e-03
   1.1345104e-02
   8.0898162e-03
   4.3368697e-02
   2.9696153e-02
   6.2615626e-02
   8.1956880e-03
   3.8290851e-02
   2.6018526e-02
   1.4329822e-01
   2.1086663e-02
   5.7799522e-02
   1.6564971e-02
   1.7628780e-01
   2.2548079e-02
   3.3515334e-02
   1.9269567e-02
   7.9229819e-03
   8.3950777e-03
   4.2639706e-02
   4.3264762e-02
   2.8086923e-02
   7.8568673e-03
   4.3857161e-02
   3.3346090e-02
   6.1073933e-02
   2.1591842e-02
   6.8772279e-02
   1.7242057e-02
   7.8584969e-02
   3.5756633e-02
   4.6278369e-02
   2.1934485e-02
   5.8910688e-03
   7.0703095e-03
   3.3882920e-02
   4.1717473e-02
   9.8307971e-03
   7.6985280e-03
   4.0085357e-02
   2.9556450e-02
   2.8489063e-02
   2.1979852e-02
   5.8575224e-02
   1.4860972e-02
   4.5130249e-02
   2.2112031e-02
   2.2192342e-02
   1.1463313e-02
   5.8237864e-03
   6.3462718e-03
   3.3475302e-02
   2.8232677e-02
   7.7432329e-03
   8.0293687e-03
   3.3066325e-02
   1.8673113e-02
   2.1588700e-02
   1.9530481e-02
   5.6040611e-02
   1.2598641e-02
   3.8452744e-02
   1.4843689e-02
   1.4845174e-02
   7.9179173e-03
   5.1260358e-03
   7.5145760e-03
   3.5498135e-02
   3.0242786e-02
   7.1360185e-03
   7.7579413e-03
   2.4483731e-02
   1.7834678e-02
   2.2467775e-02
   2.3623746e-02
   6.0853876e-02
   1.4094426e-02
   3.4124624e-02
   2.3391809e-02
   2.5928950e-02
   6.9435332e-03
   6.2631653e-03
   9.3432171e-03
   3.2863371e-02
   4.4843659e-02
   8.3345249e-03
   6.9642202e-03
   3.2905538e-02
   3.2861352e-02
   3.1613126e-02
   3.6676493e-02
   8.3663136e-02
   2.1141689e-02
   5.4462083e-02
   4.6789501e-02
   5.7329889e-02
   6.7171925e-03
   6.1359517e-03
   7.1342103e-03
   3.4702670e-02
   3.4890201e-02
   1.0171241e-02
   6.1601838e-03
   3.5672050e-02
   2.2555623e-02
   4.6649959e-02
   2.2901582e-02
   5.7219505e-02
   1.8033974e-02
   7.0788980e-02
   3.0912502e-02
   3.3517599e-02
   6.2012607e-03
   8.6916899e-03
   7.2540981e-03
   3.3635493e-02
   3.4060467e-02
   4.5254320e-02
   6.8739932e-03
   3.7780728e-02
   2.2349421e-02
   1.3707767e-01
   2.0230677e-02
   4.8358560e-02
   1.5364319e-02
   2.2203110e-01
   2.1611888e-02
   1.9485008e-02
   8.9187259e-03
   1.6596790e-02
   7.2939754e-03
   4.3146025e-02
   3.3895884e-02
   9.9734455e-02
   7.3969499e-03
   4.7530271e-02
   3.4760382e-02
   2.4018025e-01
   2.3500016e-02
   6.5655991e-02
   1.9947920e-02
   2.8753632e-01
   3.6146395e-02
   4.4726633e-02
   2.7206350e-02
   1.1917274e-02
   6.9003892e-03
   4.9080677e-02
   5.5042077e-02
   4.3120872e-02
   8.4183570e-03
   7.0313856e-02
   4.1663464e-02
   9.3968928e-02
   2.3075651e-02
   8.3380051e-02
   2.3078728e-02
   1.2112813e-01
   5.6944408e-02
   6.1061852e-02
   3.2671254e-02
   8.3173495e-03
   5.2235606e-03
   3.2367744e-02
   5.3940494e-02
   1.7629823e-02
   7.0157982e-03
   5.5701897e-02
   3.8980849e-02
   5.4425120e-02
   2.4668951e-02
   7.0009083e-02
   1.7641593e-02
   7.1114518e-02
   3.2480899e-02
   2.9106352e-02
   1.4017749e-02
   7.3568360e-03
   5.1856898e-03
   2.4627799e-02
   3.3296563e-02
   1.2557454e-02
   6.1007887e-03
   4.2190500e-02
   2.6918469e-02
   3.8666606e-02
   2.3222160e-02
   5.0909832e-02
   1.5767885e-02
   7.1071923e-02
   2.1619922e-02
   1.8997723e-02
   8.3583277e-03
   5.3325635e-03
   7.2326651e-03
   2.7816691e-02
   3.5934526e-02
   8.6045563e-03
   6.2428047e-03
   3.1500429e-02
   2.4962913e-02
   3.2155581e-02
   2.6802210e-02
   7.0220314e-02
   1.6875977e-02
   5.3118885e-02
   3.1181850e-02
   3.3774532e-02
   6.0303467e-03
   1.1225434e-02
   1.0456691e-02
   3.3477999e-02
   6.3725404e-02
   1.3536408e-02
   6.2897960e-03
   4.0669344e-02
   5.0147489e-02
   5.1046971e-02
   4.6490770e-02
   8.7148517e-02
   3.4239672e-02
   6.8018533e-02
   4.7767345e-02
   6.4057253e-02
   1.1524830e-02
   1.0459555e-02
   7.8836055e-03
   4.7001492e-02
   5.0163586e-02
   1.7481165e-02
   6.1572436e-03
   4.5413893e-02
   3.6322910e-02
   6.2697217e-02
   3.0524133e-02
   8.4559709e-02
   3.0788371e-02
   8.6108871e-02
   3.7176717e-02
   4.7810715e-02
   1.0670668e-02
   1.3602533e-02
   8.0421893e-03
   4.7073659e-02
   3.4001447e-02
   4.8324075e-02
   5.8867773e-03
   4.2641498e-02
   2.7443117e-02
   1.2163235e-01
   1.9684028e-02
   6.2585324e-02
   2.0684043e-02
   1.8290927e-01
   3.1063845e-02
   2.4845785e-02
   1.3233466e-02
   2.5156345e-02
   6.8712696e-03
   5.7883821e-02
   4.6711605e-02
   1.1001896e-01
   6.3469261e-03
   4.8809234e-02
   3.8994439e-02
   1.7821226e-01
   2.5022935e-02
   8.5154764e-02
   2.3351362e-02
   1.9424528e-01
   5.6102626e-02
   5.2725956e-02
   3.5068862e-02
   1.9211262e-02
   6.1944220e-03
   7.4662998e-02
   7.7765703e-02
   5.2595921e-02
   9.8634353e-03
   1.1146607e-01
   5.1236335e-02
   7.6134488e-02
   3.3506501e-02
   7.1034111e-02
   2.7452243e-02
   1.0642431e-01
   9.6181378e-02
   7.6470762e-02
   4.0868022e-02
   1.4655531e-02
   4.9331081e-03
   4.8362579e-02
   6.8544514e-02
   2.4553584e-02
   7.5502354e-03
   8.9283936e-02
   4.1643713e-02
   6.8805590e-02
   3.3294488e-02
   6.9144361e-02
   2.0819169e-02
   9.9257074e-02
   4.9205560e-02
   3.9159957e-02
   1.7446276e-02
   1.2644253e-02
   5.9212605e-03
   3.2960113e-02
   4.9309149e-02
   2.1700965e-02
   6.5625622e-03
   5.8647815e-02
   3.9392792e-02
   5.5529628e-02
   2.7920030e-02
   5.6452807e-02
   1.9476999e-02
   7.6143637e-02
   2.8058862e-02
   2.5014522e-02
   1.0596428e-02
   8.8385763e-03
   8.0364263e-03
   3.5122652e-02
   5.6317795e-02
   1.3432379e-02
   4.3098275e-03
   4.1500948e-02
   4.0087420e-02
   5.0932821e-02
   3.6170974e-02
   8.8635921e-02
   2.2307603e-02
   7.9276010e-02
   3.9118126e-02
   3.9447185e-02
   1.0470442e-02
