   2.9772898e-02
   7.7027589e-02
   6.8983421e-02
   8.4140776e-03
   5.4575220e-02
   9.9605560e-02
   6.8467684e-02
   7.2326702e-03
   7.8032285e-02
   7.8681812e-02
   6.5950535e-02
   3.2326289e-02
   8.1880139e-03
   1.1528744e-02
   9.0857921e-03
   9.4836596e-03
   5.6404762e-02
   4.7659624e-02
   3.3294566e-02
   7.0510115e-03
   8.0668963e-02
   5.8448207e-02
   3.1491816e-02
   5.3279069e-03
   3.8267199e-02
   3.6375057e-02
   2.8891928e-02
   1.5493101e-02
   7.9991054e-03
   9.3009388e-03
   8.7314146e-03
   8.9832218e-03
   1.0295376e-01
   6.7844756e-02
   1.6345322e-02
   6.9734980e-03
   4.8528846e-02
   3.0304724e-02
   1.2187248e-02
   5.2888137e-03
   1.9891949e-02
   1.2881751e-02
   9.1587948e-03
   6.0513401e-03
   8.1621688e-03
   8.0133434e-03
   8.6405361e-03
   9.3494970e-03
   6.2273014e-02
   9.5822640e-02
   2.3690941e-02
   8.2597286e-03
   3.5457231e-02
   2.4511283e-02
   1.6868560e-02
   6.7672371e-03
   2.3022493e-02
   1.3684617e-02
   1.3527110e-02
   6.7142425e-03
   8.4726401e-03
   8.4577790e-03
   9.1081373e-03
   9.9440673e-03
   3.5151687e-02
   5.3977940e-02
   3.8372159e-02
   1.1178399e-02
   4.2698957e-02
   2.7616335e-02
   2.9504992e-02
   9.6676974e-03
   3.1319283e-02
   1.7976433e-02
   1.9939126e-02
   8.1061469e-03
   9.3252808e-03
   9.4668018e-03
   9.8399054e-03
   1.0874376e-02
   2.9151328e-02
   3.1414058e-02
   2.3791676e-02
   8.8509955e-03
   3.5097800e-02
   2.1609284e-02
   1.7172104e-02
   7.0368256e-03
   2.4581898e-02
   1.5170520e-02
   1.2487288e-02
   6.7738621e-03
   8.8702627e-03
   8.7564336e-03
   9.1880197e-03
   9.7881341e-03
   2.7588435e-02
   2.4389340e-02
   1.7071432e-02
   7.5725466e-03
   3.0488096e-02
   1.7781584e-02
   1.4425241e-02
   5.4744757e-03
   2.1042878e-02
   1.4482924e-02
   9.4349058e-03
   6.1709569e-03
   8.6112488e-03
   8.4555037e-03
   8.2455520e-03
   8.8303518e-03
   2.7477302e-02
   4.4251334e-02
   3.6947042e-02
   7.0747640e-03
   3.0679436e-02
   4.6660103e-02
   3.4286674e-02
   6.1770361e-03
   4.5355145e-02
   3.7593298e-02
   2.8913340e-02
   1.4754876e-02
   8.0738151e-03
   9.2037134e-03
   8.1192236e-03
   8.9052189e-03
   3.5723582e-02
   1.0958657e-01
   8.6025000e-02
   7.9509001e-03
   8.4491514e-02
   2.0341328e-01
   1.4212516e-01
   9.6860249e-03
   1.1748999e-01
   1.4844121e-01
   1.0485468e-01
   3.7546013e-02
   7.5489213e-03
   1.6486201e-02
   9.1274772e-03
   7.5934664e-03
   8.7685071e-02
   6.5603383e-02
   4.1119985e-02
   5.0751390e-03
   1.3211520e-01
   1.1130551e-01
   5.9435934e-02
   4.8182700e-03
   5.0872095e-02
   6.5995760e-02
   4.5382988e-02
   1.6895497e-02
   6.5952674e-03
   1.0534601e-02
   7.4076718e-03
   6.9127521e-03
   1.6844980e-01
   8.2752496e-02
   2.2218201e-02
   4.4812490e-03
   7.8711547e-02
   5.2653693e-02
   1.8654045e-02
   3.4012417e-03
   2.6805792e-02
   1.8522300e-02
   1.1123302e-02
   6.1572348e-03
   6.4715603e-03
   7.7474532e-03
   7.0431917e-03
   7.3322640e-03
   1.0030673e-01
   9.7882845e-02
   2.8408078e-02
   6.0028881e-03
   4.4784937e-02
   3.3503242e-02
   2.2108151e-02
   5.1922938e-03
   2.7918821e-02
   1.8403033e-02
   1.8607644e-02
   6.6531594e-03
   6.8900879e-03
   7.4569145e-03
   8.0865091e-03
   8.4153339e-03
   4.3070007e-02
   6.3316405e-02
   4.7789324e-02
   1.0625625e-02
   4.8880201e-02
   3.5767648e-02
   4.6911877e-02
   8.7404028e-03
   4.0238004e-02
   2.3302738e-02
   3.6049031e-02
   9.0500796e-03
   8.8124415e-03
   8.3141532e-03
   1.0126906e-02
   9.9428687e-03
   3.5973351e-02
   3.6959715e-02
   2.9823272e-02
   7.4897609e-03
   4.2505857e-02
   2.5969015e-02
   2.4882847e-02
   5.8510643e-03
   3.0363128e-02
   2.0227732e-02
   1.8283971e-02
   6.6999714e-03
   8.0098771e-03
   7.8180395e-03
   7.9447860e-03
   8.3517674e-03
   3.1969074e-02
   2.9118501e-02
   2.5236940e-02
   5.6209890e-03
   3.1180251e-02
   2.4169384e-02
   2.7687140e-02
   4.1224309e-03
   2.9030113e-02
   2.0877926e-02
   1.3883295e-02
   5.3753224e-03
   6.4853905e-03
   7.8380890e-03
   6.7126737e-03
   7.1203341e-03
   3.0672817e-02
   6.1265938e-02
   4.5925338e-02
   5.6110709e-03
   3.5096806e-02
   9.5097609e-02
   7.1660496e-02
   5.8109099e-03
   6.6662893e-02
   6.6092841e-02
   4.6408065e-02
   1.6326558e-02
   6.2482185e-03
   1.1148330e-02
   7.1562002e-03
   7.2611775e-03
   6.4473167e-02
   1.4527725e-01
   1.3896599e-01
   1.0696271e-02
   1.4193064e-01
   3.3137158e-01
   2.4300273e-01
   1.5781185e-02
   1.8350326e-01
   2.4423847e-01
   1.8044083e-01
   4.9799029e-02
   8.9280028e-03
   2.6683286e-02
   1.1589260e-02
   6.9032838e-03
   1.5554570e-01
   7.3071443e-02
   6.0035832e-02
   4.9426621e-03
   2.3030242e-01
   1.7069997e-01
   9.3305349e-02
   6.6425879e-03
   8.3542451e-02
   1.0575353e-01
   7.6204337e-02
   2.1324344e-02
   6.4799855e-03
   1.5911423e-02
   7.9670306e-03
   5.7285787e-03
   2.9027694e-01
   5.1131345e-02
   2.7027562e-02
   3.1340981e-03
   1.4726613e-01
   6.2513545e-02
   1.6376201e-02
   3.3576353e-03
   4.2255722e-02
   2.4753748e-02
   1.1260253e-02
   7.0577953e-03
   5.9051816e-03
   9.4439397e-03
   7.5177159e-03
   5.8484180e-03
   1.5246925e-01
   5.8098432e-02
   3.4889452e-02
   6.7023649e-03
   6.9855370e-02
   3.7988480e-02
   2.8036820e-02
   6.2737050e-03
   4.3769177e-02
   2.2802912e-02
   2.5442442e-02
   8.1406329e-03
   8.1917532e-03
   8.2705226e-03
   1.0152993e-02
   7.7109099e-03
   6.0508043e-02
   7.3264785e-02
   5.3438384e-02
   1.5591766e-02
   6.8359055e-02
   4.9510118e-02
   6.6779725e-02
   1.2942624e-02
   5.0492126e-02
   2.9223772e-02
   5.2231945e-02
   1.1700951e-02
   1.2175305e-02
   9.4133364e-03
   1.2425631e-02
   9.7003803e-03
   5.9547219e-02
   4.5479510e-02
   3.0422414e-02
   9.4966479e-03
   6.3418768e-02
   3.1946797e-02
   2.8892009e-02
   7.8002722e-03
   4.3833759e-02
   2.4633210e-02
   2.5305960e-02
   9.7207287e-03
   8.8061867e-03
   8.9388900e-03
   8.9668389e-03
   7.2455071e-03
   5.3939197e-02
   3.4497730e-02
   2.8039582e-02
   4.7362996e-03
   5.1633716e-02
   3.3745956e-02
   2.4730997e-02
   3.9644782e-03
   4.6427242e-02
   2.4707397e-02
   1.6851312e-02
   6.9123944e-03
   6.8696761e-03
   9.6760308e-03
   7.2403345e-03
   6.2231692e-03
   4.6960603e-02
   7.9385564e-02
   7.1784295e-02
   5.9092208e-03
   6.2345218e-02
   1.5588838e-01
   1.1511566e-01
   7.8439228e-03
   1.0215660e-01
   1.0415183e-01
   7.7672690e-02
   2.0824732e-02
   6.6208150e-03
   1.6468443e-02
   7.7431910e-03
   5.5625001e-03
   8.7721825e-02
   6.8849042e-02
   8.0159813e-02
   1.1807057e-02
   1.7823176e-01
   4.9799599e-02
   2.6206916e-02
   4.0722108e-03
   2.1744932e-01
   1.4612246e-01
   1.0582194e-01
   7.5857170e-02
   1.0953300e-02
   2.9679585e-02
   1.7103191e-02
   1.0007715e-02
   1.4583489e-01
   5.1525932e-02
   4.8155162e-02
   6.0468074e-03
   2.5360069e-01
   4.6607561e-02
   1.4176160e-02
   3.5568769e-03
   9.2973314e-02
   6.2934287e-02
   4.7479872e-02
   3.1002998e-02
   5.9451931e-03
   2.0672211e-02
   1.1029880e-02
   6.5322313e-03
   1.8269938e-01
   3.5664331e-02
   3.5173919e-02
   3.5594262e-03
   1.3485956e-01
   3.4615025e-02
   9.6750529e-03
   4.0104222e-03
   5.3122934e-02
   2.2842515e-02
   1.2362288e-02
   9.5263803e-03
   6.6812648e-03
   1.4658106e-02
   9.4477674e-03
   6.1288588e-03
   8.3753228e-02
   5.9329122e-02
   4.5092508e-02
   1.1240504e-02
   6.2592186e-02
   2.7018845e-02
   3.4631696e-02
   8.5908910e-03
   5.1033471e-02
   2.0656541e-02
   3.2703418e-02
   1.1064860e-02
   1.3427906e-02
   9.9480720e-03
   1.5067465e-02
   6.0598413e-03
   6.4101778e-02
   1.0021845e-01
   6.3387528e-02
   2.4830671e-02
   7.6598093e-02
   5.0739013e-02
   8.8529512e-02
   1.7605189e-02
   5.9259731e-02
   2.9680869e-02
   6.5189764e-02
   1.5212323e-02
   2.3018276e-02
   1.3083299e-02
   2.4160732e-02
   1.1457971e-02
   6.1148714e-02
   5.9778709e-02
   3.9819352e-02
   1.3050833e-02
   6.3451663e-02
   2.6286071e-02
   3.9138626e-02
   1.0419743e-02
   4.6985045e-02
   2.1790985e-02
   3.2769710e-02
   1.4727907e-02
   1.3478850e-02
   1.1463536e-02
   1.6013866e-02
   8.0025131e-03
   7.8255199e-02
   3.3207078e-02
   2.9787451e-02
   5.6901560e-03
   7.3970251e-02
   3.2398675e-02
   1.1294466e-02
   5.3446493e-03
   5.3861339e-02
   1.8080937e-02
   1.3822886e-02
   9.7137047e-03
   6.8490789e-03
   1.3643834e-02
   8.6366860e-03
   7.1202340e-03
   6.7913093e-02
   4.6370227e-02
   5.0939303e-02
   6.7169508e-03
   7.8837961e-02
   4.6994518e-02
   1.8925877e-02
   4.2142975e-03
   1.1897177e-01
   6.8902470e-02
   3.9156348e-02
   3.1174304e-02
   6.2631266e-03
   1.9143207e-02
   1.0132706e-02
   6.3989852e-03
