   4.7287792e-02
   6.5968119e-02
   8.3602101e-02
   6.5649576e-02
   2.9772785e-02
   5.3165752e-02
   6.7090116e-02
   3.3135686e-02
   8.3933748e-02
   9.0321951e-02
   1.1344006e-01
   4.3881778e-02
   8.6783603e-02
   8.2793340e-02
   8.3928041e-02
   2.4427528e-02
   2.7266301e-02
   3.4035224e-02
   3.9613672e-02
   3.1564444e-02
   1.8027084e-02
   2.8148871e-02
   3.6507078e-02
   1.9547952e-02
   4.0114846e-02
   4.5753632e-02
   5.4156337e-02
   2.6336083e-02
   4.2488981e-02
   3.9856810e-02
   4.1281536e-02
   1.8209841e-02
   1.9530877e-02
   1.6134262e-02
   1.8968642e-02
   1.6815515e-02
   1.4157095e-02
   1.2584378e-02
   1.8915951e-02
   1.2326618e-02
   2.0944195e-02
   2.0987520e-02
   1.9472171e-02
   1.4143788e-02
   3.0773157e-02
   1.6637135e-02
   1.5968079e-02
   1.3588950e-02
   3.9095249e-02
   1.8584710e-02
   2.3110364e-02
   1.7678669e-02
   3.2584015e-02
   1.9761361e-02
   2.1133922e-02
   1.2374452e-02
   2.7597873e-02
   3.3281352e-02
   2.0574370e-02
   1.4171769e-02
   3.5383005e-02
   3.0190365e-02
   1.8797019e-02
   1.4279739e-02
   3.5361540e-02
   2.2824977e-02
   3.6957871e-02
   1.9646924e-02
   2.7230613e-02
   2.0681310e-02
   3.4417115e-02
   2.1067070e-02
   2.0485125e-02
   3.3273868e-02
   2.7196808e-02
   2.2508204e-02
   1.9227698e-02
   2.8370902e-02
   2.9510980e-02
   1.9874513e-02
   1.7635172e-02
   1.8401965e-02
   2.7414469e-02
   1.7967578e-02
   1.2552554e-02
   1.3169332e-02
   2.8388983e-02
   3.6357831e-02
   1.6202567e-02
   2.1946101e-02
   2.2833910e-02
   3.7860587e-02
   1.7363064e-02
   1.6524911e-02
   2.3985246e-02
   2.8912783e-02
   1.8476659e-02
   1.6463889e-02
   1.8869966e-02
   1.5738802e-02
   1.2257954e-02
   1.2220223e-02
   1.9499766e-02
   1.8770862e-02
   1.6023025e-02
   2.1535592e-02
   1.9408897e-02
   2.1524083e-02
   1.7238097e-02
   1.6262315e-02
   1.6572518e-02
   1.9323619e-02
   2.7696798e-02
   3.1172819e-02
   3.8966008e-02
   3.1599473e-02
   1.7830998e-02
   2.4922622e-02
   3.3917617e-02
   1.9057846e-02
   3.7936635e-02
   4.4496201e-02
   4.8529387e-02
   2.3641109e-02
   3.8024057e-02
   3.6004338e-02
   3.7009895e-02
   1.7321799e-02
   6.0640108e-02
   7.6656327e-02
   1.0416561e-01
   7.8500077e-02
   3.1124862e-02
   5.8651529e-02
   6.9941737e-02
   3.1222312e-02
   1.3055280e-01
   1.1099801e-01
   1.5551169e-01
   5.2337874e-02
   1.2075307e-01
   1.1424541e-01
   1.0454172e-01
   2.3552418e-02
   3.1357590e-02
   3.9206322e-02
   4.6284802e-02
   3.6603857e-02
   1.7256664e-02
   2.9337289e-02
   3.6956638e-02
   1.7847210e-02
   5.8091462e-02
   5.5998687e-02
   7.1319558e-02
   2.9743515e-02
   5.4151230e-02
   5.4272059e-02
   5.2196804e-02
   1.8107451e-02
   2.1685714e-02
   1.5521214e-02
   1.7281203e-02
   1.5229902e-02
   1.5814606e-02
   1.3270154e-02
   1.7228050e-02
   1.1001664e-02
   2.4925068e-02
   2.4037583e-02
   1.9777996e-02
   1.2404446e-02
   3.7433371e-02
   2.1286700e-02
   1.8029498e-02
   1.0934239e-02
   5.7096429e-02
   1.7832944e-02
   2.2034975e-02
   1.7012393e-02
   5.2002054e-02
   2.4720671e-02
   2.1304844e-02
   1.2529779e-02
   3.5866763e-02
   4.8562642e-02
   1.8558457e-02
   1.2698376e-02
   4.5435540e-02
   4.8548583e-02
   2.3048189e-02
   1.2417448e-02
   5.1367950e-02
   2.2260983e-02
   3.8841672e-02
   1.8348368e-02
   4.1739102e-02
   2.4592681e-02
   4.3810438e-02
   2.4843939e-02
   2.4676155e-02
   4.8477955e-02
   3.1076692e-02
   2.5945224e-02
   1.9588506e-02
   4.4373695e-02
   4.2080592e-02
   2.4101894e-02
   1.6410057e-02
   1.4982694e-02
   2.8464215e-02
   1.5666982e-02
   1.1907771e-02
   1.1759462e-02
   3.5249889e-02
   4.4423562e-02
   1.6811162e-02
   2.1111425e-02
   2.6939301e-02
   4.5296155e-02
   1.3512589e-02
   1.8873576e-02
   2.9527543e-02
   3.6516543e-02
   1.2696928e-02
   1.6269477e-02
   1.8348726e-02
   1.2499298e-02
   8.2463976e-03
   1.0076319e-02
   1.9080307e-02
   2.0878388e-02
   1.4676296e-02
   1.8099269e-02
   1.8922808e-02
   2.3110623e-02
   1.3681447e-02
   1.4081049e-02
   1.7576048e-02
   2.1229176e-02
   2.9386906e-02
   3.6122106e-02
   4.6626378e-02
   3.6542669e-02
   1.5622605e-02
   2.5967715e-02
   3.3657495e-02
   1.7414700e-02
   5.3454194e-02
   4.9964428e-02
   6.1096128e-02
   2.5507549e-02
   4.8312128e-02
   4.5459650e-02
   4.4246014e-02
   1.4644575e-02
   1.0310525e-01
   9.9956542e-02
   9.0554237e-02
   1.1094783e-01
   4.6954729e-02
   1.0517734e-01
   1.1724548e-01
   5.7691321e-02
   1.9631143e-01
   1.4549287e-01
   1.4450555e-01
   8.1357606e-02
   1.7103602e-01
   1.4950341e-01
   1.3217796e-01
   3.5119392e-02
   5.5040654e-02
   5.1154081e-02
   4.1540373e-02
   5.5835407e-02
   2.6693210e-02
   5.2308112e-02
   5.4275177e-02
   3.0712491e-02
   8.8711321e-02
   7.9199292e-02
   6.5929972e-02
   4.8185166e-02
   7.5395063e-02
   7.1329921e-02
   6.4374797e-02
   2.3584686e-02
   3.8359661e-02
   1.6051868e-02
   2.0614455e-02
   1.9895658e-02
   2.4297148e-02
   2.0519014e-02
   2.2365185e-02
   1.5283891e-02
   3.0440725e-02
   3.6636747e-02
   2.4026029e-02
   1.6737228e-02
   5.2007206e-02
   3.0261094e-02
   2.2246540e-02
   1.4196076e-02
   1.0194987e-01
   1.9044368e-02
   2.7405469e-02
   1.9669466e-02
   8.2319744e-02
   4.6190087e-02
   2.8783483e-02
   1.7665312e-02
   3.8698100e-02
   7.2876096e-02
   2.4729386e-02
   1.6158119e-02
   6.4310618e-02
   7.2043963e-02
   3.3514302e-02
   1.5115237e-02
   9.4618402e-02
   2.7056200e-02
   5.2175175e-02
   2.5264950e-02
   6.6608772e-02
   4.2894453e-02
   5.9449706e-02
   3.7878588e-02
   2.7559690e-02
   7.4596673e-02
   4.1184083e-02
   3.7767347e-02
   2.8857419e-02
   6.5610923e-02
   5.9546560e-02
   4.0472940e-02
   2.8250253e-02
   1.6722793e-02
   3.6294498e-02
   1.9763010e-02
   1.6980499e-02
   1.8255077e-02
   5.0509471e-02
   5.9935812e-02
   2.2242416e-02
   3.0577173e-02
   3.3623297e-02
   6.9717430e-02
   1.8713068e-02
   2.3739673e-02
   4.3106601e-02
   7.1559750e-02
   1.8858846e-02
   1.9745437e-02
   2.1943217e-02
   1.3638226e-02
   1.1248993e-02
   1.3397334e-02
   3.2382313e-02
   2.9126756e-02
   2.1160560e-02
   2.1485617e-02
   2.2538939e-02
   3.7084043e-02
   1.9329658e-02
   1.9154103e-02
   2.4770295e-02
   3.4772389e-02
   4.9162809e-02
   5.3752258e-02
   4.3749768e-02
   5.1246732e-02
   1.9777231e-02
   4.3849688e-02
   5.4458879e-02
   3.1975169e-02
   8.1371129e-02
   6.6026151e-02
   5.8397554e-02
   4.1565903e-02
   6.7393936e-02
   6.3304864e-02
   5.6339882e-02
   2.0724503e-02
   1.3422072e-01
   1.5030782e-01
   1.4429255e-01
   1.5701628e-01
   6.5002896e-02
   1.8756840e-01
   1.9982210e-01
   1.2143099e-01
   1.8772779e-01
   1.6941199e-01
   1.7681971e-01
   1.1099058e-01
   2.3979579e-01
   2.4172150e-01
   2.3105200e-01
   7.1103245e-02
   8.3330654e-02
   7.8368604e-02
   6.3115321e-02
   7.5080149e-02
   3.5370734e-02
   1.0013571e-01
   9.1556974e-02
   6.1648458e-02
   9.5228396e-02
   8.9020118e-02
   7.6723292e-02
   6.0355529e-02
   1.0839996e-01
   1.0698367e-01
   1.0505617e-01
   4.1609235e-02
   6.4622208e-02
   2.5251832e-02
   2.8743038e-02
   2.0456670e-02
   4.2607144e-02
   2.9903354e-02
   3.4393370e-02
   2.8762652e-02
   4.5313783e-02
   5.6558367e-02
   2.3484634e-02
   2.5934868e-02
   7.3703438e-02
   4.6751369e-02
   3.1660203e-02
   2.3490191e-02
   1.2370220e-01
   2.9844878e-02
   4.6977807e-02
   2.3234164e-02
   1.0565923e-01
   5.2278779e-02
   4.4714928e-02
   3.1374574e-02
   4.6703789e-02
   8.3965532e-02
   2.9081296e-02
   2.3715949e-02
   9.3860239e-02
   9.4132707e-02
   4.2266343e-02
   1.9496359e-02
   1.1917303e-01
   3.8781825e-02
   9.7930394e-02
   3.6681015e-02
   7.9932287e-02
   5.2349117e-02
   9.1247015e-02
   6.6466242e-02
   3.8321961e-02
   7.7998094e-02
   5.4371934e-02
   6.3404135e-02
   3.9666392e-02
   8.1990153e-02
   7.5078495e-02
   6.7092463e-02
   4.5918524e-02
   2.1509968e-02
   6.3543051e-02
   2.5269810e-02
   2.7046837e-02
   2.4617778e-02
   7.8801773e-02
   1.0435279e-01
   3.0607065e-02
   3.8190220e-02
   4.1264374e-02
   1.5407945e-01
   2.5400072e-02
   2.4075622e-02
   5.8111750e-02
   1.3043597e-01
   3.1682786e-02
   2.0939633e-02
   3.5414025e-02
   2.1791333e-02
   1.9798165e-02
   2.1191029e-02
   5.1561285e-02
   5.1311105e-02
   2.9762967e-02
   2.6699184e-02
   3.2216795e-02
   7.4547581e-02
   2.6664374e-02
   2.3484815e-02
   3.7429728e-02
   6.2641397e-02
   6.8378441e-02
   7.1163505e-02
   6.4002663e-02
   7.2263360e-02
   3.2550022e-02
   7.5078711e-02
   8.9999653e-02
   6.4722165e-02
   9.2645228e-02
   7.8003772e-02
   6.6954330e-02
   6.9747597e-02
   9.3891717e-02
   9.6304983e-02
   9.6166879e-02
   3.7618510e-02
