   2.2238329e-02
   2.6771367e-02
   4.6331134e-02
   2.2689901e-02
   1.7792674e-02
   3.7105821e-02
   2.9844321e-02
   1.9755960e-02
   1.5006507e-02
   3.1352311e-02
   2.6859624e-02
   1.8853951e-02
   2.8905882e-02
   1.8919643e-02
   3.4504227e-02
   2.1377208e-02
   2.0803189e-02
   4.5616608e-02
   4.6491019e-02
   2.3350693e-02
   1.7477212e-02
   4.2755116e-02
   3.0730603e-02
   1.8983593e-02
   1.5344604e-02
   3.9448999e-02
   3.1807300e-02
   1.9306468e-02
   2.5078017e-02
   3.0326093e-02
   3.4677524e-02
   2.1576563e-02
   2.1012742e-02
   5.2668713e-02
   4.6009660e-02
   2.3412667e-02
   1.7392289e-02
   4.5775231e-02
   3.1954963e-02
   1.9771961e-02
   1.5992505e-02
   4.4124775e-02
   3.2027844e-02
   1.9572891e-02
   2.3091041e-02
   3.4155566e-02
   3.3746451e-02
   2.1891603e-02
   5.3340454e-02
   4.3965813e-02
   5.1760260e-02
   2.3850469e-02
   5.1199246e-02
   5.5648163e-02
   3.7686676e-02
   2.0421131e-02
   4.9598809e-02
   4.4131596e-02
   3.9615504e-02
   2.0323662e-02
   6.5690272e-02
   2.9071083e-02
   3.6956958e-02
   2.2660334e-02
   1.2351069e-01
   6.0733732e-02
   6.5802358e-02
   2.5498930e-02
   1.2189534e-01
   9.4266519e-02
   5.3112309e-02
   2.2565238e-02
   1.2386909e-01
   6.1036251e-02
   5.4062333e-02
   2.2591341e-02
   1.5822424e-01
   4.1781612e-02
   4.6078250e-02
   2.5441280e-02
   5.2965920e-02
   4.2754605e-02
   5.2243203e-02
   2.4941515e-02
   5.1495627e-02
   6.5422244e-02
   3.7763212e-02
   2.1799389e-02
   5.2201401e-02
   4.7884163e-02
   3.5857618e-02
   2.0606177e-02
   6.9613621e-02
   2.9202852e-02
   3.4568235e-02
   2.2785615e-02
   1.9838307e-02
   4.9788769e-02
   4.8975755e-02
   2.4082676e-02
   1.8025322e-02
   5.1721413e-02
   2.9449405e-02
   2.0176720e-02
   1.5478960e-02
   5.1543828e-02
   3.0083522e-02
   1.9477969e-02
   2.3351630e-02
   3.5249565e-02
   3.0233828e-02
   2.0309355e-02
   2.1146720e-02
   4.2857222e-02
   4.8326049e-02
   2.2912372e-02
   1.7610369e-02
   4.3471694e-02
   2.9033896e-02
   1.9696474e-02
   1.5161010e-02
   4.3829344e-02
   2.7468208e-02
   1.9243130e-02
   2.4820747e-02
   2.9251093e-02
   3.1879112e-02
   2.0111173e-02
   1.6899506e-02
   2.5351116e-02
   4.1386954e-02
   1.2587392e-02
   1.5337291e-02
   4.3728959e-02
   3.4995638e-02
   1.1828197e-02
   1.1205363e-02
   3.9442006e-02
   3.3030301e-02
   1.1677547e-02
   2.6861001e-02
   1.9364469e-02
   3.5625584e-02
   1.2512170e-02
   1.7138625e-02
   4.0895574e-02
   3.9612260e-02
   1.3804080e-02
   1.4840120e-02
   4.7568124e-02
   3.3865593e-02
   1.1594672e-02
   1.1364081e-02
   4.8303585e-02
   3.6348611e-02
   1.1627249e-02
   2.0955544e-02
   2.9251656e-02
   3.1812292e-02
   1.2465661e-02
   1.9553645e-02
   4.7565397e-02
   3.7372325e-02
   1.3185916e-02
   1.6760847e-02
   5.3146731e-02
   3.4505326e-02
   1.0594239e-02
   1.2881573e-02
   5.3570341e-02
   3.5694052e-02
   1.2121489e-02
   2.0941820e-02
   3.3072587e-02
   3.0066261e-02
   1.3718290e-02
   7.7283226e-02
   4.1374784e-02
   4.9035512e-02
   1.2880106e-02
   7.5240180e-02
   6.3224107e-02
   4.7801334e-02
   1.1588204e-02
   7.5566322e-02
   4.7405891e-02
   5.0729185e-02
   1.3729397e-02
   8.8728093e-02
   2.9804440e-02
   3.9580010e-02
   1.3651535e-02
   1.7833591e-01
   5.5131812e-02
   7.1430184e-02
   1.5520765e-02
   1.8025072e-01
   9.9171065e-02
   7.2330654e-02
   1.4740122e-02
   1.8962489e-01
   5.9592895e-02
   6.8641827e-02
   1.6260576e-02
   2.1934980e-01
   3.7568975e-02
   5.6445148e-02
   1.7179796e-02
   7.6611124e-02
   3.9391205e-02
   4.9399365e-02
   1.5024210e-02
   7.5802967e-02
   6.2058069e-02
   4.5134131e-02
   1.3869414e-02
   7.9158857e-02
   5.0697550e-02
   4.0398452e-02
   1.4162461e-02
   9.8184049e-02
   2.8566873e-02
   3.7109323e-02
   1.4376987e-02
   1.8829493e-02
   4.5044627e-02
   3.9384272e-02
   1.4322971e-02
   1.5300542e-02
   5.2566104e-02
   3.2363050e-02
   1.2588200e-02
   1.2455232e-02
   6.1032213e-02
   3.1464811e-02
   1.2547322e-02
   2.1831961e-02
   3.2901213e-02
   2.9597534e-02
   1.1803903e-02
   1.6142948e-02
   3.8709216e-02
   3.8475044e-02
   1.2277351e-02
   1.4012476e-02
   5.3893100e-02
   3.2704059e-02
   1.2756385e-02
   1.0888754e-02
   5.3895913e-02
   3.2386437e-02
   1.1495088e-02
   2.2474479e-02
   2.8085489e-02
   2.9654795e-02
   1.2468358e-02
   1.8018316e-02
   3.4735929e-02
   5.5605385e-02
   8.1992177e-03
   1.9476263e-02
   6.4272396e-02
   5.2100725e-02
   1.0161712e-02
   1.1899013e-02
   5.8233548e-02
   4.4257775e-02
   9.2086587e-03
   3.4110859e-02
   2.6684554e-02
   4.8354689e-02
   8.3799055e-03
   1.8182812e-02
   2.9040894e-02
   4.3645374e-02
   8.3470913e-03
   1.6281417e-02
   6.0703576e-02
   4.8246451e-02
   7.8266216e-03
   1.2165728e-02
   4.7578026e-02
   4.6557233e-02
   8.8147121e-03
   2.8257109e-02
   2.0854633e-02
   4.0831536e-02
   7.7989777e-03
   2.6587432e-02
   2.9337959e-02
   3.9884795e-02
   7.2404323e-03
   2.2572773e-02
   6.1235148e-02
   4.0850066e-02
   6.8475422e-03
   1.7286941e-02
   4.8908360e-02
   4.3177593e-02
   7.1223704e-03
   2.7886009e-02
   2.1544827e-02
   4.0915206e-02
   9.2226611e-03
   9.2924438e-02
   4.1167799e-02
   6.0850348e-02
   9.1778561e-03
   9.3369231e-02
   5.7906207e-02
   6.0546495e-02
   8.8764345e-03
   9.2699938e-02
   4.4646308e-02
   6.9269970e-02
   9.5973834e-03
   9.2628114e-02
   2.9936641e-02
   5.3746294e-02
   1.0423465e-02
   2.1062385e-01
   3.9978083e-02
   8.4172592e-02
   1.3349124e-02
   2.2315191e-01
   6.9460802e-02
   1.1056033e-01
   1.2201437e-02
   2.2904071e-01
   4.4634342e-02
   9.6077077e-02
   1.3865630e-02
   2.1814655e-01
   3.2729160e-02
   7.7056691e-02
   1.7703574e-02
   9.0650477e-02
   3.7425764e-02
   5.5843774e-02
   1.0633349e-02
   9.3863383e-02
   5.8817592e-02
   6.7749128e-02
   8.7657310e-03
   9.5172845e-02
   5.0501160e-02
   4.9971730e-02
   1.0946265e-02
   1.0273992e-01
   3.0214291e-02
   5.0261695e-02
   1.1328075e-02
   2.5836034e-02
   2.6283247e-02
   4.3867957e-02
   9.1012130e-03
   2.2705398e-02
   6.1162129e-02
   5.0216895e-02
   8.9675589e-03
   1.6341008e-02
   5.9242338e-02
   4.0380079e-02
   9.0766102e-03
   2.9488122e-02
   2.4277201e-02
   3.9316855e-02
   8.5715130e-03
   1.8605392e-02
   2.1075422e-02
   4.4750709e-02
   8.6467508e-03
   1.6372038e-02
   6.5246888e-02
   5.2609224e-02
   1.0148681e-02
   1.3065842e-02
   5.4084186e-02
   4.1820038e-02
   8.2715703e-03
   3.2342307e-02
   2.1275576e-02
   3.7945252e-02
   7.8017791e-03
   2.6496589e-02
   5.1888999e-02
   8.1957035e-02
   8.7643564e-03
   2.8426444e-02
   9.1253154e-02
   8.0059245e-02
   1.0206724e-02
   1.8093748e-02
   7.9160713e-02
   5.7188530e-02
   8.8067511e-03
   4.7485635e-02
   4.1716281e-02
   6.1585005e-02
   9.4116470e-03
   2.3169514e-02
   3.6765449e-02
   6.7717165e-02
   6.6132913e-03
   2.2816913e-02
   6.9511041e-02
   7.1594387e-02
   7.9550631e-03
   1.6660752e-02
   5.4860916e-02
   6.7222580e-02
   9.6355174e-03
   4.0671390e-02
   2.6122341e-02
   6.1821036e-02
   8.1339013e-03
   3.3002321e-02
   2.9089114e-02
   6.7515127e-02
   6.6300859e-03
   1.9375574e-02
   5.3960934e-02
   5.3332202e-02
   6.1873752e-03
   2.0330392e-02
   5.4651700e-02
   6.3141026e-02
   7.8693749e-03
   3.6555473e-02
   2.0618616e-02
   7.9164527e-02
   9.5033282e-03
   5.9385128e-02
   4.9228318e-02
   7.1994156e-02
   9.9372240e-03
   5.9133008e-02
   5.3924650e-02
   7.7511072e-02
   9.8543614e-03
   4.9347054e-02
   5.8507755e-02
   9.5739998e-02
   1.1326159e-02
   5.9814896e-02
   3.0187486e-02
   8.0397934e-02
   1.3134990e-02
   1.3246065e-01
   3.1499613e-02
   9.0102389e-02
   1.8198432e-02
   1.3092931e-01
   7.7051327e-02
   1.4568514e-01
   1.9825667e-02
   1.1007066e-01
   5.1970895e-02
   1.3893436e-01
   2.1575857e-02
   1.2916848e-01
   3.0697254e-02
   9.9882357e-02
   2.7979922e-02
   6.0529593e-02
   4.3768000e-02
   7.1370281e-02
   9.5337573e-03
   5.7065893e-02
   7.2480969e-02
   9.0327315e-02
   8.7111983e-03
   4.9257852e-02
   5.3063728e-02
   6.7331672e-02
   1.3003090e-02
   7.4734502e-02
   3.4195069e-02
   7.2068393e-02
   1.2116192e-02
   3.2301292e-02
   3.0113041e-02
   6.8382956e-02
   8.3114505e-03
   2.2772314e-02
   7.1316890e-02
   8.5086785e-02
   7.9497239e-03
   2.0083459e-02
   5.8949903e-02
   5.7435486e-02
   8.3047021e-03
   4.1701898e-02
   2.4765937e-02
   7.7462375e-02
   8.7604923e-03
   2.6862243e-02
   3.4682982e-02
   6.8902843e-02
   1.0793268e-02
   1.8897450e-02
   7.7785067e-02
   7.4529119e-02
   8.7531665e-03
   1.9717878e-02
   6.1639644e-02
   6.5573327e-02
   9.3453219e-03
   4.6882972e-02
   3.1062447e-02
   6.1591074e-02
   7.8549450e-03
