   3.1197866e-02
   1.3400465e-02
   6.3884489e-02
   3.9321151e-02
   7.2640829e-02
   5.4454390e-02
   3.9460670e-02
   1.6739763e-02
   7.1466267e-02
   1.1470203e-01
   6.6365182e-02
   1.2873479e-02
   3.3431549e-02
   1.2987410e-01
   9.7926617e-02
   1.2859241e-02
   5.8044091e-02
   1.6610259e-02
   6.1019044e-02
   3.5636351e-02
   8.6392537e-02
   7.3910892e-02
   2.9248444e-02
   1.5337124e-02
   4.1880738e-02
   5.7196084e-02
   3.1602222e-02
   1.1440420e-02
   3.0090444e-02
   5.9189327e-02
   4.2276282e-02
   1.0554313e-02
   9.1292016e-02
   3.1556416e-02
   5.7528902e-02
   3.4948505e-02
   4.9959857e-02
   7.6176912e-02
   2.4218254e-02
   1.6212849e-02
   3.5559341e-02
   3.2077007e-02
   1.6125580e-02
   1.0284675e-02
   2.8815212e-02
   2.1810114e-02
   1.2970497e-02
   1.1654992e-02
   5.0842684e-02
   2.5823342e-02
   6.4539313e-02
   3.6731966e-02
   4.1376196e-02
   5.8643851e-02
   3.0388298e-02
   1.7582061e-02
   4.0821411e-02
   3.8278103e-02
   2.2138793e-02
   1.1133647e-02
   3.2747034e-02
   2.3930348e-02
   1.8274920e-02
   1.2827229e-02
   3.6104735e-02
   1.6034869e-02
   7.0852533e-02
   4.3106921e-02
   4.7890607e-02
   6.3423224e-02
   4.4633202e-02
   1.9330669e-02
   5.0792791e-02
   5.3140432e-02
   3.2672588e-02
   1.3098669e-02
   4.0725946e-02
   3.4781031e-02
   2.6570287e-02
   1.3876826e-02
   3.0240135e-02
   1.3626720e-02
   6.3426100e-02
   5.7634912e-02
   3.8201503e-02
   4.7428098e-02
   3.2248445e-02
   1.7056830e-02
   4.0616598e-02
   4.3699570e-02
   1.9678395e-02
   1.0613730e-02
   5.9985034e-02
   6.0602024e-02
   1.5907628e-02
   1.0648448e-02
   2.6313094e-02
   1.1631010e-02
   5.8004893e-02
   7.0580594e-02
   3.3899229e-02
   3.6549557e-02
   2.6598746e-02
   2.3653658e-02
   4.7127075e-02
   4.5893833e-02
   1.6138528e-02
   1.0081580e-02
   1.0488459e-01
   5.9975561e-02
   1.4346031e-02
   9.5592653e-03
   2.7888922e-02
   1.1830613e-02
   5.9359819e-02
   5.0516434e-02
   3.9833546e-02
   3.9251234e-02
   2.9190117e-02
   2.7460260e-02
   8.0597430e-02
   8.1860945e-02
   3.3885662e-02
   1.0906253e-02
   6.5484211e-02
   6.7727543e-02
   4.2736165e-02
   9.7358888e-03
   3.9041143e-02
   1.4602375e-02
   5.6922410e-02
   3.5099380e-02
   1.1053584e-01
   7.4147694e-02
   4.1902803e-02
   1.6204925e-02
   1.0632999e-01
   1.5613568e-01
   1.0227901e-01
   1.4056401e-02
   3.6644865e-02
   1.9977735e-01
   1.6494825e-01
   1.7979193e-02
   9.3402274e-02
   2.1493526e-02
   5.3320874e-02
   2.7704518e-02
   1.3690117e-01
   1.0997585e-01
   3.1532615e-02
   1.2733652e-02
   4.7466896e-02
   7.6100066e-02
   4.3897316e-02
   9.7037852e-03
   3.1603679e-02
   8.7164447e-02
   6.6134200e-02
   1.0150370e-02
   1.6099146e-01
   4.4471055e-02
   5.3194340e-02
   2.4716387e-02
   7.4896991e-02
   1.1282908e-01
   2.4604099e-02
   1.2179247e-02
   3.7279539e-02
   3.9164178e-02
   1.9091872e-02
   6.6518094e-03
   3.0439341e-02
   2.5373314e-02
   1.3698297e-02
   1.0637117e-02
   8.3391167e-02
   3.3281945e-02
   6.6120952e-02
   2.9404158e-02
   5.0072659e-02
   7.1094468e-02
   2.8719101e-02
   1.3418715e-02
   4.6771344e-02
   4.7212195e-02
   2.7381388e-02
   7.9586385e-03
   3.5701510e-02
   2.9228970e-02
   1.9771470e-02
   1.0584545e-02
   3.9262872e-02
   2.0036969e-02
   8.5183643e-02
   3.6046945e-02
   5.8048993e-02
   6.8225019e-02
   4.4234920e-02
   1.6345561e-02
   6.0689043e-02
   5.7661787e-02
   4.5175903e-02
   1.0945212e-02
   4.6873778e-02
   4.7896251e-02
   3.8189251e-02
   1.1256541e-02
   3.2430992e-02
   1.5551534e-02
   6.5894753e-02
   5.6513354e-02
   4.4819623e-02
   5.8091197e-02
   3.3413555e-02
   1.3916249e-02
   4.9305357e-02
   5.3834818e-02
   2.5095634e-02
   7.1495343e-03
   9.1360554e-02
   7.6036416e-02
   1.8666176e-02
   7.9825548e-03
   2.8096301e-02
   1.2506323e-02
   5.0811198e-02
   8.1965007e-02
   3.7203565e-02
   4.3997537e-02
   2.6098864e-02
   2.4403490e-02
   7.1522027e-02
   6.3138649e-02
   2.3492819e-02
   5.9037819e-03
   1.7304109e-01
   8.2872078e-02
   2.2296445e-02
   6.4438977e-03
   3.1558059e-02
   1.3019186e-02
   5.2854419e-02
   5.5271059e-02
   4.6621501e-02
   5.1147487e-02
   3.0882416e-02
   3.0541662e-02
   1.2998091e-01
   1.1759776e-01
   5.3264733e-02
   7.6122968e-03
   1.0142633e-01
   1.0903328e-01
   7.4930258e-02
   8.9182509e-03
   6.7532465e-02
   1.9463044e-02
   6.2039971e-02
   3.4937173e-02
   1.7983826e-01
   8.0540299e-02
   5.9908122e-02
   2.1205474e-02
   1.6573666e-01
   2.1185419e-01
   1.6477844e-01
   1.7102063e-02
   6.2092666e-02
   2.4596697e-01
   2.0643926e-01
   2.1631138e-02
   1.7385001e-01
   1.9937050e-02
   5.5824351e-02
   2.6164394e-02
   2.3672022e-01
   1.1141761e-01
   3.8180970e-02
   1.3875907e-02
   7.8337505e-02
   1.0258002e-01
   6.6032782e-02
   1.0554099e-02
   5.1305499e-02
   1.0556563e-01
   8.1446558e-02
   1.0908991e-02
   2.8794569e-01
   4.2457636e-02
   5.1108472e-02
   2.3745954e-02
   1.3248852e-01
   9.6030824e-02
   2.3019385e-02
   1.3790749e-02
   5.4666404e-02
   5.0353408e-02
   2.2009434e-02
   5.0380197e-03
   4.9978312e-02
   3.1724226e-02
   9.9395486e-03
   8.9446846e-03
   1.3209347e-01
   3.1115891e-02
   6.8398200e-02
   3.0105082e-02
   7.0273571e-02
   6.2126312e-02
   2.9914545e-02
   1.5767178e-02
   7.0013851e-02
   5.4395650e-02
   3.5704050e-02
   7.5490801e-03
   5.8340989e-02
   3.4717333e-02
   2.3688002e-02
   1.0757953e-02
   5.5282567e-02
   2.8769907e-02
   9.6264772e-02
   3.7503589e-02
   6.1985042e-02
   9.6485175e-02
   5.1370054e-02
   2.0099582e-02
   7.2756298e-02
   7.9285197e-02
   5.8873534e-02
   1.2301757e-02
   6.2660217e-02
   5.5657595e-02
   5.3113069e-02
   1.1244115e-02
   5.0231796e-02
   2.1363610e-02
   6.8564720e-02
   5.8396637e-02
   6.2587827e-02
   6.0726166e-02
   3.8044479e-02
   1.5874367e-02
   7.9641610e-02
   5.9112828e-02
   3.1162279e-02
   6.8621468e-03
   1.2361117e-01
   4.5422878e-02
   2.2907147e-02
   6.2008714e-03
   4.7956131e-02
   1.6722564e-02
   4.3318179e-02
   9.3701363e-02
   5.8045477e-02
   4.8525929e-02
   3.1088011e-02
   2.7850660e-02
   1.2163711e-01
   7.3434301e-02
   2.4171043e-02
   4.6380949e-03
   2.5185663e-01
   5.6380477e-02
   1.4779072e-02
   4.5045386e-03
   5.0016277e-02
   1.8435782e-02
   5.4538276e-02
   6.4783879e-02
   7.9755589e-02
   5.2235875e-02
   4.6073448e-02
   3.7749909e-02
   1.9789584e-01
   1.4242989e-01
   8.1028424e-02
   7.6340311e-03
   1.6073023e-01
   1.2672822e-01
   8.9543276e-02
   9.0946732e-03
   9.9506527e-02
   2.4188586e-02
   6.1247341e-02
   3.8876697e-02
   2.0225579e-01
   5.2484754e-02
   7.3551141e-02
   3.9324306e-02
   1.8089586e-01
   7.6372489e-02
   6.1014149e-02
   1.0471831e-02
   9.2558324e-02
   4.0131908e-02
   1.6495494e-02
   1.0282348e-02
   1.6476627e-01
   2.4602376e-02
   6.4081334e-02
   3.3559095e-02
   2.3752367e-01
   6.4598061e-02
   3.8183466e-02
   1.9758513e-02
   9.9951535e-02
   6.0381249e-02
   3.4413390e-02
   8.3114700e-03
   7.4277498e-02
   4.0700257e-02
   1.0146223e-02
   7.8573097e-03
   2.0225199e-01
   5.8009490e-02
   5.7108123e-02
   3.5977218e-02
   1.1436538e-01
   5.6006532e-02
   3.2957960e-02
   1.4834776e-02
   7.9474121e-02
   4.4920199e-02
   3.1494722e-02
   6.6612950e-03
   6.9388941e-02
   2.0971788e-02
   7.2761606e-03
   7.7219484e-03
   9.2463844e-02
   4.8514716e-02
   6.8127953e-02
   4.0608946e-02
   5.8686573e-02
   6.2284127e-02
   4.3237958e-02
   2.2266943e-02
   8.1774734e-02
   5.0327424e-02
   4.8413709e-02
   1.1306648e-02
   6.1690923e-02
   2.2209803e-02
   3.0637188e-02
   1.4425194e-02
   6.9596417e-02
   3.7347693e-02
   1.1586335e-01
   4.8654981e-02
   8.5380986e-02
   1.1696807e-01
   7.4071750e-02
   3.2972362e-02
   1.0940927e-01
   7.9587527e-02
   7.7385791e-02
   2.1293789e-02
   8.0505610e-02
   4.6634812e-02
   7.5842537e-02
   1.8519867e-02
   5.4818835e-02
   2.9118847e-02
   7.8159876e-02
   8.3297461e-02
   6.6052854e-02
   5.8051713e-02
   5.7672258e-02
   2.4103293e-02
   6.5213233e-02
   5.6640353e-02
   4.3918375e-02
   9.9711390e-03
   9.2639506e-02
   2.1751527e-02
   3.3443484e-02
   8.5472176e-03
   7.3068328e-02
   2.1648847e-02
   5.2841675e-02
   1.3756706e-01
   7.6055706e-02
   4.4253279e-02
   5.1620539e-02
   4.9870137e-02
   9.9414773e-02
   5.5855166e-02
   2.1770472e-02
   4.9317093e-03
   1.8611535e-01
   2.6655845e-02
   9.0407645e-03
   4.3396661e-03
   6.7733660e-02
   2.5798988e-02
   5.6734607e-02
   8.9449704e-02
   1.0023039e-01
   4.0452123e-02
   6.5807343e-02
   6.4720236e-02
   1.8496791e-01
   6.9113016e-02
   3.9184980e-02
   6.6574276e-03
   1.5326594e-01
   2.9898427e-02
   1.1122386e-02
   6.6433311e-03
