   3.4072410e-02
   6.1941873e-02
   5.5743963e-02
   2.2572570e-02
   3.6524337e-02
   3.7710756e-02
   8.9758746e-02
   1.6239172e-02
   2.7169516e-02
   1.1038646e-02
   5.2966680e-02
   2.7183345e-02
   7.8757619e-03
   1.0696418e-02
   3.9039664e-02
   3.0200602e-02
   3.2243025e-02
   5.6980528e-02
   5.0623383e-02
   2.1131177e-02
   3.7275918e-02
   3.3457033e-02
   8.6416967e-02
   1.5810097e-02
   2.3763089e-02
   8.3863437e-03
   5.1297698e-02
   2.3423774e-02
   7.2408970e-03
   8.8240793e-03
   3.9942738e-02
   3.3734307e-02
   3.1118505e-02
   5.7027455e-02
   4.6759464e-02
   2.1009384e-02
   3.3722103e-02
   3.1163381e-02
   7.7899359e-02
   1.4451073e-02
   1.9257650e-02
   7.3973872e-03
   5.3753179e-02
   2.4107682e-02
   7.1304892e-03
   8.0497833e-03
   3.7200525e-02
   4.0004209e-02
   3.3281073e-02
   5.6467891e-02
   5.2991927e-02
   2.4137674e-02
   3.5602309e-02
   3.2039970e-02
   7.5578414e-02
   1.5174040e-02
   1.9580495e-02
   8.3101196e-03
   5.2417591e-02
   2.7424043e-02
   7.7505843e-03
   8.9650750e-03
   3.0168893e-02
   4.5398775e-02
   4.7656815e-02
   8.6845107e-02
   7.1950138e-02
   3.7002537e-02
   8.1258886e-02
   3.5608042e-02
   8.2511522e-02
   1.9595336e-02
   5.3764354e-02
   1.1321381e-02
   5.0129030e-02
   3.1278104e-02
   9.2381621e-03
   1.1808127e-02
   3.1814143e-02
   4.4964377e-02
   1.0977538e-01
   1.2261719e-01
   5.6588922e-02
   3.0680310e-02
   1.7169604e-01
   4.3506239e-02
   8.0164172e-02
   2.0368330e-02
   1.0991877e-01
   1.0186310e-02
   4.5520619e-02
   2.6559547e-02
   9.3505280e-03
   1.0643207e-02
   3.7768211e-02
   3.8714357e-02
   8.7377742e-02
   7.0441701e-02
   5.0300635e-02
   2.2283414e-02
   8.5081927e-02
   3.9081924e-02
   7.9690702e-02
   1.5247928e-02
   5.2122474e-02
   7.9475446e-03
   4.8196338e-02
   2.3382895e-02
   8.5267983e-03
   8.9042215e-03
   4.1502293e-02
   3.7201796e-02
   3.7095312e-02
   5.6858595e-02
   5.4660689e-02
   2.1236798e-02
   3.6990739e-02
   3.5306003e-02
   8.3774664e-02
   1.5391178e-02
   2.3603223e-02
   8.8321259e-03
   4.8734110e-02
   2.5696866e-02
   8.0702808e-03
   8.9046657e-03
   3.8489450e-02
   3.3290159e-02
   3.5508372e-02
   5.9674423e-02
   4.9739297e-02
   1.7208152e-02
   3.5729643e-02
   3.4204707e-02
   7.1976423e-02
   1.6243048e-02
   2.9782305e-02
   1.4912427e-02
   4.4348419e-02
   2.5630569e-02
   5.8680060e-03
   1.3803795e-02
   3.8569439e-02
   2.6107654e-02
   3.3640124e-02
   5.0578937e-02
   4.3032330e-02
   1.5476756e-02
   3.4461204e-02
   2.9794190e-02
   7.1640946e-02
   1.4623136e-02
   2.0604489e-02
   9.4488868e-03
   4.4892821e-02
   2.1104565e-02
   5.3505939e-03
   8.4225219e-03
   4.0853687e-02
   2.8820826e-02
   3.6827661e-02
   5.3364791e-02
   4.1070402e-02
   1.5028652e-02
   3.4624025e-02
   2.8026879e-02
   5.8194619e-02
   1.2148225e-02
   1.6351314e-02
   7.7588917e-03
   5.5200845e-02
   2.1845270e-02
   5.2206875e-03
   7.3600751e-03
   4.4363532e-02
   3.9189707e-02
   3.8426813e-02
   5.8989819e-02
   4.7330692e-02
   2.1192661e-02
   4.3943793e-02
   2.9262371e-02
   6.5625817e-02
   1.3992672e-02
   2.5304982e-02
   8.4187323e-03
   5.5096779e-02
   2.7644152e-02
   6.1978828e-03
   8.5108532e-03
   3.4447722e-02
   5.2032210e-02
   6.6131845e-02
   7.8694880e-02
   7.0895150e-02
   4.5544304e-02
   1.1009860e-01
   3.1418357e-02
   8.2854234e-02
   2.1830760e-02
   8.2747526e-02
   1.3490214e-02
   5.2282508e-02
   2.9920556e-02
   8.0162557e-03
   1.3077701e-02
   3.5057124e-02
   5.1752124e-02
   1.7494260e-01
   9.8866872e-02
   5.4653097e-02
   3.4579817e-02
   2.4466062e-01
   4.1747775e-02
   7.3822297e-02
   2.1196349e-02
   1.7179675e-01
   1.1678552e-02
   3.8014159e-02
   2.4843764e-02
   7.6283193e-03
   1.0743261e-02
   4.1984636e-02
   3.7943061e-02
   1.3892232e-01
   6.0728479e-02
   4.2202298e-02
   1.9180829e-02
   1.2619205e-01
   3.7938092e-02
   6.2251426e-02
   1.2776678e-02
   8.0621108e-02
   8.0022654e-03
   3.8514309e-02
   1.9777585e-02
   6.7856559e-03
   7.7345641e-03
   4.8416093e-02
   3.7295260e-02
   4.7249839e-02
   5.2106425e-02
   4.5653731e-02
   1.7323684e-02
   4.3074254e-02
   3.2983646e-02
   6.4218327e-02
   1.3462200e-02
   2.6354134e-02
   9.6388962e-03
   3.8774718e-02
   2.2800891e-02
   5.8105881e-03
   9.1868900e-03
   4.0220104e-02
   3.1954918e-02
   5.3500339e-02
   5.5070706e-02
   5.3908266e-02
   1.4463314e-02
   4.9117018e-02
   3.7397027e-02
   7.3562354e-02
   1.8609980e-02
   5.0070778e-02
   2.3667682e-02
   4.0175438e-02
   4.0453721e-02
   5.4674614e-03
   1.7320249e-02
   4.1751232e-02
   3.5379816e-02
   5.0259754e-02
   5.9271328e-02
   5.0775710e-02
   1.2739363e-02
   4.7391523e-02
   3.4949813e-02
   6.7027293e-02
   1.6348256e-02
   3.3301894e-02
   1.4343102e-02
   4.3729965e-02
   2.5832903e-02
   4.3815454e-03
   1.0316287e-02
   4.0839486e-02
   3.6204852e-02
   5.9108853e-02
   6.2683053e-02
   4.1937016e-02
   1.4401029e-02
   5.1241882e-02
   3.0280797e-02
   5.2582473e-02
   1.3584704e-02
   2.4644108e-02
   8.4176045e-03
   5.1807608e-02
   2.7505299e-02
   4.3533454e-03
   6.9980645e-03
   4.4521295e-02
   5.5968188e-02
   5.4334585e-02
   5.6363493e-02
   4.8374858e-02
   2.2733714e-02
   6.2199719e-02
   2.9087579e-02
   5.5112451e-02
   1.5393239e-02
   3.8941503e-02
   7.7872560e-03
   5.3670030e-02
   4.2049136e-02
   6.5838615e-03
   7.8711445e-03
   3.9268389e-02
   7.1347691e-02
   8.3445624e-02
   7.2069660e-02
   7.5666755e-02
   5.5603340e-02
   1.0498653e-01
   3.5347611e-02
   8.1356317e-02
   3.0037435e-02
   6.2256195e-02
   1.7248670e-02
   5.5701911e-02
   4.0512212e-02
   9.2272926e-03
   1.2629461e-02
   4.8433803e-02
   7.6769963e-02
   2.6132524e-01
   7.9731099e-02
   6.0149092e-02
   4.0527426e-02
   2.4560690e-01
   5.3254802e-02
   7.1571678e-02
   2.9002316e-02
   1.2997139e-01
   1.3742384e-02
   4.1748948e-02
   2.8153060e-02
   6.8109664e-03
   9.8400470e-03
   4.4121191e-02
   5.6815591e-02
   2.2951011e-01
   4.4407006e-02
   3.4764748e-02
   1.8026521e-02
   1.5213506e-01
   4.3989703e-02
   5.2586798e-02
   1.4667731e-02
   7.8678168e-02
   8.9818593e-03
   3.5004184e-02
   2.4675572e-02
   5.9544486e-03
   6.9270744e-03
   4.9889725e-02
   4.4343375e-02
   7.9054072e-02
   4.9798381e-02
   4.5978554e-02
   1.7038919e-02
   6.0941741e-02
   3.7287541e-02
   6.0163181e-02
   1.5301919e-02
   4.1233663e-02
   1.3770607e-02
   3.3347659e-02
   2.8951649e-02
   4.9933018e-03
   1.0016562e-02
   4.2744659e-02
   3.4167174e-02
   6.0476664e-02
   6.7625105e-02
   4.5733292e-02
   1.3087910e-02
   6.8973184e-02
   3.5161857e-02
   8.0354616e-02
   2.8907038e-02
   7.3896699e-02
   2.1523088e-02
   3.8849264e-02
   6.1615188e-02
   8.5348375e-03
   2.5318228e-02
   4.7463994e-02
   5.4536048e-02
   6.0267322e-02
   6.3450664e-02
   4.8377387e-02
   1.4115200e-02
   4.7623236e-02
   4.6863474e-02
   7.2350785e-02
   2.1680735e-02
   4.4808835e-02
   1.3412692e-02
   4.4905771e-02
   4.7884319e-02
   6.1067599e-03
   1.5802609e-02
   3.6927871e-02
   5.6186046e-02
   9.0827905e-02
   5.7967238e-02
   4.1403618e-02
   1.7077444e-02
   5.1949043e-02
   4.3064386e-02
   6.3975260e-02
   2.3980532e-02
   3.9977454e-02
   7.7999379e-03
   4.9316991e-02
   4.9882337e-02
   4.9178852e-03
   5.7026828e-03
   4.9616035e-02
   8.1060216e-02
   6.8477362e-02
   5.4046720e-02
   5.7581343e-02
   3.0193964e-02
   7.0846982e-02
   3.8514085e-02
   5.9944693e-02
   2.3609420e-02
   4.4537589e-02
   9.4195576e-03
   5.5089656e-02
   5.9064101e-02
   8.7630562e-03
   7.7678808e-03
   5.2581340e-02
   1.0443170e-01
   5.9727941e-02
   8.4138423e-02
   8.4944494e-02
   7.1794212e-02
   8.0971956e-02
   5.6720607e-02
   7.8230016e-02
   4.0795691e-02
   5.8708224e-02
   2.3484789e-02
   6.6887684e-02
   6.8191215e-02
   1.4869166e-02
   1.7819952e-02
   8.7706923e-02
   1.1122700e-01
   1.6162291e-01
   9.6720316e-02
   6.8051621e-02
   4.0306944e-02
   1.3721211e-01
   7.7641822e-02
   5.9162173e-02
   3.8791630e-02
   1.2303437e-01
   1.8046204e-02
   4.9765237e-02
   4.3923263e-02
   9.5498767e-03
   1.2866018e-02
   6.1185505e-02
   8.6194970e-02
   1.8641277e-01
   4.7971211e-02
   3.3202782e-02
   1.8317835e-02
   9.4252042e-02
   5.1959742e-02
   5.4604936e-02
   2.4095446e-02
   8.5162111e-02
   1.0552829e-02
   4.3499351e-02
   4.0881976e-02
   7.3426138e-03
   8.3216401e-03
   4.7916703e-02
   6.3462660e-02
   8.3709344e-02
   5.6360256e-02
   3.8187798e-02
   1.6064992e-02
   6.0270797e-02
   3.4301877e-02
   7.3164485e-02
   2.7139658e-02
   6.6977605e-02
   1.4083204e-02
   2.9181261e-02
   4.6748407e-02
   6.7290720e-03
   1.2803801e-02
   5.0394140e-02
   4.2360619e-02
