   2.8222026e-02
   6.0284156e-02
   7.3902957e-02
   4.4913996e-02
   3.2570720e-02
   2.9979108e-02
   1.9254016e-02
   3.5355799e-02
   2.7233016e-02
   2.3304142e-02
   2.2108527e-02
   3.1527612e-02
   3.0762151e-02
   3.3874318e-02
   4.1880254e-02
   2.6329577e-02
   2.6022680e-02
   5.2754555e-02
   6.1460007e-02
   4.1216753e-02
   3.2064792e-02
   2.7486438e-02
   1.8363377e-02
   3.2094039e-02
   2.7722979e-02
   1.9755872e-02
   2.1302797e-02
   2.9500840e-02
   3.3152942e-02
   3.1472664e-02
   3.8142134e-02
   2.6677195e-02
   4.4962034e-02
   5.3112891e-02
   4.8174180e-02
   4.3755598e-02
   6.3080586e-02
   2.8616654e-02
   1.8975765e-02
   3.3325199e-02
   7.0591271e-02
   3.0065654e-02
   2.4294425e-02
   2.9027758e-02
   7.5655334e-02
   4.7008645e-02
   3.7539437e-02
   2.6909055e-02
   1.4927419e-01
   5.9358064e-02
   4.8958626e-02
   5.7861194e-02
   1.7701881e-01
   3.6755618e-02
   2.2183158e-02
   3.7251841e-02
   1.5169273e-01
   8.2606442e-02
   3.3569153e-02
   2.9940732e-02
   1.0452841e-01
   1.0011719e-01
   4.4839334e-02
   2.7691131e-02
   1.0183381e-01
   6.2270533e-02
   6.3412562e-02
   9.0568505e-02
   1.1123221e-01
   3.3897955e-02
   3.3053622e-02
   6.5203585e-02
   7.2098002e-02
   6.6511698e-02
   4.9906656e-02
   4.7030263e-02
   4.6271738e-02
   7.9571448e-02
   6.7955948e-02
   3.9867911e-02
   2.9438490e-02
   5.8372803e-02
   5.5832073e-02
   6.1935201e-02
   3.4410361e-02
   2.5275473e-02
   2.6323903e-02
   6.1273649e-02
   2.8475082e-02
   2.6366159e-02
   3.8843904e-02
   6.3007206e-02
   3.1865947e-02
   4.4227909e-02
   6.2217630e-02
   5.5063851e-02
   2.7998190e-02
   5.5134609e-02
   5.1119011e-02
   4.5256343e-02
   3.2687828e-02
   2.6615040e-02
   1.6577704e-02
   3.2754630e-02
   2.7132718e-02
   2.5707113e-02
   2.2890963e-02
   3.3467013e-02
   2.9619019e-02
   4.0004391e-02
   3.8173672e-02
   3.3202711e-02
   2.8056100e-02
   5.5867538e-02
   6.3698314e-02
   4.2459227e-02
   3.2079004e-02
   2.8772241e-02
   1.8145893e-02
   3.3647880e-02
   2.6498508e-02
   2.4467299e-02
   2.1001123e-02
   3.0019797e-02
   3.1146787e-02
   3.1958360e-02
   3.7203658e-02
   2.6427513e-02
   1.7555101e-02
   4.6556093e-02
   7.2662465e-02
   3.7969455e-02
   3.2134201e-02
   3.4374997e-02
   2.0804564e-02
   3.0050499e-02
   2.4882972e-02
   2.4118841e-02
   1.9409083e-02
   2.3667561e-02
   3.4699708e-02
   4.0145323e-02
   4.7276024e-02
   2.1453891e-02
   1.8506838e-02
   5.1419403e-02
   5.4439660e-02
   3.0907644e-02
   3.5862193e-02
   3.1810403e-02
   1.5687995e-02
   2.6045544e-02
   2.9587351e-02
   2.2703169e-02
   1.9941788e-02
   2.0593332e-02
   4.6259437e-02
   3.8302623e-02
   3.9163310e-02
   2.2455933e-02
   6.2426314e-02
   5.2609045e-02
   4.6822429e-02
   3.3214480e-02
   9.4862573e-02
   3.0679427e-02
   1.6741915e-02
   2.7418412e-02
   1.1867957e-01
   2.6430080e-02
   2.4479052e-02
   2.0019289e-02
   1.2665004e-01
   5.7992708e-02
   3.4868881e-02
   2.1191353e-02
   2.1255966e-01
   5.7437591e-02
   5.1564045e-02
   5.8116697e-02
   2.4327619e-01
   3.6588885e-02
   2.0933317e-02
   2.9870708e-02
   2.5781289e-01
   5.7559375e-02
   3.0504514e-02
   2.2538180e-02
   1.8432416e-01
   1.2315982e-01
   4.3007702e-02
   2.0066801e-02
   1.4148456e-01
   7.0832968e-02
   6.9158703e-02
   1.1103071e-01
   1.4803636e-01
   3.4505334e-02
   4.0865120e-02
   8.4253080e-02
   1.1625063e-01
   4.8000172e-02
   5.0143253e-02
   4.9599838e-02
   7.7466667e-02
   8.8403165e-02
   7.0072934e-02
   3.1926848e-02
   3.0431900e-02
   6.2896594e-02
   5.7774793e-02
   6.6574462e-02
   4.4768188e-02
   2.6798595e-02
   3.1340785e-02
   8.0434762e-02
   3.3397183e-02
   2.5489869e-02
   5.0470512e-02
   7.3218003e-02
   4.2024605e-02
   5.6898538e-02
   6.6593356e-02
   5.2248217e-02
   1.9153897e-02
   5.9323844e-02
   5.1057108e-02
   4.3300144e-02
   3.0440910e-02
   2.7312316e-02
   1.5354244e-02
   2.8009567e-02
   2.5546633e-02
   2.3740370e-02
   2.7654635e-02
   3.2751415e-02
   3.5582166e-02
   5.7540473e-02
   4.1462541e-02
   3.3236429e-02
   1.6068975e-02
   5.2644912e-02
   6.1781783e-02
   3.9503261e-02
   2.8926602e-02
   3.0397393e-02
   1.7129874e-02
   2.7964637e-02
   2.4488904e-02
   2.2732068e-02
   1.7328072e-02
   2.3924053e-02
   3.5052251e-02
   3.8310118e-02
   3.7787762e-02
   2.3599748e-02
   1.8256506e-02
   5.7814173e-02
   7.6111071e-02
   3.4510158e-02
   4.6460152e-02
   3.7426114e-02
   2.3863494e-02
   2.7083032e-02
   3.5266493e-02
   2.3614060e-02
   1.7221427e-02
   1.9900791e-02
   5.9864827e-02
   5.5674911e-02
   5.9501596e-02
   1.6247660e-02
   2.2392722e-02
   5.2654993e-02
   5.8160424e-02
   2.7769620e-02
   5.7100259e-02
   3.3076171e-02
   2.0955905e-02
   2.4728050e-02
   4.8393518e-02
   2.5081955e-02
   1.5472653e-02
   1.8995011e-02
   7.8087099e-02
   4.7633138e-02
   4.1646946e-02
   1.5524400e-02
   7.7457286e-02
   4.9813680e-02
   5.0865155e-02
   3.2330237e-02
   1.2771237e-01
   3.3637136e-02
   2.3968846e-02
   2.5359597e-02
   1.7362082e-01
   2.4517948e-02
   2.1330057e-02
   1.7798087e-02
   2.0739123e-01
   4.3585442e-02
   3.5406921e-02
   1.5290677e-02
   2.3359884e-01
   5.0886068e-02
   5.6782193e-02
   6.0537979e-02
   2.8559989e-01
   4.4153240e-02
   2.7294105e-02
   3.3811353e-02
   3.2911992e-01
   5.7598297e-02
   3.3265952e-02
   2.1464396e-02
   2.9463866e-01
   6.8954088e-02
   4.9012337e-02
   1.4615513e-02
   1.4382219e-01
   5.1513273e-02
   8.2400158e-02
   1.2993625e-01
   1.5360473e-01
   3.8009524e-02
   4.2280257e-02
   1.0437270e-01
   1.2737240e-01
   5.1089518e-02
   7.2615966e-02
   5.9582297e-02
   1.1418255e-01
   6.7036390e-02
   9.9092066e-02
   2.9055351e-02
   4.0624928e-02
   4.9049914e-02
   6.5401919e-02
   7.1483359e-02
   6.2440883e-02
   2.6135923e-02
   3.0255184e-02
   1.0137799e-01
   4.9330290e-02
   2.2051675e-02
   8.3398834e-02
   8.3761699e-02
   7.4280091e-02
   6.4221174e-02
   1.0359633e-01
   4.1746337e-02
   2.5170552e-02
   5.3631082e-02
   5.0181836e-02
   3.8205858e-02
   4.3265965e-02
   2.8378200e-02
   1.7219404e-02
   3.1534877e-02
   3.9897997e-02
   2.1619804e-02
   3.8409326e-02
   3.3749934e-02
   5.8681615e-02
   6.9721639e-02
   6.1356977e-02
   2.8298438e-02
   1.4605070e-02
   6.2731154e-02
   5.7127312e-02
   3.4649514e-02
   3.8612094e-02
   3.6359578e-02
   1.9160558e-02
   2.6252545e-02
   3.6535595e-02
   2.3745634e-02
   1.9281490e-02
   2.4284007e-02
   5.5658393e-02
   5.3718161e-02
   5.1762164e-02
   2.0157831e-02
   1.8776465e-02
   7.3824041e-02
   6.6138685e-02
   3.0994173e-02
   6.5864965e-02
   3.6730859e-02
   3.5382073e-02
   3.0478612e-02
   5.0246347e-02
   1.6656611e-02
   2.3915401e-02
   2.1356603e-02
   8.8227294e-02
   6.7111030e-02
   7.4160337e-02
   1.3773286e-02
   1.9873912e-02
   5.6465544e-02
   5.1167928e-02
   2.4615163e-02
   5.8551941e-02
   2.7952220e-02
   2.6393449e-02
   2.3465056e-02
   5.4036096e-02
   1.4744898e-02
   2.1387368e-02
   1.7393399e-02
   8.8172853e-02
   5.3773232e-02
   4.7706630e-02
   1.3315907e-02
   4.0078241e-02
   4.6119463e-02
   6.1821468e-02
   4.0442549e-02
   7.1863838e-02
   2.6160408e-02
   2.7132848e-02
   2.2416994e-02
   1.1910117e-01
   2.2852592e-02
   2.7709354e-02
   1.3987503e-02
   1.6160117e-01
   5.1024951e-02
   3.8354397e-02
   1.4062128e-02
   1.0434835e-01
   5.0435584e-02
   7.2430395e-02
   9.4535559e-02
   1.1265711e-01
   5.3081516e-02
   3.2692831e-02
   4.1123975e-02
   1.4445756e-01
   8.6877503e-02
   3.7751678e-02
   2.2885647e-02
   1.7082392e-01
   8.9880913e-02
   6.2993288e-02
   1.4692534e-02
   7.7967294e-02
   5.6211419e-02
   9.1618650e-02
   1.9469297e-01
   7.6092556e-02
   5.4728940e-02
   5.6484286e-02
   1.8704440e-01
   5.5775393e-02
   7.5102508e-02
   8.4684685e-02
   1.0124340e-01
   8.1268489e-02
   8.2247898e-02
   1.1529715e-01
   3.8422164e-02
   4.6148170e-02
   4.1626420e-02
   6.2922411e-02
   8.5144557e-02
   6.9944009e-02
   3.3751383e-02
   5.5181414e-02
   1.8524079e-01
   5.8400884e-02
   2.4379380e-02
   1.0570768e-01
   1.4966214e-01
   9.3326934e-02
   7.2840966e-02
   1.0913751e-01
   5.2108608e-02
   3.7019964e-02
   4.1522332e-02
   6.1458167e-02
   3.4271754e-02
   5.7265382e-02
   3.5100643e-02
   2.6663430e-02
   4.3302588e-02
   5.6184851e-02
   1.3120924e-02
   5.4890983e-02
   4.1932028e-02
   7.9738595e-02
   9.9468686e-02
   7.4924305e-02
   2.2933980e-02
   2.2493483e-02
   6.2266584e-02
   7.0772700e-02
   2.7878262e-02
   5.3475648e-02
   3.8412876e-02
   2.7803389e-02
   2.9767072e-02
   5.1707100e-02
   1.4705763e-02
   2.5872041e-02
   2.4554508e-02
   8.5880697e-02
   7.0222490e-02
   8.3479516e-02
   1.5771920e-02
