   2.8168246e-02
   8.9524142e-02
   7.5195335e-02
   1.0317661e-02
   6.7613624e-02
   1.3520378e-01
   8.4232904e-02
   1.4889272e-02
   7.8841574e-02
   7.2105490e-02
   3.7805650e-02
   3.0031402e-02
   3.4433119e-02
   4.7438566e-02
   4.7367278e-02
   2.4645334e-02
   6.0133286e-02
   5.4304745e-02
   3.8020916e-02
   9.9799288e-03
   9.3785912e-02
   1.0883770e-01
   4.3896798e-02
   1.2952372e-02
   4.2348042e-02
   4.7511790e-02
   3.2426391e-02
   2.8075732e-02
   3.2875914e-02
   4.2768497e-02
   4.5717057e-02
   2.9064693e-02
   1.2154588e-01
   7.6506779e-02
   1.5994737e-02
   1.0108772e-02
   5.5269685e-02
   7.8872792e-02
   1.9617563e-02
   1.3034525e-02
   3.5621218e-02
   4.1285768e-02
   3.0922934e-02
   2.2857796e-02
   3.1994265e-02
   4.1879378e-02
   5.7580426e-02
   4.3299507e-02
   7.2017066e-02
   1.0702479e-01
   2.1236598e-02
   1.7315533e-02
   3.8490456e-02
   5.9573542e-02
   2.1769384e-02
   1.7796507e-02
   3.8714938e-02
   5.6557134e-02
   4.1582845e-02
   2.6336540e-02
   3.2932736e-02
   4.2776939e-02
   7.0521250e-02
   4.2264972e-02
   3.4829240e-02
   5.5075396e-02
   4.2540684e-02
   3.5016533e-02
   4.3341644e-02
   5.3583216e-02
   3.9874818e-02
   3.3742532e-02
   4.5519762e-02
   7.6325953e-02
   5.7634950e-02
   3.5426259e-02
   3.8295995e-02
   5.1522549e-02
   5.8835085e-02
   3.5885803e-02
   2.6901290e-02
   2.7933525e-02
   3.3367462e-02
   2.2621784e-02
   3.4899347e-02
   4.1898079e-02
   2.6632322e-02
   2.4555562e-02
   4.0557459e-02
   7.4409284e-02
   3.6954917e-02
   2.3318551e-02
   6.3296854e-02
   7.9253361e-02
   4.5684416e-02
   2.6443487e-02
   2.4805529e-02
   2.2506319e-02
   1.5686378e-02
   1.3709558e-02
   3.2525986e-02
   3.4906399e-02
   2.0416755e-02
   1.4846417e-02
   5.0453827e-02
   8.9854479e-02
   2.6604297e-02
   1.8160846e-02
   1.1193489e-01
   7.5780384e-02
   3.8811263e-02
   2.4539556e-02
   2.5273647e-02
   4.4160154e-02
   3.4278728e-02
   1.0810392e-02
   3.6075078e-02
   6.4743832e-02
   4.3303110e-02
   1.6740404e-02
   9.2452645e-02
   8.8481970e-02
   3.0594561e-02
   2.0557294e-02
   6.9041505e-02
   4.8436750e-02
   4.0194493e-02
   2.4541268e-02
   3.1406365e-02
   1.5325899e-01
   1.1908714e-01
   9.8390756e-03
   1.0473223e-01
   2.3977865e-01
   1.6486822e-01
   1.3475297e-02
   1.1956935e-01
   8.9468345e-02
   4.3975223e-02
   3.6927260e-02
   4.2786170e-02
   5.1966924e-02
   4.8522823e-02
   1.8599099e-02
   9.6846588e-02
   8.8918619e-02
   5.8752302e-02
   8.3739087e-03
   1.5918221e-01
   1.7668720e-01
   8.3279639e-02
   9.1303922e-03
   5.1770829e-02
   5.9753437e-02
   3.9119039e-02
   3.3372287e-02
   3.4844115e-02
   4.3931492e-02
   4.6682205e-02
   2.5025493e-02
   2.1046217e-01
   9.9108964e-02
   1.8433174e-02
   8.3354255e-03
   8.8842377e-02
   1.1153333e-01
   2.2417096e-02
   8.3318008e-03
   3.9878130e-02
   5.1602125e-02
   3.7960824e-02
   2.4885500e-02
   3.2996360e-02
   5.1233225e-02
   6.5868832e-02
   3.9045669e-02
   1.1880592e-01
   1.3188961e-01
   2.5572576e-02
   1.5071373e-02
   4.8618525e-02
   7.1436182e-02
   2.3899687e-02
   1.4448231e-02
   4.9865983e-02
   7.4331157e-02
   4.9650587e-02
   3.4053411e-02
   3.5407294e-02
   5.4385807e-02
   8.0489829e-02
   4.0726956e-02
   4.1773427e-02
   7.2822496e-02
   5.7986069e-02
   3.2587782e-02
   5.1774032e-02
   6.0297266e-02
   5.4369908e-02
   3.1249577e-02
   5.7922658e-02
   8.2317121e-02
   6.8821408e-02
   5.0997626e-02
   4.4292007e-02
   5.8717500e-02
   6.0465284e-02
   3.7839565e-02
   2.9703612e-02
   3.2263901e-02
   4.3725934e-02
   1.9454151e-02
   4.1527033e-02
   6.0317427e-02
   2.8992046e-02
   1.8719997e-02
   5.3445689e-02
   8.6370558e-02
   4.1563805e-02
   2.7942073e-02
   1.0148694e-01
   9.3479715e-02
   4.2479418e-02
   2.5258666e-02
   2.8101804e-02
   2.6875295e-02
   1.7529113e-02
   1.2810439e-02
   3.5961747e-02
   5.1896602e-02
   1.8032707e-02
   1.2205152e-02
   7.6966546e-02
   1.2059481e-01
   3.0056264e-02
   1.5897974e-02
   1.8735425e-01
   1.0215754e-01
   3.7178144e-02
   1.8822139e-02
   2.8872477e-02
   6.5620586e-02
   5.0810404e-02
   1.0206426e-02
   4.1897394e-02
   1.0513282e-01
   6.6412963e-02
   1.6680768e-02
   1.4029633e-01
   1.2393165e-01
   3.3294424e-02
   2.2073267e-02
   1.0957161e-01
   5.7369459e-02
   3.7622880e-02
   1.8315323e-02
   5.0865509e-02
   1.1563411e-01
   8.4387526e-02
   1.0562255e-02
   1.6150758e-01
   8.3930902e-02
   3.6819726e-02
   1.1294549e-02
   1.9208698e-01
   8.6964160e-02
   6.2911302e-02
   5.4097060e-02
   7.0909306e-02
   6.2709548e-02
   4.7952220e-02
   1.6902450e-02
   1.5681583e-01
   6.2663168e-02
   4.4578265e-02
   8.9344075e-03
   2.3874089e-01
   1.0142208e-01
   2.1382488e-02
   7.1145575e-03
   8.4306031e-02
   5.5505969e-02
   5.7843652e-02
   5.3278606e-02
   5.4001909e-02
   6.0270932e-02
   5.5838838e-02
   2.4060130e-02
   3.0916366e-01
   5.4508742e-02
   1.7614262e-02
   7.2270362e-03
   1.3409203e-01
   9.2693634e-02
   1.1051491e-02
   6.8482980e-03
   6.3985445e-02
   5.8858126e-02
   5.5745367e-02
   3.5141487e-02
   5.8235817e-02
   7.0646465e-02
   9.5367573e-02
   3.3877887e-02
   1.5746215e-01
   7.7455021e-02
   3.1891707e-02
   1.7302360e-02
   6.7879006e-02
   5.0345395e-02
   3.0600557e-02
   1.9788427e-02
   7.9265147e-02
   8.0344439e-02
   7.2514422e-02
   4.3763734e-02
   5.6477252e-02
   6.4742804e-02
   1.1682917e-01
   4.2137571e-02
   6.0663987e-02
   6.5585248e-02
   7.4475944e-02
   4.3467730e-02
   6.4533517e-02
   6.4978473e-02
   7.1846351e-02
   4.6053965e-02
   8.0082268e-02
   9.9518672e-02
   9.3462616e-02
   6.9994666e-02
   6.2932037e-02
   5.8785304e-02
   7.6781221e-02
   5.7177886e-02
   4.7829837e-02
   3.2106254e-02
   5.1402293e-02
   2.2213224e-02
   6.0523950e-02
   5.4714236e-02
   3.5973538e-02
   2.1554729e-02
   8.2190320e-02
   7.1840569e-02
   5.1456705e-02
   3.8914032e-02
   1.3110131e-01
   7.0495367e-02
   4.4523921e-02
   2.9896708e-02
   4.7005702e-02
   3.4741964e-02
   1.8337093e-02
   1.0188729e-02
   6.1222777e-02
   5.6435496e-02
   1.6992094e-02
   1.0950660e-02
   1.2789874e-01
   9.8320119e-02
   3.4737799e-02
   2.0533893e-02
   3.0090117e-01
   7.9193741e-02
   3.8559895e-02
   1.6913028e-02
   4.6906888e-02
   6.0546506e-02
   3.8233995e-02
   1.0948448e-02
   7.5692631e-02
   5.0257616e-02
   2.5394378e-02
   1.6660061e-02
   2.3108767e-01
   1.1858991e-01
   4.4091076e-02
   2.7843939e-02
   1.9353549e-01
   5.4127108e-02
   4.0080652e-02
   1.6895767e-02
   7.4524269e-02
   4.7832958e-02
   3.6389410e-02
   1.1247507e-02
   1.8428639e-01
   3.0420039e-02
   2.6957089e-02
   1.6199952e-02
   1.9327489e-01
   5.6501269e-02
   8.2110859e-02
   7.5580977e-02
   9.3987480e-02
   7.4919410e-02
   7.1130082e-02
   1.8824074e-02
   1.3818572e-01
   3.0989589e-02
   2.4461851e-02
   9.5384577e-03
   2.3488083e-01
   4.8303742e-02
   1.7052883e-02
   8.6708637e-03
   8.9094877e-02
   4.1231588e-02
   9.1066763e-02
   7.0775688e-02
   7.9921179e-02
   1.0388172e-01
   9.0296589e-02
   4.0697914e-02
   1.7763688e-01
   4.2692978e-02
   2.1261806e-02
   9.0920990e-03
   1.1911514e-01
   3.9709322e-02
   1.5508908e-02
   7.4863061e-03
   8.7278821e-02
   4.3638889e-02
   8.2532182e-02
   4.9701918e-02
   7.5611472e-02
   7.8766510e-02
   1.1703572e-01
   6.3153990e-02
   7.7500120e-02
   7.3448867e-02
   3.8609959e-02
   3.1724405e-02
   6.3871548e-02
   3.0974807e-02
   4.5864597e-02
   3.0163791e-02
   7.0209324e-02
   5.2301712e-02
   1.0308281e-01
   5.6945495e-02
   5.6166485e-02
   7.0305198e-02
   1.3097531e-01
   6.6668674e-02
   7.4902840e-02
   6.0529049e-02
   9.4900437e-02
   8.4418640e-02
   9.6573643e-02
   5.0270155e-02
   9.4351441e-02
   7.8072689e-02
   8.6700417e-02
   8.3683081e-02
   9.3040973e-02
   1.0273075e-01
   7.5205855e-02
   7.5422406e-02
   8.9279316e-02
   1.0071163e-01
   5.2306898e-02
   2.7103091e-02
   6.2983878e-02
   3.7408121e-02
   5.8274359e-02
   3.1385403e-02
   4.8121154e-02
   3.3253416e-02
   7.3224351e-02
   5.8664266e-02
   4.5210745e-02
   5.0917987e-02
   6.5871939e-02
   8.5741267e-02
   5.0069675e-02
   3.8720615e-02
   5.9299242e-02
   2.9296951e-02
   2.1265196e-02
   9.2442306e-03
   8.1592597e-02
   2.7447484e-02
   1.8990228e-02
   1.3114384e-02
   1.1000959e-01
   4.9182352e-02
   3.9731402e-02
   2.3839744e-02
   1.7418440e-01
   8.6067893e-02
   3.6493763e-02
   2.3025990e-02
   6.7375474e-02
   4.2319290e-02
   2.7004179e-02
   1.1468918e-02
   9.4900675e-02
   2.2782646e-02
   2.5430288e-02
   2.0255206e-02
   2.0573691e-01
   6.4927354e-02
   4.9787294e-02
   3.5877597e-02
   1.6344641e-01
   6.9518022e-02
   4.7098950e-02
   1.7030232e-02
