   5.4419976e-02
   7.0967786e-02
   6.7936771e-02
   1.1657260e-02
   4.0833548e-02
   3.7995148e-02
   2.5017289e-02
   1.0333003e-02
   3.3128299e-02
   3.1817500e-02
   4.7305170e-02
   1.4513734e-02
   2.8731022e-02
   4.5849133e-02
   3.5528272e-02
   2.0067835e-02
   4.2030081e-02
   3.5344779e-02
   3.8004644e-02
   1.0106412e-02
   3.9332815e-02
   3.3317629e-02
   2.0879773e-02
   9.6503338e-03
   3.3110395e-02
   4.0676013e-02
   4.5840774e-02
   1.4063158e-02
   2.8288921e-02
   4.8394017e-02
   3.3849016e-02
   1.8735573e-02
   3.5093989e-02
   1.5984356e-02
   2.4374479e-02
   1.1193621e-02
   3.5842359e-02
   3.1066697e-02
   1.8827021e-02
   1.3827319e-02
   3.0777324e-02
   4.4031981e-02
   4.4323463e-02
   1.7522285e-02
   2.5663719e-02
   5.2555896e-02
   3.4856163e-02
   2.0228812e-02
   3.8461868e-02
   1.9506203e-02
   3.2027900e-02
   1.4451332e-02
   3.4848906e-02
   3.9331391e-02
   2.6640652e-02
   2.2899210e-02
   2.7836278e-02
   4.1657843e-02
   5.1306240e-02
   2.5610611e-02
   2.4877511e-02
   5.5437744e-02
   4.5180429e-02
   2.2747852e-02
   4.9402334e-02
   2.1731090e-02
   4.8722100e-02
   1.3186160e-02
   8.2691118e-02
   7.4217342e-02
   3.9488032e-02
   1.5221322e-02
   8.8510580e-02
   5.1894888e-02
   5.6669910e-02
   1.9629925e-02
   7.5625658e-02
   9.2434756e-02
   5.5495612e-02
   2.3550538e-02
   9.7936712e-02
   1.8059408e-02
   3.5046984e-02
   1.1316801e-02
   1.7174141e-01
   7.3687173e-02
   2.8672637e-02
   1.1249155e-02
   1.6054453e-01
   4.4168651e-02
   4.3216787e-02
   1.5508881e-02
   1.1484995e-01
   8.5931107e-02
   3.9038677e-02
   2.1801846e-02
   7.5190291e-02
   1.5512597e-02
   2.3797298e-02
   1.0173998e-02
   7.9598382e-02
   3.4510385e-02
   1.8904725e-02
   1.0453856e-02
   5.8560397e-02
   3.9934743e-02
   4.0212452e-02
   1.4481576e-02
   4.0691108e-02
   6.4159714e-02
   3.4985758e-02
   1.9748624e-02
   4.4517465e-02
   3.3763841e-02
   3.7294127e-02
   1.0838696e-02
   3.5919700e-02
   3.1021690e-02
   1.9714827e-02
   1.0786721e-02
   2.9790122e-02
   4.1773759e-02
   4.3430403e-02
   1.4174676e-02
   2.6690207e-02
   5.6111157e-02
   3.6797944e-02
   2.0263089e-02
   7.5193554e-02
   1.0252403e-01
   8.4585048e-02
   9.7414646e-03
   3.5803620e-02
   3.7288763e-02
   2.2395557e-02
   5.9461705e-03
   2.2576120e-02
   3.2801397e-02
   4.5800567e-02
   8.6195506e-03
   2.2257481e-02
   5.4760877e-02
   3.7936505e-02
   1.1693760e-02
   5.4514110e-02
   5.0095037e-02
   4.5385290e-02
   6.7886072e-03
   3.1817384e-02
   3.5372652e-02
   1.9579811e-02
   5.9719365e-03
   2.0764276e-02
   3.2498900e-02
   4.3482266e-02
   7.9978341e-03
   1.8808989e-02
   5.5288963e-02
   3.3108376e-02
   1.1300251e-02
   4.1653540e-02
   1.9763540e-02
   2.6397804e-02
   1.0034255e-02
   3.4837622e-02
   3.0174665e-02
   1.9078048e-02
   1.4204626e-02
   2.3290666e-02
   3.3549733e-02
   3.8892761e-02
   1.3586114e-02
   1.8894656e-02
   5.9014723e-02
   3.5127614e-02
   1.4612484e-02
   4.7429264e-02
   2.3527035e-02
   3.4103081e-02
   1.6676174e-02
   4.2743891e-02
   4.7296274e-02
   2.8387219e-02
   3.1026853e-02
   3.2936748e-02
   3.6013220e-02
   5.4629579e-02
   2.6112951e-02
   2.7265549e-02
   6.0338397e-02
   5.8184650e-02
   1.6290432e-02
   7.3538654e-02
   2.7151909e-02
   5.4105822e-02
   1.2146832e-02
   1.1953869e-01
   8.8048778e-02
   4.9029186e-02
   1.5928840e-02
   1.3362144e-01
   4.0303458e-02
   6.3636109e-02
   1.6773777e-02
   1.1333098e-01
   9.8789237e-02
   7.7235758e-02
   1.5695674e-02
   1.5398926e-01
   2.1791970e-02
   3.8296673e-02
   7.6990025e-03
   2.6606804e-01
   8.2527101e-02
   3.0352596e-02
   7.0505706e-03
   2.4920064e-01
   3.6980458e-02
   4.2813797e-02
   1.0213478e-02
   1.7086372e-01
   8.2405716e-02
   4.4161264e-02
   1.3234678e-02
   1.2014664e-01
   1.9268164e-02
   2.4551803e-02
   6.1242846e-03
   1.2874308e-01
   3.8736701e-02
   1.6164560e-02
   5.9679835e-03
   9.2429154e-02
   3.0497978e-02
   3.4834385e-02
   9.1375308e-03
   6.0172882e-02
   6.1524466e-02
   3.6800466e-02
   1.2670444e-02
   6.2497173e-02
   4.6780813e-02
   4.5263600e-02
   7.0213745e-03
   4.2305436e-02
   3.1633083e-02
   1.8821765e-02
   5.4379217e-03
   2.5692837e-02
   2.9885113e-02
   3.4346059e-02
   8.7392200e-03
   2.5846558e-02
   6.3669890e-02
   3.6117058e-02
   1.2222276e-02
   1.2819992e-01
   1.3595341e-01
   9.7002260e-02
   1.1523352e-02
   5.2626699e-02
   4.3562140e-02
   2.0769164e-02
   3.5865880e-03
   3.0186517e-02
   3.4644213e-02
   4.8418876e-02
   5.7425699e-03
   2.7182993e-02
   7.9786904e-02
   5.1555622e-02
   7.4306075e-03
   9.0178072e-02
   6.6933170e-02
   5.2954532e-02
   7.2991243e-03
   4.7091268e-02
   3.8947821e-02
   1.8941740e-02
   3.6369518e-03
   2.8438568e-02
   2.9529091e-02
   4.6573788e-02
   6.2442138e-03
   2.5822980e-02
   6.7081012e-02
   4.4035807e-02
   8.6379154e-03
   6.5516263e-02
   2.2450086e-02
   3.2124192e-02
   1.4916301e-02
   6.0018901e-02
   3.3536106e-02
   1.6563833e-02
   2.3316158e-02
   3.2347184e-02
   2.8280493e-02
   4.5327507e-02
   1.9925382e-02
   2.9387744e-02
   6.7720771e-02
   4.1813679e-02
   8.9774691e-03
   6.6340812e-02
   3.4074612e-02
   4.8209343e-02
   2.7877957e-02
   6.5488748e-02
   5.3575452e-02
   3.7315354e-02
   5.9623312e-02
   4.8944868e-02
   3.5539817e-02
   6.4607494e-02
   4.4163704e-02
   4.5967896e-02
   6.4735919e-02
   7.7149883e-02
   1.2144394e-02
   9.2259459e-02
   3.8319144e-02
   7.9011418e-02
   1.5911182e-02
   1.1116980e-01
   9.4182901e-02
   7.4594617e-02
   2.7414763e-02
   1.2820770e-01
   2.7483631e-02
   7.1138158e-02
   2.1468729e-02
   1.2404636e-01
   7.8487374e-02
   1.0951380e-01
   1.3331088e-02
   2.0330979e-01
   2.2166589e-02
   5.2901216e-02
   7.0575350e-03
   2.7873924e-01
   6.5645069e-02
   4.4862349e-02
   7.3490469e-03
   2.6171336e-01
   4.1655231e-02
   5.1395416e-02
   7.9070935e-03
   1.8416686e-01
   7.3080696e-02
   6.2401935e-02
   1.0540268e-02
   1.7601958e-01
   2.2490023e-02
   2.8157260e-02
   4.9801636e-03
   1.6389439e-01
   3.0579735e-02
   1.5975446e-02
   4.4196476e-03
   1.1153660e-01
   3.4428626e-02
   4.0363539e-02
   5.4831728e-03
   7.2370641e-02
   7.3902786e-02
   4.6079356e-02
   8.1315106e-03
   1.0156272e-01
   5.9665255e-02
   4.8120651e-02
   7.7583422e-03
   6.4212754e-02
   3.3738539e-02
   1.5856907e-02
   3.5458151e-03
   3.4907073e-02
   2.6575960e-02
   3.6478367e-02
   5.4087564e-03
   3.2912660e-02
   7.6608501e-02
   4.3411639e-02
   7.8752171e-03
   1.3316824e-01
   1.4559452e-01
   8.2548894e-02
   1.9626608e-02
   6.0595531e-02
   3.9959583e-02
   2.3788294e-02
   3.2755900e-03
   4.2559084e-02
   4.1999664e-02
   6.9190957e-02
   5.2735116e-03
   4.3818876e-02
   1.0756363e-01
   7.2392657e-02
   7.7348263e-03
   1.0424005e-01
   8.0795109e-02
   5.5267792e-02
   1.3718137e-02
   5.6617897e-02
   3.9183304e-02
   2.4512535e-02
   4.1954271e-03
   3.5935365e-02
   3.4469686e-02
   5.9471272e-02
   5.8485097e-03
   3.2607175e-02
   7.6783486e-02
   6.9863051e-02
   8.5968887e-03
   7.1222693e-02
   2.5779787e-02
   5.2543569e-02
   2.6267104e-02
   6.1296362e-02
   3.6313966e-02
   2.4928095e-02
   4.1703720e-02
   3.3034030e-02
   2.7253361e-02
   5.1260184e-02
   3.1465691e-02
   3.9778337e-02
   6.6811852e-02
   7.1930595e-02
   8.5333781e-03
   9.2835829e-02
   5.9472464e-02
   6.9018126e-02
   4.6164878e-02
   7.6464429e-02
   7.8890637e-02
   5.1522750e-02
   1.1067156e-01
   5.5508129e-02
   3.6833111e-02
   7.7081814e-02
   7.4053340e-02
   4.6913955e-02
   6.1729342e-02
   1.0679806e-01
   1.4048779e-02
   7.3676519e-02
   6.5968737e-02
   9.9427693e-02
   2.9477475e-02
   5.9320476e-02
   1.3222724e-01
   9.6285544e-02
   5.0997715e-02
   7.5928561e-02
   3.7099604e-02
   9.6254215e-02
   3.5554700e-02
   9.1334105e-02
   8.6022511e-02
   1.6393425e-01
   1.8631291e-02
   1.2730017e-01
   3.0730540e-02
   7.4271850e-02
   1.1124628e-02
   1.0363996e-01
   8.6248271e-02
   7.0221864e-02
   1.0749893e-02
   1.1942122e-01
   5.2475464e-02
   5.7677649e-02
   1.1420248e-02
   1.1709250e-01
   8.1847258e-02
   8.7698467e-02
   1.0494197e-02
   1.3050777e-01
   2.6845388e-02
   3.6519501e-02
   7.4545462e-03
   9.3816653e-02
   3.5886601e-02
   2.2004247e-02
   4.3312940e-03
   6.4432256e-02
   3.0575883e-02
   5.6089662e-02
   5.5923583e-03
   5.8239404e-02
   8.1330784e-02
   7.2693609e-02
   7.8655463e-03
   8.3321989e-02
   6.6099308e-02
   5.3312659e-02
   1.3755308e-02
   7.3091000e-02
   3.3958297e-02
   1.4586811e-02
   3.0422430e-03
   4.2763799e-02
   3.1317983e-02
   5.5730820e-02
   4.4907304e-03
   4.6426915e-02
   8.5230865e-02
   6.9159903e-02
   8.3125522e-03
