   4.2675823e-02
   2.9815400e-02
   4.4226646e-02
   1.0073638e-02
   3.5628360e-02
   4.4355698e-02
   3.1270996e-02
   7.8871408e-03
   3.1311680e-02
   2.9394208e-02
   2.8231621e-02
   5.9856544e-03
   3.2515682e-02
   4.0795278e-02
   3.2459509e-02
   6.5839412e-03
   4.0359724e-02
   3.2079946e-02
   3.9639983e-02
   9.9122385e-03
   3.3034503e-02
   4.0113699e-02
   2.7812548e-02
   7.6708999e-03
   2.9819863e-02
   2.8388722e-02
   2.4788385e-02
   6.0373656e-03
   3.5396408e-02
   4.0072378e-02
   2.7093595e-02
   6.5454706e-03
   5.3677917e-02
   3.3219028e-02
   3.6301315e-02
   1.0417657e-02
   5.8465462e-02
   4.2696141e-02
   2.7137000e-02
   8.5420879e-03
   6.6838503e-02
   3.7932422e-02
   2.5269974e-02
   6.4535341e-03
   8.0855243e-02
   5.6855410e-02
   2.7991803e-02
   7.0653129e-03
   1.5865527e-01
   5.3420976e-02
   4.5620557e-02
   1.0829040e-02
   1.5871559e-01
   8.3082825e-02
   3.7018199e-02
   9.0986211e-03
   1.3292663e-01
   9.9833548e-02
   3.2552443e-02
   7.6738764e-03
   1.0479937e-01
   1.2528540e-01
   3.9929226e-02
   8.9431908e-03
   1.2226036e-01
   5.6303032e-02
   5.9259683e-02
   1.7525343e-02
   9.8200023e-02
   8.3816610e-02
   6.1660472e-02
   1.4857116e-02
   6.5766945e-02
   8.9221455e-02
   5.1442157e-02
   8.6610410e-03
   4.7583714e-02
   9.5487788e-02
   5.7033379e-02
   1.0729778e-02
   4.2321619e-02
   3.6541414e-02
   4.1485220e-02
   1.6740125e-02
   3.3209488e-02
   4.4333722e-02
   4.4721801e-02
   1.4385034e-02
   2.9098151e-02
   4.1551709e-02
   4.3234263e-02
   7.2142901e-03
   3.3777211e-02
   5.1171225e-02
   4.0630393e-02
   8.5448530e-03
   4.4149693e-02
   3.2973588e-02
   3.5345778e-02
   9.4369659e-03
   3.4953684e-02
   4.3356288e-02
   2.7590968e-02
   7.8512086e-03
   2.9015973e-02
   3.9450392e-02
   2.5263881e-02
   6.1661317e-03
   3.2091249e-02
   4.6060476e-02
   2.7433831e-02
   7.0736781e-03
   4.4684216e-02
   3.1230945e-02
   4.0992837e-02
   1.0069035e-02
   3.5542786e-02
   4.1600786e-02
   2.7650515e-02
   7.7357641e-03
   3.0175798e-02
   3.1593185e-02
   2.4826588e-02
   5.8197225e-03
   3.2374803e-02
   3.9759483e-02
   2.7921731e-02
   6.4913929e-03
   2.8386502e-02
   2.8277261e-02
   4.5261785e-02
   5.8840052e-03
   3.0685421e-02
   3.9012451e-02
   2.8964978e-02
   4.9632583e-03
   3.1073067e-02
   2.7890034e-02
   2.7364487e-02
   3.5039175e-03
   3.3547089e-02
   4.6585038e-02
   3.9721195e-02
   4.7382535e-03
   3.1266555e-02
   2.6516095e-02
   3.9448000e-02
   5.7035643e-03
   3.1438217e-02
   3.5951879e-02
   2.4710147e-02
   4.6671890e-03
   3.6704581e-02
   2.8527876e-02
   2.3188252e-02
   3.7411232e-03
   4.6651237e-02
   4.6149153e-02
   3.0060600e-02
   4.4311578e-03
   7.4129343e-02
   2.9608529e-02
   3.5895772e-02
   5.8266809e-03
   8.9378186e-02
   3.6422897e-02
   2.4068784e-02
   4.6739723e-03
   1.1284129e-01
   3.6514856e-02
   2.2532431e-02
   4.3201954e-03
   1.3035437e-01
   6.1161727e-02
   2.9898465e-02
   5.0962418e-03
   2.1273476e-01
   4.8270233e-02
   5.4676317e-02
   7.9737650e-03
   2.3772410e-01
   5.8537330e-02
   3.2618027e-02
   6.8485020e-03
   2.2692512e-01
   7.2998062e-02
   3.0908016e-02
   6.5711709e-03
   1.7422599e-01
   1.1301775e-01
   4.6513043e-02
   6.8504317e-03
   1.5741371e-01
   5.6125022e-02
   7.3197477e-02
   2.3892827e-02
   1.3828963e-01
   5.8506094e-02
   6.3592762e-02
   1.9156314e-02
   1.0877343e-01
   6.8425164e-02
   6.4151242e-02
   8.5295858e-03
   7.3507436e-02
   8.6976856e-02
   7.2972462e-02
   9.8510571e-03
   4.5192283e-02
   3.1969234e-02
   4.1595206e-02
   2.2864791e-02
   4.0099252e-02
   3.6167342e-02
   4.6446495e-02
   1.9224923e-02
   3.8337678e-02
   4.3791618e-02
   6.4227775e-02
   5.9807934e-03
   4.3384332e-02
   5.5346165e-02
   5.1498324e-02
   7.0561259e-03
   2.8566940e-02
   2.5960503e-02
   3.1459883e-02
   7.6955645e-03
   2.9272668e-02
   3.1907309e-02
   2.5147505e-02
   6.2975283e-03
   2.9822228e-02
   4.0958431e-02
   3.1222738e-02
   3.8585090e-03
   3.8851317e-02
   4.9804676e-02
   2.8113609e-02
   4.7219843e-03
   2.7298976e-02
   2.7494539e-02
   4.0963795e-02
   5.8400999e-03
   2.6724419e-02
   3.5380494e-02
   2.5495447e-02
   4.7854255e-03
   2.8860604e-02
   2.9118903e-02
   2.3794070e-02
   3.4085698e-03
   3.5862204e-02
   4.2441018e-02
   3.1177038e-02
   4.1687330e-03
   3.8157821e-02
   2.8069751e-02
   4.1508846e-02
   6.2213349e-03
   3.8059365e-02
   3.9285589e-02
   3.3729479e-02
   4.2070057e-03
   4.8765764e-02
   2.7224375e-02
   3.4863029e-02
   2.8333056e-03
   5.2353758e-02
   5.9615612e-02
   4.7024224e-02
   4.2478405e-03
   4.3795038e-02
   2.7769875e-02
   4.1353803e-02
   5.1709590e-03
   4.5041636e-02
   3.3174578e-02
   2.7216746e-02
   3.8293938e-03
   5.6868687e-02
   2.7399361e-02
   2.4367442e-02
   3.0945218e-03
   7.9821035e-02
   5.6341566e-02
   3.9453864e-02
   4.0832711e-03
   7.9934210e-02
   2.9396588e-02
   4.3875474e-02
   5.5862353e-03
   1.0284238e-01
   2.8219700e-02
   2.4947826e-02
   3.9852918e-03
   1.5208848e-01
   2.9954109e-02
   2.6435532e-02
   3.2860541e-03
   2.1021262e-01
   4.5144137e-02
   3.6789365e-02
   3.9654183e-03
   1.4915983e-01
   6.3293867e-02
   6.8109781e-02
   9.9308044e-03
   2.1484505e-01
   6.5141141e-02
   2.8746070e-02
   8.0616763e-03
   2.5125581e-01
   5.9596810e-02
   5.0015375e-02
   5.9337090e-03
   2.5872719e-01
   6.7372769e-02
   6.4066604e-02
   6.7041935e-03
   1.0331861e-01
   7.7905968e-02
   8.4790640e-02
   4.0890172e-02
   1.0703056e-01
   7.2531477e-02
   5.8709398e-02
   3.1171754e-02
   1.0737032e-01
   6.5743349e-02
   9.7689003e-02
   1.1062594e-02
   9.7340979e-02
   7.4199855e-02
   1.0840049e-01
   1.1647909e-02
   5.7552624e-02
   3.1403776e-02
   4.9306475e-02
   3.8771559e-02
   5.4535810e-02
   3.5723738e-02
   4.8737310e-02
   3.1382725e-02
   6.0481325e-02
   4.4214167e-02
   9.1970436e-02
   7.6331506e-03
   6.7713715e-02
   5.0688706e-02
   7.4083440e-02
   7.0558582e-03
   3.7794027e-02
   2.4467660e-02
   3.2382321e-02
   8.6930022e-03
   4.0957745e-02
   2.7083986e-02
   2.6524063e-02
   7.4488162e-03
   5.0342549e-02
   4.4379421e-02
   4.7123224e-02
   3.2081585e-03
   6.6364184e-02
   4.9648114e-02
   3.8136195e-02
   4.1534123e-03
   3.1780738e-02
   2.7785378e-02
   4.3486234e-02
   4.6852827e-03
   3.7979394e-02
   3.5748199e-02
   3.1025829e-02
   4.2428160e-03
   4.5236014e-02
   3.0928886e-02
   3.2332506e-02
   2.6147605e-03
   5.3764135e-02
   4.8557542e-02
   4.0522017e-02
   4.0077786e-03
   4.1210752e-02
   3.0372571e-02
   4.6697389e-02
   9.8927347e-03
   5.2670918e-02
   3.2552999e-02
   3.6863212e-02
   4.8750830e-03
   6.2098674e-02
   2.9438468e-02
   5.4360822e-02
   3.5849595e-03
   5.5086821e-02
   7.0486404e-02
   7.4159466e-02
   5.0383080e-03
   5.1685017e-02
   2.7710464e-02
   4.3400276e-02
   7.6917857e-03
   5.5503163e-02
   2.9875539e-02
   3.8104255e-02
   3.7642503e-03
   5.8865432e-02
   2.1528075e-02
   3.7614308e-02
   2.9284079e-03
   8.9444615e-02
   5.8193296e-02
   5.3143833e-02
   4.7516348e-03
   5.2615680e-02
   3.0918192e-02
   4.7015004e-02
   8.3202459e-03
   7.3817454e-02
   2.7344532e-02
   3.1411763e-02
   4.2310865e-03
   9.6207619e-02
   2.9229494e-02
   3.3610094e-02
   2.8998046e-03
   1.6390839e-01
   4.9636021e-02
   4.9094867e-02
   4.4261278e-03
   5.8148302e-02
   8.3994158e-02
   7.2383657e-02
   1.6836952e-02
   6.8580128e-02
   9.1870151e-02
   3.8673420e-02
   1.2441921e-02
   1.0721362e-01
   8.0451854e-02
   7.4083433e-02
   7.9601388e-03
   1.5443942e-01
   7.6861404e-02
   1.1472855e-01
   7.7938857e-03
   5.8755450e-02
   1.1358155e-01
   1.0262702e-01
   7.5326361e-02
   3.9170016e-02
   1.0779543e-01
   6.4552173e-02
   5.3957265e-02
   6.4621814e-02
   8.3943367e-02
   1.3196193e-01
   2.2732001e-02
   7.1306817e-02
   7.7051789e-02
   1.5658005e-01
   1.7463692e-02
   5.7994094e-02
   5.1326647e-02
   7.3795170e-02
   6.7973480e-02
   6.0589612e-02
   4.2338584e-02
   5.9193935e-02
   5.1516883e-02
   6.5743215e-02
   5.2448202e-02
   1.0989285e-01
   1.7447015e-02
   8.0308594e-02
   4.6146154e-02
   9.6861474e-02
   1.0641024e-02
   3.7865326e-02
   3.4892034e-02
   4.6953410e-02
   1.4566682e-02
   4.2597309e-02
   2.7462043e-02
   2.9320698e-02
   9.1014914e-03
   4.4705022e-02
   4.7600720e-02
   7.1701802e-02
   4.8794569e-03
   8.3495446e-02
   4.7538273e-02
   5.5914383e-02
   5.0608246e-03
   2.8425280e-02
   3.1924609e-02
   6.4213388e-02
   6.6966158e-03
   4.0019501e-02
   2.8195219e-02
   3.1117376e-02
   3.7789582e-03
   5.9483044e-02
   2.8575016e-02
   5.1634446e-02
   3.2167025e-03
   6.8524003e-02
   6.0334619e-02
   5.3877361e-02
   4.0809242e-03
