   2.3057764e-02
   3.1506907e-02
   3.2530777e-02
   3.5805814e-02
   1.7236639e-02
   9.0121608e-03
   2.0672709e-02
   3.9156772e-02
   1.7355321e-02
   1.4658156e-02
   2.0182816e-02
   3.0041305e-02
   2.9081525e-02
   1.6123861e-02
   1.6241863e-02
   3.8670048e-02
   2.3134168e-02
   1.8711127e-02
   1.9208692e-02
   3.3081885e-02
   1.6509071e-02
   7.1698469e-03
   1.3765372e-02
   3.9164659e-02
   1.6489560e-02
   8.8166241e-03
   1.2947313e-02
   3.1623647e-02
   2.8031830e-02
   1.3951938e-02
   1.3881589e-02
   3.7476119e-02
   2.3953704e-02
   1.2441878e-02
   1.3551621e-02
   3.4270506e-02
   1.6515678e-02
   6.4764638e-03
   1.0762410e-02
   4.4177175e-02
   1.6312355e-02
   5.4585389e-03
   1.1120681e-02
   3.7430070e-02
   2.8298076e-02
   1.3096813e-02
   1.3573970e-02
   3.9499983e-02
   2.4451902e-02
   1.1727908e-02
   1.3782284e-02
   4.0723812e-02
   1.9748881e-02
   8.6821374e-03
   1.1698285e-02
   5.6067422e-02
   1.8408516e-02
   6.0282308e-03
   1.2128226e-02
   4.8558816e-02
   3.1194501e-02
   1.4200155e-02
   1.6732126e-02
   4.3382309e-02
   2.6045272e-02
   1.0236240e-02
   1.5806790e-02
   4.7269929e-02
   2.4240565e-02
   1.2803134e-02
   1.3675008e-02
   6.5483004e-02
   2.0629846e-02
   7.3203729e-03
   1.1693398e-02
   5.3807646e-02
   3.3807918e-02
   1.5266787e-02
   1.7546242e-02
   4.6957966e-02
   2.4189219e-02
   9.6282866e-03
   1.5188256e-02
   4.3414641e-02
   1.9553613e-02
   7.8850780e-03
   1.2136292e-02
   5.5864770e-02
   1.8581109e-02
   7.1622804e-03
   1.0331962e-02
   4.2632379e-02
   3.1377375e-02
   1.4276516e-02
   1.4877126e-02
   4.2458300e-02
   2.2093872e-02
   1.0094969e-02
   1.3852126e-02
   3.7537985e-02
   1.6551031e-02
   5.5450085e-03
   1.1576203e-02
   4.3208227e-02
   1.7841721e-02
   7.6046563e-03
   9.5417807e-03
   3.2329876e-02
   2.9258678e-02
   1.3034158e-02
   1.3379874e-02
   3.7692308e-02
   2.2115201e-02
   1.8277423e-02
   1.9728296e-02
   3.3863038e-02
   1.6369537e-02
   6.5788333e-03
   1.3756949e-02
   3.8605917e-02
   1.7359095e-02
   1.0064288e-02
   1.2587867e-02
   2.9189847e-02
   2.8545298e-02
   1.3542729e-02
   1.3813253e-02
   3.7180807e-02
   2.1650268e-02
   5.2453227e-02
   5.3690359e-02
   4.4254359e-02
   1.6970946e-02
   1.1615360e-02
   3.0249922e-02
   5.3709798e-02
   1.6926125e-02
   1.9175341e-02
   2.7098466e-02
   3.8472053e-02
   2.7295703e-02
   1.7220588e-02
   1.7386246e-02
   3.8847852e-02
   2.3755329e-02
   2.6598139e-02
   2.6867559e-02
   3.8716812e-02
   1.6588943e-02
   9.0080006e-03
   1.8603131e-02
   5.3255536e-02
   1.6316941e-02
   1.1055595e-02
   1.6935727e-02
   4.2272147e-02
   2.6748475e-02
   1.4542417e-02
   1.4714896e-02
   3.8567252e-02
   2.5038734e-02
   1.4790229e-02
   1.5282466e-02
   3.9539311e-02
   1.6446231e-02
   7.8886542e-03
   1.3009298e-02
   5.9910115e-02
   1.6192228e-02
   6.2096263e-03
   1.4034220e-02
   5.0166350e-02
   2.6731318e-02
   1.3374110e-02
   1.4092262e-02
   4.1606668e-02
   2.2317212e-02
   1.4111755e-02
   1.4735731e-02
   4.5756210e-02
   1.9648375e-02
   1.0824565e-02
   1.4393191e-02
   7.1599476e-02
   1.7622786e-02
   6.8058027e-03
   1.4407819e-02
   6.1516084e-02
   2.8218536e-02
   1.3798546e-02
   1.7457800e-02
   4.2576700e-02
   2.2948587e-02
   1.1494354e-02
   1.7937398e-02
   5.1839698e-02
   2.4749802e-02
   1.6852425e-02
   1.7501161e-02
   8.0878176e-02
   1.9561850e-02
   8.7184738e-03
   1.3615761e-02
   6.6285938e-02
   2.9186390e-02
   1.4593201e-02
   1.7782776e-02
   4.3885261e-02
   2.2069337e-02
   1.0389647e-02
   1.7081218e-02
   4.9683101e-02
   1.9282758e-02
   9.5887324e-03
   1.5164418e-02
   7.2202556e-02
   1.7990755e-02
   8.7585831e-03
   1.1835041e-02
   5.4182883e-02
   2.8628571e-02
   1.4236587e-02
   1.4977097e-02
   4.0893186e-02
   2.1098156e-02
   1.1084363e-02
   1.5717167e-02
   4.6398804e-02
   1.6441947e-02
   6.2457263e-03
   1.4482788e-02
   5.9230763e-02
   1.9125205e-02
   9.8613752e-03
   1.1073649e-02
   4.2437810e-02
   2.9321099e-02
   1.3480690e-02
   1.3988908e-02
   3.7871446e-02
   2.1221850e-02
   2.7585814e-02
   2.7904605e-02
   4.1730039e-02
   1.6477758e-02
   7.9161059e-03
   1.8628223e-02
   5.3108308e-02
   1.8235387e-02
   1.2690042e-02
   1.5657756e-02
   3.7345808e-02
   2.8418681e-02
   1.4172693e-02
   1.4563157e-02
   3.7387330e-02
   1.6010102e-02
   6.4421088e-02
   7.0159934e-02
   4.7193337e-02
   1.3559296e-02
   1.3986877e-02
   3.9158035e-02
   5.4080237e-02
   1.3565770e-02
   2.2820780e-02
   3.4428634e-02
   3.9142981e-02
   2.0051394e-02
   1.6489251e-02
   1.7478865e-02
   3.3582844e-02
   2.1142345e-02
   3.1027641e-02
   3.1668730e-02
   3.7319493e-02
   1.3655535e-02
   1.0748052e-02
   2.2888832e-02
   5.0858870e-02
   1.3001984e-02
   1.2679688e-02
   2.0939860e-02
   4.2190518e-02
   1.9558445e-02
   1.3215632e-02
   1.4033140e-02
   3.4112934e-02
   2.3691917e-02
   1.6110143e-02
   1.4020174e-02
   3.5096478e-02
   1.3606633e-02
   9.0447068e-03
   1.4071342e-02
   5.2416686e-02
   1.2997993e-02
   6.4923554e-03
   1.6677013e-02
   4.8014797e-02
   1.9853186e-02
   1.1412910e-02
   1.2983288e-02
   3.8627561e-02
   1.6638262e-02
   1.5798366e-02
   1.3964957e-02
   3.7780214e-02
   1.6291751e-02
   1.2463907e-02
   1.6307419e-02
   5.7907563e-02
   1.4104784e-02
   7.0437496e-03
   1.6012695e-02
   5.5011466e-02
   2.0440679e-02
   1.1428385e-02
   1.7199270e-02
   3.5336185e-02
   1.6125919e-02
   1.1731635e-02
   1.9921001e-02
   4.0951163e-02
   2.1828910e-02
   2.0123476e-02
   2.1682309e-02
   6.4267769e-02
   1.5476926e-02
   9.3723489e-03
   1.4598443e-02
   5.7122819e-02
   2.0797528e-02
   1.1883402e-02
   1.7231325e-02
   3.4915440e-02
   1.6233470e-02
   1.0223106e-02
   1.7971894e-02
   4.1899629e-02
   1.6107442e-02
   1.0678496e-02
   1.7946918e-02
   5.8754914e-02
   1.4703576e-02
   9.8658539e-03
   1.2072343e-02
   4.8182636e-02
   2.1062683e-02
   1.1817178e-02
   1.3341332e-02
   3.3115987e-02
   1.5607690e-02
   1.1201789e-02
   1.5326566e-02
   4.5455500e-02
   1.3355687e-02
   6.4742253e-03
   1.6873397e-02
   5.2758295e-02
   1.8797822e-02
   1.2034562e-02
   1.1594214e-02
   4.1987795e-02
   2.4624482e-02
   1.1493417e-02
   1.2307617e-02
   3.1530570e-02
   1.5602127e-02
   3.4451436e-02
   3.3561964e-02
   4.2093564e-02
   1.3337650e-02
   8.9290421e-03
   2.3068137e-02
   5.1276229e-02
   1.6897552e-02
   1.5357201e-02
   1.8340861e-02
   3.8201559e-02
   2.2823296e-02
   1.2534953e-02
   1.3574908e-02
   3.1725831e-02
   1.1276897e-02
   5.5621002e-02
   4.2907629e-02
   4.4051934e-02
   1.0169851e-02
   1.7039452e-02
   4.8235521e-02
   4.2428978e-02
   1.0100458e-02
   2.8341344e-02
   4.3102432e-02
   3.1474728e-02
   1.3300061e-02
   1.4852813e-02
   1.7080160e-02
   2.7296131e-02
   2.1232614e-02
   2.7512277e-02
   2.0258088e-02
   3.1717222e-02
   1.0306349e-02
   1.3217784e-02
   2.7378272e-02
   3.6138356e-02
   9.4838515e-03
   1.4711812e-02
   2.5119787e-02
   3.2526854e-02
   1.2599288e-02
   1.0858410e-02
   1.2150375e-02
   2.8832512e-02
   2.5570270e-02
   1.6586034e-02
   1.0025673e-02
   2.4878280e-02
   1.0084203e-02
   1.0173711e-02
   1.5514151e-02
   3.4553878e-02
   9.4917975e-03
   6.4343186e-03
   1.8575206e-02
   3.7608784e-02
   1.2735430e-02
   8.1384452e-03
   1.0413559e-02
   3.6377110e-02
   1.2404369e-02
   1.8261585e-02
   1.2291350e-02
   2.6464269e-02
   1.4065551e-02
   1.4188858e-02
   1.8076511e-02
   3.8064618e-02
   1.0655768e-02
   7.0521538e-03
   1.7290594e-02
   4.2296968e-02
   1.3296417e-02
   8.3931936e-03
   1.6998658e-02
   2.8334303e-02
   1.0438005e-02
   1.3549019e-02
   2.1209765e-02
   2.9755382e-02
   2.2408875e-02
   2.4381388e-02
   2.6561834e-02
   4.4582866e-02
   1.2477860e-02
   1.0205959e-02
   1.5872421e-02
   4.4167109e-02
   1.3492775e-02
   8.9259697e-03
   1.6524784e-02
   2.4760928e-02
   1.0300691e-02
   1.0621551e-02
   1.9271325e-02
   3.1625994e-02
   1.3331003e-02
   1.2204836e-02
   2.1116819e-02
   3.9189987e-02
   1.1469520e-02
   1.1381462e-02
   1.1522676e-02
   3.6264472e-02
   1.4368495e-02
   8.7680826e-03
   1.0323908e-02
   2.2636637e-02
   1.0437577e-02
   9.8535819e-03
   1.2554199e-02
   4.1069992e-02
   9.7153895e-03
   6.7551420e-03
   1.9251384e-02
   3.5841100e-02
   1.9035494e-02
   1.5284855e-02
   1.0671928e-02
   3.1873494e-02
   2.0399807e-02
   8.6119547e-03
   9.3215406e-03
   2.2590639e-02
   1.0402028e-02
   2.6683480e-02
   2.2446383e-02
   3.8391594e-02
   9.8767914e-03
   1.0400647e-02
   2.8191218e-02
   3.6398448e-02
   1.6579730e-02
   1.9466994e-02
   2.0735033e-02
   2.9867763e-02
   1.7812097e-02
   1.0265001e-02
   1.1378842e-02
   2.3949750e-02
