   4.2858683e-02
   2.8035970e-02
   1.7553139e-02
   1.4667088e-02
   3.6724802e-02
   2.5097420e-02
   4.3923832e-02
   1.5622975e-02
   3.5115253e-02
   3.3449382e-02
   5.3011782e-02
   1.6520388e-02
   3.1083584e-02
   3.9893266e-02
   4.2246446e-02
   1.6503531e-02
   3.9501917e-02
   2.5460893e-02
   1.5445722e-02
   1.5013760e-02
   3.5602868e-02
   2.4525534e-02
   3.3412118e-02
   1.5713563e-02
   3.2781743e-02
   2.9917618e-02
   4.0005367e-02
   1.7861675e-02
   3.4058060e-02
   3.5942312e-02
   3.1415198e-02
   1.8011844e-02
   5.2734703e-02
   2.7247911e-02
   1.5911836e-02
   2.0777028e-02
   5.8613956e-02
   2.7350219e-02
   2.9791174e-02
   1.8347649e-02
   7.0338823e-02
   3.4900911e-02
   3.5108361e-02
   2.1443136e-02
   7.9339713e-02
   5.1497236e-02
   2.5109949e-02
   2.1011008e-02
   1.6832061e-01
   5.1047336e-02
   2.1276277e-02
   2.2621861e-02
   1.5566860e-01
   6.9034897e-02
   4.2503744e-02
   2.1736059e-02
   1.4500679e-01
   9.3850553e-02
   4.7677618e-02
   2.4091169e-02
   1.1076148e-01
   1.3523649e-01
   3.4525383e-02
   3.2332148e-02
   1.2701836e-01
   5.5381246e-02
   3.7010673e-02
   2.1139696e-02
   9.8065302e-02
   6.9027886e-02
   6.1757267e-02
   2.0198209e-02
   7.1453191e-02
   8.1050850e-02
   5.8280136e-02
   2.0117147e-02
   5.1335264e-02
   1.0260390e-01
   4.4996023e-02
   2.8936341e-02
   4.1887563e-02
   3.2195285e-02
   2.7174478e-02
   1.9118194e-02
   3.4265123e-02
   3.2546774e-02
   4.4889972e-02
   1.9508127e-02
   3.2198180e-02
   3.8752474e-02
   4.3668631e-02
   1.8735489e-02
   3.6005396e-02
   4.6446949e-02
   3.1432033e-02
   1.8626630e-02
   4.5559816e-02
   2.8782463e-02
   1.5633168e-02
   1.4175843e-02
   3.5155475e-02
   2.9413674e-02
   2.7261697e-02
   1.7121503e-02
   3.0483998e-02
   3.5140164e-02
   3.4292605e-02
   1.7909365e-02
   3.1735204e-02
   3.9015438e-02
   2.4189167e-02
   1.7005961e-02
   4.2914517e-02
   2.6792666e-02
   1.5348338e-02
   1.3684698e-02
   3.6257003e-02
   2.5430053e-02
   3.2321472e-02
   1.6514814e-02
   3.3866916e-02
   3.1572126e-02
   4.1010357e-02
   1.6607841e-02
   3.0511005e-02
   3.6941148e-02
   2.9464267e-02
   1.6064715e-02
   2.5676744e-02
   2.8234100e-02
   1.8362697e-02
   1.0873092e-02
   3.2901689e-02
   2.2481680e-02
   4.6321988e-02
   1.1026656e-02
   3.5725426e-02
   3.4415167e-02
   5.6464754e-02
   1.5400952e-02
   3.3285908e-02
   3.8358182e-02
   4.0150836e-02
   9.9309226e-03
   2.9473498e-02
   2.3887513e-02
   1.4316973e-02
   1.1188908e-02
   3.7951343e-02
   2.2668498e-02
   3.3360984e-02
   1.0593615e-02
   3.9116699e-02
   3.3087425e-02
   3.9378475e-02
   1.5562210e-02
   4.5154128e-02
   3.8378835e-02
   3.1980641e-02
   1.0689012e-02
   7.1383864e-02
   2.5365751e-02
   1.4363699e-02
   1.9334747e-02
   9.5207565e-02
   2.5006099e-02
   3.2013081e-02
   1.4556214e-02
   1.1827873e-01
   3.5603855e-02
   3.7115581e-02
   1.7040996e-02
   1.3163365e-01
   5.2830577e-02
   2.8417053e-02
   1.7026657e-02
   2.3058237e-01
   4.5970365e-02
   2.0479476e-02
   2.2550484e-02
   2.4272944e-01
   4.9004186e-02
   5.2027691e-02
   1.6511399e-02
   2.4159625e-01
   7.2450496e-02
   5.8765769e-02
   1.7953100e-02
   1.8543987e-01
   1.1238430e-01
   3.7283011e-02
   3.0616852e-02
   1.6612142e-01
   5.1958829e-02
   4.5600750e-02
   2.2827053e-02
   1.4785802e-01
   5.0977219e-02
   7.0602611e-02
   1.5003214e-02
   1.1014876e-01
   6.7982435e-02
   7.5962827e-02
   1.6445689e-02
   7.9792641e-02
   8.8076465e-02
   4.7405533e-02
   2.9149475e-02
   4.0609527e-02
   2.9387753e-02
   3.0188898e-02
   2.0759437e-02
   4.0922310e-02
   2.9205065e-02
   5.7554320e-02
   1.3836023e-02
   3.9771717e-02
   4.4924852e-02
   5.2306879e-02
   1.5159625e-02
   4.5290686e-02
   4.6983492e-02
   3.2113031e-02
   1.3314788e-02
   2.5205484e-02
   2.2464154e-02
   1.4678838e-02
   1.1054514e-02
   2.7826238e-02
   2.3579115e-02
   3.1634286e-02
   1.1881805e-02
   3.2978427e-02
   3.6000755e-02
   3.3130735e-02
   1.6273515e-02
   3.8290508e-02
   4.1326527e-02
   2.3864193e-02
   1.0438582e-02
   2.4223542e-02
   2.5550049e-02
   1.5252565e-02
   1.0045780e-02
   2.9663308e-02
   2.3021892e-02
   3.4989133e-02
   1.1317015e-02
   3.2563545e-02
   3.0940006e-02
   4.3792278e-02
   1.6581997e-02
   3.3053819e-02
   3.7213098e-02
   3.1936888e-02
   9.7740395e-03
   3.2548644e-02
   2.8964752e-02
   2.4132136e-02
   1.1160046e-02
   4.6598163e-02
   2.9618226e-02
   5.7769001e-02
   8.7893736e-03
   5.0143793e-02
   4.4606671e-02
   7.1787797e-02
   1.4524668e-02
   5.5423889e-02
   3.8709544e-02
   5.0148338e-02
   9.5716892e-03
   3.3934642e-02
   2.5081081e-02
   1.6829167e-02
   1.2535495e-02
   5.6212183e-02
   2.3149973e-02
   3.7111104e-02
   8.8241734e-03
   6.1386000e-02
   4.0515576e-02
   4.7968172e-02
   1.2353988e-02
   7.6547965e-02
   4.0014084e-02
   3.9785091e-02
   8.6181359e-03
   6.8000473e-02
   2.6198596e-02
   1.3031199e-02
   3.1757340e-02
   1.1110026e-01
   2.5881769e-02
   3.5695642e-02
   1.4793399e-02
   1.5611728e-01
   3.6750440e-02
   4.5404635e-02
   1.2957991e-02
   2.0741276e-01
   3.4484770e-02
   3.0800130e-02
   1.3081923e-02
   1.6905260e-01
   5.9098605e-02
   2.5651490e-02
   4.0556569e-02
   2.2209816e-01
   6.1309103e-02
   5.6540217e-02
   1.8641438e-02
   2.7302796e-01
   6.5632626e-02
   8.0835983e-02
   1.2916396e-02
   2.6906124e-01
   5.8037516e-02
   4.8475888e-02
   3.2035016e-02
   1.0270749e-01
   7.2056718e-02
   6.4648487e-02
   3.8593344e-02
   1.1697578e-01
   6.7060202e-02
   9.0594530e-02
   1.7697407e-02
   1.0687412e-01
   6.8369977e-02
   1.0143621e-01
   1.2207672e-02
   1.0148800e-01
   7.7458367e-02
   6.9218218e-02
   3.6223508e-02
   5.0503481e-02
   2.9986477e-02
   4.4101290e-02
   3.3060182e-02
   6.2028211e-02
   3.5666343e-02
   8.7550595e-02
   1.1732779e-02
   5.6090839e-02
   5.2942749e-02
   6.6358313e-02
   1.2242385e-02
   7.0042998e-02
   4.6067994e-02
   3.9571058e-02
   1.3783799e-02
   3.0951086e-02
   2.1800861e-02
   1.4104976e-02
   1.3412911e-02
   4.0628433e-02
   2.4013996e-02
   4.6984285e-02
   1.0049737e-02
   4.5953304e-02
   4.3130156e-02
   3.8930882e-02
   1.2824017e-02
   6.3897997e-02
   4.1812982e-02
   2.8020961e-02
   8.4931040e-03
   3.0007944e-02
   2.4655228e-02
   1.7123122e-02
   9.2519047e-03
   4.6992961e-02
   3.0400591e-02
   4.9543303e-02
   9.5069679e-03
   4.6730574e-02
   3.9110716e-02
   5.9554342e-02
   1.6242683e-02
   4.9685866e-02
   3.8278874e-02
   3.9083671e-02
   7.5951885e-03
   2.8674252e-02
   2.1315729e-02
   3.1227792e-02
   1.6840903e-02
   6.1619014e-02
   3.5601590e-02
   6.6761196e-02
   1.1413495e-02
   6.4690948e-02
   5.0277553e-02
   7.0115149e-02
   8.5382760e-03
   6.4967752e-02
   3.7178017e-02
   6.6411823e-02
   6.5603796e-03
   2.8677057e-02
   2.2709250e-02
   2.2059616e-02
   2.0011168e-02
   6.3468888e-02
   2.8122196e-02
   4.4207036e-02
   1.2696848e-02
   6.6106185e-02
   4.9369317e-02
   6.0006302e-02
   1.0625563e-02
   8.5867211e-02
   4.4530399e-02
   4.4064373e-02
   6.4312960e-03
   4.0440354e-02
   2.1362331e-02
   1.7879568e-02
   5.5545770e-02
   7.3673323e-02
   3.0658664e-02
   4.5627140e-02
   2.4693765e-02
   1.1218052e-01
   5.2484855e-02
   6.2994234e-02
   9.0537583e-03
   1.6604356e-01
   3.2638926e-02
   4.0609125e-02
   1.0820305e-02
   4.3763924e-02
   7.8267038e-02
   3.5934485e-02
   7.6435789e-02
   6.7968398e-02
   8.6722016e-02
   7.5393960e-02
   3.2505147e-02
   1.2041056e-01
   7.9837568e-02
   1.1824980e-01
   1.7220942e-02
   1.6882735e-01
   7.0272759e-02
   6.9102503e-02
   4.3259602e-02
   3.6909949e-02
   1.0343723e-01
   9.9991202e-02
   6.7553326e-02
   4.1257758e-02
   9.7563773e-02
   1.3359019e-01
   3.5972234e-02
   5.1824179e-02
   9.3871765e-02
   1.4258540e-01
   1.9762285e-02
   7.1507752e-02
   8.8029645e-02
   8.8026479e-02
   5.3588141e-02
   4.1946504e-02
   2.8710883e-02
   6.8087906e-02
   4.3606650e-02
   6.4526103e-02
   4.4824131e-02
   1.1356168e-01
   2.5205918e-02
   6.6532373e-02
   6.5706119e-02
   7.4151069e-02
   9.6334908e-03
   8.1498973e-02
   3.9628733e-02
   5.3965189e-02
   1.6855415e-02
   3.1555932e-02
   1.8939422e-02
   2.2864234e-02
   1.8272124e-02
   4.6322864e-02
   2.8201597e-02
   7.2746001e-02
   1.3843473e-02
   5.0765425e-02
   5.0372329e-02
   4.6553962e-02
   8.1241978e-03
   8.7339975e-02
   2.7121531e-02
   5.4037374e-02
   1.0054190e-02
   2.3535263e-02
   2.0780699e-02
   2.3159584e-02
   1.3926603e-02
   5.5372816e-02
   3.8030904e-02
   7.9594977e-02
   1.2517772e-02
   7.0430130e-02
   5.0879829e-02
   7.0751131e-02
   1.0583976e-02
   6.9809340e-02
   3.2322895e-02
   5.0705202e-02
   7.5500864e-03
