   4.9018906e-03
   5.8734366e-03
   7.3041134e-03
   3.5802558e-02
   3.1356264e-03
   3.9458158e-03
   7.7107428e-03
   3.2892622e-02
   2.1955239e-02
   3.0785792e-02
   1.9730289e-02
   3.3413086e-02
   2.9896367e-02
   1.7313968e-02
   2.9299188e-02
   5.2880574e-02
   3.4536184e-03
   3.8161911e-03
   5.5917613e-03
   3.4367107e-02
   2.7633517e-03
   3.4711892e-03
   7.2560972e-03
   3.1839583e-02
   1.8236963e-02
   2.3068350e-02
   1.6522983e-02
   3.2044947e-02
   2.9098811e-02
   1.5878234e-02
   2.8382147e-02
   5.2400287e-02
   2.7620113e-03
   3.3390610e-03
   5.3778561e-03
   3.5172962e-02
   2.6073062e-03
   3.3510637e-03
   7.3418301e-03
   3.2503620e-02
   1.5335958e-02
   1.4252318e-02
   1.5092598e-02
   3.2920726e-02
   3.0201683e-02
   1.5550997e-02
   2.9231241e-02
   5.5540152e-02
   3.7157326e-03
   3.8754521e-03
   6.4941477e-03
   3.9446313e-02
   3.4068120e-03
   3.6348877e-03
   8.4752785e-03
   3.6027826e-02
   1.6320447e-02
   1.4686815e-02
   1.6334802e-02
   3.6177937e-02
   3.2756831e-02
   1.7065618e-02
   3.2710038e-02
   6.3165314e-02
   4.9625980e-03
   4.0079383e-03
   9.7398758e-03
   4.3176591e-02
   5.3282049e-03
   3.7962953e-03
   1.2467318e-02
   3.9344601e-02
   1.6078236e-02
   1.5097673e-02
   1.7732434e-02
   3.9353408e-02
   3.4899805e-02
   1.8195061e-02
   3.7149467e-02
   6.7000486e-02
   3.4297758e-03
   3.6234632e-03
   9.3307914e-03
   3.9485469e-02
   3.5902089e-03
   3.6231368e-03
   1.1749507e-02
   3.6287624e-02
   1.4824473e-02
   1.3279379e-02
   1.6797625e-02
   4.0562212e-02
   3.2169569e-02
   1.6983677e-02
   3.3725530e-02
   6.0728546e-02
   2.6502437e-03
   3.1730961e-03
   5.8097560e-03
   3.5298176e-02
   2.5473007e-03
   3.3434913e-03
   7.8549171e-03
   3.2583013e-02
   1.4135045e-02
   1.3973524e-02
   1.5123562e-02
   3.5140239e-02
   2.9116726e-02
   1.5568741e-02
   2.8878031e-02
   5.4335061e-02
   2.9321916e-03
   3.5822124e-03
   5.7881279e-03
   3.4368422e-02
   2.6743344e-03
   3.3720487e-03
   7.2986702e-03
   3.1966686e-02
   1.7194610e-02
   2.1431917e-02
   1.6401758e-02
   3.2018233e-02
   2.8756568e-02
   1.5733941e-02
   2.8266968e-02
   5.1786739e-02
   4.7825119e-03
   5.8686770e-03
   7.1357805e-03
   3.2108720e-02
   2.9373523e-03
   3.7104720e-03
   7.7645136e-03
   2.9617101e-02
   2.8610464e-02
   4.2730302e-02
   2.2672996e-02
   3.5494573e-02
   2.7425677e-02
   1.6593006e-02
   2.8167650e-02
   5.1542342e-02
   3.3843867e-03
   3.9170552e-03
   5.5357451e-03
   3.1409469e-02
   2.7099976e-03
   3.4045635e-03
   7.3059495e-03
   2.9438108e-02
   2.4917435e-02
   3.4210727e-02
   1.7859535e-02
   3.3150077e-02
   2.7335515e-02
   1.5158646e-02
   2.7855380e-02
   5.2350715e-02
   2.7760041e-03
   3.6973797e-03
   5.5166446e-03
   3.2088812e-02
   2.6696771e-03
   3.4716714e-03
   7.5040041e-03
   3.0038889e-02
   1.7238446e-02
   1.7592397e-02
   1.5735731e-02
   3.3462662e-02
   2.9126838e-02
   1.4831101e-02
   2.8414311e-02
   5.5903256e-02
   3.7324561e-03
   4.4834758e-03
   6.7025409e-03
   3.4836825e-02
   3.5007044e-03
   3.8186880e-03
   8.8263890e-03
   3.2353003e-02
   1.8531259e-02
   1.8158557e-02
   1.6893873e-02
   3.6079340e-02
   2.9204035e-02
   1.5901038e-02
   3.1269915e-02
   6.1897151e-02
   4.9692634e-03
   4.5742975e-03
   1.1125867e-02
   3.7010796e-02
   5.4516336e-03
   4.0516444e-03
   1.4137946e-02
   3.4470651e-02
   1.6672039e-02
   1.8836845e-02
   1.8522644e-02
   3.9316863e-02
   2.9508676e-02
   1.6607838e-02
   3.5913765e-02
   6.2769465e-02
   3.3791338e-03
   3.9635366e-03
   1.0712328e-02
   3.5439935e-02
   3.6230532e-03
   3.8158169e-03
   1.3425257e-02
   3.2914713e-02
   1.5470346e-02
   1.5601931e-02
   1.7633509e-02
   4.7397312e-02
   2.8289177e-02
   1.5906515e-02
   3.3445701e-02
   5.8295045e-02
   2.6062510e-03
   3.3662352e-03
   5.9845466e-03
   3.2633703e-02
   2.5337432e-03
   3.4637365e-03
   8.4152129e-03
   3.0680066e-02
   1.5988406e-02
   1.7303383e-02
   1.5613156e-02
   3.9133184e-02
   2.6744068e-02
   1.4950026e-02
   2.8469624e-02
   5.5214081e-02
   2.8096756e-03
   3.6021888e-03
   5.6868214e-03
   3.1578679e-02
   2.5514914e-03
   3.3090643e-03
   7.5521064e-03
   2.9390940e-02
   2.2705048e-02
   3.1519849e-02
   1.7458446e-02
   3.3550639e-02
   2.7005490e-02
   1.5094597e-02
   2.7521307e-02
   5.1393062e-02
   4.6634814e-03
   5.9154015e-03
   6.6969320e-03
   2.4502400e-02
   2.7720458e-03
   3.6207472e-03
   7.8565488e-03
   2.3444733e-02
   3.0462347e-02
   4.6930451e-02
   2.5871484e-02
   3.4090750e-02
   2.0080332e-02
   1.4285450e-02
   2.4554484e-02
   4.2833481e-02
   3.2296695e-03
   4.0750317e-03
   5.1016374e-03
   2.4216192e-02
   2.5524544e-03
   3.3093195e-03
   7.1323304e-03
   2.3640947e-02
   2.2597438e-02
   3.1169765e-02
   1.8210977e-02
   2.9227549e-02
   2.1082966e-02
   1.2801885e-02
   2.3904229e-02
   4.4070952e-02
   2.5149162e-03
   4.0634759e-03
   5.0313282e-03
   2.5203509e-02
   2.5739819e-03
   3.4617824e-03
   7.2252611e-03
   2.4478544e-02
   1.6740652e-02
   1.5947068e-02
   1.4630798e-02
   2.8918790e-02
   2.4819123e-02
   1.2251896e-02
   2.4284629e-02
   4.6136174e-02
   3.4818796e-03
   5.2844826e-03
   6.1959038e-03
   2.6890676e-02
   3.3894640e-03
   3.7242412e-03
   8.8630244e-03
   2.6189929e-02
   2.1043083e-02
   2.1909904e-02
   1.5464658e-02
   3.0367218e-02
   2.2682745e-02
   1.2698059e-02
   2.6595859e-02
   5.0839610e-02
   4.7393730e-03
   5.1117106e-03
   1.1909975e-02
   2.8481636e-02
   5.3785555e-03
   3.8445329e-03
   1.5886612e-02
   2.7759559e-02
   1.5756270e-02
   2.3351856e-02
   1.7259050e-02
   3.6481742e-02
   2.1427613e-02
   1.2964693e-02
   3.1872042e-02
   5.0482780e-02
   3.1137278e-03
   4.2341510e-03
   1.1573222e-02
   2.8159078e-02
   3.4876915e-03
   3.7619325e-03
   1.5113010e-02
   2.6796747e-02
   1.3543962e-02
   1.6044570e-02
   1.6251732e-02
   5.8642223e-02
   2.0973267e-02
   1.2627484e-02
   2.9650634e-02
   4.9238514e-02
   2.3437710e-03
   3.4144090e-03
   5.6795147e-03
   2.5615972e-02
   2.3928438e-03
   3.5182254e-03
   8.6964797e-03
   2.4926195e-02
   1.5075056e-02
   1.6153969e-02
   1.4376407e-02
   4.2942561e-02
   2.0406505e-02
   1.2129290e-02
   2.5000440e-02
   4.9284633e-02
   2.5495270e-03
   3.5091080e-03
   5.2682641e-03
   2.4408875e-02
   2.4116095e-03
   3.3162800e-03
   7.5972341e-03
   2.3484590e-02
   2.6041077e-02
   3.3517793e-02
   1.7929308e-02
   3.0701535e-02
   2.0252710e-02
   1.2489663e-02
   2.4305414e-02
   4.2746648e-02
   4.5574442e-03
   5.9800334e-03
   6.0098888e-03
   1.6472148e-02
   2.4492752e-03
   3.2035024e-03
   7.7234567e-03
   1.6438589e-02
   2.6345471e-02
   4.0849291e-02
   2.9678388e-02
   2.9507678e-02
   1.3801196e-02
   1.1711834e-02
   1.9198291e-02
   3.1474970e-02
   2.9937387e-03
   3.9601349e-03
   4.2285551e-03
   1.6264101e-02
   2.2183636e-03
   2.8691171e-03
   6.5940181e-03
   1.5958881e-02
   1.6521355e-02
   2.1655660e-02
   1.7899677e-02
   2.3682851e-02
   1.5632808e-02
   9.8291617e-03
   1.7503591e-02
   3.1070534e-02
   2.0654269e-03
   3.9513446e-03
   4.0408499e-03
   1.6760066e-02
   2.1974416e-03
   2.8155197e-03
   6.3828393e-03
   1.6483117e-02
   1.7165547e-02
   1.2591970e-02
   1.1116596e-02
   2.1489870e-02
   2.0727092e-02
   8.7499293e-03
   1.7287567e-02
   3.3102617e-02
   3.1397850e-03
   5.8263340e-03
   5.6750257e-03
   1.7655663e-02
   3.0804900e-03
   3.1249316e-03
   8.8463845e-03
   1.7860496e-02
   2.6041830e-02
   2.2713654e-02
   1.1773791e-02
   2.2212330e-02
   1.6653080e-02
   8.7364800e-03
   1.9917877e-02
   3.9212022e-02
   4.4691437e-03
   5.3824740e-03
   1.4499625e-02
   1.9653797e-02
   5.3083911e-03
   3.1353123e-03
   1.9408852e-02
   1.9185234e-02
   1.4561226e-02
   2.4751594e-02
   1.4523436e-02
   3.5812363e-02
   1.3666493e-02
   9.1508012e-03
   2.8069157e-02
   3.8925011e-02
   2.6408869e-03
   3.9357045e-03
   1.3927961e-02
   1.8516101e-02
   3.1619044e-03
   2.9865631e-03
   1.8286353e-02
   1.8236866e-02
   1.0083532e-02
   1.4426610e-02
   1.3556905e-02
   7.3990323e-02
   1.3610386e-02
   9.0201106e-03
   2.4375929e-02
   4.0132027e-02
   1.8334455e-03
   3.0828905e-03
   5.0231875e-03
   1.6799044e-02
   1.9623921e-03
   2.7013766e-03
   8.7360945e-03
   1.7154504e-02
   1.0160545e-02
   1.2402444e-02
   1.1491585e-02
   5.0500479e-02
   1.3273907e-02
   8.4093902e-03
   1.7449595e-02
   4.2940255e-02
   2.2497140e-03
   3.2367795e-03
   4.4611474e-03
   1.6351586e-02
   2.0711708e-03
   2.6780418e-03
   7.3039234e-03
   1.6950298e-02
   1.5653195e-02
   2.1628395e-02
   1.7080773e-02
   2.5299054e-02
   1.3356104e-02
   9.2327381e-03
   1.7774176e-02
   3.1673662e-02
