   3.1669151e-02
   1.2261045e-01
   9.7245060e-02
   9.3624573e-03
   6.0304675e-02
   1.3825363e-01
   9.2530698e-02
   1.0819829e-02
   8.5855074e-02
   8.8810101e-02
   5.9333649e-02
   2.0725274e-02
   3.9587770e-02
   3.2344654e-02
   2.8584922e-02
   2.1165902e-02
   5.8842622e-02
   5.6808688e-02
   4.2305674e-02
   6.2086224e-03
   9.0229981e-02
   6.8869181e-02
   4.3202005e-02
   8.1250779e-03
   4.5449067e-02
   4.8935007e-02
   3.4129523e-02
   2.4797959e-02
   3.6034252e-02
   2.6711019e-02
   2.6191646e-02
   2.3136707e-02
   1.1329185e-01
   2.5577204e-02
   1.2742343e-02
   4.5195911e-03
   5.6028835e-02
   2.2699920e-02
   1.4224055e-02
   7.6293182e-03
   3.6500555e-02
   2.5314244e-02
   1.6214682e-02
   1.4191847e-02
   3.4591492e-02
   2.4276044e-02
   2.4499260e-02
   2.3912780e-02
   7.3801987e-02
   2.9562486e-02
   1.4998506e-02
   5.2713309e-03
   3.8692225e-02
   1.8809499e-02
   1.6308896e-02
   8.9464206e-03
   3.9869998e-02
   3.3129048e-02
   2.6588308e-02
   1.5312784e-02
   3.5152238e-02
   3.0960299e-02
   3.6127307e-02
   2.2250175e-02
   4.2970981e-02
   2.1838643e-02
   2.9123234e-02
   7.8885192e-03
   4.4780310e-02
   2.0948101e-02
   2.7491782e-02
   1.1357867e-02
   5.0612297e-02
   4.6092574e-02
   4.0950265e-02
   1.6603593e-02
   4.0501364e-02
   4.8255786e-02
   5.5258822e-02
   2.2878267e-02
   3.1626713e-02
   1.3780938e-02
   2.3257544e-02
   6.5960363e-03
   3.8648505e-02
   1.5749296e-02
   1.8441021e-02
   9.1807991e-03
   4.4024073e-02
   3.5751183e-02
   2.3827229e-02
   1.4769691e-02
   5.7231463e-02
   7.5299241e-02
   3.3172790e-02
   2.3494720e-02
   2.7958106e-02
   1.3290511e-02
   1.3435638e-02
   5.8492450e-03
   3.5641838e-02
   1.4871734e-02
   1.3456586e-02
   8.0822678e-03
   4.5070205e-02
   3.9212283e-02
   1.5846077e-02
   1.3576058e-02
   1.0049678e-01
   7.4927889e-02
   2.2651069e-02
   2.1905392e-02
   2.8620396e-02
   4.9114592e-02
   4.1164335e-02
   6.2299217e-03
   3.8039342e-02
   5.5744335e-02
   3.9262716e-02
   8.8390978e-03
   8.3934210e-02
   6.5219000e-02
   2.9255835e-02
   1.3724424e-02
   7.1146764e-02
   3.8155098e-02
   2.3691226e-02
   2.1439277e-02
   3.5894427e-02
   1.4901799e-01
   1.1547610e-01
   1.2158952e-02
   9.1125250e-02
   2.0222278e-01
   1.3359895e-01
   1.3398331e-02
   1.3144483e-01
   1.1976258e-01
   8.2312942e-02
   2.1103129e-02
   4.9445204e-02
   3.6578324e-02
   2.5497144e-02
   1.4132821e-02
   8.8057078e-02
   7.5837381e-02
   5.4545783e-02
   6.2217643e-03
   1.5041083e-01
   1.0385165e-01
   6.7227818e-02
   7.2851325e-03
   5.4601397e-02
   7.1325898e-02
   4.9029157e-02
   2.5778536e-02
   3.9132539e-02
   2.7694499e-02
   2.3893200e-02
   1.5462208e-02
   1.8810621e-01
   3.3505313e-02
   1.7108055e-02
   3.5999815e-03
   8.5647129e-02
   2.8356342e-02
   2.3681935e-02
   4.9318075e-03
   4.1100197e-02
   3.4007575e-02
   2.1084383e-02
   1.0932728e-02
   3.7767984e-02
   2.8677903e-02
   2.2852393e-02
   1.5514253e-02
   1.1572736e-01
   3.7833530e-02
   2.0088669e-02
   4.7955541e-03
   4.6415795e-02
   2.2357641e-02
   2.2757314e-02
   6.3108611e-03
   4.4140004e-02
   4.5952354e-02
   3.3021569e-02
   8.0642691e-03
   3.7098829e-02
   3.8083013e-02
   3.8315270e-02
   1.4300542e-02
   5.2701022e-02
   2.9100532e-02
   4.4087168e-02
   8.3403764e-03
   4.8483837e-02
   2.9712550e-02
   4.5950636e-02
   9.5059145e-03
   5.5296052e-02
   6.3057899e-02
   5.4785457e-02
   1.0434265e-02
   4.6214178e-02
   6.5561444e-02
   6.1183911e-02
   1.5536642e-02
   3.6689471e-02
   1.6486173e-02
   2.9710073e-02
   5.8990312e-03
   3.9831087e-02
   1.9270668e-02
   2.2653850e-02
   6.7085084e-03
   5.1134840e-02
   4.6648100e-02
   2.7455775e-02
   7.9898098e-03
   8.9087896e-02
   9.6526757e-02
   3.4365516e-02
   1.4355376e-02
   3.3337280e-02
   1.4818709e-02
   1.5723674e-02
   5.5004712e-03
   3.5809387e-02
   1.9215832e-02
   1.4783395e-02
   5.6506325e-03
   6.4891227e-02
   5.6409441e-02
   1.8356444e-02
   6.8731080e-03
   1.7204539e-01
   1.0970988e-01
   2.2993114e-02
   1.3931837e-02
   3.4212645e-02
   5.8191374e-02
   4.7259338e-02
   6.8761110e-03
   3.9010461e-02
   7.9512507e-02
   5.3809047e-02
   7.6362849e-03
   1.3121437e-01
   9.4992623e-02
   3.8738098e-02
   7.9997033e-03
   1.1617915e-01
   5.1577795e-02
   2.0770416e-02
   1.4413478e-02
   5.7214037e-02
   2.8914523e-01
   2.1925029e-01
   2.1177569e-02
   1.4803012e-01
   3.8178408e-01
   2.6644486e-01
   2.2947187e-02
   1.9649664e-01
   1.6784315e-01
   1.2743424e-01
   3.4805004e-02
   8.5538141e-02
   4.0624954e-02
   2.6885850e-02
   9.5353089e-03
   1.3371001e-01
   1.4094470e-01
   1.0338506e-01
   9.4711380e-03
   2.3085289e-01
   1.8215331e-01
   1.2726665e-01
   9.8239295e-03
   8.6741216e-02
   9.7636975e-02
   8.0229297e-02
   3.9978601e-02
   6.3168406e-02
   3.2946140e-02
   2.5347801e-02
   8.8535836e-03
   2.5733745e-01
   3.5244454e-02
   2.2914771e-02
   3.5637280e-03
   1.3328734e-01
   3.7035041e-02
   2.7388321e-02
   3.1652520e-03
   6.5396145e-02
   4.5801640e-02
   3.1977978e-02
   1.2456223e-02
   6.2027086e-02
   4.0859073e-02
   2.7572829e-02
   9.4292462e-03
   1.5462464e-01
   3.6798712e-02
   2.6233949e-02
   5.1243789e-03
   7.5740531e-02
   2.7934609e-02
   2.6499987e-02
   6.6110422e-03
   6.6139974e-02
   5.4818574e-02
   4.4215374e-02
   6.3544693e-03
   6.0594674e-02
   4.7818519e-02
   4.9691860e-02
   8.8947602e-03
   7.6828286e-02
   3.5995480e-02
   6.1513919e-02
   1.0213134e-02
   6.4958595e-02
   4.2150613e-02
   6.4306237e-02
   1.1184107e-02
   6.6712968e-02
   8.4843472e-02
   7.6964036e-02
   9.6087242e-03
   5.9891161e-02
   8.7590240e-02
   8.3235197e-02
   1.1194485e-02
   6.0804252e-02
   2.2348374e-02
   3.6003046e-02
   5.9708813e-03
   6.2973686e-02
   2.5173755e-02
   2.8397335e-02
   5.9733321e-03
   7.8213543e-02
   5.4069862e-02
   3.9943494e-02
   6.3180993e-03
   1.2984996e-01
   6.6190474e-02
   3.6582351e-02
   9.1098361e-03
   5.5118337e-02
   2.0825362e-02
   1.4902004e-02
   4.8341975e-03
   6.0639516e-02
   2.7605485e-02
   1.2644134e-02
   4.3192203e-03
   1.0628002e-01
   6.0824361e-02
   2.2866173e-02
   4.8038675e-03
   2.8807724e-01
   6.5341450e-02
   2.3379158e-02
   8.3475793e-03
   5.5565476e-02
   1.0717481e-01
   8.5961498e-02
   1.0200485e-02
   6.8979368e-02
   1.4656167e-01
   9.5759660e-02
   9.5508071e-03
   2.0808712e-01
   1.2011530e-01
   5.2692186e-02
   8.2874959e-03
   2.0267901e-01
   4.4575501e-02
   2.2920636e-02
   9.7840615e-03
   8.6957827e-02
   1.0363312e-01
   7.3707633e-02
   2.0388110e-02
   1.5699738e-01
   4.1910615e-02
   2.4786642e-02
   4.5507164e-03
   1.9869535e-01
   6.3609742e-02
   6.7144200e-02
   5.2168697e-02
   1.0864665e-01
   2.3329202e-02
   3.4243610e-02
   8.1757056e-03
   1.3270782e-01
   5.3762544e-02
   3.6321044e-02
   1.0184959e-02
   2.1888265e-01
   3.4869418e-02
   1.5465018e-02
   3.2389653e-03
   9.6059971e-02
   5.0218571e-02
   6.4028502e-02
   6.8336301e-02
   8.5998990e-02
   3.1559117e-02
   3.9576910e-02
   7.0213256e-03
   1.7380767e-01
   2.4843527e-02
   1.3901089e-02
   5.0111068e-03
   1.1794382e-01
   2.6711036e-02
   1.2071225e-02
   3.5244497e-03
   1.0196590e-01
   4.8996646e-02
   3.0124204e-02
   2.0013154e-02
   7.9957604e-02
   3.5348900e-02
   3.4238178e-02
   6.7865187e-03
   1.0422382e-01
   3.0569185e-02
   3.4901522e-02
   6.7090448e-03
   7.4809790e-02
   1.9919638e-02
   3.5184324e-02
   1.1146900e-02
   7.0505410e-02
   7.4055314e-02
   6.1743081e-02
   8.6774724e-03
   7.1296111e-02
   4.7695171e-02
   6.0650762e-02
   7.3877429e-03
   8.9157417e-02
   3.0652549e-02
   7.9809636e-02
   1.3774478e-02
   9.9487066e-02
   3.5936255e-02
   8.5091874e-02
   1.8419683e-02
   9.5806636e-02
   1.2136951e-01
   1.1553621e-01
   1.7181782e-02
   7.8763507e-02
   1.2402534e-01
   1.0179331e-01
   1.3471646e-02
   7.6798849e-02
   1.8344713e-02
   4.1400854e-02
   7.5582904e-03
   6.6457637e-02
   2.1874683e-02
   3.6091208e-02
   8.1894854e-03
   8.0492780e-02
   6.4962432e-02
   5.1147521e-02
   9.2484131e-03
   8.4589437e-02
   6.7992859e-02
   5.0756291e-02
   8.8437218e-03
   7.2780356e-02
   2.0666897e-02
   1.2135314e-02
   5.6832405e-03
   9.0047061e-02
   2.9607782e-02
   9.5859589e-03
   2.8247146e-03
   1.0336633e-01
   4.4516381e-02
   2.5429118e-02
   6.0339286e-03
   1.7930900e-01
   4.0340569e-02
   2.4959015e-02
   5.8044116e-03
   8.6025499e-02
   5.0767448e-02
   3.5969619e-02
   1.2248872e-02
   8.5983716e-02
   4.3394156e-02
   1.9980285e-02
   3.5661419e-03
   1.9147730e-01
   6.5832138e-02
   4.0018868e-02
   8.9287655e-03
   1.7095652e-01
   3.1371444e-02
   2.1800762e-02
   6.0162582e-03
