   1.0076368e-02
   7.4593863e-03
   1.1641603e-02
   3.5307877e-02
   2.5130726e-02
   7.5580932e-02
   7.3701464e-02
   2.8151745e-02
   4.4417135e-02
   9.1262929e-02
   8.4138915e-02
   2.5390938e-02
   7.6147988e-02
   6.7433976e-02
   7.3166013e-02
   2.9879929e-02
   9.3745263e-03
   7.2786855e-03
   1.1536315e-02
   3.3891011e-02
   1.9283870e-02
   5.1182020e-02
   4.8521619e-02
   2.7076956e-02
   3.6773048e-02
   8.3367705e-02
   7.1641885e-02
   2.3414049e-02
   5.4063670e-02
   5.7599995e-02
   6.3191503e-02
   2.8792152e-02
   8.4267771e-03
   6.7925104e-03
   1.2053670e-02
   3.3332437e-02
   1.5294170e-02
   3.7934318e-02
   3.8020682e-02
   2.7140029e-02
   3.0023836e-02
   7.5502932e-02
   6.2666133e-02
   2.4272446e-02
   4.1264504e-02
   5.3620294e-02
   5.7002932e-02
   3.0158525e-02
   8.7743215e-03
   6.8371305e-03
   2.0625154e-02
   3.4158848e-02
   1.4378838e-02
   3.8021661e-02
   6.0069356e-02
   3.7675153e-02
   2.8836206e-02
   7.1204588e-02
   8.3410822e-02
   4.9512807e-02
   3.7919365e-02
   5.2096952e-02
   5.8692671e-02
   5.5745378e-02
   1.0078355e-02
   6.6197403e-03
   2.5474062e-02
   3.2943435e-02
   2.7957637e-02
   6.4165965e-02
   7.7944927e-02
   3.6396369e-02
   5.1617719e-02
   1.1903912e-01
   1.1955472e-01
   4.8702028e-02
   5.3383403e-02
   7.4127696e-02
   7.8228302e-02
   5.7010878e-02
   1.0303224e-02
   6.5321662e-03
   1.5090342e-02
   3.3105228e-02
   4.4601146e-02
   5.4375477e-02
   4.0062699e-02
   2.7894102e-02
   8.1113979e-02
   9.7036719e-02
   6.5974467e-02
   2.5936015e-02
   6.0750403e-02
   5.9552766e-02
   5.3522836e-02
   3.0233275e-02
   9.7702611e-03
   6.5445993e-03
   1.3579745e-02
   3.2530893e-02
   2.1642491e-02
   3.7060332e-02
   3.6096629e-02
   2.8473467e-02
   4.1769501e-02
   6.5102816e-02
   6.0646132e-02
   2.5799621e-02
   4.5005839e-02
   5.0316107e-02
   5.4337755e-02
   2.9686380e-02
   9.3649849e-03
   7.4050324e-03
   1.1653920e-02
   3.3551771e-02
   1.7699258e-02
   5.2287184e-02
   4.8486762e-02
   2.7591260e-02
   3.7625737e-02
   8.3749540e-02
   7.0862442e-02
   2.5237327e-02
   5.5604782e-02
   5.5424500e-02
   5.9256617e-02
   2.7840240e-02
   7.9763830e-03
   5.4241326e-03
   9.4313379e-03
   2.1380432e-02
   2.2553097e-02
   7.1122237e-02
   6.6061527e-02
   1.7609771e-02
   3.8723327e-02
   5.5936381e-02
   4.5569871e-02
   1.3685220e-02
   7.1175463e-02
   6.8386666e-02
   7.2645418e-02
   1.8194454e-02
   6.9986898e-03
   4.3574474e-03
   8.2909912e-03
   1.9529870e-02
   1.5107864e-02
   4.4376891e-02
   4.0581089e-02
   1.5273796e-02
   2.9206702e-02
   5.0248899e-02
   4.0314373e-02
   1.2075930e-02
   4.4279195e-02
   4.6227712e-02
   5.6983937e-02
   1.6852770e-02
   5.8140154e-03
   3.9560460e-03
   8.6265169e-03
   2.2257805e-02
   1.0238227e-02
   2.6160128e-02
   3.3381388e-02
   1.7543316e-02
   2.2488557e-02
   5.3161655e-02
   4.3178178e-02
   1.5796626e-02
   2.9066687e-02
   3.9486401e-02
   4.3520775e-02
   2.2265643e-02
   6.1822459e-03
   4.4288407e-03
   2.6183181e-02
   2.3368044e-02
   1.2272477e-02
   2.9627979e-02
   5.4916769e-02
   3.5510082e-02
   2.1754296e-02
   5.1953934e-02
   7.4576594e-02
   5.3417627e-02
   2.8397700e-02
   4.4804268e-02
   6.8647027e-02
   6.6606700e-02
   8.6962050e-03
   4.3142135e-03
   3.3901148e-02
   2.2635117e-02
   3.3688787e-02
   3.9353456e-02
   5.3235538e-02
   3.5005365e-02
   6.1552666e-02
   9.1448300e-02
   1.0766875e-01
   5.0376307e-02
   6.0678337e-02
   9.2735969e-02
   1.0321219e-01
   6.8817385e-02
   7.5231949e-03
   4.4988827e-03
   1.2347460e-02
   2.0486912e-02
   5.6282401e-02
   3.6681097e-02
   2.9001443e-02
   1.8221272e-02
   1.0358252e-01
   7.4834265e-02
   5.2354649e-02
   1.5109240e-02
   7.0607081e-02
   6.6445813e-02
   5.2607819e-02
   2.1233069e-02
   7.3932474e-03
   4.9076178e-03
   9.1000227e-03
   2.0736020e-02
   2.5171835e-02
   2.8407376e-02
   2.3549054e-02
   1.5265523e-02
   4.1428216e-02
   4.9092326e-02
   4.4983383e-02
   1.3461674e-02
   3.4214627e-02
   3.9175369e-02
   3.9082546e-02
   1.6062072e-02
   7.3188003e-03
   5.3561926e-03
   9.2650084e-03
   2.0275017e-02
   1.6766125e-02
   4.3760516e-02
   3.9582215e-02
   1.4413158e-02
   2.6707470e-02
   5.7891585e-02
   4.6091963e-02
   1.4369965e-02
   4.1331012e-02
   4.6342906e-02
   4.6168864e-02
   1.6620077e-02
   1.0058694e-02
   5.1685497e-03
   6.6058263e-03
   1.4467496e-02
   2.7397811e-02
   7.2235569e-02
   6.6153027e-02
   1.2745014e-02
   3.2372922e-02
   3.2361165e-02
   2.7749803e-02
   8.6896420e-03
   5.7171918e-02
   4.7599997e-02
   4.2024884e-02
   1.1698568e-02
   8.0157677e-03
   3.8907730e-03
   5.7531968e-03
   1.2392852e-02
   1.6441798e-02
   4.5421820e-02
   4.8226554e-02
   1.2561725e-02
   2.4251929e-02
   3.4285545e-02
   2.4592279e-02
   9.1258278e-03
   3.7543200e-02
   3.3366259e-02
   3.4615058e-02
   1.2005190e-02
   7.0465533e-03
   3.2655599e-03
   9.2020640e-03
   1.3243338e-02
   1.2116133e-02
   2.3892485e-02
   3.7487693e-02
   1.6962618e-02
   1.8948952e-02
   3.8535215e-02
   2.6326397e-02
   1.6722998e-02
   2.2593461e-02
   2.5877981e-02
   3.3956666e-02
   2.3033153e-02
   8.3146663e-03
   3.9094645e-03
   4.1575681e-02
   1.5093457e-02
   1.6030407e-02
   1.9014871e-02
   5.7936560e-02
   4.8172079e-02
   1.9763656e-02
   3.5949230e-02
   6.4750999e-02
   7.3933363e-02
   2.2343665e-02
   3.3753000e-02
   6.2222533e-02
   9.7931221e-02
   1.2281316e-02
   4.1099810e-03
   5.5894274e-02
   1.7324692e-02
   4.5222670e-02
   2.9788392e-02
   5.7366326e-02
   4.5520060e-02
   8.4181055e-02
   6.2020250e-02
   8.2687743e-02
   6.7287281e-02
   3.9325763e-02
   4.9291253e-02
   8.1242703e-02
   1.0267115e-01
   9.5400540e-03
   4.1808854e-03
   1.4172689e-02
   1.4810305e-02
   7.6578639e-02
   2.9994646e-02
   2.5608005e-02
   1.5090712e-02
   1.4840192e-01
   5.1023249e-02
   3.6317725e-02
   1.3908631e-02
   5.7116888e-02
   4.1707609e-02
   5.0004579e-02
   2.3050619e-02
   9.9545261e-03
   4.0359767e-03
   5.2273688e-03
   1.2464732e-02
   3.2906346e-02
   2.6272347e-02
   2.0662388e-02
   1.1359449e-02
   5.0818413e-02
   3.0995175e-02
   2.5304209e-02
   8.2674660e-03
   2.9560592e-02
   3.1088261e-02
   3.0862408e-02
   1.1363309e-02
   9.9395718e-03
   4.7620200e-03
   5.5742543e-03
   1.2278931e-02
   2.1349939e-02
   4.0200397e-02
   3.8343072e-02
   1.0634522e-02
   2.1837665e-02
   3.3084027e-02
   2.6363706e-02
   9.7064804e-03
   3.2201700e-02
   3.2746196e-02
   3.2070290e-02
   1.0087000e-02
   1.4630349e-02
   8.4735425e-03
   8.4873578e-03
   1.4390531e-02
   2.7234452e-02
   1.1178261e-01
   8.0720879e-02
   1.3602214e-02
   2.9815970e-02
   2.6869247e-02
   2.0164214e-02
   5.9935278e-03
   6.0302772e-02
   4.0243395e-02
   4.3302581e-02
   9.3548102e-03
   1.1866016e-02
   3.7999051e-03
   8.9470521e-03
   1.0655729e-02
   1.8117832e-02
   5.5510078e-02
   6.5807700e-02
   1.6723342e-02
   2.0973124e-02
   2.2895265e-02
   1.5600190e-02
   6.8483935e-03
   3.4991976e-02
   2.8540801e-02
   2.9045140e-02
   1.2947094e-02
   1.1559445e-02
   3.8797213e-03
   1.3995818e-02
   9.5342258e-03
   2.3170844e-02
   2.4441000e-02
   5.2036583e-02
   2.1387275e-02
   1.6268352e-02
   2.2950632e-02
   2.7142106e-02
   2.1959640e-02
   1.5482810e-02
   2.6637815e-02
   2.3948455e-02
   2.8877946e-02
   1.5979284e-02
   4.8819003e-03
   7.1369693e-02
   1.7756093e-02
   2.8939292e-02
   2.2060907e-02
   7.5718649e-02
   7.0506565e-02
   2.2749294e-02
   2.7302628e-02
   9.3379520e-02
   1.1945030e-01
   2.2851519e-02
   2.3248162e-02
   5.2708741e-02
   1.2464581e-01
   2.4070906e-02
   4.0115472e-03
   9.8238580e-02
   2.2306632e-02
   5.5326257e-02
   2.9332377e-02
   9.1430344e-02
   6.7473516e-02
   7.3535196e-02
   5.6955021e-02
   9.5404699e-02
   1.1004649e-01
   4.6458799e-02
   4.1679204e-02
   5.5683039e-02
   1.3822803e-01
   1.6117264e-02
   4.2409101e-03
   2.3089264e-02
   1.5609096e-02
   6.7873873e-02
   3.0783104e-02
   3.7449718e-02
   2.0667521e-02
   1.0653435e-01
   3.2144532e-02
   2.6167898e-02
   1.8845567e-02
   6.2018547e-02
   3.5298869e-02
   2.3653625e-02
   2.9569708e-02
   1.4348755e-02
   4.0038065e-03
   7.7912603e-03
   1.1795163e-02
   3.1397086e-02
   2.4639772e-02
   3.4312584e-02
   1.2463761e-02
   3.6339182e-02
   1.6293375e-02
   1.5793813e-02
   7.7569531e-03
   2.6189713e-02
   3.0360406e-02
   2.6863148e-02
   1.1933030e-02
   1.3675055e-02
   6.3409265e-03
   8.4445225e-03
   1.3199701e-02
   2.5750984e-02
   5.3703912e-02
   5.2378170e-02
   9.9484567e-03
   1.6779572e-02
   2.5383936e-02
   1.9165182e-02
   7.9569779e-03
   2.9937642e-02
   2.5352681e-02
   2.7802890e-02
   1.1075143e-02
