   3.5738505e-02
   8.2204919e-03
   3.0511729e-02
   1.1460670e-02
   3.2087721e-02
   5.1132344e-02
   4.5727104e-02
   1.1677668e-02
   5.5771478e-02
   9.5039330e-02
   9.2832677e-02
   1.0116083e-02
   7.6086752e-02
   8.0169395e-02
   8.5297905e-02
   1.3942922e-02
   3.1441923e-02
   7.3211608e-03
   2.4885960e-02
   1.1596653e-02
   2.9691683e-02
   3.3644632e-02
   2.7785670e-02
   9.4386647e-03
   3.6819480e-02
   4.4543050e-02
   4.4626534e-02
   7.5673913e-03
   3.6039211e-02
   3.3838775e-02
   3.8775075e-02
   1.1623836e-02
   5.0250404e-02
   7.2748875e-03
   2.2990083e-02
   1.2010302e-02
   6.0935218e-02
   3.0596599e-02
   2.0368695e-02
   8.4435046e-03
   5.6518797e-02
   2.6887011e-02
   2.2427490e-02
   6.3134013e-03
   2.1965815e-02
   9.4791735e-03
   1.2802429e-02
   1.1009447e-02
   1.6829693e-01
   1.4207122e-02
   2.6382890e-02
   1.2829848e-02
   1.7779820e-01
   8.6810991e-02
   2.8006423e-02
   1.0082728e-02
   1.0660754e-01
   5.8389097e-02
   2.9692017e-02
   8.3680693e-03
   2.1291329e-02
   9.0556229e-03
   1.4664049e-02
   1.5983963e-02
   1.2117101e-01
   1.5066945e-02
   3.3810914e-02
   1.3931650e-02
   1.0273021e-01
   8.3887875e-02
   3.4553181e-02
   1.1095816e-02
   5.7485975e-02
   5.1563233e-02
   3.5619825e-02
   9.1547873e-03
   1.7550766e-02
   1.0402652e-02
   1.6719205e-02
   1.8707411e-02
   3.5248376e-02
   9.0097487e-03
   2.8590094e-02
   1.2555911e-02
   2.9106159e-02
   3.4696646e-02
   2.4198949e-02
   9.5569417e-03
   2.8187478e-02
   2.6065098e-02
   2.9811420e-02
   7.0556309e-03
   1.8086035e-02
   1.0400043e-02
   1.2878198e-02
   1.1432049e-02
   4.0275794e-02
   9.0595530e-03
   2.4316859e-02
   1.0907160e-02
   3.1123329e-02
   3.1977661e-02
   2.1837641e-02
   7.8602238e-03
   2.7373593e-02
   2.3622163e-02
   2.3686323e-02
   6.3021998e-03
   1.6363734e-02
   1.0665018e-02
   1.2171744e-02
   1.0471161e-02
   3.9516672e-02
   8.1424527e-03
   2.8059542e-02
   1.1378740e-02
   3.2815021e-02
   4.0139716e-02
   3.1714402e-02
   9.0818591e-03
   3.8394153e-02
   4.8524275e-02
   4.6647407e-02
   7.4424236e-03
   3.6936618e-02
   3.5427600e-02
   3.8963541e-02
   1.1919067e-02
   1.9180033e-02
   6.6227927e-03
   3.9635759e-02
   7.8340760e-03
   2.6767965e-02
   4.2065740e-02
   5.5719387e-02
   1.2579274e-02
   8.1190079e-02
   1.4511536e-01
   1.2530749e-01
   1.2190271e-02
   1.0817950e-01
   1.1597180e-01
   1.2927112e-01
   1.6213180e-02
   2.2050237e-02
   5.7435911e-03
   2.9651737e-02
   7.5322185e-03
   2.8817514e-02
   3.0695433e-02
   3.2778040e-02
   8.9842696e-03
   4.9946319e-02
   6.3645996e-02
   5.8647435e-02
   6.9541726e-03
   4.9720638e-02
   4.8480581e-02
   5.9455752e-02
   1.3519195e-02
   7.0532598e-02
   7.0673754e-03
   2.5971169e-02
   7.7883578e-03
   9.5423847e-02
   2.9964844e-02
   2.3092313e-02
   6.7543266e-03
   8.9101665e-02
   3.0662358e-02
   3.1883042e-02
   4.5553232e-03
   2.7228383e-02
   1.1259490e-02
   1.9643573e-02
   1.5125001e-02
   2.4742579e-01
   1.8897871e-02
   3.3285495e-02
   9.1759050e-03
   2.6346973e-01
   6.0227215e-02
   3.5493568e-02
   8.2303332e-03
   1.6739517e-01
   5.2809570e-02
   4.5491647e-02
   6.5925037e-03
   2.9295256e-02
   1.0203253e-02
   2.0840291e-02
   2.1807490e-02
   1.7324349e-01
   1.8750042e-02
   4.5111142e-02
   1.1149985e-02
   1.4704847e-01
   6.2579870e-02
   4.5493819e-02
   1.0703955e-02
   9.0570860e-02
   5.3001158e-02
   5.3623449e-02
   8.4450804e-03
   2.1210177e-02
   1.1608444e-02
   2.2470480e-02
   2.4888795e-02
   3.6458936e-02
   8.2286093e-03
   3.6393225e-02
   8.7703140e-03
   3.6491860e-02
   3.7435949e-02
   2.8323848e-02
   8.7952381e-03
   3.6574021e-02
   3.3396449e-02
   4.4572379e-02
   5.4393914e-03
   2.1053027e-02
   1.0972496e-02
   1.8056311e-02
   1.3235945e-02
   2.1332756e-02
   6.4401897e-03
   2.8996779e-02
   7.4155913e-03
   2.3708984e-02
   2.4740651e-02
   2.3122307e-02
   6.1839400e-03
   3.0500749e-02
   2.2371398e-02
   3.1882092e-02
   4.5038955e-03
   1.8488748e-02
   1.2583686e-02
   1.6617056e-02
   1.0927523e-02
   1.9189982e-02
   5.6290752e-03
   3.1732034e-02
   7.2557521e-03
   2.4445830e-02
   2.9171009e-02
   3.6123570e-02
   8.2947500e-03
   4.7795754e-02
   6.6339068e-02
   6.0972564e-02
   7.1461177e-03
   5.1002279e-02
   5.1449090e-02
   6.0181528e-02
   1.3519505e-02
   2.3612170e-02
   9.5711863e-03
   5.2317001e-02
   8.5680289e-03
   3.5825465e-02
   5.2020743e-02
   8.3400980e-02
   2.0802133e-02
   1.2605004e-01
   1.9897161e-01
   1.5016508e-01
   1.8939998e-02
   1.7294504e-01
   1.8363596e-01
   1.8267207e-01
   2.1875307e-02
   2.6085669e-02
   7.5344159e-03
   4.5457382e-02
   6.7975982e-03
   4.4381242e-02
   3.6241721e-02
   4.5962833e-02
   1.3902801e-02
   7.2335944e-02
   8.0622748e-02
   7.6443695e-02
   1.1225174e-02
   7.6276235e-02
   7.4166812e-02
   9.3628109e-02
   2.0300249e-02
   7.2826788e-02
   1.0055363e-02
   4.0052477e-02
   6.5680281e-03
   1.1178600e-01
   3.7100159e-02
   3.3201497e-02
   8.4916977e-03
   1.1008155e-01
   3.1714413e-02
   3.8426068e-02
   5.4182359e-03
   4.3724909e-02
   1.4644495e-02
   3.4681387e-02
   2.4725694e-02
   2.0854193e-01
   2.9045900e-02
   4.3409768e-02
   9.4317440e-03
   2.3852251e-01
   6.8123356e-02
   4.2527992e-02
   1.0440962e-02
   1.9477755e-01
   3.1227039e-02
   5.4516297e-02
   9.2289420e-03
   5.4889690e-02
   1.2232123e-02
   3.4873068e-02
   3.9519791e-02
   1.3155924e-01
   2.8148526e-02
   5.6324564e-02
   1.2933302e-02
   1.1857123e-01
   6.9157384e-02
   5.2788734e-02
   1.4794515e-02
   9.5364310e-02
   4.4080917e-02
   6.2182847e-02
   1.2038738e-02
   2.8953543e-02
   1.3542515e-02
   3.5155978e-02
   4.6704892e-02
   4.4666585e-02
   9.6596545e-03
   4.7931876e-02
   9.1560865e-03
   5.4770838e-02
   3.9985128e-02
   3.6441710e-02
   1.0798911e-02
   5.3120259e-02
   3.6194250e-02
   3.9437905e-02
   6.7989915e-03
   3.0821998e-02
   1.3488826e-02
   2.7934795e-02
   1.9444427e-02
   2.2214603e-02
   7.3632319e-03
   3.6593258e-02
   6.9410442e-03
   3.5685621e-02
   2.5732312e-02
   2.9686321e-02
   6.3139293e-03
   4.7060955e-02
   2.5705064e-02
   3.8227111e-02
   5.1688389e-03
   2.6891313e-02
   1.5046632e-02
   3.0281989e-02
   1.8469363e-02
   2.1384580e-02
   7.1759876e-03
   4.6317630e-02
   7.2121341e-03
   3.8429938e-02
   4.0809765e-02
   5.2430928e-02
   1.2791767e-02
   7.7379510e-02
   9.8049447e-02
   7.7040300e-02
   1.0408977e-02
   9.0358287e-02
   8.1757784e-02
   8.7821744e-02
   1.7872367e-02
   2.5491601e-02
   1.8967064e-02
   9.3248211e-02
   1.7064454e-02
   5.2539013e-02
   7.3488951e-02
   1.6324450e-01
   4.1498713e-02
   1.1232538e-01
   1.6014004e-01
   1.6076674e-01
   2.9494407e-02
   3.4800115e-01
   3.7979889e-01
   3.8425842e-01
   3.9309122e-02
   3.2605272e-02
   1.3677624e-02
   6.7016378e-02
   1.2663526e-02
   5.5146575e-02
   4.7978450e-02
   7.2777011e-02
   2.7458997e-02
   6.6126414e-02
   7.1764283e-02
   7.2089083e-02
   1.7347196e-02
   1.4402626e-01
   1.4314446e-01
   1.8342414e-01
   2.2848835e-02
   4.2259306e-02
   1.7272402e-02
   5.7215698e-02
   8.8230809e-03
   7.7784464e-02
   4.5790777e-02
   5.0702635e-02
   1.2917818e-02
   9.7293824e-02
   3.0222511e-02
   3.1750929e-02
   7.9534901e-03
   7.7549294e-02
   2.1496035e-02
   3.4933548e-02
   1.5965177e-02
   6.4763047e-02
   4.7879159e-02
   5.8066890e-02
   1.2814702e-02
   8.5517272e-02
   1.0364253e-01
   5.9197463e-02
   1.1112846e-02
   1.1970810e-01
   3.1741861e-02
   6.4617783e-02
   1.7828820e-02
   6.6132128e-02
   1.7832810e-02
   4.8451237e-02
   5.4857172e-02
   6.3699745e-02
   4.7910988e-02
   8.9164577e-02
   2.3900049e-02
   4.7457814e-02
   1.0322891e-01
   7.0704676e-02
   2.3341991e-02
   7.3519744e-02
   7.0819408e-02
   6.9914058e-02
   2.5471916e-02
   3.5759885e-02
   1.9892937e-02
   5.2053664e-02
   7.2606802e-02
   4.5190737e-02
   1.5798535e-02
   6.7530721e-02
   1.3537453e-02
   7.0341259e-02
   5.5101648e-02
   4.8917551e-02
   1.5903283e-02
   7.0509590e-02
   5.7754219e-02
   3.0074107e-02
   1.1468740e-02
   4.8157524e-02
   1.9944606e-02
   2.4220008e-02
   2.0720847e-02
   3.0811412e-02
   9.9235242e-03
   4.9861766e-02
   8.8010300e-03
   4.3435942e-02
   3.2305315e-02
   4.0323984e-02
   8.9327991e-03
   6.4687960e-02
   3.5564598e-02
   3.7154574e-02
   7.7219247e-03
   3.4961242e-02
   2.2098355e-02
   4.2177502e-02
   2.5610182e-02
   2.2645576e-02
   1.1811532e-02
   7.3760778e-02
   1.2151309e-02
   4.5268655e-02
   5.0642390e-02
   9.0066455e-02
   2.3910195e-02
   8.5513569e-02
   8.4729522e-02
   8.8621251e-02
   1.8290291e-02
   1.7103027e-01
   1.5999503e-01
   1.7389211e-01
   2.9560795e-02
