   3.0263938e-02
   1.0781717e-02
   4.5664709e-02
   1.1689289e-02
   1.8858759e-02
   7.3020929e-03
   3.1072643e-02
   1.0258431e-02
   1.8583290e-02
   8.6168610e-03
   2.2688260e-02
   1.0685500e-02
   2.3622585e-02
   1.3285501e-02
   4.1984692e-02
   1.3698212e-02
   2.7946040e-02
   1.0134263e-02
   4.4039927e-02
   1.1680338e-02
   1.8312313e-02
   5.7279062e-03
   2.7438434e-02
   9.7697778e-03
   1.7214693e-02
   6.7053596e-03
   2.0088399e-02
   1.0863161e-02
   2.2720952e-02
   1.2262907e-02
   3.9096516e-02
   1.3146967e-02
   2.7474215e-02
   1.1731144e-02
   4.2602438e-02
   1.1588137e-02
   1.8080665e-02
   5.2517676e-03
   2.7394053e-02
   9.9675879e-03
   1.7028056e-02
   5.9646973e-03
   1.9716345e-02
   1.0130647e-02
   2.3538748e-02
   1.2492494e-02
   3.6931671e-02
   1.3694280e-02
   7.6550245e-02
   1.6615683e-02
   4.1521963e-02
   1.2087332e-02
   6.2066402e-02
   6.5430081e-03
   3.2821015e-02
   1.0697297e-02
   6.1271656e-02
   7.4196141e-03
   2.5863450e-02
   1.0159597e-02
   6.1642647e-02
   1.4359589e-02
   3.9874043e-02
   1.4253335e-02
   1.7473522e-01
   2.6409911e-02
   4.6207070e-02
   1.4238056e-02
   1.5130065e-01
   8.8013727e-03
   3.8221538e-02
   1.2607947e-02
   1.5479119e-01
   1.0013335e-02
   3.1711284e-02
   1.1862287e-02
   1.5033258e-01
   1.6357295e-02
   4.5247588e-02
   1.5436379e-02
   7.8339763e-02
   1.9025959e-02
   4.3276619e-02
   1.2808776e-02
   6.4087987e-02
   6.4109056e-03
   3.2244660e-02
   1.0247266e-02
   6.5322965e-02
   7.1321726e-03
   2.4187690e-02
   9.9088466e-03
   6.9157392e-02
   1.4852607e-02
   3.7838321e-02
   1.3268213e-02
   2.7395172e-02
   1.1486606e-02
   4.0636811e-02
   1.3143206e-02
   1.8083151e-02
   5.0031114e-03
   2.8007710e-02
   1.0550168e-02
   1.8163921e-02
   6.2085534e-03
   1.9268896e-02
   9.8949587e-03
   2.4693830e-02
   1.2637741e-02
   3.4303743e-02
   1.2764193e-02
   2.7579227e-02
   9.8701064e-03
   4.2125262e-02
   1.2469242e-02
   1.7610375e-02
   5.5777910e-03
   2.8290451e-02
   1.0661891e-02
   1.7533511e-02
   6.8995580e-03
   1.9909929e-02
   1.0485704e-02
   2.3830839e-02
   1.2737160e-02
   3.9764009e-02
   1.3595606e-02
   3.0000344e-02
   1.2374906e-02
   4.9755279e-02
   7.5426865e-03
   1.5458679e-02
   8.9317020e-03
   3.7559643e-02
   8.9873755e-03
   1.5970409e-02
   8.9880880e-03
   2.9879998e-02
   8.9949518e-03
   2.0879025e-02
   1.1259637e-02
   4.5288511e-02
   9.0845665e-03
   2.6467297e-02
   9.7224079e-03
   4.1981149e-02
   6.3987193e-03
   1.5240672e-02
   6.0832826e-03
   3.1968374e-02
   7.8220768e-03
   1.3228510e-02
   6.2296996e-03
   2.4453843e-02
   8.3463220e-03
   2.0488376e-02
   9.6499939e-03
   3.9829768e-02
   8.0256574e-03
   2.9521156e-02
   9.7576892e-03
   3.7586529e-02
   7.2200838e-03
   1.7560091e-02
   4.9422560e-03
   3.2074451e-02
   8.5673956e-03
   1.6269296e-02
   5.4352977e-03
   2.5022132e-02
   7.5205937e-03
   2.3081658e-02
   9.3196388e-03
   3.6477339e-02
   8.6072162e-03
   1.0711385e-01
   1.7114660e-02
   3.9865691e-02
   8.8956784e-03
   9.5023394e-02
   6.6662733e-03
   4.1839853e-02
   9.4931368e-03
   9.6126735e-02
   7.6303524e-03
   3.4685291e-02
   8.1616649e-03
   9.4231740e-02
   1.2990903e-02
   4.8898254e-02
   9.3904277e-03
   2.4260733e-01
   3.1781841e-02
   4.8740178e-02
   1.2129008e-02
   2.3517716e-01
   1.0661714e-02
   5.8406740e-02
   1.1541551e-02
   2.4109715e-01
   1.1741403e-02
   4.6181694e-02
   1.1090429e-02
   2.2937988e-01
   1.5228692e-02
   5.7419237e-02
   1.2213704e-02
   1.1156540e-01
   2.3275424e-02
   4.3334510e-02
   9.8320553e-03
   9.8352291e-02
   6.6610239e-03
   3.9441317e-02
   8.5591953e-03
   1.0085779e-01
   7.0992257e-03
   3.1485569e-02
   8.1136199e-03
   1.0815835e-01
   1.2915159e-02
   3.9085507e-02
   8.9071868e-03
   3.0276136e-02
   1.2006554e-02
   3.7438489e-02
   9.5243696e-03
   1.6977696e-02
   4.9755326e-03
   3.3000618e-02
   8.6791012e-03
   1.8494481e-02
   5.3461613e-03
   2.4427105e-02
   7.1550622e-03
   2.6207659e-02
   1.0941168e-02
   3.2831807e-02
   7.8314403e-03
   2.8241787e-02
   1.0377703e-02
   4.0050808e-02
   8.6813215e-03
   1.3741781e-02
   5.9458246e-03
   3.2421898e-02
   9.3507851e-03
   1.5333109e-02
   6.4921961e-03
   2.4823671e-02
   7.5807539e-03
   2.0969851e-02
   1.1773359e-02
   3.6692500e-02
   8.2230149e-03
   4.0125027e-02
   1.6945779e-02
   5.6674868e-02
   7.3626707e-03
   1.7757496e-02
   1.1154158e-02
   5.4217391e-02
   1.1061789e-02
   1.9816395e-02
   1.0245414e-02
   4.4701722e-02
   9.5720775e-03
   2.4377719e-02
   1.2868279e-02
   5.6817066e-02
   1.0563791e-02
   3.4394287e-02
   1.4464723e-02
   4.8588879e-02
   5.9924792e-03
   1.5982039e-02
   7.1436404e-03
   4.4857305e-02
   8.2209809e-03
   1.5388441e-02
   7.2055040e-03
   4.3683272e-02
   8.8479025e-03
   2.8188152e-02
   9.3323644e-03
   5.1015779e-02
   8.0820564e-03
   4.0568795e-02
   1.3238867e-02
   4.7572948e-02
   5.9704431e-03
   2.3560440e-02
   5.7047214e-03
   3.7590060e-02
   7.9880469e-03
   2.3390740e-02
   6.6531482e-03
   3.9426371e-02
   6.2572774e-03
   3.4551542e-02
   1.0223330e-02
   4.5204345e-02
   7.0770225e-03
   9.2782728e-02
   2.3804838e-02
   4.7955438e-02
   9.5748520e-03
   9.3212575e-02
   8.7828394e-03
   5.1263902e-02
   1.0668399e-02
   9.7105436e-02
   9.6024992e-03
   5.1379632e-02
   9.3782786e-03
   9.6383736e-02
   1.5787533e-02
   5.0580144e-02
   9.7451499e-03
   1.9295618e-01
   4.9830295e-02
   6.3651681e-02
   1.5044198e-02
   2.2824760e-01
   1.5733505e-02
   7.8211121e-02
   1.5448730e-02
   2.3277822e-01
   1.7401017e-02
   6.9359548e-02
   1.4786527e-02
   2.2027239e-01
   1.8392948e-02
   6.5352619e-02
   1.3465694e-02
   9.7586334e-02
   3.5731386e-02
   4.5163631e-02
   1.0954661e-02
   9.8428801e-02
   8.6196810e-03
   5.6802228e-02
   1.0423332e-02
   9.9999532e-02
   8.6714271e-03
   4.4411540e-02
   9.9164927e-03
   1.1059644e-01
   1.2860971e-02
   4.6778303e-02
   8.7948805e-03
   4.0035538e-02
   1.6578546e-02
   4.5434888e-02
   1.0622318e-02
   2.4069065e-02
   5.1895599e-03
   4.6611890e-02
   8.9762993e-03
   2.6107280e-02
   6.4729126e-03
   4.0170722e-02
   7.3006973e-03
   3.7927922e-02
   1.0009045e-02
   3.6928717e-02
   6.7228158e-03
   3.8037319e-02
   1.3803689e-02
   4.6762887e-02
   8.1821615e-03
   1.4618222e-02
   6.8934686e-03
   4.4305637e-02
   1.0649348e-02
   1.6001374e-02
   7.4172872e-03
   4.0785015e-02
   8.1676720e-03
   2.9648025e-02
   1.0733948e-02
   4.4238362e-02
   8.2690818e-03
   4.6666909e-02
   2.7936030e-02
   7.2976194e-02
   1.2738002e-02
   2.9282440e-02
   1.3122994e-02
   8.1861101e-02
   1.6864425e-02
   3.1374842e-02
   1.1816479e-02
   7.6002888e-02
   1.7801560e-02
   2.4027202e-02
   2.1919841e-02
   7.7757552e-02
   2.0190110e-02
   4.9959347e-02
   2.5190823e-02
   7.1286485e-02
   8.6697182e-03
   2.3115087e-02
   1.0655612e-02
   6.3060090e-02
   1.2403052e-02
   1.9877857e-02
   8.3421608e-03
   7.6158755e-02
   1.4178543e-02
   3.7328970e-02
   1.8279439e-02
   6.6145226e-02
   1.5878007e-02
   5.3763211e-02
   2.3149461e-02
   7.8462191e-02
   8.2831588e-03
   2.3338784e-02
   8.8053374e-03
   4.8119191e-02
   1.0091480e-02
   1.9917892e-02
   6.0151345e-03
   6.2020238e-02
   9.4881617e-03
   4.3763176e-02
   1.5995659e-02
   6.6162705e-02
   1.0826033e-02
   6.1376896e-02
   3.9682657e-02
   5.4562487e-02
   1.6761420e-02
   6.7537978e-02
   1.2710027e-02
   6.6922419e-02
   1.5399892e-02
   5.9788354e-02
   1.2459042e-02
   6.1488077e-02
   1.6191293e-02
   7.6235153e-02
   2.2585878e-02
   6.4175062e-02
   1.3175348e-02
   1.0847776e-01
   8.0412239e-02
   9.4515368e-02
   2.4255875e-02
   1.3715841e-01
   2.1908440e-02
   1.1115407e-01
   2.8927250e-02
   1.2998338e-01
   2.1516653e-02
   9.0729430e-02
   2.6019981e-02
   1.4020520e-01
   2.9414555e-02
   9.5344715e-02
   2.1267833e-02
   6.9346771e-02
   5.5077005e-02
   5.8460549e-02
   1.6869094e-02
   7.2479963e-02
   1.3005682e-02
   7.6805741e-02
   1.6257368e-02
   6.2535167e-02
   9.3224905e-03
   5.2741721e-02
   1.3959648e-02
   7.1636260e-02
   2.2762664e-02
   7.0860565e-02
   1.3225387e-02
   5.2687287e-02
   1.9930286e-02
   6.6745594e-02
   1.6549099e-02
   2.4576321e-02
   7.3949574e-03
   6.9458790e-02
   1.2008086e-02
   1.9055201e-02
   6.5362309e-03
   5.3848311e-02
   9.7074192e-03
   4.7994964e-02
   1.4015659e-02
   4.9218439e-02
   1.0103662e-02
   5.5498242e-02
   1.9294042e-02
   6.6385463e-02
   1.5016322e-02
   1.6577901e-02
   8.8508781e-03
   7.5265609e-02
   1.2199188e-02
   1.5552696e-02
   8.8456599e-03
   6.8151370e-02
   1.2930773e-02
   4.0691286e-02
   1.8338144e-02
   7.0699468e-02
   1.2458030e-02
