   2.9695548e-02
   4.0593013e-02
   2.5919963e-02
   5.9002391e-03
   2.7951093e-02
   2.9201720e-02
   3.0717356e-02
   5.8020921e-03
   2.6599128e-02
   2.3629881e-02
   1.6478006e-02
   6.2356321e-03
   2.6126476e-02
   3.0499872e-02
   2.7224433e-02
   8.3408924e-03
   2.7621403e-02
   3.6617942e-02
   2.3567488e-02
   5.9046191e-03
   2.6959553e-02
   2.8305095e-02
   2.3893166e-02
   5.6584803e-03
   2.4809234e-02
   2.1029366e-02
   1.4862042e-02
   6.2519549e-03
   2.6568260e-02
   2.7479267e-02
   2.3971854e-02
   8.5377870e-03
   2.9884428e-02
   3.7834410e-02
   2.3874057e-02
   6.5845870e-03
   2.5960471e-02
   3.6102436e-02
   2.1189736e-02
   5.8000516e-03
   2.4320764e-02
   2.2274781e-02
   1.6853280e-02
   6.5261116e-03
   2.8506571e-02
   2.8560482e-02
   2.3696195e-02
   8.7248739e-03
   3.5165060e-02
   5.1274732e-02
   3.4755960e-02
   7.9008611e-03
   2.9751720e-02
   4.6481274e-02
   3.4928836e-02
   7.2457613e-03
   2.8486246e-02
   2.9622326e-02
   3.8443338e-02
   7.9372637e-03
   3.3770628e-02
   3.3514120e-02
   4.5939058e-02
   9.4688684e-03
   4.5887724e-02
   1.0371694e-01
   5.2976813e-02
   1.0153339e-02
   5.9747599e-02
   8.7111063e-02
   4.9017515e-02
   9.5833950e-03
   8.8624604e-02
   7.1842499e-02
   5.1118180e-02
   1.0296510e-02
   1.1782992e-01
   6.2980480e-02
   6.4518258e-02
   1.1122695e-02
   9.2233531e-02
   1.3469155e-01
   3.8382784e-02
   8.6522223e-03
   1.2574494e-01
   9.9760853e-02
   3.5741623e-02
   8.4421588e-03
   1.5079355e-01
   7.4334219e-02
   2.1598637e-02
   9.3257884e-03
   1.6467892e-01
   5.9456944e-02
   3.1693224e-02
   1.0674146e-02
   8.2699262e-02
   6.1004341e-02
   2.1827197e-02
   6.5910872e-03
   7.2254360e-02
   4.3044392e-02
   2.1496583e-02
   6.3199187e-03
   5.8893573e-02
   3.0018711e-02
   1.4973708e-02
   6.9700908e-03
   5.2112192e-02
   3.5905082e-02
   2.3856532e-02
   9.4353780e-03
   3.5263896e-02
   3.9186034e-02
   2.2305569e-02
   6.0676793e-03
   2.8566316e-02
   2.9313600e-02
   2.1934574e-02
   5.8226795e-03
   2.7789287e-02
   2.3846457e-02
   1.5079273e-02
   6.2907925e-03
   2.7473072e-02
   3.1104475e-02
   2.7113117e-02
   8.9572743e-03
   4.1745838e-02
   4.3677818e-02
   2.7483957e-02
   4.1637397e-03
   3.5562195e-02
   4.0771231e-02
   3.8702298e-02
   4.1937083e-03
   3.1747483e-02
   2.9746866e-02
   1.6654126e-02
   4.6681720e-03
   2.3030182e-02
   3.1663932e-02
   2.5436165e-02
   6.7142979e-03
   3.7643578e-02
   4.2872109e-02
   2.6119279e-02
   3.8132886e-03
   3.2104459e-02
   4.1620590e-02
   3.1802952e-02
   3.9110850e-03
   2.8521944e-02
   2.5199931e-02
   1.6423939e-02
   4.3119262e-03
   2.2757148e-02
   2.8744185e-02
   2.5268190e-02
   6.7099826e-03
   4.3866374e-02
   4.7076289e-02
   2.9745745e-02
   4.8775054e-03
   3.3934280e-02
   5.2808858e-02
   3.1483229e-02
   4.6571917e-03
   2.9667711e-02
   2.3967909e-02
   2.0481419e-02
   4.5839157e-03
   2.4474539e-02
   2.8934002e-02
   2.7749503e-02
   6.5622823e-03
   4.9432170e-02
   5.4580066e-02
   4.8232619e-02
   6.7933481e-03
   4.2164456e-02
   6.0759079e-02
   5.4419968e-02
   6.4286948e-03
   4.1208040e-02
   3.0800994e-02
   4.8390586e-02
   6.7976196e-03
   4.1541886e-02
   3.5541940e-02
   5.4865666e-02
   7.9578413e-03
   7.4968010e-02
   8.8986143e-02
   7.7667199e-02
   1.0081307e-02
   9.7900718e-02
   7.6175064e-02
   6.6487461e-02
   9.0984600e-03
   1.3767783e-01
   5.7223435e-02
   5.9519004e-02
   8.9254631e-03
   1.5628731e-01
   6.1859295e-02
   7.6344855e-02
   1.0224419e-02
   1.5982129e-01
   1.2073112e-01
   5.2103449e-02
   7.8752311e-03
   2.1753189e-01
   8.0775067e-02
   4.8289094e-02
   6.6006039e-03
   2.4031347e-01
   5.5642355e-02
   2.3598790e-02
   7.2825076e-03
   2.2908042e-01
   5.8664069e-02
   3.1746019e-02
   8.2744816e-03
   1.3919973e-01
   6.7752860e-02
   2.7437465e-02
   5.0682696e-03
   1.2380864e-01
   4.5659732e-02
   2.9200459e-02
   4.4481764e-03
   9.8703332e-02
   2.9466750e-02
   1.6480327e-02
   5.2707391e-03
   7.8712322e-02
   3.8477205e-02
   2.2135360e-02
   7.1001085e-03
   5.5549368e-02
   4.5630317e-02
   2.5243198e-02
   4.0765363e-03
   4.0412173e-02
   3.9381407e-02
   3.1038847e-02
   4.1234698e-03
   3.6648132e-02
   2.7544206e-02
   1.7365042e-02
   4.6461546e-03
   2.6897637e-02
   3.2378592e-02
   2.5344042e-02
   6.6505028e-03
   7.2110943e-02
   4.3765578e-02
   2.8371882e-02
   3.8787283e-03
   5.0738521e-02
   5.1649172e-02
   5.0252933e-02
   3.7575900e-03
   4.5036778e-02
   2.8567255e-02
   1.4170370e-02
   3.2665492e-03
   3.1034291e-02
   3.6267076e-02
   2.7820511e-02
   7.0280503e-03
   6.0444579e-02
   4.5471635e-02
   3.4651119e-02
   3.0153450e-03
   4.8856501e-02
   5.5314820e-02
   4.9600478e-02
   3.1518892e-03
   4.4561502e-02
   2.8014470e-02
   1.5733767e-02
   3.1722076e-03
   3.1450290e-02
   3.0680804e-02
   2.4470456e-02
   6.6317464e-03
   7.4325062e-02
   5.0999038e-02
   4.3283872e-02
   3.8768346e-03
   5.3718701e-02
   5.5846792e-02
   4.4880211e-02
   3.5928066e-03
   4.6668481e-02
   2.3099624e-02
   2.3988575e-02
   3.7091733e-03
   3.1490400e-02
   2.8825484e-02
   2.9493544e-02
   6.4674872e-03
   7.3820673e-02
   4.9490254e-02
   7.4992217e-02
   7.0843329e-03
   6.4014718e-02
   5.8803234e-02
   8.0174334e-02
   7.6064589e-03
   5.9599694e-02
   3.0416893e-02
   6.9599800e-02
   8.4154578e-03
   5.6961346e-02
   4.0688589e-02
   6.8144791e-02
   8.9992145e-03
   1.0224414e-01
   8.2165867e-02
   1.1978106e-01
   1.2441438e-02
   9.9888660e-02
   7.3628664e-02
   9.9249519e-02
   1.1619309e-02
   1.0669280e-01
   7.1979724e-02
   8.5386761e-02
   1.1761501e-02
   1.1071078e-01
   7.8386590e-02
   1.0156074e-01
   1.2357937e-02
   2.4445167e-01
   7.9198122e-02
   7.1405031e-02
   8.2136746e-03
   2.5355020e-01
   6.6888548e-02
   7.2180144e-02
   6.8818624e-03
   2.0902133e-01
   6.6423468e-02
   3.2350101e-02
   7.1167173e-03
   1.8623027e-01
   6.8541184e-02
   3.9495677e-02
   8.1824027e-03
   2.2950058e-01
   4.3844774e-02
   3.2686606e-02
   4.0442045e-03
   1.6760989e-01
   4.5585722e-02
   3.8662359e-02
   4.0296977e-03
   1.1449979e-01
   2.6298529e-02
   1.8011745e-02
   4.2895484e-03
   8.3896451e-02
   3.8162198e-02
   2.6570087e-02
   4.9669268e-03
   9.4158567e-02
   4.0391598e-02
   2.4455428e-02
   3.2551880e-03
   6.5534472e-02
   4.3945104e-02
   3.6763415e-02
   3.9580730e-03
   5.5691432e-02
   2.6552042e-02
   1.7616900e-02
   3.5574627e-03
   3.8629126e-02
   3.5470042e-02
   2.4702568e-02
   5.2691652e-03
   9.6117951e-02
   4.3663133e-02
   3.8429182e-02
   3.7721726e-03
   6.5540589e-02
   5.8995534e-02
   8.0932759e-02
   4.5610326e-03
   6.4467192e-02
   2.2609467e-02
   1.5554406e-02
   3.2991080e-03
   3.5624448e-02
   5.1009916e-02
   4.1318104e-02
   1.0084298e-02
   7.6916166e-02
   4.6854507e-02
   5.4652609e-02
   3.9803730e-03
   6.8739638e-02
   7.3653102e-02
   9.8328777e-02
   4.3589543e-03
   5.2277323e-02
   1.6560152e-02
   1.8617598e-02
   2.7784861e-03
   2.5216997e-02
   3.5043336e-02
   2.5693821e-02
   7.9956194e-03
   1.0040198e-01
   4.1796442e-02
   7.0556052e-02
   5.7161706e-03
   6.1652325e-02
   6.1026040e-02
   6.3825697e-02
   4.4520097e-03
   4.3879949e-02
   1.9627981e-02
   3.0158272e-02
   4.8156707e-03
   3.8645674e-02
   2.6871208e-02
   3.0363290e-02
   5.8213756e-03
   9.3518361e-02
   4.3138299e-02
   1.1745168e-01
   1.2353351e-02
   6.4020954e-02
   5.9089355e-02
   9.9294126e-02
   1.1978087e-02
   7.0194259e-02
   3.1581447e-02
   6.4770050e-02
   1.4815724e-02
   5.4917291e-02
   3.8908448e-02
   7.5541213e-02
   1.2226216e-02
   8.6502902e-02
   8.7223604e-02
   1.6001698e-01
   2.5705134e-02
   5.3829942e-02
   8.5490078e-02
   1.4735445e-01
   2.1178218e-02
   5.0872471e-02
   1.0218138e-01
   1.0666154e-01
   1.9004136e-02
   4.1325085e-02
   1.0383765e-01
   8.5256718e-02
   2.3003994e-02
   1.4299667e-01
   7.4663155e-02
   1.0213866e-01
   1.4490779e-02
   1.2272612e-01
   8.4513642e-02
   1.0676613e-01
   8.8775791e-03
   6.8565786e-02
   9.1655605e-02
   5.4515354e-02
   8.0286581e-03
   5.1444955e-02
   8.6043000e-02
   4.2348322e-02
   1.1808143e-02
   1.7931274e-01
   3.8037516e-02
   4.2712569e-02
   4.7548460e-03
   1.2621716e-01
   5.8584161e-02
   5.0038483e-02
   4.8188753e-03
   7.1956538e-02
   2.4581416e-02
   1.6865592e-02
   3.6351951e-03
   5.1371064e-02
   3.1259809e-02
   3.6826573e-02
   5.0502419e-03
   1.0026021e-01
   4.2924438e-02
   3.0541204e-02
   3.0463508e-03
   6.6943400e-02
   5.0194670e-02
   4.6441741e-02
   3.9573805e-03
   6.8943068e-02
   1.6964473e-02
   1.7597111e-02
   3.4918925e-03
   4.4980779e-02
   4.3784868e-02
   3.7717387e-02
   6.6076955e-03
