   2.2483196e-02
   4.7739152e-02
   4.4784561e-02
   4.0681686e-02
   2.1404890e-02
   3.0927740e-02
   6.1875701e-02
   3.9692804e-02
   1.8421482e-02
   2.9661246e-02
   1.4380414e-02
   4.1734215e-02
   2.4183162e-02
   3.3895280e-02
   1.3432633e-02
   4.0295981e-02
   2.2804556e-02
   4.3411933e-02
   3.7962664e-02
   3.7499700e-02
   2.0846946e-02
   3.0498886e-02
   5.4909859e-02
   3.7025947e-02
   1.8615982e-02
   2.6240198e-02
   1.4210424e-02
   4.1810803e-02
   2.5034446e-02
   2.7510433e-02
   1.4133577e-02
   4.0740177e-02
   2.5400553e-02
   3.9481021e-02
   3.2711543e-02
   3.8518939e-02
   2.0500751e-02
   3.4480628e-02
   4.9375042e-02
   3.9996997e-02
   2.0767666e-02
   2.5580101e-02
   1.4342499e-02
   4.4099458e-02
   2.6195103e-02
   2.1565095e-02
   1.4074175e-02
   4.2973295e-02
   5.8289230e-02
   4.4159792e-02
   3.4787185e-02
   6.3624531e-02
   5.5420481e-02
   3.6469713e-02
   5.1538698e-02
   6.5853730e-02
   5.3004716e-02
   2.6266169e-02
   2.1146370e-02
   6.4176202e-02
   5.6503378e-02
   2.3517244e-02
   2.0585794e-02
   6.2586062e-02
   1.3638128e-01
   4.6637218e-02
   4.7953825e-02
   1.0746726e-01
   1.4229466e-01
   3.2057684e-02
   5.9399147e-02
   1.1968877e-01
   1.3794129e-01
   3.0793380e-02
   3.4290079e-02
   1.0256645e-01
   1.3530152e-01
   2.9255098e-02
   3.5586670e-02
   1.0513367e-01
   6.8099424e-02
   4.6000060e-02
   4.3311328e-02
   6.1719734e-02
   7.0864536e-02
   2.9009076e-02
   5.4187424e-02
   6.7096353e-02
   6.9914468e-02
   2.8388770e-02
   2.2122288e-02
   6.1769053e-02
   7.3201433e-02
   2.4625603e-02
   2.1152541e-02
   6.0911369e-02
   2.3611270e-02
   4.1838873e-02
   3.8845673e-02
   3.9692033e-02
   2.1903435e-02
   2.9267469e-02
   5.0666250e-02
   4.4282556e-02
   2.0466138e-02
   2.8801197e-02
   1.4339011e-02
   4.3414149e-02
   2.7236296e-02
   2.2554351e-02
   1.4373900e-02
   4.2210914e-02
   2.2154035e-02
   4.2781502e-02
   4.1878544e-02
   4.0131263e-02
   2.0822119e-02
   3.0492503e-02
   5.8126323e-02
   4.2412076e-02
   1.9898515e-02
   3.0134249e-02
   1.3508653e-02
   4.3219063e-02
   2.3267027e-02
   2.7954970e-02
   1.3187971e-02
   3.9840516e-02
   1.9773902e-02
   4.3829478e-02
   5.1420093e-02
   3.1738728e-02
   1.7759621e-02
   3.0089581e-02
   5.7168961e-02
   3.2704640e-02
   1.5541074e-02
   3.8147643e-02
   1.3785799e-02
   3.2032214e-02
   2.3676293e-02
   3.2470033e-02
   1.0169401e-02
   2.9667536e-02
   2.0748664e-02
   4.0266499e-02
   4.2602353e-02
   2.8658835e-02
   1.8685853e-02
   3.2206912e-02
   5.0638121e-02
   3.1588983e-02
   1.5516119e-02
   3.1246055e-02
   1.3132829e-02
   3.0112114e-02
   2.3925960e-02
   2.6134886e-02
   9.9092303e-03
   3.0296676e-02
   2.7978402e-02
   4.0856067e-02
   3.6270585e-02
   3.0127345e-02
   2.3082374e-02
   3.4086857e-02
   4.4571366e-02
   3.1504884e-02
   2.2125043e-02
   2.8122813e-02
   1.2250564e-02
   3.1433146e-02
   2.6501011e-02
   1.9927438e-02
   1.0684142e-02
   3.1240707e-02
   8.2711510e-02
   4.9307525e-02
   3.8455818e-02
   7.0119217e-02
   7.9926468e-02
   3.6070868e-02
   4.8424751e-02
   6.0136605e-02
   7.5550437e-02
   3.0585133e-02
   2.1643398e-02
   5.6031082e-02
   7.7160858e-02
   2.3045925e-02
   2.0508591e-02
   5.7659239e-02
   1.9200227e-01
   5.8895011e-02
   5.6922965e-02
   1.2884760e-01
   2.0591691e-01
   3.6582544e-02
   6.1251342e-02
   1.2667651e-01
   2.0334791e-01
   3.8033862e-02
   3.9052907e-02
   1.0146065e-01
   1.8804936e-01
   2.8068256e-02
   4.3018959e-02
   1.1432891e-01
   9.5873162e-02
   5.8874752e-02
   5.0692130e-02
   5.9885979e-02
   1.0233884e-01
   3.3253588e-02
   5.0266393e-02
   6.3216627e-02
   1.0090452e-01
   3.3238679e-02
   2.2669474e-02
   5.1543232e-02
   1.0200250e-01
   2.3641249e-02
   2.2784583e-02
   5.6192931e-02
   2.4515545e-02
   4.7173761e-02
   3.8528319e-02
   3.1759053e-02
   2.5219359e-02
   3.2560945e-02
   4.8078787e-02
   3.1508151e-02
   2.1733908e-02
   3.4444652e-02
   1.3240727e-02
   3.2987099e-02
   3.0770676e-02
   2.2311760e-02
   1.0581925e-02
   2.9192775e-02
   2.0657742e-02
   4.2564504e-02
   4.2989369e-02
   2.9911848e-02
   1.8686397e-02
   2.9682392e-02
   5.0873272e-02
   3.1767011e-02
   1.8222949e-02
   3.7768427e-02
   1.2211114e-02
   3.2140136e-02
   2.2891305e-02
   2.4610177e-02
   9.3698418e-03
   2.8458068e-02
   2.5144309e-02
   5.6733817e-02
   6.2810093e-02
   3.0026076e-02
   2.4358161e-02
   2.9699326e-02
   6.2894061e-02
   2.7492896e-02
   2.1276051e-02
   4.8331384e-02
   1.6612763e-02
   2.4017854e-02
   3.0767854e-02
   3.2500796e-02
   8.4699532e-03
   2.2655364e-02
   2.8027903e-02
   4.2887986e-02
   4.9140874e-02
   2.7444681e-02
   2.8343843e-02
   3.4402657e-02
   4.9051568e-02
   2.5893193e-02
   1.9423872e-02
   4.0526655e-02
   1.2897753e-02
   2.1348458e-02
   3.0895436e-02
   2.4980152e-02
   7.9014702e-03
   2.5074594e-02
   4.3369748e-02
   4.4258162e-02
   4.1221652e-02
   2.9864032e-02
   2.7949924e-02
   3.2871030e-02
   4.6772487e-02
   2.5694486e-02
   2.8380897e-02
   2.7621044e-02
   1.1453199e-02
   2.1714898e-02
   3.2927897e-02
   1.8388938e-02
   8.9512272e-03
   2.9263241e-02
   9.5916912e-02
   5.2340187e-02
   5.3506907e-02
   6.3072450e-02
   8.3281890e-02
   3.7738629e-02
   5.2019063e-02
   5.3393092e-02
   8.0842517e-02
   2.5885362e-02
   2.6837343e-02
   5.6003928e-02
   8.0296569e-02
   1.9493531e-02
   2.3202317e-02
   5.7861734e-02
   2.3121603e-01
   5.7448819e-02
   7.2702326e-02
   1.1154205e-01
   2.0845182e-01
   4.0882125e-02
   6.1497655e-02
   1.2720418e-01
   1.9915776e-01
   3.9300658e-02
   4.9937282e-02
   1.2420757e-01
   1.7186776e-01
   2.7473651e-02
   5.0203852e-02
   1.2847099e-01
   1.1656677e-01
   6.0005829e-02
   6.5253623e-02
   5.1808905e-02
   1.0655665e-01
   3.5562128e-02
   5.0938029e-02
   5.9955221e-02
   1.0174281e-01
   3.0307135e-02
   2.7648147e-02
   5.5348471e-02
   9.3179770e-02
   2.3655251e-02
   2.4617663e-02
   5.9407488e-02
   3.3736084e-02
   5.0234776e-02
   5.3716291e-02
   2.7565511e-02
   3.4150787e-02
   3.2657247e-02
   3.9818015e-02
   2.4346251e-02
   2.5425911e-02
   2.5718272e-02
   1.2893569e-02
   2.6192160e-02
   4.3344662e-02
   2.3652105e-02
   8.5798707e-03
   2.6547365e-02
   2.8013531e-02
   4.5796361e-02
   4.8496209e-02
   2.5666839e-02
   2.2870561e-02
   2.4833761e-02
   4.7205020e-02
   2.6676830e-02
   2.4768448e-02
   3.8434729e-02
   1.4525371e-02
   2.5594536e-02
   3.0689344e-02
   2.6221462e-02
   7.8821322e-03
   2.3702366e-02
   3.0962525e-02
   4.8263185e-02
   7.2040491e-02
   2.5626548e-02
   3.7451260e-02
   3.8613189e-02
   5.3802185e-02
   2.5796095e-02
   3.0696338e-02
   3.2129508e-02
   1.3519354e-02
   1.6811123e-02
   3.5944201e-02
   2.9052159e-02
   1.0454814e-02
   1.8606698e-02
   3.1000480e-02
   4.4970378e-02
   7.3510803e-02
   3.0759482e-02
   3.9832626e-02
   4.3048143e-02
   5.8735054e-02
   2.4937404e-02
   2.6004093e-02
   2.7548784e-02
   1.2873598e-02
   1.4646566e-02
   4.3148063e-02
   2.2425147e-02
   8.7663773e-03
   1.9671485e-02
   4.0098913e-02
   4.0696770e-02
   5.3224027e-02
   3.8749944e-02
   3.3026561e-02
   3.9493922e-02
   6.1826762e-02
   3.1514637e-02
   2.2597237e-02
   2.4931861e-02
   1.2699255e-02
   1.9971030e-02
   3.0677291e-02
   2.2421161e-02
   8.5585322e-03
   1.8937949e-02
   6.1824899e-02
   4.8479225e-02
   5.1862456e-02
   1.1213358e-01
   5.3459778e-02
   4.0275559e-02
   6.9839329e-02
   8.2243375e-02
   5.4926746e-02
   2.8616454e-02
   3.4448214e-02
   8.1618808e-02
   5.7814587e-02
   2.2758137e-02
   2.6704220e-02
   8.0993816e-02
   1.4814669e-01
   5.2956756e-02
   9.0007290e-02
   1.9315118e-01
   1.1392120e-01
   3.6210481e-02
   6.8046518e-02
   2.2545810e-01
   1.3196412e-01
   5.6992956e-02
   5.9800014e-02
   2.1515270e-01
   9.9693328e-02
   3.3275209e-02
   5.9350993e-02
   2.0498671e-01
   7.6423235e-02
   5.0469298e-02
   7.2982572e-02
   6.7621261e-02
   6.0251541e-02
   3.1522647e-02
   6.7231707e-02
   9.9069305e-02
   6.1238408e-02
   3.2253798e-02
   2.9736640e-02
   9.0743870e-02
   5.5228177e-02
   2.9583260e-02
   2.7761726e-02
   8.4629036e-02
   3.5827268e-02
   5.0463814e-02
   7.0134848e-02
   3.1545933e-02
   2.7640922e-02
   3.1118730e-02
   4.9467601e-02
   2.6386825e-02
   2.2681557e-02
   2.4043124e-02
   1.1859934e-02
   2.1189809e-02
   3.9166462e-02
   2.2490419e-02
   8.0448380e-03
   2.3772268e-02
   2.5073178e-02
   4.2845562e-02
   6.9682233e-02
   2.2531234e-02
   3.3432893e-02
   2.6390126e-02
   5.3223219e-02
   2.0857491e-02
   2.8409436e-02
   2.8481938e-02
   1.2170093e-02
   1.6571628e-02
   4.4623718e-02
   2.6264757e-02
   8.1849191e-03
   2.0639425e-02
