   7.2123692e-03
   5.4155113e-03
   8.0555724e-03
   2.7485827e-02
   1.0826327e-02
   3.5024520e-02
   2.9564524e-02
   2.0523572e-02
   1.6645240e-02
   4.4741049e-02
   3.7228044e-02
   1.6703147e-02
   2.1890391e-02
   2.0351075e-02
   2.1896085e-02
   1.8612770e-02
   6.7719105e-03
   4.9858550e-03
   7.6303789e-03
   2.5707640e-02
   8.8864705e-03
   2.3310434e-02
   2.0908119e-02
   1.9326027e-02
   1.3843062e-02
   3.1166587e-02
   2.8226683e-02
   1.5768213e-02
   1.6817199e-02
   1.5224360e-02
   1.7733896e-02
   1.7565068e-02
   6.8803648e-03
   5.0317128e-03
   7.9865111e-03
   2.5869096e-02
   8.1062587e-03
   1.5242531e-02
   1.6102027e-02
   1.9567322e-02
   1.2277761e-02
   2.2278138e-02
   2.3015967e-02
   1.6425151e-02
   1.4044925e-02
   1.2858176e-02
   1.5728660e-02
   1.8211788e-02
   7.8050043e-03
   5.5002212e-03
   1.1157804e-02
   2.9350178e-02
   9.3911532e-03
   1.6912509e-02
   2.1439504e-02
   2.4091812e-02
   1.3709823e-02
   2.6075844e-02
   3.4464724e-02
   2.2899510e-02
   1.5758596e-02
   1.6859666e-02
   2.3598392e-02
   2.5561968e-02
   9.2843110e-03
   5.8094598e-03
   1.2603370e-02
   3.2787118e-02
   1.3001998e-02
   2.6038742e-02
   2.7336679e-02
   2.6414713e-02
   1.9340325e-02
   4.4394899e-02
   4.6948608e-02
   2.4835357e-02
   2.2861054e-02
   2.9044205e-02
   3.2326899e-02
   2.8257832e-02
   8.0131274e-03
   5.5519450e-03
   9.2156734e-03
   2.9234244e-02
   1.3997962e-02
   2.3261711e-02
   1.8892571e-02
   2.2210581e-02
   2.2336228e-02
   3.9541617e-02
   2.9858155e-02
   1.8736903e-02
   2.5283745e-02
   2.4472103e-02
   2.0968430e-02
   2.0886401e-02
   6.9064619e-03
   5.0980230e-03
   7.6737073e-03
   2.5726443e-02
   9.6565140e-03
   1.7687865e-02
   1.6491966e-02
   1.9352634e-02
   1.5311395e-02
   2.9924683e-02
   2.3425324e-02
   1.5989268e-02
   1.9203933e-02
   1.6886072e-02
   1.5764529e-02
   1.7672731e-02
   6.8176384e-03
   5.0463164e-03
   7.5512454e-03
   2.5651332e-02
   9.1709988e-03
   2.3950849e-02
   2.1369621e-02
   1.9221248e-02
   1.4920016e-02
   3.6186632e-02
   2.8170038e-02
   1.5711783e-02
   1.8811340e-02
   1.6897608e-02
   1.6949380e-02
   1.7441396e-02
   7.9684313e-03
   6.0395044e-03
   8.8570872e-03
   2.8005682e-02
   1.4536788e-02
   5.5538621e-02
   4.5918249e-02
   2.1668376e-02
   2.4516236e-02
   8.2108788e-02
   6.7555927e-02
   1.7677514e-02
   3.7756208e-02
   4.0207636e-02
   4.3717299e-02
   1.9445712e-02
   7.6492270e-03
   5.7217106e-03
   8.5834190e-03
   2.7044151e-02
   1.1637460e-02
   3.7041932e-02
   3.1500224e-02
   2.1074569e-02
   1.9553402e-02
   5.7331868e-02
   5.0693981e-02
   1.7197283e-02
   2.6746627e-02
   2.8913386e-02
   3.3818010e-02
   1.8801646e-02
   7.7333990e-03
   5.7443385e-03
   9.0648858e-03
   2.7361576e-02
   9.8853279e-03
   2.2946335e-02
   2.2784660e-02
   2.1744566e-02
   1.6450018e-02
   3.8711663e-02
   3.8367976e-02
   1.8139776e-02
   1.9545019e-02
   2.2032544e-02
   2.7287217e-02
   1.9518390e-02
   8.3386814e-03
   6.0965819e-03
   1.2541245e-02
   2.9553337e-02
   1.0586064e-02
   2.3938462e-02
   3.0129809e-02
   2.6062215e-02
   1.7080316e-02
   4.2092104e-02
   5.3755183e-02
   2.6257478e-02
   2.1187870e-02
   2.8553516e-02
   3.9566144e-02
   2.9321736e-02
   9.6990010e-03
   6.4686420e-03
   1.4087990e-02
   3.1533878e-02
   1.5502341e-02
   3.6380421e-02
   3.7722629e-02
   2.7473358e-02
   2.5375875e-02
   6.8903841e-02
   7.1877159e-02
   2.7407248e-02
   3.4136642e-02
   5.0544307e-02
   5.4936316e-02
   3.1032849e-02
   8.5800942e-03
   6.2600402e-03
   1.0067460e-02
   2.9732674e-02
   1.8973621e-02
   3.2831021e-02
   2.5848059e-02
   2.3214746e-02
   3.2697994e-02
   6.2108189e-02
   4.7283661e-02
   1.9490601e-02
   3.9331231e-02
   4.2710882e-02
   3.6037583e-02
   2.1233777e-02
   7.7600596e-03
   5.9345462e-03
   8.7345084e-03
   2.7637208e-02
   1.2321313e-02
   2.6187485e-02
   2.3913981e-02
   2.1131065e-02
   2.2272039e-02
   5.0991718e-02
   4.0672526e-02
   1.7638102e-02
   3.0019706e-02
   3.0742884e-02
   2.8650589e-02
   1.8816678e-02
   7.7351341e-03
   5.8620339e-03
   8.5523641e-03
   2.7213173e-02
   1.1769936e-02
   3.7627496e-02
   3.2780930e-02
   2.0938493e-02
   2.2092221e-02
   6.6217192e-02
   5.1671565e-02
   1.7321482e-02
   3.1298175e-02
   3.2827262e-02
   3.2491583e-02
   1.8586867e-02
   7.0458385e-03
   5.5759992e-03
   8.3379447e-03
   2.3774806e-02
   1.4757052e-02
   5.4509159e-02
   4.6592686e-02
   1.8573724e-02
   2.9389612e-02
   8.0523923e-02
   6.8917610e-02
   1.5283174e-02
   5.0762899e-02
   5.6766082e-02
   6.0987163e-02
   1.6940694e-02
   6.8368441e-03
   5.2384692e-03
   8.0552874e-03
   2.3059119e-02
   1.1579750e-02
   3.6463022e-02
   3.1942271e-02
   1.8501421e-02
   2.2755757e-02
   5.9898540e-02
   5.2928455e-02
   1.5321722e-02
   3.6161240e-02
   4.1270662e-02
   4.6921667e-02
   1.6151551e-02
   6.6747041e-03
   5.2365600e-03
   8.6063361e-03
   2.3927389e-02
   9.6294861e-03
   2.2835337e-02
   2.2391042e-02
   1.9800840e-02
   1.8407876e-02
   4.2372644e-02
   3.8599450e-02
   1.6713005e-02
   2.4317726e-02
   2.9774394e-02
   3.3816092e-02
   1.7491844e-02
   7.0504798e-03
   5.3844610e-03
   1.2820095e-02
   2.4940025e-02
   9.9397106e-03
   2.1615179e-02
   3.0691586e-02
   2.4239566e-02
   1.8272718e-02
   4.1583251e-02
   4.9681723e-02
   2.8707683e-02
   2.3994565e-02
   3.3746764e-02
   4.2031474e-02
   3.1687673e-02
   8.4708072e-03
   5.6543788e-03
   1.4414084e-02
   2.6353139e-02
   1.7658537e-02
   3.1787638e-02
   3.6546763e-02
   2.4917820e-02
   3.1220302e-02
   6.2743440e-02
   6.5534741e-02
   2.9258274e-02
   3.5713691e-02
   5.3291366e-02
   5.5988420e-02
   3.3021193e-02
   7.5626969e-03
   5.6583486e-03
   9.4728675e-03
   2.4994126e-02
   2.4464943e-02
   2.8532295e-02
   2.1979347e-02
   1.9891713e-02
   4.5103349e-02
   5.3506486e-02
   4.1196555e-02
   1.7139057e-02
   4.0975582e-02
   4.5528051e-02
   4.0465966e-02
   1.8289672e-02
   6.9019417e-03
   5.5747675e-03
   8.2625849e-03
   2.3739055e-02
   1.3193208e-02
   2.3184193e-02
   2.1899078e-02
   1.8550882e-02
   2.6626181e-02
   4.6715382e-02
   4.0171798e-02
   1.5337430e-02
   3.3252981e-02
   3.7463397e-02
   3.7677489e-02
   1.5902797e-02
   6.8643023e-03
   5.5477256e-03
   8.0532860e-03
   2.3326591e-02
   1.1392340e-02
   3.4624588e-02
   3.1079840e-02
   1.8285951e-02
   2.5372401e-02
   6.3525856e-02
   5.3233359e-02
   1.4900632e-02
   3.9539825e-02
   4.5048606e-02
   4.5509811e-02
   1.6020156e-02
   5.8190688e-03
   4.5131352e-03
   6.8444228e-03
   1.7860690e-02
   1.4630057e-02
   5.6090679e-02
   4.9669404e-02
   1.4118178e-02
   2.7781380e-02
   5.9406571e-02
   5.4545898e-02
   1.1650562e-02
   5.0023578e-02
   4.9961064e-02
   5.4161422e-02
   1.3948812e-02
   5.4951203e-03
   4.1021504e-03
   6.8298550e-03
   1.7601050e-02
   1.0796318e-02
   3.7160791e-02
   3.1790439e-02
   1.4407534e-02
   2.1759598e-02
   5.0700225e-02
   4.4315491e-02
   1.2027483e-02
   3.4720093e-02
   3.7822612e-02
   4.2316679e-02
   1.3117100e-02
   5.3470749e-03
   4.2757555e-03
   7.3119062e-03
   1.8838124e-02
   8.0556776e-03
   2.3074698e-02
   2.3655986e-02
   1.6250802e-02
   1.7283581e-02
   3.7406102e-02
   3.3641994e-02
   1.4634626e-02
   2.3120677e-02
   2.9040106e-02
   3.2049138e-02
   1.5884150e-02
   5.8460450e-03
   4.4447388e-03
   1.4255124e-02
   2.0034540e-02
   8.7754531e-03
   1.8541502e-02
   3.7886214e-02
   2.2648532e-02
   1.6895832e-02
   3.4190744e-02
   4.7764853e-02
   3.4955341e-02
   2.1835025e-02
   2.8380055e-02
   3.6440779e-02
   3.9504413e-02
   7.7989507e-03
   4.7310945e-03
   1.6763411e-02
   2.1004053e-02
   2.1379806e-02
   3.8525600e-02
   4.8880838e-02
   2.2922318e-02
   3.8540162e-02
   6.9956295e-02
   7.1963266e-02
   3.5786368e-02
   3.4253865e-02
   4.6350140e-02
   5.0221823e-02
   4.1153960e-02
   6.8024253e-03
   4.6970891e-03
   8.8739805e-03
   1.9552261e-02
   3.2942593e-02
   3.2074213e-02
   2.1400124e-02
   1.5711615e-02
   6.0379516e-02
   5.4097492e-02
   3.0958539e-02
   1.4991395e-02
   3.8637076e-02
   3.6161575e-02
   3.1620380e-02
   1.6096780e-02
   5.8263764e-03
   4.5366064e-03
   7.0480551e-03
   1.8114930e-02
   1.4399762e-02
   2.0430563e-02
   2.1012975e-02
   1.4640348e-02
   2.9191131e-02
   3.5864018e-02
   3.1024138e-02
   1.1943980e-02
   2.6794400e-02
   3.1054474e-02
   3.0495649e-02
   1.2294349e-02
   5.4261438e-03
   4.6151974e-03
   6.9123441e-03
   1.8242639e-02
   1.0432454e-02
   3.3974797e-02
   2.9468043e-02
   1.3837229e-02
   2.3777114e-02
   5.1346187e-02
   4.1363321e-02
   1.1511204e-02
   3.4605965e-02
   3.8484778e-02
   3.9059404e-02
   1.2275747e-02
