   4.1421324e-02
   2.2800710e-02
   3.8077503e-02
   1.4083344e-02
   3.6207628e-02
   3.1704959e-02
   2.9326988e-02
   1.5766509e-02
   2.7710196e-02
   4.2510498e-02
   5.4752663e-02
   1.6533438e-02
   2.3274368e-02
   4.3205105e-02
   3.4572851e-02
   1.9683003e-02
   4.0061321e-02
   1.4732053e-02
   2.8677693e-02
   1.4980246e-02
   3.5651937e-02
   2.4698339e-02
   2.4928739e-02
   1.6714143e-02
   2.6148142e-02
   5.4598819e-02
   5.5673707e-02
   1.5626421e-02
   2.1703703e-02
   4.5171142e-02
   3.5538826e-02
   2.0264953e-02
   3.9729197e-02
   1.1234634e-02
   2.4488859e-02
   2.3520032e-02
   3.3232041e-02
   2.4002934e-02
   2.2621442e-02
   1.6965898e-02
   2.3529816e-02
   5.5971883e-02
   5.0370134e-02
   1.6515767e-02
   1.9759605e-02
   4.7489148e-02
   3.7893727e-02
   2.0847339e-02
   4.4362735e-02
   1.9139202e-02
   3.3913992e-02
   2.3287691e-02
   3.4929037e-02
   3.7195820e-02
   3.4052350e-02
   1.7389348e-02
   2.2537636e-02
   4.7634412e-02
   5.7722408e-02
   1.9226616e-02
   2.0137155e-02
   4.9422778e-02
   4.3119196e-02
   2.5242759e-02
   5.4525387e-02
   2.5101352e-02
   6.5560535e-02
   1.6203808e-02
   8.3815038e-02
   6.7239754e-02
   4.6984095e-02
   1.7928069e-02
   6.5115124e-02
   5.1486604e-02
   6.1361518e-02
   1.8068394e-02
   6.2938720e-02
   8.1429228e-02
   5.2147660e-02
   2.4952302e-02
   1.0049778e-01
   1.5010532e-02
   4.4012621e-02
   1.4762887e-02
   1.7178760e-01
   5.1688466e-02
   3.2733176e-02
   1.7848415e-02
   1.2585086e-01
   4.4466674e-02
   4.9107604e-02
   1.7249865e-02
   9.6339911e-02
   6.8624012e-02
   3.9888352e-02
   2.0081384e-02
   8.4201559e-02
   1.1268164e-02
   2.5416572e-02
   1.4356505e-02
   8.0414534e-02
   2.6595084e-02
   2.0501109e-02
   1.7174404e-02
   5.0504979e-02
   5.0916482e-02
   5.0242130e-02
   1.5932834e-02
   3.7705224e-02
   5.6005333e-02
   3.3882465e-02
   1.9157056e-02
   4.3568503e-02
   1.5362476e-02
   2.7849490e-02
   1.3721725e-02
   3.4475476e-02
   2.5114488e-02
   2.2006761e-02
   1.6858239e-02
   2.4851043e-02
   5.6203067e-02
   5.1220283e-02
   1.6007548e-02
   2.5796488e-02
   5.2250460e-02
   3.5923667e-02
   1.8665278e-02
   4.5891639e-02
   2.4686137e-02
   3.6779907e-02
   8.6512957e-03
   3.1279664e-02
   3.3684041e-02
   2.8142564e-02
   1.0488470e-02
   2.4783097e-02
   3.9218798e-02
   5.0238118e-02
   9.4131837e-03
   1.9332489e-02
   5.0522830e-02
   4.0812396e-02
   1.1054210e-02
   4.6023857e-02
   1.7932771e-02
   2.8228378e-02
   1.0067275e-02
   3.0700440e-02
   3.1420618e-02
   2.4989046e-02
   1.1501780e-02
   2.1569399e-02
   4.7159314e-02
   4.6637792e-02
   9.9912528e-03
   1.5526434e-02
   5.3342242e-02
   3.8375445e-02
   1.1597430e-02
   5.0214227e-02
   1.1295260e-02
   2.2243267e-02
   2.2017216e-02
   3.2883562e-02
   2.4939168e-02
   2.1846609e-02
   1.3052871e-02
   2.0613747e-02
   4.4047784e-02
   3.9639406e-02
   1.1791751e-02
   1.5286124e-02
   5.8693644e-02
   4.2593561e-02
   1.2889518e-02
   6.1452076e-02
   2.2698447e-02
   2.8070504e-02
   2.1362234e-02
   4.5413405e-02
   3.8198426e-02
   3.4574319e-02
   1.3069480e-02
   2.8133437e-02
   3.4061361e-02
   5.7747789e-02
   1.4396915e-02
   2.1655461e-02
   5.7880197e-02
   5.5689361e-02
   2.2256609e-02
   8.2005315e-02
   3.2364774e-02
   6.9876455e-02
   1.2782324e-02
   1.2732218e-01
   6.7824714e-02
   5.6518842e-02
   1.2690632e-02
   1.0386455e-01
   4.3629918e-02
   7.0093498e-02
   1.1785574e-02
   8.8517025e-02
   9.2792511e-02
   6.6655517e-02
   2.1505257e-02
   1.6057527e-01
   1.6068859e-02
   4.5579564e-02
   1.0161866e-02
   2.8135967e-01
   4.9623918e-02
   3.6678910e-02
   1.2066456e-02
   2.0366551e-01
   3.8811248e-02
   4.6628907e-02
   1.1106797e-02
   1.3792442e-01
   7.5349070e-02
   4.6792544e-02
   1.2133370e-02
   1.3883977e-01
   1.2466666e-02
   2.0789934e-02
   1.0547391e-02
   1.3336034e-01
   2.5634337e-02
   1.6614849e-02
   1.0713756e-02
   8.2559243e-02
   3.6387172e-02
   4.1088913e-02
   1.0625417e-02
   4.7871493e-02
   5.7403576e-02
   4.1745450e-02
   1.0266345e-02
   5.5085696e-02
   1.7613197e-02
   2.7157160e-02
   8.8865403e-03
   3.7870780e-02
   2.5737491e-02
   2.2217112e-02
   9.9220527e-03
   2.6426364e-02
   3.9998703e-02
   3.9854221e-02
   9.6306335e-03
   2.1023767e-02
   6.3264303e-02
   3.8271662e-02
   1.0468503e-02
   6.4106315e-02
   2.4218636e-02
   2.6900781e-02
   8.4083406e-03
   4.5713637e-02
   4.2382598e-02
   2.7992846e-02
   8.4388237e-03
   3.2389518e-02
   4.4280585e-02
   5.4745033e-02
   6.4693508e-03
   2.4345074e-02
   6.9554739e-02
   5.1745154e-02
   7.9650227e-03
   6.4905092e-02
   2.2172593e-02
   2.3184003e-02
   1.1659565e-02
   4.6561036e-02
   3.7975248e-02
   2.5116628e-02
   8.8017741e-03
   3.1000745e-02
   3.3571970e-02
   4.8170254e-02
   5.9254253e-03
   1.9755792e-02
   6.3060977e-02
   4.8718549e-02
   8.2307486e-03
   8.0742292e-02
   1.5486243e-02
   2.1224655e-02
   3.6048464e-02
   5.6565359e-02
   3.0223407e-02
   2.0682506e-02
   1.1135853e-02
   3.5506561e-02
   3.1886227e-02
   4.2938676e-02
   7.3307958e-03
   2.1371897e-02
   6.7951635e-02
   4.6691265e-02
   1.1058806e-02
   8.9287743e-02
   3.5641965e-02
   2.9681260e-02
   3.5159200e-02
   6.3296996e-02
   4.5915078e-02
   4.1175064e-02
   1.1336041e-02
   5.2838426e-02
   3.5877328e-02
   6.8041757e-02
   1.0798982e-02
   3.1394653e-02
   6.7206763e-02
   7.7737816e-02
   2.5511770e-02
   1.1121207e-01
   4.9649447e-02
   8.8814013e-02
   1.6028192e-02
   1.1950803e-01
   7.8351706e-02
   7.7486336e-02
   9.4970213e-03
   1.1942495e-01
   2.5660034e-02
   7.7246413e-02
   9.5487405e-03
   1.0548031e-01
   8.3738096e-02
   1.0351114e-01
   2.5353625e-02
   2.1588807e-01
   1.9506779e-02
   5.7758268e-02
   1.1781521e-02
   2.9617009e-01
   4.9130693e-02
   4.8782859e-02
   9.5072845e-03
   2.4339506e-01
   3.6762591e-02
   5.3486645e-02
   8.6256489e-03
   1.6667517e-01
   7.1786806e-02
   6.2205747e-02
   9.8170824e-03
   2.1156502e-01
   1.4608374e-02
   2.0824015e-02
   9.5547102e-03
   1.7196594e-01
   2.4331871e-02
   1.8971568e-02
   8.2897469e-03
   1.0980447e-01
   3.4600865e-02
   4.2050041e-02
   7.4999062e-03
   6.8416052e-02
   6.4816356e-02
   4.7555499e-02
   7.3477584e-03
   8.9593008e-02
   1.9213242e-02
   2.1430086e-02
   8.5204216e-03
   5.8671441e-02
   2.9793510e-02
   2.0456657e-02
   7.0151831e-03
   3.8674302e-02
   3.0820081e-02
   4.3300696e-02
   5.9082992e-03
   3.0278454e-02
   7.2749391e-02
   4.3867357e-02
   6.4534578e-03
   7.7325985e-02
   3.3475395e-02
   2.9177189e-02
   1.0474394e-02
   6.2871434e-02
   3.6971226e-02
   2.5621539e-02
   7.2500738e-03
   4.5148950e-02
   5.0852869e-02
   6.2813707e-02
   6.4919670e-03
   3.8105801e-02
   9.7767331e-02
   7.8974620e-02
   9.9296272e-03
   8.8217035e-02
   2.6713200e-02
   2.3736432e-02
   1.9743970e-02
   5.8943111e-02
   3.7381187e-02
   2.8430121e-02
   8.7685147e-03
   4.0334243e-02
   3.9359026e-02
   6.6939555e-02
   5.3528189e-03
   3.6762681e-02
   7.0497885e-02
   6.8640351e-02
   1.0102288e-02
   7.2257899e-02
   2.3846732e-02
   1.9697644e-02
   6.8675943e-02
   5.8591787e-02
   3.3966620e-02
   3.0765083e-02
   1.0067951e-02
   4.6182118e-02
   3.0932344e-02
   6.1017480e-02
   5.0842124e-03
   3.6720291e-02
   6.6930197e-02
   6.2002596e-02
   1.0608769e-02
   1.1880799e-01
   6.5018222e-02
   3.9744973e-02
   6.8532035e-02
   8.6691983e-02
   6.2028244e-02
   5.9948310e-02
   1.0242761e-02
   5.3616237e-02
   3.9109316e-02
   8.7511361e-02
   8.5565709e-03
   3.3369284e-02
   6.1352991e-02
   9.6242204e-02
   3.1584807e-02
   1.1622696e-01
   8.6609654e-02
   1.1463783e-01
   3.0611416e-02
   8.3936729e-02
   1.1034898e-01
   1.0902356e-01
   1.1661849e-02
   7.4485548e-02
   2.5092389e-02
   9.9382989e-02
   1.1201059e-02
   8.7167896e-02
   8.8687614e-02
   1.3829914e-01
   4.0228117e-02
   1.3024925e-01
   3.1257376e-02
   7.6670147e-02
   2.0994389e-02
   1.4217068e-01
   7.4267030e-02
   7.7612311e-02
   1.0587991e-02
   1.4576198e-01
   4.4958819e-02
   6.8679832e-02
   5.5449470e-03
   1.2289482e-01
   8.8705570e-02
   8.5569851e-02
   1.2731749e-02
   1.4582278e-01
   2.0824226e-02
   2.2885954e-02
   1.6144194e-02
   1.0494488e-01
   3.3211611e-02
   2.7130816e-02
   8.9580268e-03
   7.9156920e-02
   3.4335844e-02
   5.5878919e-02
   5.6454311e-03
   5.4804899e-02
   8.5518911e-02
   7.7560090e-02
   6.6655553e-03
   8.4237009e-02
   2.8224761e-02
   1.8925756e-02
   1.1805604e-02
   7.3161207e-02
   2.8172852e-02
   1.5495413e-02
   6.0130265e-03
   4.7537912e-02
   3.3117000e-02
   4.7079619e-02
   4.4410205e-03
   4.0055003e-02
   7.9901531e-02
   7.1436383e-02
   7.8121517e-03
