   1.3204433e-02
   1.5790280e-02
   1.9214571e-02
   2.8007278e-02
   2.4923157e-02
   2.7277041e-02
   1.5518607e-02
   2.2111958e-02
   1.2718315e-02
   8.4943641e-03
   7.6851398e-03
   3.4518231e-02
   2.2885682e-02
   1.6545068e-02
   1.1729713e-02
   4.4386521e-02
   9.5874341e-03
   1.0112487e-02
   1.4050883e-02
   2.4602612e-02
   2.2477364e-02
   2.2719128e-02
   1.0787707e-02
   2.1577576e-02
   1.1962879e-02
   7.8855176e-03
   7.1981130e-03
   3.2936364e-02
   2.1633454e-02
   1.5231439e-02
   1.1039020e-02
   4.2131688e-02
   8.2230540e-03
   7.7132662e-03
   1.2920481e-02
   2.4265394e-02
   1.7532153e-02
   1.5098670e-02
   8.9273565e-03
   2.3540748e-02
   1.1814092e-02
   7.6826336e-03
   7.3365388e-03
   3.3241853e-02
   2.1395236e-02
   1.4869969e-02
   1.1020986e-02
   4.2662766e-02
   8.9170877e-03
   8.1263306e-03
   1.4284134e-02
   2.6594711e-02
   1.6428599e-02
   1.3621682e-02
   1.0013011e-02
   2.9331436e-02
   1.3126609e-02
   8.2575036e-03
   1.0449453e-02
   3.6714863e-02
   2.3629578e-02
   1.6263727e-02
   1.3466751e-02
   4.8392374e-02
   1.1000883e-02
   8.9483531e-03
   1.5718061e-02
   2.8564690e-02
   1.7469725e-02
   1.7285466e-02
   1.0727392e-02
   2.7696673e-02
   1.4605045e-02
   8.7179346e-03
   1.2000221e-02
   4.0123638e-02
   2.5947597e-02
   1.7400322e-02
   1.4573943e-02
   5.3797316e-02
   1.0789461e-02
   8.6767413e-03
   1.3883465e-02
   2.6399886e-02
   1.7890094e-02
   1.6615350e-02
   9.4251940e-03
   2.4642974e-02
   1.2968227e-02
   8.3830850e-03
   8.4427008e-03
   3.6727075e-02
   2.3481153e-02
   1.6462624e-02
   1.2279085e-02
   4.8170928e-02
   9.8430347e-03
   7.7551398e-03
   1.2482221e-02
   2.4079811e-02
   1.7267572e-02
   1.4534899e-02
   8.8582169e-03
   2.1953821e-02
   1.1686462e-02
   7.8163706e-03
   7.3394808e-03
   3.2954201e-02
   2.1413824e-02
   1.5187202e-02
   1.1068850e-02
   4.2712200e-02
   9.4135739e-03
   1.0354875e-02
   1.4309954e-02
   2.4629837e-02
   2.1459000e-02
   2.1243319e-02
   1.1042661e-02
   2.1363914e-02
   1.1841399e-02
   7.9694428e-03
   7.2646649e-03
   3.2834463e-02
   2.1576172e-02
   1.5342399e-02
   1.1004462e-02
   4.2424269e-02
   1.4890483e-02
   1.8877393e-02
   2.2706067e-02
   3.0688588e-02
   3.1409916e-02
   3.7724465e-02
   1.9805131e-02
   2.2460422e-02
   1.2179476e-02
   8.5659735e-03
   7.7113668e-03
   3.2050692e-02
   2.1199437e-02
   1.6652899e-02
   1.1611236e-02
   4.1036945e-02
   1.0524183e-02
   1.1768000e-02
   1.5939578e-02
   2.6120916e-02
   3.0008739e-02
   3.3954233e-02
   1.2546056e-02
   2.2089167e-02
   1.1732053e-02
   8.2555590e-03
   7.4153594e-03
   3.1167358e-02
   2.0495210e-02
   1.5353420e-02
   1.1146368e-02
   3.9935019e-02
   8.6906636e-03
   8.6011337e-03
   1.4223371e-02
   2.5957899e-02
   2.1312241e-02
   2.0473795e-02
   9.5767984e-03
   2.5996126e-02
   1.1723072e-02
   8.2398048e-03
   7.7683670e-03
   3.2045450e-02
   2.0298926e-02
   1.5086859e-02
   1.1332266e-02
   4.0631618e-02
   9.1621121e-03
   8.8592600e-03
   1.5604274e-02
   2.7857024e-02
   1.8398583e-02
   1.6821763e-02
   1.1038248e-02
   3.6713555e-02
   1.2463943e-02
   8.5968748e-03
   1.1625309e-02
   3.4006927e-02
   2.1455826e-02
   1.5922442e-02
   1.4006298e-02
   4.4323903e-02
   1.1336333e-02
   1.0018424e-02
   1.7318387e-02
   2.9040894e-02
   1.8813198e-02
   2.2654383e-02
   1.1905417e-02
   2.8551323e-02
   1.3476021e-02
   8.9384019e-03
   1.3421000e-02
   3.5748038e-02
   2.2577368e-02
   1.6761357e-02
   1.5140307e-02
   4.6603862e-02
   1.2008025e-02
   9.9822180e-03
   1.5153767e-02
   2.7629105e-02
   2.1048812e-02
   2.1911886e-02
   1.0163425e-02
   2.4557056e-02
   1.2370558e-02
   8.7335557e-03
   8.9259436e-03
   3.4171853e-02
   2.1430239e-02
   1.6366709e-02
   1.2476962e-02
   4.3476496e-02
   1.0886945e-02
   8.7316176e-03
   1.3785111e-02
   2.5926685e-02
   2.0770110e-02
   1.9371146e-02
   9.5991874e-03
   2.2656998e-02
   1.1703410e-02
   8.3124619e-03
   7.8948736e-03
   3.1999078e-02
   2.0462733e-02
   1.5584600e-02
   1.1593848e-02
   4.0776134e-02
   1.0352042e-02
   1.1955111e-02
   1.6090564e-02
   2.6401276e-02
   2.8402643e-02
   3.1524230e-02
   1.2885455e-02
   2.2033697e-02
   1.1731686e-02
   8.3627095e-03
   7.6136156e-03
   3.1582411e-02
   2.0594815e-02
   1.5533813e-02
   1.1300935e-02
   4.0465318e-02
   1.6703928e-02
   2.3852097e-02
   2.7720017e-02
   3.3716250e-02
   3.4470066e-02
   4.5626141e-02
   2.7112523e-02
   2.0970782e-02
   9.7010704e-03
   7.8582764e-03
   7.1478374e-03
   2.6792504e-02
   1.5862323e-02
   1.4011313e-02
   9.7895181e-03
   3.2722346e-02
   1.1059890e-02
   1.3752770e-02
   1.7305195e-02
   2.6234722e-02
   3.6701929e-02
   4.4089355e-02
   1.5038554e-02
   2.0111347e-02
   9.5375581e-03
   7.6239146e-03
   6.9366531e-03
   2.6373411e-02
   1.5417325e-02
   1.3032799e-02
   9.7808791e-03
   3.2102752e-02
   8.2650520e-03
   8.6322725e-03
   1.4350168e-02
   2.4892857e-02
   2.1721909e-02
   2.2401448e-02
   9.3608275e-03
   2.9223785e-02
   9.7870706e-03
   7.6202913e-03
   7.4611688e-03
   2.6997944e-02
   1.5463169e-02
   1.3032562e-02
   1.0140855e-02
   3.3207037e-02
   8.5749021e-03
   8.7111266e-03
   1.5904626e-02
   2.6195478e-02
   1.7897859e-02
   1.8046999e-02
   1.1388349e-02
   5.0163757e-02
   1.0222519e-02
   7.8786975e-03
   1.2514374e-02
   2.8284673e-02
   1.6107390e-02
   1.3501728e-02
   1.3282336e-02
   3.5693552e-02
   1.1216059e-02
   1.0689133e-02
   1.7839903e-02
   2.6466133e-02
   1.8666178e-02
   2.9928442e-02
   1.2259295e-02
   3.0370234e-02
   1.1032027e-02
   7.9700360e-03
   1.4535029e-02
   2.9579436e-02
   1.7144833e-02
   1.3805500e-02
   1.4287079e-02
   3.7885286e-02
   1.3614111e-02
   1.0853321e-02
   1.5358485e-02
   2.5506811e-02
   2.6183233e-02
   3.0585205e-02
   9.9331839e-03
   2.1626631e-02
   1.0078437e-02
   7.9682525e-03
   8.6223381e-03
   2.8619364e-02
   1.6294047e-02
   1.3840090e-02
   1.0932309e-02
   3.5803083e-02
   1.1598398e-02
   8.7251840e-03
   1.4101801e-02
   2.4518715e-02
   1.9515356e-02
   1.8742647e-02
   9.4127730e-03
   2.0712364e-02
   9.6928747e-03
   7.6516140e-03
   7.5740940e-03
   2.7672287e-02
   1.5762448e-02
   1.3682935e-02
   1.0378043e-02
   3.3565372e-02
   1.0742630e-02
   1.3424239e-02
   1.7803270e-02
   2.6207672e-02
   3.2353517e-02
   3.7948538e-02
   1.5359819e-02
   2.0279869e-02
   9.5901461e-03
   7.6309764e-03
   7.2044739e-03
   2.6904216e-02
   1.5737791e-02
   1.3403982e-02
   9.8712109e-03
   3.2406110e-02
   2.0047642e-02
   3.3609364e-02
   3.7452720e-02
   3.8504694e-02
   2.1830549e-02
   3.4934018e-02
   3.5389882e-02
   1.8645918e-02
   6.9022980e-03
   6.2366100e-03
   5.6934282e-03
   2.0455230e-02
   1.0522313e-02
   1.0269785e-02
   7.5681624e-03
   2.3241842e-02
   1.1305857e-02
   1.5861273e-02
   1.9806767e-02
   2.4891790e-02
   1.8545974e-02
   2.3864649e-02
   1.7364336e-02
   1.6914241e-02
   6.9716102e-03
   6.0677007e-03
   5.5943774e-03
   1.9806612e-02
   1.0340907e-02
   9.7554717e-03
   7.3310984e-03
   2.3339452e-02
   7.0126909e-03
   7.4393945e-03
   1.2861582e-02
   2.0967336e-02
   1.1584027e-02
   1.2177599e-02
   8.3073815e-03
   3.7109192e-02
   7.0959353e-03
   5.7767974e-03
   6.0325637e-03
   2.0073721e-02
   1.0246028e-02
   9.8721851e-03
   7.9713920e-03
   2.4078446e-02
   7.4962163e-03
   7.4833776e-03
   1.5444883e-02
   2.1651966e-02
   1.1208255e-02
   1.4471145e-02
   1.1425560e-02
   7.5156324e-02
   7.4274978e-03
   5.7930220e-03
   1.4032694e-02
   2.0517444e-02
   1.0796598e-02
   9.9102147e-03
   1.2780074e-02
   2.6517332e-02
   1.1387147e-02
   1.0846285e-02
   1.8061804e-02
   2.0670531e-02
   2.0673148e-02
   3.8305581e-02
   1.2623240e-02
   3.7867215e-02
   8.6237192e-03
   6.1241984e-03
   1.7144579e-02
   2.1938037e-02
   1.1871844e-02
   9.8656714e-03
   1.4174114e-02
   2.9729342e-02
   1.6967736e-02
   1.0901322e-02
   1.4315544e-02
   1.9392099e-02
   3.6258843e-02
   4.0032208e-02
   8.8519212e-03
   1.8239429e-02
   7.2252224e-03
   6.2412922e-03
   7.5224387e-03
   2.1227369e-02
   1.0714894e-02
   9.7838854e-03
   8.6898366e-03
   2.5681136e-02
   1.2639329e-02
   7.5549576e-03
   1.2371669e-02
   1.8695882e-02
   1.7513761e-02
   1.5227175e-02
   8.0042100e-03
   1.7186821e-02
   6.9509139e-03
   6.1844410e-03
   5.8509675e-03
   2.0140031e-02
   1.0346235e-02
   9.9440925e-03
   7.5277844e-03
   2.4377665e-02
   1.0967965e-02
   1.5851347e-02
   1.9949544e-02
   2.3967382e-02
   1.4817355e-02
   2.0722140e-02
   1.7867204e-02
   1.6785227e-02
   6.7024021e-03
   6.0162633e-03
   5.8072014e-03
   1.9603714e-02
   1.0110749e-02
   9.8225800e-03
   7.5725061e-03
   2.3511380e-02
