   3.7288100e-02
   4.4038996e-02
   4.7309801e-02
   1.3984650e-02
   7.1834221e-02
   9.4750874e-02
   5.2220453e-02
   1.2973511e-02
   8.5359663e-02
   1.2693046e-01
   7.9621673e-02
   1.2738453e-02
   6.3408293e-02
   1.3957480e-01
   1.1464836e-01
   3.5510056e-02
   6.1961427e-02
   4.7760773e-02
   3.7672602e-02
   1.3022443e-02
   8.8770352e-02
   1.0453836e-01
   2.6169037e-02
   1.3353667e-02
   4.9550433e-02
   6.7567751e-02
   3.6411040e-02
   1.1997836e-02
   4.0566638e-02
   6.1277684e-02
   5.3982329e-02
   2.0206641e-02
   9.9037535e-02
   1.0177416e-01
   3.6494225e-02
   1.3484084e-02
   5.1485121e-02
   1.0968896e-01
   1.4197623e-02
   1.3406819e-02
   4.2201083e-02
   4.2904135e-02
   1.3193924e-02
   1.1905184e-02
   2.8147630e-02
   1.9429894e-02
   2.4461158e-02
   1.3040746e-02
   6.3121513e-02
   1.3811195e-01
   4.2654060e-02
   1.4414861e-02
   4.5302473e-02
   8.9312553e-02
   2.7528910e-02
   1.4568235e-02
   4.6199214e-02
   5.1014926e-02
   2.4195405e-02
   1.4145773e-02
   3.0781180e-02
   1.9963160e-02
   3.8747806e-02
   1.1518116e-02
   4.5388836e-02
   6.9352105e-02
   6.1097577e-02
   1.6761946e-02
   5.3984281e-02
   8.2458735e-02
   5.6206558e-02
   1.7330078e-02
   5.9539922e-02
   6.5233193e-02
   4.6377156e-02
   1.7226974e-02
   3.5733767e-02
   2.9793672e-02
   3.6690809e-02
   1.2592194e-02
   3.5350680e-02
   4.4823613e-02
   5.3434290e-02
   1.7657416e-02
   4.2594917e-02
   6.2454231e-02
   3.0102676e-02
   1.4862063e-02
   4.9477588e-02
   5.5226326e-02
   2.4415128e-02
   1.4408784e-02
   4.2259857e-02
   3.8896229e-02
   2.1043686e-02
   9.5530516e-03
   3.2140318e-02
   3.9539427e-02
   4.0785324e-02
   1.6842244e-02
   3.7866905e-02
   4.9962737e-02
   1.7670745e-02
   1.3357093e-02
   5.3269036e-02
   6.9389150e-02
   1.6154479e-02
   1.2281355e-02
   8.1090018e-02
   3.0417372e-02
   1.9017983e-02
   9.5531428e-03
   3.3194728e-02
   3.9968874e-02
   4.1487090e-02
   1.4243547e-02
   4.0679995e-02
   5.9359301e-02
   2.9095745e-02
   1.3419898e-02
   9.6245766e-02
   1.0706045e-01
   3.8118947e-02
   1.2044908e-02
   7.2930463e-02
   6.2637396e-02
   5.2527007e-02
   1.7572263e-02
   4.6954550e-02
   4.8130546e-02
   5.6261875e-02
   9.2275739e-03
   1.0809910e-01
   1.2867390e-01
   6.7726366e-02
   8.8539189e-03
   1.2844411e-01
   1.7218535e-01
   1.1804397e-01
   9.8384218e-03
   7.4236169e-02
   1.9288690e-01
   1.5826693e-01
   5.2926727e-02
   9.7911812e-02
   5.4667398e-02
   4.1100774e-02
   8.3565284e-03
   1.4076121e-01
   1.4480509e-01
   3.3390723e-02
   7.8677982e-03
   5.3020727e-02
   8.5609786e-02
   5.2505493e-02
   8.6509334e-03
   4.3416250e-02
   8.1225544e-02
   7.6578259e-02
   2.6753800e-02
   1.5793195e-01
   1.1669184e-01
   3.5643741e-02
   7.9641966e-03
   7.6675236e-02
   1.3604122e-01
   1.3924637e-02
   7.6758494e-03
   4.1762602e-02
   4.4689052e-02
   1.4427061e-02
   8.5756546e-03
   2.9621804e-02
   2.2791617e-02
   3.6651798e-02
   1.3830331e-02
   9.6365951e-02
   1.3202815e-01
   4.4308443e-02
   1.0025090e-02
   5.7786319e-02
   8.6882785e-02
   3.3440147e-02
   1.0286805e-02
   5.0431866e-02
   5.2526888e-02
   3.0859604e-02
   1.0823088e-02
   3.1133831e-02
   2.5729766e-02
   6.5067001e-02
   1.2121720e-02
   5.7365876e-02
   6.8627976e-02
   6.9518864e-02
   1.3588962e-02
   6.7645177e-02
   8.3420038e-02
   7.4401803e-02
   1.5631603e-02
   7.3292598e-02
   5.8488287e-02
   6.4019583e-02
   1.3916702e-02
   3.9222062e-02
   4.3603428e-02
   5.6214396e-02
   1.3768282e-02
   4.2912748e-02
   4.9698602e-02
   6.0893204e-02
   1.5295614e-02
   5.1268619e-02
   7.2573714e-02
   3.6853757e-02
   1.2003845e-02
   5.9347864e-02
   5.8449212e-02
   2.9399706e-02
   1.1311184e-02
   5.6929145e-02
   6.0364902e-02
   2.7447466e-02
   9.1473972e-03
   3.8256254e-02
   4.1743502e-02
   4.4990037e-02
   1.4302071e-02
   4.1323237e-02
   5.8196850e-02
   1.7518260e-02
   9.3117384e-03
   7.7550329e-02
   9.1644704e-02
   1.5630623e-02
   9.1809584e-03
   1.3069634e-01
   4.3364644e-02
   2.3857580e-02
   8.9723626e-03
   3.6818363e-02
   4.1824877e-02
   4.7834236e-02
   1.0508789e-02
   4.5809727e-02
   7.3782004e-02
   3.6523774e-02
   9.2327083e-03
   1.5171508e-01
   1.4406645e-01
   5.5202007e-02
   8.6649256e-03
   1.0987570e-01
   8.4436007e-02
   7.1070559e-02
   2.2893954e-02
   7.6174304e-02
   6.1680526e-02
   7.4347034e-02
   9.9386089e-03
   1.7793734e-01
   8.6299799e-02
   4.4682212e-02
   5.0872210e-03
   1.9212413e-01
   1.3617149e-01
   5.8685467e-02
   1.1558512e-02
   1.1442026e-01
   2.5631711e-01
   2.2634068e-01
   9.0696529e-02
   1.6616063e-01
   5.1313158e-02
   5.7421412e-02
   8.3203511e-03
   2.3590292e-01
   1.2660475e-01
   2.8716138e-02
   6.3292938e-03
   8.5939825e-02
   6.5286152e-02
   3.3326875e-02
   8.2691936e-03
   6.7769513e-02
   1.0404055e-01
   1.0622373e-01
   4.1253708e-02
   2.6502964e-01
   6.2903032e-02
   4.5794994e-02
   6.8188040e-03
   1.3259606e-01
   9.8362602e-02
   1.8538913e-02
   5.1519750e-03
   6.7229845e-02
   4.2384125e-02
   1.4687437e-02
   6.3439924e-03
   4.5538370e-02
   2.2398001e-02
   5.2334145e-02
   1.6614020e-02
   1.3402607e-01
   7.7078760e-02
   6.2004305e-02
   8.9207301e-03
   8.3890155e-02
   6.3419014e-02
   4.4598546e-02
   9.8829176e-03
   7.0299037e-02
   4.4022441e-02
   4.4841919e-02
   1.1136956e-02
   4.9635481e-02
   2.5696533e-02
   9.8027594e-02
   1.4442258e-02
   8.1582986e-02
   6.7878477e-02
   9.9924840e-02
   1.8076042e-02
   7.6061480e-02
   9.1871373e-02
   9.9778026e-02
   1.9142535e-02
   8.6947128e-02
   6.6337846e-02
   9.7443484e-02
   1.6067358e-02
   6.1193753e-02
   5.9161607e-02
   7.8406617e-02
   1.9780099e-02
   6.9838271e-02
   4.8006024e-02
   8.4325127e-02
   2.0059429e-02
   7.8833543e-02
   6.7885220e-02
   4.8368014e-02
   1.1435305e-02
   8.5128501e-02
   5.2296843e-02
   4.2767406e-02
   1.0333609e-02
   9.1222763e-02
   8.6184025e-02
   3.3653375e-02
   1.2755038e-02
   6.3529573e-02
   4.7916956e-02
   5.5616684e-02
   1.5904605e-02
   7.0360221e-02
   6.1980885e-02
   1.9247178e-02
   6.4729969e-03
   1.1641435e-01
   7.8980766e-02
   1.3890446e-02
   6.0594049e-03
   2.0872048e-01
   5.5348277e-02
   3.2511074e-02
   1.0185158e-02
   5.8825590e-02
   5.4254327e-02
   6.2429957e-02
   1.0354190e-02
   7.7945367e-02
   5.6232110e-02
   3.0642582e-02
   6.1428715e-03
   2.2070317e-01
   1.2732016e-01
   2.8407115e-02
   7.3097437e-03
   1.7414989e-01
   1.0407089e-01
   9.8304585e-02
   3.9048359e-02
   7.4458256e-02
   7.3971830e-02
   1.0572901e-01
   1.3412325e-02
   1.6947076e-01
   4.1807294e-02
   4.2884562e-02
   5.3472514e-03
   1.7803067e-01
   1.0370222e-01
   7.1018636e-02
   1.2112260e-02
   1.1735081e-01
   1.7504312e-01
   1.5727139e-01
   8.2817487e-02
   1.3589834e-01
   4.8315302e-02
   7.3157243e-02
   1.2114282e-02
   2.2621541e-01
   6.3138850e-02
   3.1316172e-02
   5.4830136e-03
   9.0343557e-02
   5.3752888e-02
   4.2719677e-02
   9.5283799e-03
   9.5064200e-02
   7.5499028e-02
   7.3586755e-02
   4.1927602e-02
   1.6173942e-01
   5.9742659e-02
   6.0791895e-02
   8.7783812e-03
   1.1168820e-01
   4.7332540e-02
   2.8842652e-02
   4.7200825e-03
   7.5348102e-02
   3.2336324e-02
   1.5063603e-02
   6.4557125e-03
   6.7847051e-02
   2.5671143e-02
   6.4211845e-02
   2.2778470e-02
   8.8516161e-02
   8.9584932e-02
   1.0403521e-01
   1.3941231e-02
   8.4851302e-02
   4.2014517e-02
   6.2942989e-02
   1.6646735e-02
   8.2891248e-02
   3.4418322e-02
   5.4281946e-02
   1.7034234e-02
   5.9141330e-02
   2.2132067e-02
   1.2190741e-01
   2.1040076e-02
   1.0134378e-01
   6.8964630e-02
   1.3858791e-01
   3.0725883e-02
   9.7974196e-02
   7.6147929e-02
   1.2226687e-01
   2.8512625e-02
   1.1269753e-01
   6.3512214e-02
   1.1609057e-01
   2.9463015e-02
   7.9043567e-02
   6.6306651e-02
   1.0095359e-01
   3.0288327e-02
   8.3823316e-02
   3.4763217e-02
   1.0789281e-01
   3.2379184e-02
   8.4587306e-02
   4.9896907e-02
   6.5079801e-02
   1.6348638e-02
   8.5547544e-02
   4.7226887e-02
   5.4734275e-02
   1.5606883e-02
   9.8670028e-02
   9.5508501e-02
   3.1492177e-02
   1.6788060e-02
   8.3495751e-02
   4.1361809e-02
   7.8231998e-02
   2.0333802e-02
   8.8102490e-02
   4.8751913e-02
   3.3922661e-02
   6.2035164e-03
   9.6697517e-02
   5.1400200e-02
   1.6388575e-02
   7.1909032e-03
   2.0137501e-01
   6.0229562e-02
   2.7785221e-02
   1.2904787e-02
   7.4670821e-02
   6.5747760e-02
   8.7845691e-02
   1.3952903e-02
   8.4279150e-02
   3.4914933e-02
   3.9478660e-02
   6.4875223e-03
   2.0732704e-01
   7.1215808e-02
   3.2194518e-02
   6.3884323e-03
   1.6656481e-01
   6.9798835e-02
   7.2234370e-02
   3.9929662e-02
