   1.9687738e-02
   2.8772291e-02
   1.4184369e-02
   3.1273268e-02
   4.0438455e-02
   1.8009730e-02
   1.2265833e-02
   3.3017971e-02
   1.7190987e-02
   2.4147982e-02
   1.0606839e-02
   3.2307677e-02
   1.8638194e-02
   2.5310328e-02
   1.3893623e-02
   3.1964935e-02
   1.9558929e-02
   2.8038006e-02
   1.2667379e-02
   3.2513067e-02
   3.8759150e-02
   1.4669106e-02
   1.1720601e-02
   3.3661582e-02
   1.5934920e-02
   2.1005725e-02
   1.0285285e-02
   3.3120558e-02
   1.7256483e-02
   2.1005563e-02
   1.3605147e-02
   3.3514142e-02
   2.0104188e-02
   2.5655823e-02
   1.4140084e-02
   3.6104951e-02
   3.3844959e-02
   1.4837381e-02
   1.1520356e-02
   3.7606969e-02
   1.6592612e-02
   2.2550017e-02
   1.0941562e-02
   3.7861682e-02
   1.7638268e-02
   2.0680288e-02
   1.4942930e-02
   3.7903711e-02
   4.2105082e-02
   2.6246781e-02
   2.0988716e-02
   4.2353250e-02
   5.3305726e-02
   1.9349739e-02
   1.9722376e-02
   4.4652183e-02
   3.8514148e-02
   2.7518008e-02
   1.9857667e-02
   4.5783054e-02
   4.0439520e-02
   2.5394749e-02
   2.3200061e-02
   4.8094731e-02
   8.3790094e-02
   3.2829762e-02
   3.3940665e-02
   5.1519297e-02
   9.5470846e-02
   2.2857260e-02
   3.5089765e-02
   5.3203117e-02
   8.2086332e-02
   3.3920307e-02
   3.4594249e-02
   5.4696020e-02
   8.7787561e-02
   2.9226443e-02
   3.6526691e-02
   5.2286550e-02
   4.0958457e-02
   2.8800106e-02
   2.1523355e-02
   4.9329724e-02
   5.2564818e-02
   1.8673314e-02
   2.0775232e-02
   4.7052432e-02
   3.9597701e-02
   2.9009737e-02
   1.9223444e-02
   4.4232477e-02
   4.1559651e-02
   2.5679668e-02
   2.0328198e-02
   3.9604761e-02
   1.9334365e-02
   2.6870562e-02
   1.3964981e-02
   3.9318345e-02
   3.2517731e-02
   1.4439097e-02
   1.1875972e-02
   3.9982732e-02
   1.7368384e-02
   2.3467774e-02
   1.1614967e-02
   3.6238119e-02
   1.7766379e-02
   2.4080984e-02
   1.4096403e-02
   3.5307910e-02
   1.8957017e-02
   2.7611975e-02
   1.3584587e-02
   3.2843426e-02
   3.7161190e-02
   1.4530330e-02
   1.1316174e-02
   3.6469135e-02
   1.5712028e-02
   2.2257742e-02
   1.0553503e-02
   3.3461954e-02
   1.8133275e-02
   2.2236289e-02
   1.4257118e-02
   3.1701922e-02
   2.2452796e-02
   3.8990248e-02
   1.3160402e-02
   2.2582393e-02
   3.5406891e-02
   1.8882392e-02
   1.0922599e-02
   2.6022453e-02
   1.8345337e-02
   3.0856187e-02
   9.6556097e-03
   2.3207443e-02
   1.9530922e-02
   2.8845284e-02
   1.1361559e-02
   2.1493472e-02
   2.1620383e-02
   3.0835830e-02
   1.0238434e-02
   2.3596885e-02
   3.2123007e-02
   1.4794230e-02
   1.0114749e-02
   2.4051303e-02
   1.7300680e-02
   2.3733854e-02
   8.3879642e-03
   2.4478503e-02
   1.6171992e-02
   2.1890046e-02
   1.0732410e-02
   2.4457246e-02
   2.2459293e-02
   2.7507635e-02
   1.1223529e-02
   2.6761023e-02
   3.1078247e-02
   1.3703915e-02
   9.8175090e-03
   2.8223600e-02
   1.7872436e-02
   2.6539570e-02
   8.7550972e-03
   2.6671266e-02
   1.6726596e-02
   2.5607407e-02
   1.2401889e-02
   2.8037243e-02
   6.0724296e-02
   2.9521516e-02
   2.2507658e-02
   3.3472177e-02
   6.4153180e-02
   1.8196957e-02
   2.1035707e-02
   3.5980836e-02
   5.5773869e-02
   3.2123219e-02
   2.3450164e-02
   3.7197258e-02
   5.1728223e-02
   3.3612598e-02
   2.5324011e-02
   3.7299335e-02
   1.1875064e-01
   3.7678909e-02
   4.3225300e-02
   4.2607322e-02
   1.1930018e-01
   2.3235174e-02
   4.2420905e-02
   4.8422780e-02
   1.1795785e-01
   4.2144347e-02
   4.2932987e-02
   4.8402671e-02
   1.1516585e-01
   3.7665311e-02
   4.6108779e-02
   4.1153360e-02
   5.9490446e-02
   3.2728117e-02
   2.3157883e-02
   4.1599933e-02
   6.1095938e-02
   1.8094247e-02
   2.1413893e-02
   3.8619205e-02
   5.8660757e-02
   3.2497846e-02
   1.9260556e-02
   3.6895555e-02
   5.5712473e-02
   3.1918194e-02
   2.1424219e-02
   2.9592730e-02
   2.1556130e-02
   3.7750158e-02
   1.1646203e-02
   3.0863052e-02
   2.8726177e-02
   1.5013806e-02
   1.0685712e-02
   2.9598501e-02
   1.9465195e-02
   2.6300807e-02
   8.9008408e-03
   3.0070111e-02
   1.9528506e-02
   3.0110799e-02
   1.0744846e-02
   2.8053712e-02
   2.0696722e-02
   3.9719284e-02
   1.1342671e-02
   2.5122480e-02
   3.0512050e-02
   1.4630248e-02
   9.9085728e-03
   2.7711675e-02
   1.8010076e-02
   2.8995311e-02
   8.3127692e-03
   2.5474574e-02
   1.8494919e-02
   2.5951084e-02
   1.0560053e-02
   2.3508014e-02
   3.1869356e-02
   5.1554751e-02
   1.7483070e-02
   1.9033806e-02
   3.6594868e-02
   2.3235196e-02
   1.2766559e-02
   2.2563614e-02
   2.4505364e-02
   3.1773567e-02
   1.0668818e-02
   1.7647082e-02
   2.4782198e-02
   3.6143444e-02
   1.3204500e-02
   2.1211965e-02
   3.0361855e-02
   4.0961124e-02
   1.0192207e-02
   1.9990720e-02
   3.2950044e-02
   1.7033631e-02
   9.7525241e-03
   2.0344548e-02
   2.6475612e-02
   2.6451038e-02
   8.6651482e-03
   2.1095917e-02
   1.8675400e-02
   2.7197937e-02
   1.0136465e-02
   1.9478181e-02
   2.9767301e-02
   2.6182953e-02
   8.8890884e-03
   2.1492515e-02
   2.9562280e-02
   1.4349206e-02
   9.8540150e-03
   2.6629876e-02
   2.5410917e-02
   2.5806980e-02
   7.6411534e-03
   2.2331640e-02
   2.2727169e-02
   2.6077580e-02
   1.0816612e-02
   2.4354063e-02
   5.0974928e-02
   3.0854676e-02
   2.4907768e-02
   3.2095902e-02
   5.6267578e-02
   1.8985458e-02
   2.7906418e-02
   2.8975774e-02
   4.8638217e-02
   2.8441271e-02
   2.9111207e-02
   3.1690571e-02
   4.7032308e-02
   3.0952279e-02
   3.0120378e-02
   3.1153901e-02
   9.9722013e-02
   4.4697318e-02
   5.8107395e-02
   4.1428059e-02
   9.0974338e-02
   2.3302339e-02
   5.6859743e-02
   3.8371455e-02
   1.0171102e-01
   4.2008158e-02
   6.2519856e-02
   4.3574933e-02
   1.0595323e-01
   4.3408550e-02
   6.1120436e-02
   3.9748874e-02
   5.0785400e-02
   3.5126124e-02
   2.7195781e-02
   3.2304335e-02
   5.7152130e-02
   1.7706107e-02
   2.5269467e-02
   2.9074466e-02
   5.5256639e-02
   3.2514442e-02
   2.6347600e-02
   3.0460708e-02
   5.4485448e-02
   4.0141221e-02
   2.5463829e-02
   2.5236947e-02
   2.4617286e-02
   3.3106241e-02
   1.1558523e-02
   2.4316603e-02
   3.4975994e-02
   1.6079826e-02
   1.0058421e-02
   2.2021824e-02
   2.3776513e-02
   2.8149420e-02
   7.3839361e-03
   2.1632038e-02
   3.0226268e-02
   3.2968719e-02
   9.4303293e-03
   1.8098369e-02
   2.9816577e-02
   4.6932664e-02
   1.3614245e-02
   2.2059660e-02
   3.2442577e-02
   1.7376190e-02
   1.1101439e-02
   2.4133904e-02
   2.7783925e-02
   2.9594097e-02
   7.6285587e-03
   1.7111460e-02
   2.6082713e-02
   3.4464277e-02
   9.0515604e-03
   1.8378304e-02
   3.9520599e-02
   5.8408197e-02
   2.3673497e-02
   2.0002890e-02
   3.8893051e-02
   2.6321124e-02
   1.3337377e-02
   1.7921183e-02
   3.6523890e-02
   4.2729151e-02
   1.2336729e-02
   1.4497188e-02
   3.1320199e-02
   4.2112522e-02
   1.2272664e-02
   1.7649645e-02
   4.2916719e-02
   4.3978672e-02
   1.3168688e-02
   1.4501275e-02
   3.8613841e-02
   1.8041702e-02
   9.4702598e-03
   1.6723216e-02
   2.8930960e-02
   3.4322251e-02
   9.5721288e-03
   1.5227745e-02
   3.0063724e-02
   3.0830378e-02
   8.8400980e-03
   1.5085951e-02
   3.5732429e-02
   2.8114552e-02
   8.2435459e-03
   2.1587906e-02
   3.6198769e-02
   1.5091822e-02
   8.8397590e-03
   2.3708610e-02
   3.1457920e-02
   2.1688508e-02
   8.0051236e-03
   1.8580565e-02
   3.3409122e-02
   2.8453074e-02
   9.2491591e-03
   2.8987119e-02
   4.8060723e-02
   3.2707036e-02
   2.9359534e-02
   2.5450863e-02
   6.2032368e-02
   1.7439699e-02
   2.9649621e-02
   2.2812052e-02
   5.4836307e-02
   2.2030814e-02
   3.1161791e-02
   2.9919889e-02
   5.3083025e-02
   3.0386865e-02
   3.6743175e-02
   2.8023249e-02
   1.0416722e-01
   6.0116742e-02
   7.3843367e-02
   3.2766588e-02
   9.7649463e-02
   2.2851121e-02
   7.0228219e-02
   3.0710163e-02
   1.0346987e-01
   4.3467142e-02
   7.5077944e-02
   3.4089703e-02
   1.1382843e-01
   5.1821146e-02
   8.4468693e-02
   3.8194112e-02
   5.3183679e-02
   3.5240348e-02
   3.1398091e-02
   2.1625083e-02
   6.9417939e-02
   2.0467725e-02
   2.9357363e-02
   1.8142564e-02
   5.2397650e-02
   2.6306039e-02
   2.9774882e-02
   2.4725556e-02
   5.8240019e-02
   3.9770011e-02
   3.4197018e-02
   2.2006499e-02
   3.4235518e-02
   2.5936244e-02
   1.2115821e-02
   1.9741807e-02
   4.4716120e-02
   1.5623336e-02
   7.3362500e-03
   1.4016804e-02
   3.0419962e-02
   2.8546199e-02
   5.3753117e-03
   1.4968138e-02
   4.2880543e-02
   3.7374128e-02
   7.6596378e-03
   1.4492010e-02
   4.1022372e-02
   4.2252865e-02
   1.4629463e-02
   1.7753925e-02
   3.5828888e-02
   2.2807050e-02
   1.0302803e-02
   1.6386703e-02
   3.7116636e-02
   3.3342652e-02
   7.0437272e-03
   1.2502758e-02
   3.7088800e-02
   3.9182104e-02
   9.5227975e-03
   1.4748380e-02
