   2.7418550e-02
   1.4139487e-02
   5.7067819e-02
   1.5647039e-02
   5.7199899e-02
   3.3823077e-02
   2.5033807e-02
   1.0270874e-02
   8.2688659e-02
   9.6694551e-02
   6.4021990e-02
   1.0189789e-02
   3.4728527e-02
   1.3519831e-01
   1.0303290e-01
   1.0897567e-02
   5.0691918e-02
   1.3568901e-02
   5.0453205e-02
   1.3739842e-02
   8.3898276e-02
   5.0426006e-02
   1.6786240e-02
   9.6501699e-03
   4.7287472e-02
   4.8045170e-02
   3.1684522e-02
   8.9635355e-03
   2.9990138e-02
   5.4563440e-02
   4.7211584e-02
   9.2566963e-03
   8.7905355e-02
   2.4210814e-02
   4.8527662e-02
   1.3336780e-02
   5.4007150e-02
   5.4222729e-02
   1.4017563e-02
   9.3742786e-03
   3.6952645e-02
   2.4479363e-02
   1.6998094e-02
   8.3728191e-03
   3.0345414e-02
   1.3032288e-02
   1.7273098e-02
   9.4046351e-03
   4.9495544e-02
   2.0358808e-02
   5.2501474e-02
   1.3878711e-02
   3.9893951e-02
   4.2565733e-02
   2.1842524e-02
   1.0409622e-02
   4.0263332e-02
   3.1329054e-02
   2.3558917e-02
   9.4577158e-03
   3.2567784e-02
   1.3877412e-02
   2.0179341e-02
   9.8588225e-03
   3.2102685e-02
   1.4259920e-02
   6.0625058e-02
   1.5348893e-02
   4.4949032e-02
   5.0196592e-02
   3.8448643e-02
   1.3025315e-02
   5.0578691e-02
   4.6268452e-02
   3.7025921e-02
   1.2207018e-02
   4.0280417e-02
   1.7862005e-02
   2.7898045e-02
   1.1636904e-02
   2.7078189e-02
   1.0560409e-02
   5.5391859e-02
   1.4554154e-02
   3.4891520e-02
   3.3277418e-02
   2.3131177e-02
   1.0106072e-02
   4.1033193e-02
   3.2412454e-02
   2.1134155e-02
   9.3202740e-03
   5.0125144e-02
   1.7263832e-02
   1.7606957e-02
   9.4056427e-03
   2.5310103e-02
   9.4093503e-03
   5.3072695e-02
   1.4457385e-02
   3.0473066e-02
   2.5796777e-02
   1.6871762e-02
   9.2321178e-03
   3.9513260e-02
   2.7331883e-02
   1.4869140e-02
   8.0424808e-03
   8.9010581e-02
   1.7255429e-02
   1.7389821e-02
   8.2229720e-03
   2.6149914e-02
   1.1812520e-02
   5.4524124e-02
   1.5014397e-02
   3.2985337e-02
   2.6313916e-02
   1.9292502e-02
   9.8644970e-03
   7.5263038e-02
   5.7845484e-02
   3.1983249e-02
   8.3721364e-03
   6.7402877e-02
   5.7733689e-02
   4.6026628e-02
   8.6820060e-03
   3.3586912e-02
   1.6418144e-02
   4.8366152e-02
   1.3369552e-02
   8.8774979e-02
   5.1920880e-02
   2.8256673e-02
   7.4785422e-03
   1.2520346e-01
   1.2642083e-01
   7.1134098e-02
   9.5470902e-03
   4.1166343e-02
   1.7505711e-01
   1.3183130e-01
   1.2130956e-02
   8.3904408e-02
   1.7679727e-02
   4.2826056e-02
   1.0675335e-02
   1.3948168e-01
   8.1118822e-02
   1.7955828e-02
   6.9237128e-03
   5.6303944e-02
   6.3818656e-02
   3.7365582e-02
   6.9056302e-03
   3.1513691e-02
   6.9445476e-02
   5.8255922e-02
   7.4715195e-03
   1.5687335e-01
   3.5949212e-02
   4.3009792e-02
   1.0540130e-02
   8.4768578e-02
   8.3364621e-02
   1.4912726e-02
   6.6189766e-03
   3.9911646e-02
   3.1886630e-02
   2.2450995e-02
   5.6681628e-03
   3.3008672e-02
   1.2837184e-02
   2.0261262e-02
   6.4407005e-03
   8.2579277e-02
   2.6382951e-02
   4.9842387e-02
   1.1489670e-02
   5.0207544e-02
   5.6085598e-02
   2.4333144e-02
   7.8994315e-03
   4.9267609e-02
   3.5931434e-02
   3.0438442e-02
   6.3398224e-03
   3.5870533e-02
   1.3757283e-02
   2.6723705e-02
   7.1823280e-03
   3.5752475e-02
   1.7312314e-02
   7.0368387e-02
   1.4554237e-02
   5.5936672e-02
   6.0090244e-02
   4.6643753e-02
   1.1879033e-02
   6.6610157e-02
   5.3003617e-02
   4.8852079e-02
   9.9414289e-03
   4.8919909e-02
   1.9821810e-02
   4.6839073e-02
   1.0009552e-02
   2.8164521e-02
   1.3526373e-02
   6.1758231e-02
   1.1933562e-02
   4.1153461e-02
   4.0498380e-02
   2.7966149e-02
   7.2434475e-03
   5.5723749e-02
   3.9890848e-02
   2.6659438e-02
   6.5919906e-03
   7.4231178e-02
   1.7160865e-02
   2.5920287e-02
   6.2847342e-03
   2.5579259e-02
   1.2280148e-02
   4.9441494e-02
   1.1472560e-02
   3.5316862e-02
   3.4624428e-02
   1.6905444e-02
   5.4444643e-03
   5.6955744e-02
   3.7844017e-02
   1.9384844e-02
   4.6312870e-03
   1.4330728e-01
   2.0132082e-02
   2.6880458e-02
   4.9524591e-03
   2.8352626e-02
   1.2830542e-02
   4.6940722e-02
   1.2016839e-02
   3.8524084e-02
   3.9081365e-02
   2.0660700e-02
   6.8798703e-03
   1.1785732e-01
   7.6433405e-02
   3.9146997e-02
   6.1376472e-03
   1.0441298e-01
   8.0033772e-02
   6.3819163e-02
   6.6806064e-03
   5.5736009e-02
   2.3623722e-02
   5.7899639e-02
   1.9112265e-02
   1.4980686e-01
   6.3932724e-02
   4.0082071e-02
   9.4303694e-03
   2.0149122e-01
   1.7764769e-01
   1.3058732e-01
   1.4418204e-02
   7.0825770e-02
   3.5923311e-01
   2.7664128e-01
   2.4057560e-02
   1.5196475e-01
   2.1099377e-02
   4.7684286e-02
   1.1581753e-02
   2.4717464e-01
   9.3100831e-02
   2.4800027e-02
   8.2429796e-03
   9.1341324e-02
   8.1306234e-02
   5.8483917e-02
   7.8284517e-03
   5.4785136e-02
   1.3984200e-01
   1.1003475e-01
   1.1454643e-02
   2.7248925e-01
   3.1941369e-02
   4.8850477e-02
   1.0031552e-02
   1.5096515e-01
   8.0743402e-02
   1.8357532e-02
   5.5389204e-03
   5.9596252e-02
   3.3637837e-02
   2.6304001e-02
   4.6331785e-03
   5.9098702e-02
   1.6305326e-02
   1.9518690e-02
   5.0738226e-03
   1.2651588e-01
   2.5967550e-02
   6.1956655e-02
   1.1593628e-02
   6.7467242e-02
   5.6018949e-02
   2.6117491e-02
   8.3787600e-03
   7.6352194e-02
   4.1320324e-02
   3.9611857e-02
   6.9128275e-03
   5.9706744e-02
   1.7712923e-02
   3.2288432e-02
   6.9673951e-03
   5.1418643e-02
   2.1951711e-02
   7.6634169e-02
   1.7547881e-02
   6.3430011e-02
   8.9001425e-02
   5.0052259e-02
   1.6368644e-02
   8.1216618e-02
   6.2098987e-02
   6.4596981e-02
   1.2894427e-02
   7.4681930e-02
   2.9568415e-02
   7.0408076e-02
   1.2432947e-02
   4.3994103e-02
   1.7399384e-02
   7.2543815e-02
   1.4886419e-02
   5.5383656e-02
   5.6037903e-02
   3.2168809e-02
   8.2830545e-03
   8.0055661e-02
   4.3633945e-02
   3.2388281e-02
   6.7889760e-03
   1.1042581e-01
   2.0140244e-02
   3.1722393e-02
   6.0525122e-03
   4.3869615e-02
   1.6840287e-02
   4.9458221e-02
   1.4810052e-02
   5.4740246e-02
   4.5472238e-02
   1.9680891e-02
   4.4034473e-03
   9.1530874e-02
   4.2577151e-02
   2.7503917e-02
   3.3580328e-03
   2.2021402e-01
   3.0254764e-02
   3.8385324e-02
   3.9252201e-03
   4.6765212e-02
   1.8164806e-02
   5.3705413e-02
   1.6392659e-02
   7.0250832e-02
   4.6160989e-02
   3.0869165e-02
   6.8729147e-03
   1.8448667e-01
   1.0775653e-01
   6.7775786e-02
   6.8133026e-03
   1.7215714e-01
   1.6155683e-01
   1.2900691e-01
   1.0041853e-02
   8.6445123e-02
   3.5810936e-02
   8.4602416e-02
   2.9195512e-02
   1.9264121e-01
   4.4381939e-02
   6.2404338e-02
   1.5453698e-02
   2.2596528e-01
   1.3713560e-01
   1.1890615e-01
   1.4732809e-02
   9.2423327e-02
   1.3305251e-01
   1.0509741e-01
   1.2922510e-02
   1.5832104e-01
   2.5770007e-02
   6.3265987e-02
   1.7552288e-02
   2.6711816e-01
   6.0127653e-02
   3.9260440e-02
   1.2936578e-02
   9.9444240e-02
   6.6531383e-02
   5.3177174e-02
   7.6530599e-03
   7.7512667e-02
   6.1165269e-02
   4.5968845e-02
   8.5408436e-03
   2.0640834e-01
   5.0171223e-02
   5.8627047e-02
   1.3309668e-02
   1.2975048e-01
   5.6132760e-02
   2.9943444e-02
   7.8099514e-03
   7.9393454e-02
   3.1841472e-02
   3.4910142e-02
   5.1592649e-03
   8.2330443e-02
   2.3546144e-02
   1.4957584e-02
   5.4912288e-03
   1.0468446e-01
   4.0543567e-02
   5.1593620e-02
   1.6698550e-02
   5.8543537e-02
   6.4942583e-02
   3.2388873e-02
   1.1853617e-02
   7.6253854e-02
   5.2923813e-02
   5.2808389e-02
   1.0069752e-02
   7.1095824e-02
   2.8983040e-02
   4.0064991e-02
   9.5763924e-03
   6.3678041e-02
   3.5272058e-02
   7.9862669e-02
   2.5969571e-02
   7.5764760e-02
   1.3695484e-01
   6.6961117e-02
   2.5192089e-02
   9.4109818e-02
   9.7303212e-02
   8.2833759e-02
   2.1234343e-02
   8.6391822e-02
   5.0146136e-02
   9.0316303e-02
   1.9631045e-02
   5.6308575e-02
   1.9625695e-02
   7.7296235e-02
   2.6434140e-02
   5.5284534e-02
   6.1201517e-02
   4.6352986e-02
   1.1949087e-02
   6.8690225e-02
   6.2427133e-02
   4.3301996e-02
   1.0131246e-02
   8.7396577e-02
   2.8912980e-02
   3.9138868e-02
   1.0422231e-02
   6.7290068e-02
   1.5536657e-02
   6.7921788e-02
   2.4432322e-02
   7.1875684e-02
   3.5553299e-02
   3.6271539e-02
   5.1679476e-03
   8.5496709e-02
   4.9340546e-02
   2.5142431e-02
   2.1738468e-03
   1.8997931e-01
   2.6014958e-02
   1.5668293e-02
   5.7824482e-03
   7.2734550e-02
   2.8135847e-02
   6.1707363e-02
   2.5216816e-02
   8.5522421e-02
   3.1498399e-02
   5.1946107e-02
   9.2545282e-03
   1.8670496e-01
   7.8769252e-02
   5.9266340e-02
   6.7033283e-03
   1.7579310e-01
   7.0861384e-02
   5.1505510e-02
   7.3871817e-03
