   2.9153459e-02
   2.6762860e-02
   1.8783223e-02
   1.2449642e-02
   2.5646036e-02
   3.5329614e-02
   5.6100070e-02
   1.2164161e-02
   2.7424892e-02
   1.0672946e-02
   3.8944036e-02
   1.2146860e-02
   2.6085742e-02
   9.8620355e-03
   3.5880592e-02
   1.2785047e-02
   2.9455319e-02
   2.0971477e-02
   1.7743349e-02
   1.2265963e-02
   2.4873817e-02
   3.0854886e-02
   4.9458060e-02
   1.0682763e-02
   2.6191114e-02
   1.0297172e-02
   3.5606220e-02
   1.2025188e-02
   2.4291860e-02
   6.7553623e-03
   3.3508532e-02
   1.2449145e-02
   3.0051380e-02
   2.3010425e-02
   1.8033514e-02
   1.2399226e-02
   2.7047710e-02
   2.9909205e-02
   4.7563151e-02
   1.0401123e-02
   2.7297795e-02
   1.0886685e-02
   3.3888120e-02
   1.1230193e-02
   2.2949582e-02
   5.5163591e-03
   3.6743674e-02
   1.3224622e-02
   8.0094039e-02
   3.0881001e-02
   3.5451043e-02
   1.3273009e-02
   8.0145977e-02
   3.4490995e-02
   5.3538170e-02
   1.0850971e-02
   7.5448491e-02
   1.6261484e-02
   3.5602506e-02
   1.0983726e-02
   6.2224146e-02
   7.3706205e-03
   4.0733825e-02
   1.3205471e-02
   1.8744813e-01
   3.8961496e-02
   7.3776945e-02
   1.7922841e-02
   1.8755573e-01
   4.4332828e-02
   7.9277769e-02
   1.3717253e-02
   1.7842664e-01
   2.8550999e-02
   4.1700706e-02
   1.3049134e-02
   1.4898875e-01
   1.0976023e-02
   4.3406703e-02
   1.4920120e-02
   8.3151676e-02
   2.9043831e-02
   3.5840962e-02
   1.4804939e-02
   8.3142601e-02
   3.3968218e-02
   6.3066162e-02
   1.2478593e-02
   8.3272696e-02
   2.3523720e-02
   4.1159611e-02
   1.1870204e-02
   6.7444496e-02
   8.9951660e-03
   3.4816798e-02
   1.2940915e-02
   2.8762601e-02
   2.3672782e-02
   1.8884476e-02
   1.4200568e-02
   2.6854668e-02
   3.0422878e-02
   5.0360292e-02
   1.1812907e-02
   2.8087504e-02
   1.4161601e-02
   3.5042014e-02
   1.1590829e-02
   2.3742180e-02
   6.1558941e-03
   2.8600492e-02
   1.2085895e-02
   2.8489845e-02
   2.4888277e-02
   1.8654786e-02
   1.3464910e-02
   2.5985358e-02
   3.1241992e-02
   5.4858088e-02
   1.2076495e-02
   2.6593555e-02
   1.1413842e-02
   3.4830675e-02
   1.1827666e-02
   2.3643406e-02
   7.0666792e-03
   3.1585462e-02
   1.1738593e-02
   2.4811089e-02
   2.7850591e-02
   1.6042534e-02
   8.9219185e-03
   2.1312529e-02
   3.5396319e-02
   5.1464442e-02
   9.6176667e-03
   2.7024215e-02
   1.1040177e-02
   3.7540805e-02
   9.2608603e-03
   2.4786819e-02
   1.3575885e-02
   4.4088658e-02
   8.9065954e-03
   2.4999321e-02
   2.1896549e-02
   1.3781129e-02
   8.1473775e-03
   2.3058498e-02
   3.1433400e-02
   4.4377152e-02
   8.5709933e-03
   2.5243381e-02
   1.0113835e-02
   3.5502978e-02
   8.8677714e-03
   2.2792919e-02
   8.5499920e-03
   3.7805740e-02
   8.9178812e-03
   2.7989082e-02
   1.9745924e-02
   1.4164263e-02
   7.5508617e-03
   2.6426641e-02
   2.9741030e-02
   4.6309758e-02
   7.4829040e-03
   3.1799108e-02
   1.0992371e-02
   3.6438283e-02
   7.4416399e-03
   2.4184419e-02
   5.9128874e-03
   3.9429870e-02
   9.6001914e-03
   1.0882559e-01
   2.6434062e-02
   3.9783124e-02
   1.0520786e-02
   1.0896576e-01
   3.3298790e-02
   5.6666169e-02
   8.3037289e-03
   1.0710435e-01
   1.7613893e-02
   3.5762798e-02
   8.2997624e-03
   9.5792666e-02
   8.2010916e-03
   4.5166850e-02
   1.0747427e-02
   2.5913304e-01
   3.8943090e-02
   8.7866440e-02
   1.8650446e-02
   2.6229200e-01
   5.2085780e-02
   9.5594071e-02
   1.3039364e-02
   2.4960561e-01
   3.5595696e-02
   4.6372797e-02
   1.2012039e-02
   2.2800460e-01
   1.3321141e-02
   5.7463728e-02
   1.2710466e-02
   1.1653683e-01
   2.8790236e-02
   3.8520865e-02
   1.1721580e-02
   1.1758748e-01
   4.1473009e-02
   7.7065468e-02
   1.0563702e-02
   1.1656986e-01
   3.2208171e-02
   5.0561953e-02
   9.3177781e-03
   1.0155318e-01
   1.1328848e-02
   3.9691851e-02
   9.1615710e-03
   2.7414119e-02
   2.2766599e-02
   1.6602015e-02
   1.0328911e-02
   2.8036086e-02
   3.4145605e-02
   5.0082035e-02
   8.8901268e-03
   3.2447826e-02
   1.5583420e-02
   3.6416363e-02
   7.9909107e-03
   2.5762577e-02
   7.4720271e-03
   3.3059273e-02
   7.8991605e-03
   2.4334950e-02
   2.7122134e-02
   1.5624683e-02
   9.3859835e-03
   2.2564720e-02
   3.2509360e-02
   5.2102033e-02
   9.2872791e-03
   2.6269170e-02
   1.1992667e-02
   3.4445941e-02
   7.6981313e-03
   2.2353644e-02
   9.1185700e-03
   3.5904936e-02
   8.1771854e-03
   2.7477520e-02
   3.1757068e-02
   1.6832845e-02
   8.6956248e-03
   1.9824138e-02
   3.9133012e-02
   5.0577842e-02
   1.1562894e-02
   3.8227703e-02
   1.6057462e-02
   4.8037585e-02
   9.6983621e-03
   3.1272136e-02
   1.8005531e-02
   5.4963455e-02
   8.9240978e-03
   3.1073269e-02
   2.5673637e-02
   1.4966205e-02
   7.5271153e-03
   2.8359648e-02
   3.8849816e-02
   4.5057438e-02
   9.9776778e-03
   2.8964745e-02
   1.5138785e-02
   4.4383846e-02
   8.8125253e-03
   2.9398562e-02
   1.2898634e-02
   4.3970618e-02
   9.2726396e-03
   3.8804468e-02
   2.1367062e-02
   1.3900642e-02
   6.9507924e-03
   2.9896416e-02
   3.4667589e-02
   4.3316483e-02
   7.6069902e-03
   4.3959267e-02
   1.3359729e-02
   4.7955718e-02
   7.3335296e-03
   3.3742968e-02
   8.1703961e-03
   5.2479431e-02
   8.0874367e-03
   9.4710834e-02
   2.9691745e-02
   5.0519511e-02
   8.8560013e-03
   9.8460913e-02
   4.1515730e-02
   6.6711776e-02
   9.7900033e-03
   9.9140115e-02
   2.1383250e-02
   4.9790874e-02
   8.2548717e-03
   9.5160164e-02
   1.1181429e-02
   5.8674444e-02
   1.1609913e-02
   2.1270245e-01
   5.0860800e-02
   1.1377687e-01
   1.7625945e-02
   2.3136978e-01
   6.0978446e-02
   1.2826039e-01
   1.5638584e-02
   2.0636669e-01
   5.2832406e-02
   5.7556916e-02
   1.3346357e-02
   2.1828069e-01
   1.8316474e-02
   8.5572034e-02
   1.7453328e-02
   1.0003643e-01
   3.0637728e-02
   4.7784079e-02
   1.0174296e-02
   1.0744181e-01
   4.6217047e-02
   1.0088355e-01
   1.0587699e-02
   1.0505253e-01
   5.1975384e-02
   6.4321727e-02
   1.0207682e-02
   1.0078085e-01
   1.6274994e-02
   5.4830778e-02
   9.4148088e-03
   3.7248153e-02
   2.3890214e-02
   1.7691646e-02
   8.8890204e-03
   3.5831545e-02
   3.6556624e-02
   5.2503075e-02
   8.1785675e-03
   4.3518811e-02
   2.4151817e-02
   5.0447654e-02
   8.3595375e-03
   4.0558446e-02
   1.1954869e-02
   4.5481224e-02
   7.9938481e-03
   2.9858306e-02
   2.8428713e-02
   1.7081549e-02
   8.9140516e-03
   2.7892847e-02
   3.5954196e-02
   5.4518070e-02
   1.0083226e-02
   3.3528201e-02
   1.6154729e-02
   4.1227214e-02
   7.6154424e-03
   3.0073922e-02
   1.3179759e-02
   4.7164910e-02
   8.6124847e-03
   3.3127394e-02
   3.5335407e-02
   1.9588269e-02
   9.1619538e-03
   1.6653208e-02
   5.3523801e-02
   5.7344075e-02
   1.4399317e-02
   5.9776880e-02
   2.7091976e-02
   6.3344613e-02
   1.4223919e-02
   3.8578589e-02
   3.0710513e-02
   6.0278192e-02
   1.1879989e-02
   3.5273436e-02
   3.1542730e-02
   1.3881329e-02
   6.7629069e-03
   3.6487948e-02
   5.3618763e-02
   5.6472752e-02
   1.1098864e-02
   2.6415879e-02
   2.6512533e-02
   6.4291649e-02
   1.0101940e-02
   4.1619681e-02
   2.4614964e-02
   5.8902983e-02
   1.1247643e-02
   4.0230945e-02
   2.3638243e-02
   1.3679765e-02
   6.6029825e-03
   3.2609183e-02
   3.9580587e-02
   5.1713482e-02
   7.4870102e-03
   3.7487712e-02
   2.7031079e-02
   6.4495645e-02
   1.1601906e-02
   3.9730366e-02
   1.3852005e-02
   6.4198889e-02
   9.3899341e-03
   5.4729272e-02
   4.5724034e-02
   4.7444068e-02
   1.2776215e-02
   3.7634213e-02
   4.5813419e-02
   7.0957907e-02
   1.7521152e-02
   7.0542894e-02
   3.9478708e-02
   6.0901590e-02
   1.1536124e-02
   6.9623113e-02
   1.6617097e-02
   7.9962455e-02
   2.0307438e-02
   1.0062702e-01
   8.5448585e-02
   9.4742626e-02
   3.0129407e-02
   7.8086346e-02
   8.4147200e-02
   1.1402574e-01
   3.3451039e-02
   9.9656425e-02
   9.0684600e-02
   7.1170628e-02
   2.2104999e-02
   1.1335042e-01
   3.0587489e-02
   1.3374576e-01
   3.4071531e-02
   6.3365318e-02
   5.0313678e-02
   4.2538576e-02
   1.5320373e-02
   4.4925161e-02
   4.9110834e-02
   9.3431413e-02
   1.7907601e-02
   6.1656494e-02
   8.7748624e-02
   6.7726970e-02
   1.8464226e-02
   6.1642684e-02
   2.5334409e-02
   7.8004509e-02
   1.4089177e-02
   3.8302992e-02
   2.3456687e-02
   2.2279184e-02
   9.4928993e-03
   3.0505521e-02
   3.8221773e-02
   7.2688326e-02
   1.1837193e-02
   3.1378746e-02
   4.1925684e-02
   7.4281365e-02
   1.3561870e-02
   5.0056621e-02
   1.7545983e-02
   6.0253736e-02
   9.2504211e-03
   3.9756048e-02
   3.0891482e-02
   2.4799092e-02
   9.2025641e-03
   2.2503532e-02
   4.6780065e-02
   6.0508505e-02
   1.2743866e-02
   4.3470394e-02
   2.8026607e-02
   5.8897093e-02
   1.1607054e-02
   3.5683408e-02
   2.5408089e-02
   6.2693834e-02
   9.4599798e-03
