   2.4568856e-02
   8.2214102e-03
   3.5470065e-02
   1.3258552e-02
   2.1105375e-02
   9.0139806e-03
   2.9190013e-02
   1.2711795e-02
   2.1857973e-02
   8.7507488e-03
   2.8844096e-02
   1.2957034e-02
   2.3253007e-02
   2.8229561e-02
   3.9819408e-02
   1.6202759e-02
   2.3099981e-02
   6.3436981e-03
   3.3653077e-02
   1.2914656e-02
   2.0070827e-02
   6.9919373e-03
   2.8674683e-02
   1.1742074e-02
   2.0016735e-02
   6.8092537e-03
   2.4351520e-02
   1.3176634e-02
   2.3904458e-02
   2.3246406e-02
   3.3576962e-02
   1.5279599e-02
   2.2723455e-02
   5.4999311e-03
   3.2943651e-02
   1.3215917e-02
   1.9724064e-02
   6.3544344e-03
   2.6927216e-02
   1.1802786e-02
   2.0255575e-02
   6.3350783e-03
   2.3785034e-02
   1.2353872e-02
   2.3356428e-02
   1.9019248e-02
   3.3605665e-02
   1.4684884e-02
   7.4377567e-02
   7.2927149e-03
   3.7058923e-02
   1.3834321e-02
   6.6805169e-02
   7.8342762e-03
   3.3545349e-02
   1.2939976e-02
   6.5032206e-02
   7.3781619e-03
   2.7043954e-02
   1.2063239e-02
   6.7200169e-02
   2.0586133e-02
   3.7640814e-02
   1.5441128e-02
   1.7196660e-01
   1.1271114e-02
   4.3289475e-02
   1.6424423e-02
   1.5493782e-01
   1.0685121e-02
   4.0072069e-02
   1.4053235e-02
   1.5663455e-01
   9.4650844e-03
   3.2830302e-02
   1.3863185e-02
   1.6469115e-01
   2.6494198e-02
   3.8943693e-02
   1.6210290e-02
   7.2530918e-02
   8.7438393e-03
   3.5602059e-02
   1.5196063e-02
   6.5623075e-02
   7.3079588e-03
   3.2923602e-02
   1.2683986e-02
   6.7858912e-02
   7.2988630e-03
   2.6834682e-02
   1.2607577e-02
   7.1283638e-02
   2.3805320e-02
   3.3944696e-02
   1.3993567e-02
   2.3804341e-02
   6.3850479e-03
   3.5384189e-02
   1.4814952e-02
   2.1515636e-02
   6.1473534e-03
   2.6282355e-02
   1.2164203e-02
   2.1378124e-02
   7.1155010e-03
   2.5268333e-02
   1.2077307e-02
   2.2875268e-02
   2.1340864e-02
   3.2959759e-02
   1.3253253e-02
   2.3909329e-02
   6.5954686e-03
   3.6329020e-02
   1.4092013e-02
   2.2097170e-02
   7.6329885e-03
   2.6577726e-02
   1.2765555e-02
   2.1357719e-02
   7.5199818e-03
   2.6800871e-02
   1.1888311e-02
   2.2457862e-02
   2.5179349e-02
   3.6099464e-02
   1.4087068e-02
   2.2243982e-02
   1.0106780e-02
   3.9338518e-02
   8.7258276e-03
   1.9752624e-02
   1.0102204e-02
   3.5807669e-02
   9.2180576e-03
   1.7666809e-02
   8.7894434e-03
   3.5697740e-02
   8.8449204e-03
   1.6504912e-02
   3.6355112e-02
   4.7908626e-02
   1.5023560e-02
   2.0335909e-02
   7.0731733e-03
   3.2907821e-02
   8.3122440e-03
   2.0216806e-02
   6.6857999e-03
   2.9079253e-02
   7.6960921e-03
   1.8097444e-02
   5.9454017e-03
   2.8367253e-02
   8.7308027e-03
   1.6555261e-02
   2.3293877e-02
   3.3436462e-02
   1.1801952e-02
   2.3246959e-02
   5.6802337e-03
   3.3332925e-02
   9.2406766e-03
   2.2853756e-02
   5.6052636e-03
   2.6825676e-02
   7.5116977e-03
   2.1283122e-02
   5.1970463e-03
   2.4329608e-02
   7.8884242e-03
   1.8897722e-02
   2.2047579e-02
   3.4842893e-02
   1.0616161e-02
   1.0481511e-01
   9.0487031e-03
   4.4154674e-02
   9.9573126e-03
   1.0067061e-01
   8.0584912e-03
   4.0303562e-02
   9.3994159e-03
   9.9472582e-02
   6.9407797e-03
   3.2265171e-02
   8.7128170e-03
   1.0313132e-01
   2.3513287e-02
   4.3343034e-02
   1.0539695e-02
   2.4047419e-01
   1.5946213e-02
   5.7268538e-02
   1.2805163e-02
   2.3035298e-01
   1.2445772e-02
   5.1515453e-02
   1.1725293e-02
   2.3481229e-01
   1.0654176e-02
   4.4736683e-02
   1.1867787e-02
   2.5358450e-01
   2.5604941e-02
   4.4828590e-02
   1.2108245e-02
   1.0037423e-01
   1.1285543e-02
   4.1494921e-02
   1.0626235e-02
   1.0042887e-01
   7.4327709e-03
   3.4952730e-02
   1.0131950e-02
   1.0425358e-01
   6.8334229e-03
   3.2671809e-02
   8.6342236e-03
   1.0766634e-01
   2.1550421e-02
   3.2828454e-02
   9.3003418e-03
   2.2496337e-02
   6.9049653e-03
   3.7708189e-02
   1.1171923e-02
   2.4540227e-02
   5.7475660e-03
   2.8871918e-02
   9.3280263e-03
   2.3856388e-02
   5.9201173e-03
   2.6053883e-02
   7.0234402e-03
   2.1838602e-02
   2.2769595e-02
   3.4341287e-02
   8.9061381e-03
   1.9943295e-02
   7.2128787e-03
   3.5025217e-02
   9.9827005e-03
   2.1725846e-02
   7.9873595e-03
   2.9778391e-02
   9.2855934e-03
   2.0293741e-02
   6.6508125e-03
   2.8619511e-02
   7.5475206e-03
   1.6598742e-02
   3.1211494e-02
   3.9898802e-02
   1.0559714e-02
   2.8837627e-02
   1.4507633e-02
   5.0431531e-02
   7.8534093e-03
   2.1315269e-02
   1.2108445e-02
   4.9388073e-02
   9.2367241e-03
   1.9308291e-02
   1.0808691e-02
   4.6061222e-02
   8.4227407e-03
   1.8993355e-02
   4.0345769e-02
   6.4580522e-02
   2.1336680e-02
   2.5759406e-02
   1.0993968e-02
   4.5490012e-02
   7.1076425e-03
   3.2337658e-02
   7.7183018e-03
   4.0381357e-02
   7.0756497e-03
   2.3699129e-02
   6.1487476e-03
   4.4438798e-02
   7.4107815e-03
   1.8212484e-02
   3.2052454e-02
   4.6365056e-02
   1.4314327e-02
   3.0052833e-02
   7.6852879e-03
   4.7414437e-02
   6.9440715e-03
   3.1636141e-02
   6.1838287e-03
   3.3346955e-02
   6.5109935e-03
   3.1882040e-02
   6.3583092e-03
   4.1688818e-02
   6.0982266e-03
   2.2638269e-02
   2.7653115e-02
   3.9044607e-02
   1.0087325e-02
   9.9781670e-02
   1.3283020e-02
   5.2879822e-02
   8.8165710e-03
   9.9027455e-02
   9.3571078e-03
   5.1689122e-02
   1.0129724e-02
   9.6778803e-02
   9.6578328e-03
   4.5603998e-02
   8.5641826e-03
   1.0324845e-01
   2.8333740e-02
   4.9547393e-02
   1.0019964e-02
   2.1985449e-01
   2.5258869e-02
   8.3370849e-02
   1.5376219e-02
   2.1749593e-01
   1.7744338e-02
   6.6598006e-02
   1.4428867e-02
   2.1784164e-01
   1.6240682e-02
   6.3580118e-02
   1.5483881e-02
   2.4198407e-01
   3.3697754e-02
   5.1376339e-02
   1.2960910e-02
   9.6822575e-02
   1.6869139e-02
   5.5842374e-02
   1.1398274e-02
   9.9534199e-02
   8.3213700e-03
   4.7556203e-02
   1.1467579e-02
   1.0296830e-01
   8.2164193e-03
   4.3108746e-02
   9.7627668e-03
   1.0165923e-01
   2.4494953e-02
   3.8531072e-02
   9.3284538e-03
   3.0944761e-02
   9.9076275e-03
   4.7132742e-02
   1.0519502e-02
   3.5745464e-02
   6.3920687e-03
   4.3567214e-02
   8.5694175e-03
   2.8665066e-02
   6.0662292e-03
   3.6308568e-02
   6.9866134e-03
   2.6252016e-02
   2.8918877e-02
   3.5649769e-02
   8.3137909e-03
   2.4342639e-02
   1.1059804e-02
   4.3263730e-02
   8.5989805e-03
   3.0569077e-02
   9.0026651e-03
   4.3301553e-02
   8.9680878e-03
   2.8677775e-02
   7.3993159e-03
   4.0354911e-02
   7.3129050e-03
   1.8788142e-02
   3.4374639e-02
   4.8058089e-02
   1.2573838e-02
   3.6858477e-02
   2.0308636e-02
   7.0689037e-02
   8.4642619e-03
   2.3773162e-02
   1.4320181e-02
   7.7214636e-02
   1.6760722e-02
   2.4714226e-02
   1.2201745e-02
   7.3718846e-02
   1.6281437e-02
   1.9895475e-02
   5.2445699e-02
   9.2416823e-02
   3.8484279e-02
   3.0845242e-02
   2.0630598e-02
   6.7786671e-02
   6.7993444e-03
   4.8812486e-02
   1.0665918e-02
   6.8647884e-02
   9.6337441e-03
   1.6532380e-02
   6.8247519e-03
   6.5990888e-02
   1.2341809e-02
   2.0622348e-02
   4.2064596e-02
   5.3628374e-02
   2.4596736e-02
   4.2090595e-02
   1.2806206e-02
   6.5503165e-02
   6.4423857e-03
   2.9240182e-02
   6.3155517e-03
   5.1317386e-02
   8.1863645e-03
   2.8901113e-02
   7.2817006e-03
   6.6039540e-02
   1.0493493e-02
   2.4581721e-02
   3.4811608e-02
   5.7048772e-02
   1.4946897e-02
   5.6967571e-02
   1.9799672e-02
   6.3228607e-02
   1.4484370e-02
   5.6050505e-02
   1.0801240e-02
   6.7066915e-02
   1.3028351e-02
   6.9079138e-02
   1.4657939e-02
   6.4209245e-02
   1.3991254e-02
   6.1254602e-02
   3.9275978e-02
   6.8844728e-02
   1.4813039e-02
   8.4058307e-02
   3.9750300e-02
   1.2375006e-01
   2.9030241e-02
   1.2128985e-01
   2.0957969e-02
   8.8322014e-02
   2.6208924e-02
   1.3969684e-01
   2.2336507e-02
   9.7515769e-02
   2.3899682e-02
   1.2502484e-01
   5.3463962e-02
   6.5707676e-02
   2.0407815e-02
   6.0213279e-02
   2.5772095e-02
   8.8038974e-02
   1.5899194e-02
   6.6914968e-02
   9.3445936e-03
   5.2737068e-02
   1.6600948e-02
   5.9617907e-02
   9.7272554e-03
   6.3225649e-02
   1.5075729e-02
   5.2405450e-02
   3.6097161e-02
   5.1893618e-02
   1.2992335e-02
   4.1367996e-02
   1.4815011e-02
   7.2950326e-02
   1.2168421e-02
   3.8241863e-02
   7.0489007e-03
   6.7887470e-02
   1.3177717e-02
   2.0760095e-02
   6.0836338e-03
   5.2166793e-02
   1.1352625e-02
   1.9567149e-02
   2.4303140e-02
   3.0454509e-02
   1.1622611e-02
   3.4375940e-02
   1.9123416e-02
   7.2455674e-02
   1.0227909e-02
   2.8142678e-02
   1.2676001e-02
   7.6457307e-02
   1.4626728e-02
   4.0002365e-02
   8.1738727e-03
   7.2441176e-02
   1.1307137e-02
   1.9675359e-02
   3.7551403e-02
   6.1900571e-02
   1.9278521e-02
