   2.0664264e-02
   6.0643438e-02
   7.5489722e-02
   6.2731795e-02
   1.7499650e-02
   2.8162619e-02
   7.0257686e-02
   6.9274254e-02
   1.7230935e-02
   4.2143758e-02
   5.9129141e-02
   4.5988027e-02
   2.5574487e-02
   2.4660822e-02
   2.5155796e-02
   4.1327182e-02
   3.2225385e-02
   3.9647028e-02
   3.6820553e-02
   5.0894596e-02
   1.7592745e-02
   2.0176698e-02
   3.8504809e-02
   5.7480820e-02
   1.5825955e-02
   2.2505112e-02
   3.3830442e-02
   4.5492258e-02
   2.5224680e-02
   1.8115895e-02
   1.9802971e-02
   4.5236733e-02
   3.7129875e-02
   2.7680162e-02
   1.8461974e-02
   4.1604813e-02
   1.7107094e-02
   1.4059647e-02
   2.1788297e-02
   5.2634988e-02
   1.6469821e-02
   9.9591427e-03
   2.4450742e-02
   5.0501313e-02
   2.5249215e-02
   1.4056512e-02
   1.5400677e-02
   5.4736227e-02
   2.1382099e-02
   2.4144553e-02
   2.0311253e-02
   4.0669899e-02
   2.1443265e-02
   2.0268356e-02
   2.5832606e-02
   5.7050075e-02
   1.7498761e-02
   1.0582837e-02
   2.2537695e-02
   5.4902256e-02
   2.5543803e-02
   1.3299384e-02
   2.3352969e-02
   4.0852133e-02
   1.9535536e-02
   1.9355236e-02
   2.9294487e-02
   4.1845739e-02
   2.9087804e-02
   3.5699032e-02
   3.5962686e-02
   6.0785193e-02
   1.9637460e-02
   1.3878584e-02
   2.1880893e-02
   5.7264075e-02
   2.6402589e-02
   1.3462860e-02
   2.3418367e-02
   3.6849163e-02
   2.0418821e-02
   1.7480660e-02
   2.8321248e-02
   4.6549276e-02
   1.9909468e-02
   1.9309055e-02
   2.8545110e-02
   5.5476964e-02
   1.8533288e-02
   1.5379899e-02
   1.6533542e-02
   5.0666340e-02
   2.5634689e-02
   1.3695195e-02
   1.5874177e-02
   3.7235834e-02
   1.9567646e-02
   1.8216932e-02
   2.0365061e-02
   5.9997093e-02
   1.6622100e-02
   1.1091046e-02
   2.6244834e-02
   5.4239050e-02
   2.6644820e-02
   2.0451441e-02
   1.6074056e-02
   4.4671707e-02
   3.1545948e-02
   1.4076811e-02
   1.5887298e-02
   3.5921931e-02
   1.9310279e-02
   3.1878300e-02
   3.7989799e-02
   5.4113578e-02
   1.6562924e-02
   1.7242087e-02
   4.2184975e-02
   5.7118703e-02
   2.4551384e-02
   2.7995905e-02
   3.0259447e-02
   4.2865600e-02
   2.9630063e-02
   1.7797319e-02
   1.8830188e-02
   3.8132757e-02
   1.4036433e-02
   5.9049714e-02
   7.9056576e-02
   5.1851213e-02
   1.0987544e-02
   2.9667508e-02
   6.8989694e-02
   4.5094900e-02
   1.1072154e-02
   6.5879881e-02
   7.6785035e-02
   3.1529438e-02
   1.3975915e-02
   2.7224351e-02
   2.6070880e-02
   3.2331113e-02
   3.1509828e-02
   3.8543575e-02
   3.8066790e-02
   3.5806831e-02
   1.1557752e-02
   2.3396352e-02
   4.0945429e-02
   3.4525730e-02
   1.0447416e-02
   3.4185454e-02
   4.1206077e-02
   3.2228868e-02
   1.4049174e-02
   1.6586272e-02
   1.6229553e-02
   3.7840400e-02
   3.5233334e-02
   3.3336088e-02
   1.4124320e-02
   2.6935101e-02
   1.0309028e-02
   1.9118102e-02
   2.3820959e-02
   2.8918454e-02
   1.0125825e-02
   1.3010356e-02
   2.4735006e-02
   3.8440261e-02
   1.3855937e-02
   9.4832405e-03
   1.1612328e-02
   4.7140613e-02
   1.4109078e-02
   2.9740553e-02
   1.4166182e-02
   2.6788509e-02
   1.7190460e-02
   2.7672201e-02
   3.0896686e-02
   3.3429317e-02
   1.2497548e-02
   1.3845547e-02
   2.4417859e-02
   3.7569620e-02
   1.4928962e-02
   9.1867633e-03
   2.7151622e-02
   3.0141016e-02
   1.1599923e-02
   2.0047726e-02
   2.5205234e-02
   2.7702983e-02
   2.9130599e-02
   4.6103962e-02
   4.8186816e-02
   3.5163701e-02
   1.4873140e-02
   1.8277723e-02
   2.4837906e-02
   3.7933186e-02
   1.4617955e-02
   1.0558057e-02
   2.6611131e-02
   2.3476688e-02
   1.2015956e-02
   1.5555874e-02
   2.6769822e-02
   3.4358215e-02
   1.6522782e-02
   2.4851285e-02
   3.6831278e-02
   2.8518919e-02
   1.3254331e-02
   2.0604614e-02
   1.7954530e-02
   3.3826534e-02
   1.5167707e-02
   1.0793185e-02
   1.1284894e-02
   2.0265298e-02
   1.1938795e-02
   1.4891901e-02
   1.8940769e-02
   6.0556509e-02
   1.0574738e-02
   1.3101450e-02
   2.8063431e-02
   2.9588249e-02
   2.2564128e-02
   2.9265855e-02
   1.5026457e-02
   2.7146421e-02
   2.1586211e-02
   1.1610017e-02
   9.1473591e-03
   2.1890098e-02
   1.1678858e-02
   3.1667441e-02
   3.9200455e-02
   4.9952921e-02
   9.8085161e-03
   1.9752866e-02
   4.5438115e-02
   3.3934973e-02
   2.0322237e-02
   4.3964136e-02
   3.4612287e-02
   2.7203782e-02
   1.9849377e-02
   1.6411718e-02
   1.4672338e-02
   2.4948265e-02
   1.1632576e-02
   8.4969312e-02
   9.0706959e-02
   4.8539016e-02
   8.3412584e-03
   3.7090704e-02
   7.5404055e-02
   3.2005075e-02
   1.0397637e-02
   1.1795098e-01
   1.1558535e-01
   3.0104872e-02
   8.0080265e-03
   4.0503688e-02
   3.7234217e-02
   2.5589829e-02
   3.0193824e-02
   5.4002438e-02
   4.5532480e-02
   3.2270692e-02
   7.6695746e-03
   3.4431934e-02
   4.7225315e-02
   2.0806341e-02
   9.7378902e-03
   5.8525465e-02
   5.7398222e-02
   3.2981921e-02
   8.2894117e-03
   2.2435054e-02
   1.9692088e-02
   3.6256187e-02
   3.1802189e-02
   4.5633242e-02
   2.0141097e-02
   2.1791358e-02
   8.3415490e-03
   2.8990902e-02
   3.0196575e-02
   1.9693755e-02
   9.2963073e-03
   2.1709405e-02
   2.6052328e-02
   3.7988804e-02
   8.4699662e-03
   1.0702009e-02
   1.4378979e-02
   4.6179913e-02
   1.1480954e-02
   3.9276671e-02
   2.0282466e-02
   2.2739442e-02
   2.1951647e-02
   3.8694430e-02
   4.4758275e-02
   2.3230629e-02
   1.3971515e-02
   2.1093143e-02
   3.2575462e-02
   3.9245270e-02
   1.0051182e-02
   1.0125084e-02
   4.2996418e-02
   2.9364726e-02
   8.7030670e-03
   2.7108729e-02
   3.7209217e-02
   2.6217723e-02
   4.4216570e-02
   5.5336621e-02
   7.5562738e-02
   2.6023997e-02
   1.8085836e-02
   2.7510908e-02
   3.4658935e-02
   3.9917961e-02
   8.9891646e-03
   1.0199361e-02
   4.0722143e-02
   2.2857986e-02
   7.5887158e-03
   1.7815990e-02
   3.9316688e-02
   3.2424789e-02
   2.1400167e-02
   3.2917753e-02
   5.1196385e-02
   2.2071721e-02
   1.2329902e-02
   2.9162375e-02
   2.2271898e-02
   3.1247068e-02
   9.8335994e-03
   9.6413950e-03
   1.3210100e-02
   1.8235369e-02
   8.3405515e-03
   1.9883350e-02
   2.4972064e-02
   6.9301501e-02
   7.9714954e-03
   1.8100679e-02
   3.3733729e-02
   2.1472031e-02
   2.4675339e-02
   4.2589121e-02
   1.8348116e-02
   2.2362245e-02
   1.7687496e-02
   1.2200754e-02
   8.9291343e-03
   1.7229244e-02
   9.5836883e-03
   4.2469751e-02
   4.7505442e-02
   5.2033391e-02
   7.7133211e-03
   2.4257623e-02
   4.5557290e-02
   2.2937454e-02
   2.3677740e-02
   7.4128911e-02
   4.9255963e-02
   2.2598336e-02
   1.6077168e-02
   2.0703448e-02
   1.7344024e-02
   1.9351143e-02
   1.7187525e-02
   1.2213770e-01
   1.1629767e-01
   5.4272294e-02
   9.5448270e-03
   5.4367211e-02
   9.7997725e-02
   3.4814365e-02
   1.2124122e-02
   1.4522028e-01
   1.7313845e-01
   4.2991091e-02
   1.0078463e-02
   5.7591375e-02
   5.9504043e-02
   2.8974682e-02
   4.7611129e-02
   8.6572789e-02
   6.5731622e-02
   3.2073427e-02
   8.4066819e-03
   4.5844089e-02
   5.9435125e-02
   1.9333603e-02
   1.1027093e-02
   8.2422867e-02
   8.9385003e-02
   4.2378262e-02
   8.6918417e-03
   3.3928551e-02
   2.6795126e-02
   3.9890733e-02
   4.8551440e-02
   6.6462159e-02
   3.3989951e-02
   2.0180181e-02
   9.8598106e-03
   4.1973270e-02
   5.0193630e-02
   1.3810606e-02
   1.0359106e-02
   3.4692582e-02
   4.1148208e-02
   4.5435406e-02
   6.5282965e-03
   1.4289064e-02
   2.1092085e-02
   4.2115286e-02
   1.7343650e-02
   5.8777414e-02
   3.3552837e-02
   1.7812625e-02
   2.2189261e-02
   5.6939080e-02
   6.2041812e-02
   1.8685561e-02
   1.8045455e-02
   3.3352122e-02
   5.7011642e-02
   5.0350353e-02
   7.9065803e-03
   1.1775834e-02
   6.9283679e-02
   3.3753160e-02
   9.9356826e-03
   4.1394819e-02
   5.5648211e-02
   2.4905048e-02
   4.2962842e-02
   7.8045487e-02
   1.0500170e-01
   2.5037225e-02
   1.9311463e-02
   4.8930448e-02
   5.8493972e-02
   4.0899456e-02
   1.1216838e-02
   1.2814354e-02
   7.0126414e-02
   2.4042577e-02
   9.6836453e-03
   2.8201710e-02
   5.5274811e-02
   3.5558429e-02
   2.1987747e-02
   4.4128668e-02
   7.2004169e-02
   1.7643619e-02
   1.3545197e-02
   4.1887872e-02
   3.1467237e-02
   3.4861855e-02
   1.3281006e-02
   1.0156186e-02
   2.0701364e-02
   2.1762496e-02
   8.3388742e-03
   2.6388522e-02
   4.3929387e-02
   6.4707570e-02
   8.9421133e-03
   3.3841621e-02
   5.5002213e-02
   1.4503549e-02
   3.3732604e-02
   5.2621070e-02
   2.3539308e-02
   3.6309890e-02
   2.5425542e-02
   1.2600628e-02
   1.2475527e-02
   2.2294201e-02
   1.2119788e-02
   5.4100480e-02
   6.6802204e-02
   4.7637697e-02
   9.4437245e-03
   3.7362657e-02
   6.0004376e-02
   2.0402554e-02
   3.3928275e-02
   9.2964627e-02
   7.7874422e-02
   3.6866937e-02
   2.3546448e-02
   2.7880631e-02
   2.9047960e-02
   2.6719641e-02
