   1.1743734e-02
   1.0610713e-02
   9.2133023e-03
   4.4021282e-02
   6.6454755e-03
   7.1562063e-03
   5.5631860e-03
   3.2744966e-02
   4.7497624e-03
   5.4908954e-03
   4.8454986e-03
   3.0416371e-02
   4.2426330e-03
   5.8878423e-03
   6.2350403e-03
   3.6207292e-02
   1.0984250e-02
   9.9747162e-03
   8.7117441e-03
   4.2544641e-02
   6.3586822e-03
   7.0658182e-03
   5.6111999e-03
   3.1762231e-02
   4.5553683e-03
   5.3958818e-03
   4.7537517e-03
   2.9445041e-02
   3.9914278e-03
   5.6022746e-03
   6.0502025e-03
   3.4925368e-02
   1.0921643e-02
   1.0046941e-02
   8.8496143e-03
   4.3496408e-02
   6.4230193e-03
   7.4691544e-03
   5.9792316e-03
   3.2487489e-02
   4.6028416e-03
   5.5883923e-03
   5.0057964e-03
   2.9983766e-02
   3.9678258e-03
   5.8842460e-03
   6.4881942e-03
   3.6022957e-02
   1.2229394e-02
   1.0947862e-02
   1.0115049e-02
   4.9036752e-02
   7.3940475e-03
   8.2808807e-03
   7.0688375e-03
   3.6217093e-02
   5.6248964e-03
   6.0260659e-03
   6.9239507e-03
   3.3329494e-02
   4.9821301e-03
   6.9250977e-03
   8.8387709e-03
   4.0056266e-02
   1.4003918e-02
   1.1500612e-02
   1.1523897e-02
   5.5706147e-02
   9.2039872e-03
   8.3833775e-03
   9.6147107e-03
   4.0695652e-02
   7.5759334e-03
   6.1821397e-03
   1.0770752e-02
   3.6958121e-02
   7.1055796e-03
   7.5221201e-03
   1.3000923e-02
   4.3995339e-02
   1.1940929e-02
   1.0702888e-02
   9.9380007e-03
   4.9103260e-02
   7.2209188e-03
   7.6322882e-03
   7.4262274e-03
   3.6625575e-02
   5.5188909e-03
   5.7648155e-03
   7.0829545e-03
   3.3365637e-02
   5.0648428e-03
   6.8093673e-03
   8.7922607e-03
   3.9841704e-02
   1.0748396e-02
   9.6324924e-03
   8.6730979e-03
   4.3329407e-02
   6.2746652e-03
   6.8128612e-03
   5.5600605e-03
   3.2188684e-02
   4.4974871e-03
   5.1938081e-03
   4.8746155e-03
   2.9887598e-02
   3.9667576e-03
   5.8124289e-03
   6.2014712e-03
   3.5782959e-02
   1.0908999e-02
   9.7665014e-03
   8.5892323e-03
   4.2439755e-02
   6.3402168e-03
   6.7427903e-03
   5.2646073e-03
   3.1519406e-02
   4.4994932e-03
   5.1700613e-03
   4.6490557e-03
   2.9395286e-02
   3.9861966e-03
   5.6085447e-03
   5.9305485e-03
   3.5174292e-02
   1.0953720e-02
   1.0039651e-02
   8.8516576e-03
   3.9928224e-02
   6.2415614e-03
   7.2045084e-03
   5.5137565e-03
   2.9967383e-02
   4.3904833e-03
   5.2006091e-03
   4.6801707e-03
   2.7542077e-02
   3.9069629e-03
   5.7342509e-03
   5.9786481e-03
   3.2317195e-02
   1.0401748e-02
   9.8499572e-03
   8.6727561e-03
   3.9570685e-02
   6.2326356e-03
   7.5556417e-03
   6.0437680e-03
   2.9597331e-02
   4.4086645e-03
   5.5318717e-03
   4.8863180e-03
   2.7580610e-02
   3.8237744e-03
   5.7511278e-03
   6.1422973e-03
   3.2187130e-02
   1.0465930e-02
   1.0156044e-02
   9.0619866e-03
   4.0829916e-02
   6.4755832e-03
   8.4853182e-03
   6.9027441e-03
   3.0917875e-02
   4.6381727e-03
   6.0821394e-03
   5.4646754e-03
   2.8916454e-02
   3.9529433e-03
   6.3822544e-03
   6.8968632e-03
   3.3426832e-02
   1.1323171e-02
   1.0832311e-02
   1.0239640e-02
   4.5009907e-02
   7.2865207e-03
   9.3241557e-03
   7.9538962e-03
   3.3923667e-02
   5.6381864e-03
   6.5493393e-03
   7.9570627e-03
   3.1514816e-02
   4.9902406e-03
   7.8020389e-03
   9.7680856e-03
   3.6712557e-02
   1.2751011e-02
   1.1149594e-02
   1.1500773e-02
   5.0465118e-02
   9.0111615e-03
   9.2288572e-03
   1.0841454e-02
   3.8039636e-02
   7.5942865e-03
   6.7155124e-03
   1.2822760e-02
   3.4160361e-02
   7.1425885e-03
   8.4701292e-03
   1.5219743e-02
   3.9267808e-02
   1.0987435e-02
   1.0548135e-02
   9.8701045e-03
   4.4851594e-02
   6.9605107e-03
   8.2194721e-03
   8.2423659e-03
   3.4409832e-02
   5.4414445e-03
   6.0954145e-03
   8.0025690e-03
   3.1164162e-02
   5.0163944e-03
   7.5595048e-03
   9.8993992e-03
   3.5624735e-02
   1.0214067e-02
   9.5671602e-03
   8.6491806e-03
   4.0250950e-02
   6.1665750e-03
   7.2528152e-03
   5.8726128e-03
   3.0597936e-02
   4.4244342e-03
   5.3459052e-03
   5.1138694e-03
   2.8366404e-02
   3.8951046e-03
   6.2144329e-03
   6.4483578e-03
   3.2989200e-02
   1.0324235e-02
   9.4426516e-03
   8.4362486e-03
   3.9559860e-02
   6.0515450e-03
   6.9288211e-03
   5.3118817e-03
   2.9544640e-02
   4.3256339e-03
   5.0605144e-03
   4.6561556e-03
   2.7417231e-02
   3.7886146e-03
   5.6051472e-03
   5.8287857e-03
   3.2195333e-02
   8.5496837e-03
   8.5462127e-03
   7.6062107e-03
   3.0648043e-02
   5.3342986e-03
   6.9861324e-03
   5.3159068e-03
   2.4094559e-02
   3.8477634e-03
   5.0030388e-03
   4.4731530e-03
   2.2234548e-02
   3.3920431e-03
   5.4398868e-03
   5.3624795e-03
   2.4909165e-02
   8.1788739e-03
   8.3985077e-03
   7.5778719e-03
   3.0780228e-02
   5.3351969e-03
   7.6872953e-03
   6.0893404e-03
   2.4608012e-02
   4.0073660e-03
   5.3745555e-03
   4.8230570e-03
   2.2803975e-02
   3.3208395e-03
   5.7391766e-03
   5.6318929e-03
   2.5501661e-02
   8.2921125e-03
   8.8041611e-03
   8.0453176e-03
   3.2402027e-02
   5.5520399e-03
   8.9568608e-03
   6.9204937e-03
   2.5963141e-02
   4.2245477e-03
   5.9976433e-03
   5.5814013e-03
   2.4729937e-02
   3.5633321e-03
   6.7451936e-03
   6.3989526e-03
   2.7293526e-02
   8.8402759e-03
   9.1637671e-03
   9.0836016e-03
   3.6292039e-02
   6.3265497e-03
   9.5673976e-03
   8.2071684e-03
   2.8590810e-02
   5.1476462e-03
   6.3615437e-03
   8.5964659e-03
   2.6800467e-02
   4.5523588e-03
   8.7408917e-03
   9.7633349e-03
   2.9188599e-02
   1.0345876e-02
   9.3327919e-03
   1.0330391e-02
   4.2781055e-02
   8.0809603e-03
   9.2076454e-03
   1.1541790e-02
   3.3255134e-02
   7.1781008e-03
   6.3310051e-03
   1.4614529e-02
   2.9036283e-02
   6.7481278e-03
   9.2323581e-03
   1.6333422e-02
   3.1459920e-02
   8.6534312e-03
   9.2043420e-03
   8.8893678e-03
   3.6799461e-02
   6.0172221e-03
   8.3377529e-03
   8.3820727e-03
   2.9616510e-02
   4.9539064e-03
   5.7883859e-03
   8.4937485e-03
   2.6461896e-02
   4.5546968e-03
   7.9474868e-03
   1.0042188e-02
   2.8254461e-02
   8.1921984e-03
   8.4352149e-03
   7.7029252e-03
   3.2058142e-02
   5.4301592e-03
   7.0965956e-03
   5.7279230e-03
   2.6099468e-02
   3.9967187e-03
   5.1616197e-03
   4.9921558e-03
   2.3905981e-02
   3.4558445e-03
   6.4007812e-03
   5.9832032e-03
   2.6510950e-02
   8.0588087e-03
   8.0862073e-03
   7.3000984e-03
   3.0813329e-02
   5.2748471e-03
   6.6727996e-03
   5.0233747e-03
   2.4171315e-02
   3.8492691e-03
   4.8655914e-03
   4.4602477e-03
   2.2512354e-02
   3.3241808e-03
   5.3751245e-03
   5.3395540e-03
   2.5203487e-02
   6.1790855e-03
   6.8710488e-03
   6.0642431e-03
   2.0942651e-02
   3.8937537e-03
   6.0434104e-03
   4.4975355e-03
   1.7032377e-02
   2.9186092e-03
   4.1673230e-03
   3.7439980e-03
   1.5801208e-02
   2.7020206e-03
   4.8644138e-03
   4.0998035e-03
   1.7261198e-02
   5.6242826e-03
   6.3998541e-03
   5.8973371e-03
   2.1060569e-02
   3.8449520e-03
   6.7375451e-03
   5.1585706e-03
   1.7285328e-02
   3.0151752e-03
   4.5236032e-03
   3.9645941e-03
   1.5732680e-02
   2.5005483e-03
   5.1116841e-03
   4.4233850e-03
   1.7168391e-02
   5.3230808e-03
   6.2664649e-03
   6.1675599e-03
   2.2359101e-02
   3.9704801e-03
   7.7349301e-03
   5.9670266e-03
   1.8166739e-02
   3.0816295e-03
   4.8161759e-03
   4.5729815e-03
   1.7100828e-02
   2.4827954e-03
   6.2737535e-03
   4.9983533e-03
   1.7304268e-02
   6.0904850e-03
   6.4468021e-03
   7.4278731e-03
   2.6469905e-02
   4.7482969e-03
   8.6166030e-03
   8.0303820e-03
   2.0301532e-02
   4.0231748e-03
   5.1350133e-03
   9.2566954e-03
   1.8394088e-02
   3.6727618e-03
   9.5538367e-03
   1.0062004e-02
   1.8921310e-02
   8.0839600e-03
   6.7742206e-03
   8.9324750e-03
   3.5618827e-02
   6.8794307e-03
   8.9360140e-03
   1.2526171e-02
   2.6617324e-02
   6.4461939e-03
   4.9818978e-03
   1.8513978e-02
   2.0486917e-02
   6.1886404e-03
   9.8464601e-03
   2.0407556e-02
   2.2139739e-02
   6.0295844e-03
   6.4159394e-03
   7.0892125e-03
   2.6877472e-02
   4.6343133e-03
   7.4757780e-03
   8.3292266e-03
   2.1437144e-02
   4.0397001e-03
   4.5815231e-03
   9.4948281e-03
   1.7942203e-02
   3.7074776e-03
   7.4555157e-03
   1.0896589e-02
   1.9092266e-02
   5.2879951e-03
   5.7973647e-03
   5.7189432e-03
   2.1402983e-02
   3.8024259e-03
   5.6505841e-03
   4.6781395e-03
   1.7627940e-02
   2.9688505e-03
   3.9617894e-03
   4.0707430e-03
   1.6614687e-02
   2.4638565e-03
   5.8538062e-03
   4.6450854e-03
   1.7949207e-02
   5.4409639e-03
   5.7891733e-03
   5.3889127e-03
   2.1047607e-02
   3.8708439e-03
   5.3324266e-03
   4.0999441e-03
   1.6994240e-02
   2.9304351e-03
   3.8538952e-03
   3.6495470e-03
   1.6315904e-02
   2.4989024e-03
   4.4605890e-03
   4.0302523e-03
   1.7462544e-02
