   2.4332682e-02
   2.4535628e-02
   2.8402580e-02
   4.3201361e-02
   1.8839709e-02
   3.1451110e-02
   5.1429711e-02
   4.8070699e-02
   2.1324886e-02
   9.8611210e-03
   2.2643309e-02
   4.6690401e-02
   2.0638617e-02
   4.2093787e-02
   1.7617317e-02
   5.0891846e-02
   1.8866761e-02
   1.5134458e-02
   1.7275777e-02
   3.3115938e-02
   1.9210672e-02
   1.9493248e-02
   2.9942118e-02
   4.8290361e-02
   2.2839515e-02
   8.7634334e-03
   1.9289650e-02
   4.3771125e-02
   2.0732122e-02
   2.6941970e-02
   1.8914344e-02
   4.8062399e-02
   1.6179517e-02
   8.3723105e-03
   1.3114099e-02
   2.9825944e-02
   1.8746620e-02
   1.2529411e-02
   1.6705431e-02
   4.8593543e-02
   2.7505068e-02
   8.4468117e-03
   1.6986115e-02
   4.5686174e-02
   2.4551319e-02
   1.7167611e-02
   1.9741440e-02
   4.9138319e-02
   1.6185408e-02
   7.6878406e-03
   2.0825142e-02
   3.2659672e-02
   1.8022759e-02
   1.4305918e-02
   2.4025518e-02
   6.6009074e-02
   2.9412314e-02
   8.1330836e-03
   2.2223908e-02
   6.3202232e-02
   2.6374096e-02
   2.5677837e-02
   2.2592330e-02
   5.2887708e-02
   1.7017445e-02
   1.1282761e-02
   2.8017785e-02
   3.1179041e-02
   2.6148517e-02
   2.2735465e-02
   3.1013409e-02
   6.2991261e-02
   2.8079331e-02
   8.2159163e-03
   3.2254148e-02
   6.2777624e-02
   2.2174979e-02
   2.3785122e-02
   3.3497296e-02
   5.8828156e-02
   1.6474925e-02
   1.4760073e-02
   1.8339802e-02
   3.1383980e-02
   3.5760000e-02
   2.0769930e-02
   2.2952290e-02
   5.4854903e-02
   3.6506169e-02
   8.3191255e-03
   2.2201898e-02
   5.2828521e-02
   2.1120662e-02
   1.6527258e-02
   2.6882531e-02
   6.3681237e-02
   1.5997373e-02
   9.9915797e-03
   1.4178512e-02
   2.8510701e-02
   2.1304781e-02
   1.2601803e-02
   1.7741371e-02
   5.0678480e-02
   2.4278080e-02
   8.4753111e-03
   1.6679389e-02
   4.6716817e-02
   2.0590972e-02
   1.8064730e-02
   1.6905889e-02
   5.7211842e-02
   1.7980950e-02
   1.3425948e-02
   1.8175829e-02
   3.2496534e-02
   1.8247437e-02
   1.8751832e-02
   2.8827358e-02
   4.6890464e-02
   2.0293066e-02
   9.1465255e-03
   1.7774837e-02
   4.3988496e-02
   2.0698145e-02
   2.4718994e-02
   1.7567335e-02
   4.8110783e-02
   2.3545520e-02
   3.1853244e-02
   3.4708709e-02
   4.3166362e-02
   1.0568722e-02
   4.3082219e-02
   6.5565437e-02
   2.9697387e-02
   1.4419495e-02
   7.6523870e-03
   1.9285887e-02
   3.1447507e-02
   1.0977973e-02
   5.3851921e-02
   2.1637477e-02
   3.3646442e-02
   1.4128103e-02
   1.6350981e-02
   1.9954208e-02
   2.6153736e-02
   1.0329052e-02
   2.4105882e-02
   3.3402730e-02
   2.9694228e-02
   1.2806712e-02
   6.1462014e-03
   1.5006962e-02
   2.7807761e-02
   1.2229872e-02
   3.6231969e-02
   2.3088655e-02
   3.4122176e-02
   9.7822733e-03
   5.6704432e-03
   1.2770770e-02
   1.9015878e-02
   1.1008672e-02
   1.1945852e-02
   1.3831994e-02
   3.3145465e-02
   2.2447612e-02
   5.6511615e-03
   1.2272508e-02
   3.0961217e-02
   1.7924072e-02
   2.3291823e-02
   2.5559377e-02
   3.4566686e-02
   1.2299941e-02
   6.5393709e-03
   2.4410313e-02
   2.2574794e-02
   1.2288045e-02
   1.5281091e-02
   2.0758657e-02
   5.4640651e-02
   2.7107341e-02
   5.7345820e-03
   2.1444345e-02
   5.6081131e-02
   2.0977469e-02
   3.9274063e-02
   2.5888182e-02
   3.7305601e-02
   1.2698342e-02
   1.1762824e-02
   3.9075632e-02
   2.1085799e-02
   2.1050230e-02
   2.9197710e-02
   3.0758183e-02
   5.5248879e-02
   2.2483528e-02
   5.6131613e-03
   4.0786859e-02
   5.6653537e-02
   1.4521424e-02
   3.5145696e-02
   4.8212167e-02
   4.3711476e-02
   1.1264353e-02
   1.5546767e-02
   2.0896990e-02
   1.8333288e-02
   3.0575050e-02
   2.7428936e-02
   1.9063830e-02
   4.2434696e-02
   2.7994636e-02
   5.2288189e-03
   2.1603113e-02
   3.9549146e-02
   1.2468886e-02
   1.8745666e-02
   3.5667852e-02
   5.2405939e-02
   9.0428675e-03
   1.0203498e-02
   1.2251046e-02
   1.6626108e-02
   1.4222494e-02
   1.4692154e-02
   1.4257879e-02
   3.2895654e-02
   1.6580379e-02
   5.7317060e-03
   1.0598055e-02
   3.0740993e-02
   1.1469623e-02
   1.6274197e-02
   1.7967621e-02
   3.9698504e-02
   1.3220561e-02
   1.4763403e-02
   2.0125400e-02
   2.4574852e-02
   1.0767549e-02
   2.3033861e-02
   3.3370644e-02
   2.8591443e-02
   1.3583158e-02
   5.9312321e-03
   1.3248196e-02
   2.9947568e-02
   1.1241439e-02
   2.8313475e-02
   2.1374958e-02
   3.0396475e-02
   3.4623519e-02
   5.0840903e-02
   5.1280040e-02
   6.4838305e-02
   6.9325198e-03
   6.4627022e-02
   6.4439394e-02
   2.4508964e-02
   1.0762605e-02
   7.6717827e-03
   2.4391457e-02
   2.7946997e-02
   7.9973219e-03
   7.9535738e-02
   2.9995766e-02
   2.2057170e-02
   1.6963577e-02
   2.4121489e-02
   3.1421088e-02
   3.0573104e-02
   6.8081585e-03
   3.6206607e-02
   3.3991184e-02
   2.2345899e-02
   9.1773923e-03
   5.6700488e-03
   1.4953906e-02
   2.2803927e-02
   8.7996032e-03
   5.7230625e-02
   2.7359549e-02
   2.1340240e-02
   7.9404907e-03
   7.7341348e-03
   1.8134244e-02
   1.3331053e-02
   8.7418100e-03
   1.9056516e-02
   1.8273540e-02
   2.6593475e-02
   2.3126466e-02
   6.0419962e-03
   1.1191154e-02
   3.0728038e-02
   2.0831918e-02
   3.7391122e-02
   2.5479745e-02
   2.4394939e-02
   1.0007530e-02
   1.1056664e-02
   3.4763779e-02
   1.7783055e-02
   1.0733263e-02
   2.2019017e-02
   3.0484810e-02
   5.6668606e-02
   2.9371208e-02
   6.2667280e-03
   2.9906364e-02
   6.6392876e-02
   2.8374236e-02
   6.0137037e-02
   3.7135214e-02
   3.1225134e-02
   1.1371594e-02
   1.7505236e-02
   6.0016450e-02
   1.8870711e-02
   2.2926232e-02
   3.5920825e-02
   4.7258820e-02
   6.2228240e-02
   2.8213192e-02
   5.6594154e-03
   6.4031884e-02
   6.2250786e-02
   1.2541129e-02
   5.5497393e-02
   7.6089308e-02
   4.4482011e-02
   1.0873505e-02
   2.3042535e-02
   3.1910788e-02
   1.2663307e-02
   3.6298096e-02
   3.1022867e-02
   2.6605047e-02
   3.3114415e-02
   3.3491362e-02
   4.8433663e-03
   2.8773421e-02
   3.6948074e-02
   9.0323985e-03
   3.1373400e-02
   5.4992594e-02
   5.0902367e-02
   7.5367722e-03
   1.6251151e-02
   1.7594596e-02
   1.2389487e-02
   1.3399576e-02
   2.0040510e-02
   1.7098324e-02
   2.6342766e-02
   1.4647187e-02
   4.8740590e-03
   1.0081735e-02
   2.5763992e-02
   7.5513395e-03
   2.3468988e-02
   2.2107510e-02
   3.2521069e-02
   1.5131494e-02
   2.3102649e-02
   3.2127630e-02
   2.9803842e-02
   6.6394694e-03
   3.5477072e-02
   3.8834546e-02
   2.1940561e-02
   8.4584458e-03
   5.5430145e-03
   1.3410206e-02
   2.0413624e-02
   7.8081964e-03
   4.4050854e-02
   2.5740076e-02
   2.0236339e-02
   5.7183474e-02
   8.6394764e-02
   7.7710293e-02
   1.0960102e-01
   5.8419523e-03
   8.7208204e-02
   1.0471454e-01
   2.6123753e-02
   1.0818087e-02
   1.5064795e-02
   3.2047335e-02
   2.8527170e-02
   9.7968001e-03
   1.0708330e-01
   5.5801455e-02
   2.9267991e-02
   2.9867036e-02
   4.1111533e-02
   5.7284173e-02
   4.9555246e-02
   5.0863209e-03
   5.4917455e-02
   5.1855545e-02
   2.7042186e-02
   9.6619846e-03
   1.0739747e-02
   1.7872782e-02
   2.8531730e-02
   9.6121067e-03
   9.4988629e-02
   5.0782084e-02
   2.2440959e-02
   1.0179644e-02
   9.3551921e-03
   3.2907806e-02
   1.2648352e-02
   8.8091101e-03
   3.4781251e-02
   3.6343057e-02
   3.0503571e-02
   3.5829902e-02
   1.0145623e-02
   1.1252585e-02
   3.3676621e-02
   2.8422413e-02
   6.4359538e-02
   2.8066196e-02
   2.3705672e-02
   9.4798915e-03
   1.5372463e-02
   5.8819175e-02
   2.4633050e-02
   1.1722395e-02
   3.9944820e-02
   4.8178751e-02
   6.8046853e-02
   4.3110184e-02
   1.0912333e-02
   4.8538335e-02
   8.0787480e-02
   3.6081210e-02
   1.0089952e-01
   5.2079570e-02
   3.5737343e-02
   1.2176519e-02
   2.5088554e-02
   9.5728979e-02
   2.4211030e-02
   2.7313173e-02
   5.0094269e-02
   7.3182516e-02
   6.3765757e-02
   4.1586589e-02
   1.0502530e-02
   1.0851889e-01
   7.5192720e-02
   1.5590240e-02
   9.2394687e-02
   1.1579334e-01
   5.0411996e-02
   1.4180312e-02
   3.3069298e-02
   5.2684050e-02
   1.3246934e-02
   4.6158426e-02
   4.2342976e-02
   4.3481793e-02
   3.5417236e-02
   4.7116697e-02
   8.7140622e-03
   4.5173660e-02
   4.1323625e-02
   1.0125558e-02
   5.7754222e-02
   7.1575508e-02
   4.5468103e-02
   1.0107494e-02
   2.8243475e-02
   3.5747800e-02
   1.3330380e-02
   1.5551896e-02
   3.6358930e-02
   2.9881842e-02
   2.4765620e-02
   1.9561088e-02
   8.1173880e-03
   1.0686206e-02
   2.0054845e-02
   6.7163501e-03
   4.1553807e-02
   2.5366267e-02
   2.7347006e-02
   2.2887968e-02
   4.0885292e-02
   6.1283499e-02
   4.8699848e-02
   6.2716696e-03
   5.2213266e-02
   7.1150064e-02
   2.4597310e-02
   9.3809078e-03
   9.2685856e-03
   1.7691419e-02
   2.0774778e-02
   9.5696291e-03
   7.4179828e-02
   4.3399848e-02
   2.9092951e-02
