   1.0299376e-02
   1.0196567e-02
   9.2028659e-03
   3.8121309e-02
   6.1988924e-03
   9.7094262e-03
   7.1943225e-03
   3.0095011e-02
   4.8123337e-03
   6.4407978e-03
   6.1415606e-03
   2.7163403e-02
   4.1063079e-03
   7.3473486e-03
   7.4948636e-03
   3.1737018e-02
   1.0204962e-02
   9.5603280e-03
   9.0162838e-03
   3.9472509e-02
   6.3351174e-03
   9.8641748e-03
   7.2059832e-03
   2.9879143e-02
   4.5045065e-03
   6.2528756e-03
   6.2081702e-03
   2.7678255e-02
   3.9919810e-03
   7.7176783e-03
   7.8237625e-03
   3.3348251e-02
   9.5168892e-03
   9.7977556e-03
   9.4528645e-03
   4.0497951e-02
   6.1871218e-03
   9.8767728e-03
   8.2804551e-03
   3.0720193e-02
   4.5763571e-03
   6.5311589e-03
   6.5352712e-03
   2.9415442e-02
   3.8190039e-03
   9.7350935e-03
   8.3066029e-03
   3.3061661e-02
   1.0030901e-02
   9.5910216e-03
   1.0401696e-02
   4.6660937e-02
   6.9647017e-03
   1.0919332e-02
   1.0546301e-02
   3.3116903e-02
   5.1363762e-03
   6.6425856e-03
   1.2462284e-02
   2.8484862e-02
   4.7637704e-03
   1.2960487e-02
   1.4472001e-02
   3.2833353e-02
   1.1832932e-02
   9.6083879e-03
   1.2403496e-02
   5.6833051e-02
   8.6477799e-03
   1.2303928e-02
   1.6769772e-02
   3.9663173e-02
   7.3006097e-03
   6.9568953e-03
   2.4900598e-02
   2.9583536e-02
   7.1954471e-03
   1.3019917e-02
   2.9296389e-02
   3.4696881e-02
   1.0149623e-02
   1.0134094e-02
   1.0222808e-02
   4.5721743e-02
   6.4017791e-03
   1.0890225e-02
   1.2054815e-02
   3.4889754e-02
   5.0714971e-03
   6.5671825e-03
   1.3169930e-02
   2.7955614e-02
   4.7195838e-03
   1.0073759e-02
   1.6440004e-02
   3.3117272e-02
   9.8278075e-03
   9.7038588e-03
   9.0660276e-03
   3.8490251e-02
   6.0737934e-03
   8.4057795e-03
   7.5116064e-03
   3.0538680e-02
   4.5708730e-03
   6.0681929e-03
   6.0299635e-03
   2.7692029e-02
   3.7370126e-03
   8.9748530e-03
   8.1153214e-03
   3.3242397e-02
   9.7711338e-03
   9.9274311e-03
   9.4036935e-03
   3.9914869e-02
   6.4984281e-03
   8.6760409e-03
   7.0495033e-03
   3.0054007e-02
   4.6185353e-03
   5.9283450e-03
   5.8584344e-03
   2.7405892e-02
   3.8724130e-03
   7.4356277e-03
   7.6941457e-03
   3.2363694e-02
   6.5578972e-03
   6.6334782e-03
   5.6432341e-03
   2.1890042e-02
   3.6486515e-03
   6.0715470e-03
   4.2991713e-03
   1.5528161e-02
   2.8029613e-03
   3.8603146e-03
   4.4129086e-03
   1.5505501e-02
   2.1103222e-03
   5.0742375e-03
   4.9508270e-03
   1.6261341e-02
   6.0683452e-03
   5.4665934e-03
   5.5357707e-03
   2.1704327e-02
   3.5731927e-03
   6.1213309e-03
   4.5338827e-03
   1.6222890e-02
   2.6888014e-03
   4.1984641e-03
   4.4309911e-03
   1.5336057e-02
   2.3042266e-03
   6.0360804e-03
   5.7963962e-03
   1.7625028e-02
   5.6576580e-03
   5.2318047e-03
   6.6580786e-03
   2.3442868e-02
   3.4799289e-03
   6.7258365e-03
   5.6698443e-03
   1.5673259e-02
   2.6568442e-03
   4.5113307e-03
   4.9282149e-03
   1.6693236e-02
   2.3074378e-03
   8.1807785e-03
   6.8832096e-03
   1.8013446e-02
   6.3035185e-03
   5.5279299e-03
   8.7080356e-03
   2.8981622e-02
   4.5183394e-03
   8.2132043e-03
   1.0157907e-02
   2.1061815e-02
   4.0568588e-03
   4.0347525e-03
   1.4022589e-02
   1.8607695e-02
   3.7419903e-03
   1.1165848e-02
   1.6160300e-02
   1.8619427e-02
   8.8858167e-03
   6.0271798e-03
   1.2706535e-02
   5.1803183e-02
   7.2908886e-03
   1.0802488e-02
   2.1021111e-02
   3.3863731e-02
   7.1176863e-03
   4.2042639e-03
   3.3412073e-02
   2.3028120e-02
   6.8327282e-03
   1.1716482e-02
   3.9378498e-02
   2.2676900e-02
   6.4254990e-03
   5.3760801e-03
   8.5554887e-03
   3.4784477e-02
   4.0345169e-03
   7.8350166e-03
   1.2397886e-02
   2.3435561e-02
   3.8565341e-03
   3.8212449e-03
   1.6084548e-02
   1.7356889e-02
   3.5651997e-03
   8.9339400e-03
   1.9444613e-02
   1.9568402e-02
   5.5789677e-03
   5.2504968e-03
   5.6131454e-03
   2.1378253e-02
   3.1766165e-03
   5.7288343e-03
   4.7909147e-03
   1.6390288e-02
   2.4865596e-03
   3.5880471e-03
   4.3980251e-03
   1.5474517e-02
   2.1749777e-03
   6.2586968e-03
   6.3948850e-03
   1.7055366e-02
   5.0297752e-03
   5.7545123e-03
   4.8008724e-03
   2.1986848e-02
   3.3264046e-03
   5.3275311e-03
   3.9655352e-03
   1.6136205e-02
   2.5006300e-03
   3.9782510e-03
   4.1380092e-03
   1.5081356e-02
   2.1869817e-03
   4.9925763e-03
   5.2896943e-03
   1.7349446e-02
   6.1073471e-03
   6.5826545e-03
   5.8559882e-03
   1.3854397e-02
   2.0551670e-03
   3.8067841e-03
   3.6077371e-03
   8.6563369e-03
   1.8879849e-03
   3.1508489e-03
   3.7268051e-03
   1.0766535e-02
   1.5010361e-03
   4.0902277e-03
   5.6051374e-03
   9.1893105e-03
   4.1233478e-03
   4.3244697e-03
   4.9225837e-03
   1.5026725e-02
   2.0251002e-03
   4.0909895e-03
   4.5669493e-03
   9.2561366e-03
   1.6921816e-03
   3.2096207e-03
   3.9251386e-03
   9.6898368e-03
   1.4616058e-03
   4.9256207e-03
   5.7081529e-03
   9.1332784e-03
   3.3839587e-03
   3.8052909e-03
   5.7347920e-03
   1.6785474e-02
   2.0846459e-03
   4.7049760e-03
   4.9383463e-03
   1.0747550e-02
   1.6204489e-03
   3.7471815e-03
   5.2215103e-03
   9.9785188e-03
   1.5313941e-03
   8.1361355e-03
   6.4529642e-03
   1.0536871e-02
   5.4666330e-03
   4.0782867e-03
   1.0652152e-02
   3.0133301e-02
   4.7145975e-03
   7.3957699e-03
   1.3016010e-02
   2.0311110e-02
   4.5444844e-03
   3.7203014e-03
   1.8905649e-02
   1.7622380e-02
   3.9212001e-03
   1.0391786e-02
   2.0508794e-02
   1.4240386e-02
   1.0411092e-02
   4.7915280e-03
   2.2137044e-02
   6.3779563e-02
   9.5334928e-03
   9.5867394e-03
   3.2881428e-02
   4.6600752e-02
   9.3164174e-03
   3.8047091e-03
   4.7532659e-02
   3.4600373e-02
   9.0759750e-03
   1.0548830e-02
   5.5773266e-02
   2.5917696e-02
   5.1411730e-03
   4.1405447e-03
   1.1403502e-02
   3.5176177e-02
   4.1309986e-03
   6.8250448e-03
   1.7186420e-02
   2.4334230e-02
   4.3024183e-03
   3.2521200e-03
   2.1880474e-02
   1.9818973e-02
   4.0528364e-03
   1.0233167e-02
   2.5817115e-02
   1.6174139e-02
   3.2917021e-03
   3.4542647e-03
   4.3942700e-03
   1.5004999e-02
   1.6880860e-03
   4.7678878e-03
   4.1205627e-03
   1.0266361e-02
   1.4638159e-03
   3.0059302e-03
   4.1141496e-03
   8.5952869e-03
   1.4239356e-03
   5.8981148e-03
   5.7663722e-03
   1.0480312e-02
   3.8443299e-03
   4.2414274e-03
   3.8776556e-03
   1.4258130e-02
   1.8025875e-03
   3.9858618e-03
   2.9258223e-03
   9.2975413e-03
   1.5988087e-03
   3.5574555e-03
   3.7090715e-03
   9.1577880e-03
   1.4053922e-03
   3.9898069e-03
   5.0114556e-03
   1.0143113e-02
   8.8930912e-03
   1.0785115e-02
   7.9308795e-03
   9.5761651e-03
   1.5917202e-03
   3.3039742e-03
   3.3387823e-03
   5.8017159e-03
   1.9934103e-03
   3.0129682e-03
   3.3891033e-03
   8.3008287e-03
   1.1465478e-03
   3.6404009e-03
   5.2885194e-03
   6.1136065e-03
   4.8006680e-03
   5.2185939e-03
   5.6953561e-03
   9.2540532e-03
   1.7378628e-03
   4.9668076e-03
   4.7421888e-03
   6.4524631e-03
   1.8064132e-03
   3.6590241e-03
   6.1166892e-03
   6.9663445e-03
   1.2521985e-03
   5.3128116e-03
   6.4565027e-03
   5.1926980e-03
   2.3806242e-03
   3.0493285e-03
   4.7104815e-03
   1.0254605e-02
   1.6138379e-03
   6.5355268e-03
   4.9654879e-03
   8.8048754e-03
   1.7812005e-03
   4.2254045e-03
   6.8450258e-03
   6.5706326e-03
   1.7013522e-03
   6.3124206e-03
   6.2296079e-03
   6.8824035e-03
   7.5105983e-03
   4.3929801e-03
   1.7186550e-02
   3.5219476e-02
   7.2761900e-03
   8.4407749e-03
   2.0974068e-02
   3.1729769e-02
   7.9201683e-03
   3.5184952e-03
   2.7213030e-02
   2.5775604e-02
   7.3786615e-03
   8.1675081e-03
   2.8400866e-02
   2.0693766e-02
   1.8098665e-02
   5.0977897e-03
   4.4951860e-02
   9.3262978e-02
   1.7700082e-02
   8.7419916e-03
   5.7776209e-02
   8.2720168e-02
   1.8088542e-02
   2.8864683e-03
   7.1298838e-02
   6.7619935e-02
   1.8102566e-02
   1.1829412e-02
   7.9364702e-02
   5.4289028e-02
   7.8596557e-03
   4.3342356e-03
   2.1179093e-02
   4.2067319e-02
   7.4539850e-03
   7.0465938e-03
   2.8420322e-02
   3.7276391e-02
   7.0891604e-03
   2.9541312e-03
   3.1886108e-02
   2.9043214e-02
   7.4863364e-03
   1.0686557e-02
   3.6194529e-02
   2.6197158e-02
   2.4646283e-03
   3.3566491e-03
   4.3785921e-03
   8.9000287e-03
   1.5409762e-03
   4.8120022e-03
   4.8527042e-03
   7.6506315e-03
   1.4116955e-03
   2.7645815e-03
   4.6696384e-03
   5.9710015e-03
   1.4675707e-03
   7.4147279e-03
   6.4981566e-03
   5.9079486e-03
   4.3776734e-03
   5.5222195e-03
   5.5399537e-03
   7.7796993e-03
   1.3922369e-03
   3.4229620e-03
   3.1185683e-03
   5.3263172e-03
   1.5186694e-03
   2.6408033e-03
   3.2681858e-03
   6.2040673e-03
   1.0100533e-03
   4.4124015e-03
   5.5683767e-03
   6.2209070e-03
