   3.1815279e-02
   1.2306694e-01
   8.0192812e-02
   2.4024559e-02
   7.0331432e-02
   1.2533611e-01
   6.8590991e-02
   3.5897173e-02
   8.3919242e-02
   5.9013881e-02
   2.9334815e-02
   4.6423670e-02
   3.6427643e-02
   4.4864319e-02
   6.6749074e-02
   4.3450106e-02
   6.2426619e-02
   6.7603886e-02
   3.8455687e-02
   2.2333585e-02
   8.8981390e-02
   9.2941843e-02
   3.8659569e-02
   2.8582277e-02
   4.6294115e-02
   4.0570173e-02
   2.7356882e-02
   5.7293478e-02
   3.2647070e-02
   4.1581295e-02
   6.5674432e-02
   5.3714115e-02
   1.1547133e-01
   5.9509788e-02
   1.3281451e-02
   2.0353660e-02
   5.3416997e-02
   5.3343825e-02
   2.0837616e-02
   2.2882618e-02
   3.9622106e-02
   3.4921788e-02
   2.8686078e-02
   3.8000140e-02
   3.0026836e-02
   3.7100706e-02
   6.7353457e-02
   7.5644553e-02
   7.0154622e-02
   7.1370356e-02
   1.4569465e-02
   2.2433380e-02
   4.5098890e-02
   4.2515650e-02
   2.3521537e-02
   2.0722872e-02
   4.2674530e-02
   4.5506369e-02
   3.6434077e-02
   3.1270560e-02
   3.4652397e-02
   3.8514301e-02
   6.9537885e-02
   5.8208212e-02
   4.1346200e-02
   4.0688153e-02
   2.5236938e-02
   3.1067327e-02
   5.4119118e-02
   4.9701072e-02
   3.6711887e-02
   2.6211090e-02
   5.2218221e-02
   6.1960716e-02
   5.0949238e-02
   3.4546278e-02
   4.2960119e-02
   4.4203006e-02
   7.2772153e-02
   5.2872419e-02
   3.2011591e-02
   2.5194485e-02
   1.8526465e-02
   3.4129690e-02
   4.3539602e-02
   3.7839044e-02
   2.8905863e-02
   3.3920355e-02
   4.6364743e-02
   5.7368722e-02
   3.4218561e-02
   3.3827890e-02
   5.6632202e-02
   5.4942355e-02
   6.2881522e-02
   4.4928435e-02
   3.0178213e-02
   2.2831565e-02
   1.2503198e-02
   3.8441297e-02
   4.0054880e-02
   3.2338802e-02
   2.4500471e-02
   4.9162231e-02
   5.3596273e-02
   6.9091618e-02
   2.3923589e-02
   3.2967169e-02
   9.4551951e-02
   5.4887459e-02
   5.9046149e-02
   4.1111782e-02
   2.9890442e-02
   5.6235161e-02
   3.3053461e-02
   3.1511039e-02
   4.2650092e-02
   6.0239650e-02
   3.6867816e-02
   4.8601594e-02
   9.2773385e-02
   7.4266106e-02
   2.4051446e-02
   3.3033453e-02
   6.3649051e-02
   4.2853042e-02
   5.7941590e-02
   4.0850576e-02
   3.7353124e-02
   1.9381179e-01
   1.3519961e-01
   2.0882240e-02
   1.0546578e-01
   1.8210068e-01
   1.0337149e-01
   5.8765095e-02
   1.2321668e-01
   7.4816003e-02
   2.7903836e-02
   6.4831965e-02
   4.7083843e-02
   3.8600039e-02
   6.6017352e-02
   3.1573523e-02
   9.7235873e-02
   1.0767138e-01
   6.6937447e-02
   1.7557720e-02
   1.4553881e-01
   1.3820608e-01
   5.7347845e-02
   4.4200432e-02
   5.4623764e-02
   4.9344983e-02
   2.8146731e-02
   7.2998643e-02
   3.8219523e-02
   3.4456603e-02
   5.8678571e-02
   4.7080211e-02
   1.9364917e-01
   7.5157292e-02
   1.9920914e-02
   1.6306441e-02
   8.1420295e-02
   7.1933225e-02
   2.4873631e-02
   2.3736982e-02
   4.3816015e-02
   4.1306347e-02
   3.0584253e-02
   3.5989091e-02
   3.2292020e-02
   3.1046724e-02
   6.1783388e-02
   8.2334824e-02
   1.0953706e-01
   7.9969041e-02
   1.6466061e-02
   2.1092989e-02
   6.0744666e-02
   5.4901745e-02
   2.4524320e-02
   1.9717395e-02
   5.0933119e-02
   5.6512788e-02
   4.0284313e-02
   2.1492004e-02
   3.8108207e-02
   3.4048989e-02
   6.7877755e-02
   5.1874865e-02
   4.8513770e-02
   4.8107345e-02
   3.4785397e-02
   3.7794955e-02
   6.5253064e-02
   5.4024771e-02
   4.6411764e-02
   2.8414002e-02
   6.7452788e-02
   6.8086430e-02
   5.4928906e-02
   2.3966867e-02
   5.2206911e-02
   3.8305033e-02
   6.7393184e-02
   3.8995840e-02
   3.6584191e-02
   3.1871293e-02
   1.9811729e-02
   3.7604421e-02
   5.0815988e-02
   4.4674668e-02
   3.3495240e-02
   3.8207591e-02
   5.9001070e-02
   6.6958413e-02
   3.4210771e-02
   2.1922754e-02
   8.7196112e-02
   4.9988657e-02
   5.7527568e-02
   3.5247102e-02
   3.2155376e-02
   2.6738778e-02
   1.4206223e-02
   4.1334115e-02
   4.1473519e-02
   3.9230723e-02
   2.6573109e-02
   6.6874981e-02
   7.5137757e-02
   9.9761181e-02
   2.4125211e-02
   2.2619957e-02
   1.6011173e-01
   5.7272684e-02
   4.5642126e-02
   3.1552926e-02
   3.2541145e-02
   7.9821132e-02
   5.2064430e-02
   3.0134529e-02
   4.7008298e-02
   7.7663928e-02
   4.5458786e-02
   6.7777075e-02
   1.4643170e-01
   1.0481375e-01
   2.4428688e-02
   3.0766236e-02
   1.0258431e-01
   3.9007459e-02
   5.1096711e-02
   3.1095695e-02
   6.1266836e-02
   2.0137490e-01
   1.4372765e-01
   2.3884268e-02
   1.5838960e-01
   1.9248940e-01
   1.1988136e-01
   8.2154647e-02
   1.8569575e-01
   7.5521514e-02
   3.2298446e-02
   1.0023801e-01
   8.3916128e-02
   3.5614356e-02
   6.3205503e-02
   3.0675942e-02
   1.4945954e-01
   1.0610800e-01
   6.8058804e-02
   2.1054044e-02
   2.0582367e-01
   1.3462217e-01
   6.6084132e-02
   6.6236481e-02
   8.8629179e-02
   4.8190802e-02
   3.7867490e-02
   9.8244250e-02
   6.4232774e-02
   3.4051970e-02
   5.5521093e-02
   5.3825945e-02
   2.6015776e-01
   4.5890801e-02
   1.3537171e-02
   2.0723812e-02
   1.2211303e-01
   6.5620534e-02
   2.0587977e-02
   3.6851548e-02
   6.8393864e-02
   4.7603995e-02
   4.2220559e-02
   4.3189075e-02
   5.5712584e-02
   3.7476335e-02
   6.6405676e-02
   1.0328339e-01
   1.3840717e-01
   4.4384874e-02
   2.0911239e-02
   3.1230303e-02
   8.5443921e-02
   5.0269213e-02
   2.8813737e-02
   2.8354015e-02
   7.3719047e-02
   6.4506911e-02
   5.2744109e-02
   2.3091070e-02
   6.5330870e-02
   4.1355170e-02
   7.0867889e-02
   5.9302546e-02
   6.7658015e-02
   4.8215646e-02
   4.9053941e-02
   5.9263293e-02
   8.5595176e-02
   6.4914621e-02
   6.2503368e-02
   3.7441894e-02
   7.1865365e-02
   9.0508476e-02
   7.0685178e-02
   1.9307615e-02
   7.7947885e-02
   4.5453571e-02
   7.2693244e-02
   3.7241504e-02
   5.7115961e-02
   3.2969713e-02
   2.5047781e-02
   5.3620931e-02
   7.7389270e-02
   5.3453628e-02
   3.9340928e-02
   4.5747921e-02
   7.7466406e-02
   6.2454149e-02
   4.3991249e-02
   1.9276382e-02
   1.2468410e-01
   4.7106985e-02
   6.8749934e-02
   2.9677823e-02
   5.1088791e-02
   3.0876046e-02
   1.4211526e-02
   5.3932264e-02
   6.3869596e-02
   5.3142104e-02
   2.9418193e-02
   7.3343329e-02
   1.2433992e-01
   8.4944285e-02
   2.6339654e-02
   2.4407145e-02
   2.7303752e-01
   5.2697804e-02
   4.7996476e-02
   2.8262634e-02
   5.5674210e-02
   8.9248203e-02
   5.5788632e-02
   3.5550300e-02
   7.6871440e-02
   8.4189437e-02
   5.0291281e-02
   7.3323295e-02
   2.3229805e-01
   1.0263543e-01
   3.2121878e-02
   4.0479615e-02
   1.8277131e-01
   3.5765171e-02
   5.0851759e-02
   2.7560402e-02
   8.9462824e-02
   4.6379313e-02
   2.5932139e-02
   4.1722272e-02
   1.7256321e-01
   7.0364803e-02
   3.2745767e-02
   6.9006614e-02
   1.9835185e-01
   5.6945998e-02
   4.7194157e-02
   1.2634039e-01
   1.0560450e-01
   3.8203355e-02
   7.6615475e-02
   4.0450737e-02
   1.3364981e-01
   2.7776061e-02
   1.3962922e-02
   3.6550362e-02
   1.7849419e-01
   6.2355366e-02
   2.5111180e-02
   6.4341642e-02
   1.0576224e-01
   4.0112741e-02
   6.8032198e-02
   1.2283994e-01
   8.8570394e-02
   5.5061162e-02
   7.1304873e-02
   7.6326065e-02
   1.6830528e-01
   2.5276346e-02
   1.2934076e-02
   2.8023519e-02
   1.0865046e-01
   5.1915519e-02
   1.7688774e-02
   4.1098144e-02
   8.9621559e-02
   4.1398451e-02
   6.6505320e-02
   5.0452869e-02
   7.9067253e-02
   4.5661725e-02
   7.9019256e-02
   1.3919467e-01
   8.6747043e-02
   2.7232718e-02
   2.7387179e-02
   4.5890126e-02
   8.9653261e-02
   4.1351523e-02
   3.9091732e-02
   3.6946639e-02
   6.8708882e-02
   6.5703720e-02
   8.1716970e-02
   2.1866558e-02
   6.9716737e-02
   4.8975971e-02
   7.6985836e-02
   8.3726868e-02
   7.4123286e-02
   4.5919430e-02
   6.5953225e-02
   9.7110860e-02
   8.8457756e-02
   6.0945980e-02
   7.4019887e-02
   4.9288146e-02
   9.2187263e-02
   1.0220195e-01
   8.4510028e-02
   2.2125199e-02
   8.1659205e-02
   5.8025740e-02
   6.7794919e-02
   5.4539841e-02
   6.4658873e-02
   2.1518670e-02
   3.4406338e-02
   6.6416956e-02
   7.3759601e-02
   4.7331762e-02
   3.8059317e-02
   5.9869040e-02
   7.0821151e-02
   6.0559489e-02
   5.4603066e-02
   2.2457095e-02
   8.3464101e-02
   7.5849056e-02
   5.8938432e-02
   3.5436120e-02
   7.0014715e-02
   2.5161769e-02
   2.2474181e-02
   6.1224017e-02
   1.0243643e-01
   3.8974024e-02
   3.6613278e-02
   5.9085108e-02
   1.0582437e-01
   5.2983306e-02
   3.0393714e-02
   2.1366036e-02
   1.7900084e-01
   8.0033749e-02
   4.0479757e-02
   3.3918425e-02
   8.2442053e-02
   4.3943454e-02
   1.5896061e-02
   4.1564845e-02
   9.2287168e-02
   4.7257360e-02
   3.0035801e-02
   7.1074069e-02
   2.1928452e-01
   6.8402432e-02
   3.4274876e-02
   4.4616811e-02
   1.6456047e-01
   4.2908490e-02
   5.0783623e-02
   2.9951662e-02
