   3.4848277e-02
   3.4942932e-02
   3.2338671e-02
   2.8697195e-02
   4.3287329e-02
   5.3398386e-02
   5.3712457e-02
   2.1879084e-02
   4.3810289e-02
   4.0765360e-02
   4.3892033e-02
   2.1446353e-02
   4.9296584e-02
   4.3425992e-02
   5.2166406e-02
   2.1754595e-02
   2.1119742e-02
   1.9938122e-02
   2.0717325e-02
   2.0870486e-02
   2.2050075e-02
   2.7415879e-02
   2.7800951e-02
   1.5667025e-02
   2.1748256e-02
   2.1957232e-02
   2.6431100e-02
   1.6108952e-02
   2.4598669e-02
   2.4994615e-02
   3.6133099e-02
   1.7052881e-02
   1.3951599e-02
   1.1290759e-02
   1.4809876e-02
   1.7964086e-02
   9.5892586e-03
   1.0291845e-02
   1.3560936e-02
   1.2499623e-02
   7.9122186e-03
   9.8201009e-03
   1.5881892e-02
   1.3088791e-02
   9.2576444e-03
   1.2136050e-02
   2.3163503e-02
   1.4883757e-02
   1.8206695e-02
   1.9463412e-02
   2.2970010e-02
   2.1576345e-02
   1.7643142e-02
   2.4364287e-02
   2.9027322e-02
   1.9460900e-02
   1.4905176e-02
   2.1575622e-02
   2.5689617e-02
   1.8874077e-02
   1.6907254e-02
   2.1971308e-02
   2.8745431e-02
   2.3477288e-02
   2.7013199e-02
   3.6175791e-02
   3.9300881e-02
   3.1327751e-02
   3.6947012e-02
   5.2839208e-02
   6.1766416e-02
   3.7124485e-02
   3.3414628e-02
   4.6472002e-02
   4.6196256e-02
   3.6263410e-02
   3.5645895e-02
   4.6244442e-02
   4.0909283e-02
   4.3829314e-02
   1.8922027e-02
   2.0766048e-02
   2.5548505e-02
   2.4386199e-02
   1.9375792e-02
   2.5453275e-02
   3.2308653e-02
   2.1602960e-02
   1.7716955e-02
   2.3441609e-02
   2.7450891e-02
   2.0437753e-02
   1.9232010e-02
   2.5349574e-02
   2.8313480e-02
   2.3012158e-02
   1.3335703e-02
   1.1225878e-02
   1.5445498e-02
   1.9734431e-02
   9.4561866e-03
   1.0659186e-02
   1.4589339e-02
   1.4134106e-02
   8.3429636e-03
   9.9453293e-03
   1.5616746e-02
   1.2649822e-02
   9.7832857e-03
   1.2960672e-02
   2.1620248e-02
   1.3508218e-02
   2.0288041e-02
   1.8794864e-02
   2.0642281e-02
   2.2348423e-02
   1.9263590e-02
   2.3806924e-02
   2.6091833e-02
   1.6483523e-02
   1.9259373e-02
   1.9832660e-02
   2.4397209e-02
   1.5038574e-02
   2.1907356e-02
   2.2965370e-02
   3.1048002e-02
   1.6488839e-02
   4.3012761e-02
   4.5463704e-02
   4.3913353e-02
   3.1355523e-02
   6.7201979e-02
   8.6042039e-02
   8.6259454e-02
   2.5780650e-02
   7.4272841e-02
   6.2297281e-02
   6.4641222e-02
   2.6169343e-02
   6.6966102e-02
   5.7722703e-02
   6.1387107e-02
   2.4754541e-02
   2.3193527e-02
   2.4548870e-02
   2.3650272e-02
   2.0458316e-02
   3.1687468e-02
   4.1116420e-02
   4.2902958e-02
   1.6398406e-02
   3.5070661e-02
   3.2229774e-02
   3.5626590e-02
   1.8266300e-02
   3.2050751e-02
   3.2322872e-02
   3.9687321e-02
   1.7258942e-02
   1.1367405e-02
   1.2365011e-02
   1.5468572e-02
   1.4808510e-02
   1.0508114e-02
   1.2806986e-02
   1.7021313e-02
   1.1423714e-02
   9.7470051e-03
   1.1664551e-02
   1.7735189e-02
   1.3795904e-02
   1.0497304e-02
   1.4346417e-02
   2.4603575e-02
   1.3090938e-02
   1.9618858e-02
   2.5573509e-02
   2.9010467e-02
   2.5270922e-02
   2.5786778e-02
   3.6180418e-02
   3.7470687e-02
   2.8415751e-02
   2.3733214e-02
   3.0300697e-02
   3.1399313e-02
   2.7471187e-02
   2.4096895e-02
   3.0741772e-02
   3.3895213e-02
   2.7370768e-02
   3.8412776e-02
   5.4059301e-02
   5.3621888e-02
   4.5166768e-02
   6.4081281e-02
   8.6614236e-02
   8.8272333e-02
   6.7130633e-02
   6.2351279e-02
   7.2644003e-02
   5.9723943e-02
   6.0544975e-02
   5.9626706e-02
   7.0748985e-02
   5.2829165e-02
   5.5911560e-02
   2.2519652e-02
   2.8971385e-02
   3.1512693e-02
   2.9973192e-02
   3.0702587e-02
   3.9619900e-02
   4.4386275e-02
   3.2359816e-02
   3.0436300e-02
   3.5581104e-02
   3.4504093e-02
   2.9241858e-02
   3.0311076e-02
   3.5989884e-02
   3.2873884e-02
   2.6839670e-02
   1.0804216e-02
   1.1348885e-02
   1.7246813e-02
   1.8213024e-02
   1.0219160e-02
   1.2550563e-02
   1.6366206e-02
   1.3628816e-02
   1.0241285e-02
   1.2420028e-02
   1.6803324e-02
   1.1485675e-02
   1.2137990e-02
   1.5802324e-02
   2.0349614e-02
   1.2217571e-02
   2.0788336e-02
   2.1931989e-02
   2.4796490e-02
   2.0256326e-02
   2.6224250e-02
   3.4989115e-02
   3.6907133e-02
   1.7210934e-02
   2.9049832e-02
   2.8435428e-02
   3.0630035e-02
   1.6070375e-02
   2.6700038e-02
   2.9087827e-02
   3.2752454e-02
   1.5626738e-02
   7.0935369e-02
   7.1807496e-02
   7.0396371e-02
   4.8342153e-02
   1.2609662e-01
   1.2645458e-01
   1.3119334e-01
   4.2693887e-02
   1.2708355e-01
   1.0159451e-01
   1.0426478e-01
   4.2006753e-02
   1.1516690e-01
   9.6813753e-02
   9.0182573e-02
   3.8608354e-02
   3.4667637e-02
   3.3979408e-02
   3.5520267e-02
   2.9145529e-02
   5.6319561e-02
   5.7988930e-02
   6.2613897e-02
   2.7154896e-02
   5.7798728e-02
   5.3230010e-02
   5.5681255e-02
   2.8457452e-02
   5.3680446e-02
   5.3070206e-02
   5.0667036e-02
   2.4695005e-02
   1.2820089e-02
   1.6580667e-02
   1.9376416e-02
   2.0283630e-02
   1.4831928e-02
   1.7447552e-02
   2.1594498e-02
   1.7664162e-02
   1.3730746e-02
   1.5759435e-02
   1.9348519e-02
   2.1553164e-02
   1.3352765e-02
   2.6011948e-02
   2.7940093e-02
   1.9073293e-02
   2.7433999e-02
   3.7162594e-02
   3.5381932e-02
   4.1267574e-02
   3.8014188e-02
   5.5458590e-02
   4.3359127e-02
   5.2907284e-02
   3.5467558e-02
   4.8823580e-02
   3.4709770e-02
   5.0117478e-02
   3.6336083e-02
   5.3027008e-02
   4.5178130e-02
   4.5947216e-02
   5.7261709e-02
   7.8769125e-02
   6.0628559e-02
   7.7852108e-02
   1.0158769e-01
   1.3541088e-01
   9.9984668e-02
   1.3173254e-01
   9.9357203e-02
   1.2743714e-01
   7.1091704e-02
   1.2078607e-01
   1.0007294e-01
   1.2799463e-01
   7.0193954e-02
   1.0318099e-01
   3.1457484e-02
   4.2841587e-02
   3.6308583e-02
   5.0143354e-02
   4.6792444e-02
   6.0611185e-02
   5.1667511e-02
   5.8672678e-02
   4.6687745e-02
   5.9174981e-02
   4.6479076e-02
   5.1905248e-02
   4.8418924e-02
   6.1300978e-02
   4.5544334e-02
   4.3891001e-02
   1.3267586e-02
   1.5356099e-02
   2.0370033e-02
   2.6037276e-02
   1.4400991e-02
   1.7132632e-02
   2.1995261e-02
   2.1009702e-02
   1.2997236e-02
   2.0172026e-02
   2.3783788e-02
   1.5059880e-02
   1.7652713e-02
   2.7881412e-02
   2.7292877e-02
   1.6346298e-02
   3.2396499e-02
   3.1096257e-02
   3.5683963e-02
   3.0873826e-02
   4.6559837e-02
   4.8043087e-02
   5.3239964e-02
   2.6455624e-02
   4.5573808e-02
   4.3468397e-02
   4.2618606e-02
   2.1078032e-02
   4.1472171e-02
   4.2325441e-02
   4.4071794e-02
   2.0391930e-02
   1.1312965e-01
   1.1105526e-01
   1.0570876e-01
   7.5902916e-02
   1.5989728e-01
   1.2938529e-01
   1.2258493e-01
   6.5262124e-02
   1.5524414e-01
   1.5949012e-01
   1.9600630e-01
   8.6608171e-02
   1.7524201e-01
   1.7053686e-01
   1.7033550e-01
   7.4297182e-02
   5.0934870e-02
   4.8215237e-02
   4.8867214e-02
   3.9366040e-02
   7.0985064e-02
   6.5941669e-02
   5.7570990e-02
   4.6323095e-02
   6.9083020e-02
   8.5253052e-02
   1.0016578e-01
   4.8957407e-02
   8.0411397e-02
   8.4103830e-02
   8.7764308e-02
   4.1348770e-02
   1.9147716e-02
   1.4569149e-02
   2.0788165e-02
   3.0098151e-02
   1.8408060e-02
   2.0504691e-02
   2.9900780e-02
   2.9305495e-02
   1.7074576e-02
   1.7438116e-02
   2.9806511e-02
   3.6835842e-02
   1.7372619e-02
   3.5244521e-02
   3.5595171e-02
   3.1359281e-02
   3.8047198e-02
   4.5492243e-02
   4.0122963e-02
   6.3553348e-02
   4.4860534e-02
   6.7566365e-02
   6.0237300e-02
   7.6802254e-02
   4.3264523e-02
   6.9473088e-02
   5.0069083e-02
   7.5800031e-02
   4.3713093e-02
   7.7956073e-02
   5.5073380e-02
   7.0218325e-02
   6.7530245e-02
   9.5035926e-02
   7.2236836e-02
   1.1098862e-01
   1.2404733e-01
   1.7377187e-01
   1.4254275e-01
   1.8852271e-01
   1.1945890e-01
   1.9060008e-01
   1.0796178e-01
   1.9478175e-01
   1.2489646e-01
   2.1255732e-01
   9.6689858e-02
   1.6393013e-01
   4.1156776e-02
   5.6170501e-02
   5.0043035e-02
   7.6394401e-02
   5.5103436e-02
   7.8564070e-02
   7.1633995e-02
   8.1689909e-02
   5.5655379e-02
   8.7341055e-02
   6.1640728e-02
   8.0507725e-02
   5.7660993e-02
   9.4909303e-02
   5.6946836e-02
   6.6825166e-02
   1.7725604e-02
   1.5942838e-02
   2.2722423e-02
   3.8140245e-02
   1.7037829e-02
   2.1618294e-02
   3.0397091e-02
   3.6438465e-02
   1.5342573e-02
   3.2574251e-02
   3.3598024e-02
   2.6404578e-02
   1.9121125e-02
   3.1580854e-02
   4.2469945e-02
   2.7877893e-02
   4.7834538e-02
   4.3049496e-02
   5.2350126e-02
   4.9852125e-02
   5.9728242e-02
   5.0030112e-02
   5.7883665e-02
   4.5662582e-02
   5.5504825e-02
   6.7599230e-02
   7.2123423e-02
   3.8448915e-02
   6.2984414e-02
   6.4672679e-02
   7.1875244e-02
   3.4606114e-02
