   1.1184338e-02
   1.3188913e-02
   4.4671234e-02
   5.7582259e-02
   1.0719614e-02
   1.5853139e-02
   1.9764241e-02
   3.7415460e-02
   1.1506887e-02
   1.5727231e-02
   1.5942285e-02
   2.9240401e-02
   1.3979842e-02
   1.2730990e-02
   2.8122095e-02
   8.1963271e-02
   1.1175766e-02
   1.0985048e-02
   4.4471633e-02
   5.2227102e-02
   1.0648057e-02
   1.2174522e-02
   1.7535206e-02
   4.0293291e-02
   1.1511139e-02
   1.2727177e-02
   1.3643148e-02
   2.8118074e-02
   1.2915721e-02
   1.2191064e-02
   2.9421199e-02
   7.9122216e-02
   1.1395548e-02
   1.1044309e-02
   4.6545431e-02
   4.6532575e-02
   1.0387247e-02
   1.1024876e-02
   1.7358245e-02
   4.6191972e-02
   1.1749531e-02
   1.1905516e-02
   1.3266142e-02
   2.8078871e-02
   1.3842601e-02
   1.2005492e-02
   3.1405330e-02
   7.3504470e-02
   1.2292642e-02
   1.2933308e-02
   4.8076633e-02
   5.1260509e-02
   1.1386898e-02
   1.3599693e-02
   2.0296849e-02
   5.2601423e-02
   1.3004375e-02
   1.3864148e-02
   1.5759418e-02
   3.2799117e-02
   1.4061990e-02
   1.3160150e-02
   3.2436855e-02
   7.5926863e-02
   1.3580100e-02
   1.6026573e-02
   4.8175175e-02
   6.1034862e-02
   1.3824580e-02
   1.8552341e-02
   2.2484692e-02
   5.5920385e-02
   1.5178903e-02
   1.8086638e-02
   1.7968239e-02
   3.6417365e-02
   1.5163927e-02
   1.4619484e-02
   3.4301266e-02
   7.6854825e-02
   1.2364515e-02
   1.3074506e-02
   4.4769961e-02
   5.8069956e-02
   1.1502990e-02
   1.4241221e-02
   1.6040672e-02
   5.0812084e-02
   1.2769859e-02
   1.4278191e-02
   1.6604656e-02
   3.2743014e-02
   1.4517564e-02
   1.3301408e-02
   3.3227824e-02
   6.7721032e-02
   1.1324848e-02
   1.0792651e-02
   4.4873353e-02
   5.2774720e-02
   1.0499659e-02
   1.0850450e-02
   1.3587562e-02
   4.2592213e-02
   1.1510707e-02
   1.2683132e-02
   1.5663899e-02
   2.8636640e-02
   1.3988248e-02
   1.2282813e-02
   2.9719587e-02
   6.8717323e-02
   1.1488759e-02
   1.1397995e-02
   4.6798740e-02
   5.8485605e-02
   1.0610193e-02
   1.2627793e-02
   1.6280863e-02
   3.8568657e-02
   1.1577381e-02
   1.3273551e-02
   1.5463323e-02
   2.7773421e-02
   1.3933830e-02
   1.2611170e-02
   2.7616519e-02
   7.3981896e-02
   9.1158887e-03
   1.4992111e-02
   4.0234797e-02
   5.0983071e-02
   7.9201646e-03
   2.0536449e-02
   2.6260652e-02
   3.4462001e-02
   8.6592892e-03
   1.6739327e-02
   1.7955927e-02
   2.8021080e-02
   1.0238877e-02
   9.0634655e-03
   2.6882779e-02
   6.9016777e-02
   8.1478218e-03
   1.0242745e-02
   3.9927945e-02
   4.1307457e-02
   7.3280348e-03
   1.2767144e-02
   2.1019464e-02
   3.7259798e-02
   8.5756257e-03
   1.1754463e-02
   1.4041786e-02
   2.8120620e-02
   9.2489449e-03
   8.7834569e-03
   2.9824959e-02
   6.4467877e-02
   8.3966544e-03
   8.9174202e-03
   4.4508517e-02
   3.9617211e-02
   7.0463275e-03
   1.1622149e-02
   2.2747301e-02
   4.7364153e-02
   8.6468365e-03
   1.0250734e-02
   1.4460443e-02
   2.7538573e-02
   9.2809005e-03
   8.6781280e-03
   2.7789710e-02
   6.0680415e-02
   9.2862919e-03
   1.1466447e-02
   4.1865479e-02
   4.4697948e-02
   8.4770769e-03
   1.5772676e-02
   2.7204558e-02
   6.2615737e-02
   1.0725674e-02
   1.3538977e-02
   1.5035854e-02
   3.4248102e-02
   9.4054695e-03
   9.8996842e-03
   3.1745099e-02
   6.8256445e-02
   1.1495738e-02
   1.6898444e-02
   4.1769397e-02
   5.9985440e-02
   1.2141754e-02
   2.4390820e-02
   2.6478531e-02
   7.4309707e-02
   1.1940727e-02
   1.9384054e-02
   1.7708350e-02
   4.2360269e-02
   1.1488977e-02
   1.1036128e-02
   2.9343948e-02
   6.6820182e-02
   9.3288599e-03
   1.2023419e-02
   3.6106773e-02
   5.7964098e-02
   8.5656466e-03
   1.5342396e-02
   1.8130753e-02
   5.6157336e-02
   9.1946544e-03
   1.4143270e-02
   1.6787233e-02
   3.3065137e-02
   9.7576790e-03
   9.6264128e-03
   2.5261905e-02
   5.8394376e-02
   8.5947411e-03
   8.5379668e-03
   3.7400804e-02
   4.8801504e-02
   7.2795819e-03
   1.0862457e-02
   1.5600467e-02
   4.0049832e-02
   8.9682909e-03
   1.0973759e-02
   1.5334436e-02
   2.6155084e-02
   9.8895011e-03
   9.0170885e-03
   2.4215177e-02
   5.5573698e-02
   8.9882528e-03
   1.0908318e-02
   3.9697468e-02
   5.7726745e-02
   7.9422891e-03
   1.4055720e-02
   1.8412976e-02
   3.3313509e-02
   8.4057311e-03
   1.1914441e-02
   1.7002197e-02
   2.8239094e-02
   1.0177363e-02
   9.0091089e-03
   2.3836168e-02
   6.0988542e-02
   6.5014870e-03
   1.9591361e-02
   3.2065399e-02
   5.1534057e-02
   6.8878531e-03
   2.9194189e-02
   4.1853748e-02
   3.7584860e-02
   7.3019662e-03
   2.1172486e-02
   2.5964558e-02
   3.5444610e-02
   7.4963314e-03
   9.9801738e-03
   1.8713370e-02
   6.2968276e-02
   5.6871613e-03
   1.1504690e-02
   3.3070873e-02
   4.4478010e-02
   5.8880039e-03
   1.6632866e-02
   3.3436578e-02
   3.8356017e-02
   6.5664095e-03
   1.2950305e-02
   1.7073855e-02
   3.2462414e-02
   6.9513591e-03
   7.4596717e-03
   2.3016658e-02
   4.8684422e-02
   5.7197004e-03
   9.7738039e-03
   3.6485355e-02
   3.9820116e-02
   6.0879872e-03
   1.2448615e-02
   3.3654537e-02
   5.6116562e-02
   6.8374095e-03
   9.9260183e-03
   1.7057611e-02
   3.1129185e-02
   6.4419326e-03
   7.0670829e-03
   2.6415262e-02
   4.9375709e-02
   7.1447669e-03
   1.0667684e-02
   3.5400070e-02
   4.4610374e-02
   8.0444999e-03
   1.5781960e-02
   3.3968028e-02
   8.2466081e-02
   9.1856560e-03
   1.3418650e-02
   1.8419139e-02
   4.5121226e-02
   7.3618954e-03
   7.8042857e-03
   3.2735374e-02
   6.2367033e-02
   1.2354369e-02
   1.7910732e-02
   4.1617706e-02
   7.4969165e-02
   1.2720116e-02
   3.1154988e-02
   3.7196178e-02
   9.5292546e-02
   1.1442467e-02
   2.3786325e-02
   2.3757970e-02
   5.5525575e-02
   1.0731559e-02
   1.0454152e-02
   3.3929534e-02
   6.8210535e-02
   7.7650086e-03
   1.1355978e-02
   2.7963396e-02
   6.4429663e-02
   7.2927382e-03
   1.5764970e-02
   2.5762973e-02
   6.8428345e-02
   8.0299443e-03
   1.5640577e-02
   1.9936578e-02
   4.1238692e-02
   7.0412429e-03
   8.5074464e-03
   2.5397401e-02
   5.4837607e-02
   6.2761991e-03
   7.6582311e-03
   2.7740654e-02
   4.3211773e-02
   5.7160784e-03
   1.2193576e-02
   2.2036605e-02
   4.5845304e-02
   7.6721245e-03
   9.5375385e-03
   1.5408923e-02
   2.9090887e-02
   7.8937933e-03
   7.2881537e-03
   2.0140683e-02
   4.3477107e-02
   6.6648759e-03
   1.2880856e-02
   2.5600478e-02
   4.9577199e-02
   6.0950560e-03
   1.7043972e-02
   2.6362266e-02
   3.4981921e-02
   7.2412691e-03
   1.4364271e-02
   2.2614863e-02
   3.4443390e-02
   8.1420261e-03
   8.4054321e-03
   1.8698838e-02
   4.9015582e-02
   6.2864753e-03
   2.5012661e-02
   3.3512052e-02
   6.6326834e-02
   7.6521030e-03
   4.0892303e-02
   5.8531970e-02
   5.8248162e-02
   6.4848033e-03
   2.9106947e-02
   3.7046492e-02
   5.1340941e-02
   7.3762471e-03
   1.1352985e-02
   1.8723749e-02
   9.8277777e-02
   5.1738843e-03
   1.4808491e-02
   3.1744622e-02
   4.6186708e-02
   6.0977298e-03
   2.0487966e-02
   3.4461200e-02
   5.2980147e-02
   5.4910691e-03
   1.7106403e-02
   2.6870498e-02
   4.3083172e-02
   5.1458408e-03
   8.7353839e-03
   2.1188861e-02
   6.9757797e-02
   6.4652250e-03
   7.7059157e-03
   4.0575419e-02
   3.6778346e-02
   6.0269735e-03
   9.3261795e-03
   2.8110679e-02
   7.0380196e-02
   5.9915278e-03
   1.0452163e-02
   2.3328429e-02
   4.3973617e-02
   5.3437776e-03
   5.9564128e-03
   3.2849129e-02
   5.6310032e-02
   1.0029217e-02
   1.0115459e-02
   5.1490057e-02
   5.3267974e-02
   9.7447876e-03
   1.7399436e-02
   3.1910598e-02
   9.7803488e-02
   1.1839808e-02
   1.4553315e-02
   2.5865711e-02
   6.9352940e-02
   7.8710467e-03
   6.8176636e-03
   5.1021568e-02
   7.0288062e-02
   1.7212626e-02
   1.7617492e-02
   6.1635438e-02
   9.2650704e-02
   1.7555449e-02
   3.7615120e-02
   5.6033451e-02
   1.4095289e-01
   1.9042218e-02
   3.0122932e-02
   3.5312016e-02
   9.7992055e-02
   1.4760243e-02
   1.3216676e-02
   5.5422999e-02
   6.7181893e-02
   8.5937418e-03
   1.0073648e-02
   3.5032783e-02
   8.9432932e-02
   8.2582757e-03
   1.6464153e-02
   3.8056362e-02
   9.4035253e-02
   1.0086576e-02
   1.6459005e-02
   3.3437096e-02
   7.2637923e-02
   8.2379207e-03
   8.8533899e-03
   3.7577532e-02
   6.4756893e-02
   5.0932425e-03
   6.7330496e-03
   2.5414377e-02
   6.6213541e-02
   5.4668142e-03
   1.1012190e-02
   3.1453051e-02
   5.9707526e-02
   5.2068452e-03
   1.1387677e-02
   2.7865117e-02
   4.2090297e-02
   5.5230749e-03
   7.8004757e-03
   2.4639549e-02
   6.0404200e-02
   6.0380823e-03
   1.5816422e-02
   2.2289585e-02
   5.7245839e-02
   5.5183605e-03
   2.2904139e-02
   3.5624094e-02
   5.2957203e-02
   6.1214059e-03
   1.7522752e-02
   2.8580459e-02
   4.3084335e-02
   5.9720981e-03
   8.2053998e-03
   1.8216858e-02
   6.8912283e-02
