   1.4106557e-02
   1.5043542e-02
   2.5206208e-02
   4.4790279e-02
   1.2961234e-02
   3.6815114e-02
   6.0045034e-02
   5.1682569e-02
   1.0726730e-02
   4.4409201e-02
   4.6654154e-02
   4.9970962e-02
   1.3568539e-02
   5.3216610e-03
   1.6740588e-02
   4.3786537e-02
   2.1125576e-02
   1.0901299e-02
   2.0606123e-02
   4.2250421e-02
   1.3399226e-02
   2.9404856e-02
   3.8094897e-02
   5.0467081e-02
   9.6904263e-03
   2.9988874e-02
   3.2802653e-02
   5.5503055e-02
   1.3816089e-02
   4.1787890e-03
   1.6922299e-02
   4.4669863e-02
   3.0493546e-02
   9.4528282e-03
   1.7822541e-02
   4.5631804e-02
   1.2104169e-02
   2.8167026e-02
   2.8830633e-02
   5.3625654e-02
   1.0182042e-02
   2.2993818e-02
   3.0670876e-02
   5.4399636e-02
   1.3398746e-02
   3.8910834e-03
   1.9856263e-02
   6.2748671e-02
   1.6943797e-02
   6.4310492e-03
   1.7844213e-02
   4.6015613e-02
   1.7346669e-02
   4.1793823e-02
   4.0593572e-02
   5.3456489e-02
   1.5948832e-02
   3.2309111e-02
   4.2042986e-02
   5.4939467e-02
   1.3495360e-02
   4.2363717e-03
   2.7514353e-02
   6.2710449e-02
   1.3894612e-02
   6.2426566e-03
   2.5113296e-02
   5.1305026e-02
   2.3971293e-02
   6.9383197e-02
   6.3652262e-02
   5.9161492e-02
   2.2884829e-02
   5.3666413e-02
   5.4047521e-02
   5.7868723e-02
   1.3956859e-02
   4.4865631e-03
   2.7003981e-02
   5.3147953e-02
   1.4220045e-02
   6.3046818e-03
   2.7906971e-02
   5.7502810e-02
   1.6464448e-02
   3.7651356e-02
   4.1661572e-02
   5.3812522e-02
   1.4725786e-02
   3.1039404e-02
   3.3622593e-02
   5.1025461e-02
   1.4970053e-02
   5.0662253e-03
   1.6206414e-02
   4.4098604e-02
   1.4626541e-02
   6.1998381e-03
   2.5188012e-02
   6.2373828e-02
   1.2486366e-02
   2.6521580e-02
   3.0348621e-02
   5.0491262e-02
   1.2033137e-02
   2.3394762e-02
   2.5915334e-02
   4.8475508e-02
   1.5077407e-02
   5.7167239e-03
   1.5825061e-02
   4.3036606e-02
   1.4442028e-02
   9.2238821e-03
   2.0679958e-02
   4.6757240e-02
   1.2329402e-02
   2.8796993e-02
   4.1253597e-02
   5.3526968e-02
   1.2629613e-02
   2.9914254e-02
   3.3657625e-02
   4.8674740e-02
   1.3585039e-02
   5.7456400e-03
   1.5934305e-02
   4.2639129e-02
   9.5126331e-03
   2.3743711e-02
   2.7632870e-02
   2.8685471e-02
   1.0236617e-02
   3.6453202e-02
   6.2706582e-02
   3.2558165e-02
   7.7039455e-03
   5.8617961e-02
   5.7606995e-02
   3.0435404e-02
   8.1540523e-03
   4.9990988e-03
   1.3621966e-02
   2.5041899e-02
   1.5505640e-02
   1.5365707e-02
   1.8750427e-02
   2.7299728e-02
   1.0669544e-02
   3.3857226e-02
   3.7302934e-02
   3.0018412e-02
   7.2086980e-03
   3.7876379e-02
   3.4320250e-02
   3.6259327e-02
   7.6227179e-03
   3.3609255e-03
   1.3865477e-02
   2.6677726e-02
   2.4731250e-02
   1.1250363e-02
   1.3417408e-02
   2.5972163e-02
   1.0035154e-02
   3.2716181e-02
   2.5816403e-02
   3.0895354e-02
   7.2306641e-03
   2.6642505e-02
   3.0061038e-02
   3.6447659e-02
   7.3788310e-03
   3.0014960e-03
   1.8708030e-02
   4.9534801e-02
   1.2619371e-02
   6.3950364e-03
   1.5220395e-02
   2.6277386e-02
   1.6612045e-02
   4.4166163e-02
   4.4624183e-02
   3.0529941e-02
   1.5437482e-02
   3.5876717e-02
   5.0264344e-02
   3.6333516e-02
   7.9252468e-03
   3.3747777e-03
   3.4643300e-02
   5.4139882e-02
   9.8608062e-03
   6.3979402e-03
   3.1219747e-02
   3.2117702e-02
   2.6631342e-02
   7.4194625e-02
   7.8191742e-02
   3.6187947e-02
   2.6526036e-02
   6.1169624e-02
   7.0050776e-02
   4.3970466e-02
   8.9460136e-03
   3.7352256e-03
   3.5817478e-02
   4.0975660e-02
   8.4021762e-03
   5.7113552e-03
   3.3861618e-02
   4.1542590e-02
   1.4685874e-02
   3.9519507e-02
   4.4284642e-02
   3.1830139e-02
   1.4151879e-02
   3.3910770e-02
   3.9709385e-02
   3.4539729e-02
   1.1103686e-02
   5.3969542e-03
   1.3826312e-02
   3.1423818e-02
   8.9731803e-03
   5.8606225e-03
   2.4442282e-02
   4.5310151e-02
   8.5989153e-03
   3.1944904e-02
   2.9315013e-02
   2.8110860e-02
   9.0634916e-03
   2.6925936e-02
   2.5279278e-02
   3.0744404e-02
   1.2567585e-02
   6.9205761e-03
   1.0682451e-02
   2.7196942e-02
   8.8265995e-03
   1.2655417e-02
   1.9872697e-02
   3.1344101e-02
   8.7745469e-03
   3.2162115e-02
   4.5041353e-02
   3.2307662e-02
   8.4326454e-03
   3.8154535e-02
   3.8385458e-02
   3.1352844e-02
   8.8271033e-03
   6.1935135e-03
   1.1831089e-02
   2.6177652e-02
   7.6186564e-03
   3.7956499e-02
   3.8423162e-02
   1.8737875e-02
   1.0347764e-02
   5.1602669e-02
   8.7633200e-02
   2.0789772e-02
   8.3686104e-03
   8.1318967e-02
   8.1689529e-02
   1.7866302e-02
   5.1740799e-03
   6.6348384e-03
   1.0440344e-02
   1.6466929e-02
   2.3634143e-02
   2.4916973e-02
   2.3673739e-02
   1.7805843e-02
   1.0302142e-02
   4.1631833e-02
   4.7514338e-02
   1.8279778e-02
   7.8487452e-03
   4.4267248e-02
   4.9356863e-02
   2.5466055e-02
   4.2886054e-03
   3.7940112e-03
   1.2632824e-02
   1.8208785e-02
   4.3848712e-02
   1.8903386e-02
   1.5845804e-02
   1.6922906e-02
   9.9850399e-03
   3.2175981e-02
   3.5710145e-02
   1.9021120e-02
   9.0471907e-03
   2.2616066e-02
   3.4948718e-02
   2.3854453e-02
   4.8524635e-03
   3.0463941e-03
   2.1103557e-02
   4.3953884e-02
   1.8692067e-02
   8.3521819e-03
   1.6392469e-02
   1.6723119e-02
   2.4952669e-02
   5.5995058e-02
   5.7944264e-02
   1.8006999e-02
   2.7158301e-02
   4.6761945e-02
   6.5656520e-02
   2.5409453e-02
   5.8817337e-03
   3.8617153e-03
   5.1750921e-02
   5.0559450e-02
   8.7639941e-03
   9.0344837e-03
   4.3639228e-02
   2.3159103e-02
   4.8031665e-02
   1.0529350e-01
   1.0686702e-01
   2.4519492e-02
   4.8338600e-02
   9.2335612e-02
   9.2200801e-02
   3.0087065e-02
   7.6833679e-03
   4.9495557e-03
   5.4449741e-02
   3.4112681e-02
   7.8263786e-03
   8.8341748e-03
   4.6471622e-02
   3.4080993e-02
   2.2705493e-02
   4.6125628e-02
   5.8770880e-02
   1.8915199e-02
   2.0247413e-02
   4.3421410e-02
   4.5193378e-02
   2.2048524e-02
   1.5457135e-02
   7.9897726e-03
   1.6545229e-02
   1.9986624e-02
   7.8725209e-03
   7.7591753e-03
   2.7448110e-02
   4.0823359e-02
   9.4817355e-03
   2.5843041e-02
   4.0131427e-02
   1.5510323e-02
   8.9991065e-03
   2.2863779e-02
   2.8879777e-02
   2.1904232e-02
   1.7388465e-02
   1.2535421e-02
   8.5113486e-03
   1.5089172e-02
   7.2901044e-03
   1.9622473e-02
   2.4122216e-02
   2.4536658e-02
   9.1574006e-03
   4.1586448e-02
   6.5568812e-02
   2.1493463e-02
   8.3547421e-03
   4.7268860e-02
   5.1182043e-02
   1.7929001e-02
   7.3226215e-03
   1.0071417e-02
   9.7579286e-03
   1.5545177e-02
   1.0395609e-02
   5.8146592e-02
   5.4207865e-02
   1.9872801e-02
   9.2647513e-03
   8.8085823e-02
   1.2103638e-01
   1.6745256e-02
   9.1725718e-03
   1.1816528e-01
   1.0338302e-01
   1.6086020e-02
   5.8086459e-03
   1.5136930e-02
   1.2681882e-02
   1.1661024e-02
   3.3630226e-02
   3.8188539e-02
   3.1946227e-02
   1.3867483e-02
   8.9700874e-03
   5.8283035e-02
   6.7542061e-02
   1.0327831e-02
   9.5951753e-03
   6.4103596e-02
   6.2668443e-02
   2.0023845e-02
   4.0602353e-03
   7.7202385e-03
   1.3764015e-02
   1.9304778e-02
   6.2389500e-02
   2.7493054e-02
   1.8113852e-02
   1.2752366e-02
   8.3219269e-03
   3.9409060e-02
   5.2824568e-02
   8.6500999e-03
   1.3874512e-02
   3.7565306e-02
   4.9700953e-02
   1.7003542e-02
   5.1334812e-03
   5.3254273e-03
   2.5727712e-02
   5.1314823e-02
   2.8182313e-02
   1.3466673e-02
   2.4286710e-02
   1.3958387e-02
   2.5388794e-02
   8.3284251e-02
   8.2833737e-02
   1.5234718e-02
   3.4833908e-02
   6.9265664e-02
   8.6869173e-02
   2.1089213e-02
   7.2601559e-03
   6.3846228e-03
   7.5983852e-02
   5.1611692e-02
   1.2369690e-02
   1.6569646e-02
   7.2732121e-02
   2.5296329e-02
   5.2797545e-02
   1.5399669e-01
   1.4382382e-01
   2.5073068e-02
   5.2638341e-02
   1.2799406e-01
   1.2797958e-01
   3.0787712e-02
   1.1799820e-02
   9.9293832e-03
   8.4795497e-02
   3.1117650e-02
   1.1056954e-02
   1.4373642e-02
   6.9401689e-02
   3.5245214e-02
   2.9087646e-02
   6.4427890e-02
   6.8323620e-02
   1.4162943e-02
   2.0548426e-02
   6.3689411e-02
   5.4518178e-02
   1.7567731e-02
   2.4690889e-02
   1.4862763e-02
   2.2062395e-02
   1.9016532e-02
   1.0385111e-02
   1.2264357e-02
   3.8859371e-02
   3.8177326e-02
   1.2197123e-02
   3.3713490e-02
   5.7859357e-02
   1.0182376e-02
   9.6363276e-03
   3.5687372e-02
   3.6416646e-02
   1.3682323e-02
   2.5370087e-02
   2.4999084e-02
   9.1873500e-03
   1.3515139e-02
   9.0118572e-03
   3.3565588e-02
   3.0469380e-02
   1.9438565e-02
   1.0788606e-02
   6.8803042e-02
   9.4751276e-02
   1.7030392e-02
   9.0927705e-03
   6.8131380e-02
   6.5968715e-02
   1.3132244e-02
   1.1509904e-02
   2.0215429e-02
   9.8406887e-03
   1.2112363e-02
