   2.0820254e-02
   2.1637920e-02
   2.6425412e-02
   3.1466376e-02
   3.6418524e-02
   2.4489952e-02
   6.3154615e-02
   3.7105318e-02
   1.6328799e-02
   1.1743113e-02
   7.3310874e-02
   2.4819292e-02
   2.2161109e-02
   6.8447683e-03
   4.5923389e-02
   1.3849745e-02
   1.8705059e-02
   2.0563513e-02
   2.5492519e-02
   2.8500007e-02
   2.8539695e-02
   2.2740619e-02
   6.1867028e-02
   3.6563560e-02
   1.2737672e-02
   1.3239463e-02
   7.3395170e-02
   2.5905279e-02
   2.4976449e-02
   6.0240584e-03
   4.6890762e-02
   1.4171870e-02
   3.3397857e-02
   2.2518234e-02
   2.3629813e-02
   3.1327523e-02
   4.6815459e-02
   2.3513816e-02
   5.1819514e-02
   3.9758168e-02
   2.0344889e-02
   1.5085303e-02
   7.7218123e-02
   2.8235251e-02
   5.2137744e-02
   5.6739412e-03
   4.5552064e-02
   1.5004749e-02
   8.4101170e-02
   2.5511125e-02
   2.2037013e-02
   3.6464393e-02
   1.0324962e-01
   2.4524633e-02
   5.1074564e-02
   5.0618190e-02
   3.0388026e-02
   1.3699925e-02
   7.1100473e-02
   2.8239084e-02
   6.2102858e-02
   6.4031337e-03
   5.3878155e-02
   1.7075544e-02
   5.1154613e-02
   2.7971340e-02
   2.1356663e-02
   4.3001793e-02
   6.1759733e-02
   2.6267707e-02
   4.5113474e-02
   5.3726204e-02
   1.6749747e-02
   1.1567601e-02
   6.4110711e-02
   3.1199990e-02
   3.1095402e-02
   6.5513891e-03
   6.1493199e-02
   1.7806243e-02
   1.9377761e-02
   2.6360534e-02
   1.9096242e-02
   4.1079640e-02
   3.0716600e-02
   2.7806206e-02
   4.5407176e-02
   4.4388425e-02
   1.3040412e-02
   1.0688487e-02
   6.3121431e-02
   2.7984539e-02
   2.4492916e-02
   5.8463286e-03
   4.7558554e-02
   1.4970390e-02
   1.8676734e-02
   1.7181249e-02
   2.1984207e-02
   3.3161309e-02
   2.5421994e-02
   2.3141433e-02
   4.9785044e-02
   3.6318138e-02
   1.0861573e-02
   1.0433613e-02
   7.1485363e-02
   2.4137415e-02
   2.2042435e-02
   5.7433876e-03
   4.5625605e-02
   1.4305347e-02
   1.9941302e-02
   1.9639600e-02
   2.3382973e-02
   3.2012604e-02
   2.9147120e-02
   2.2587610e-02
   5.3148653e-02
   3.6349874e-02
   1.2591050e-02
   9.9192681e-03
   7.0884094e-02
   2.4220739e-02
   2.1197127e-02
   6.3984147e-03
   4.3485697e-02
   1.4121049e-02
   1.7078441e-02
   2.1688422e-02
   3.9746299e-02
   3.2529764e-02
   3.8411155e-02
   2.3339726e-02
   5.3240579e-02
   3.0101089e-02
   2.0584263e-02
   8.9829154e-03
   6.3958429e-02
   2.8573329e-02
   2.3120800e-02
   5.9995372e-03
   4.5547850e-02
   1.2364170e-02
   1.7598026e-02
   2.0392757e-02
   3.3207513e-02
   2.4637314e-02
   2.9768733e-02
   1.9194836e-02
   5.8098972e-02
   2.9668096e-02
   1.6990436e-02
   1.0070539e-02
   5.9798177e-02
   2.5864348e-02
   2.9892916e-02
   5.2293148e-03
   4.4486325e-02
   1.2648702e-02
   4.4784103e-02
   2.3615137e-02
   3.0845139e-02
   2.8177625e-02
   7.1703330e-02
   1.8747585e-02
   4.4077899e-02
   3.2838941e-02
   3.4130130e-02
   1.3622934e-02
   6.9588572e-02
   3.0210769e-02
   9.1143139e-02
   4.9162349e-03
   4.8603542e-02
   1.4701270e-02
   1.1289271e-01
   2.8473925e-02
   2.8401099e-02
   3.5006739e-02
   1.5910167e-01
   2.1448841e-02
   4.1686438e-02
   4.6062518e-02
   5.3837318e-02
   1.3484784e-02
   6.8382934e-02
   3.0453708e-02
   1.1294389e-01
   5.5962214e-03
   5.5719540e-02
   1.6424874e-02
   7.1112178e-02
   4.0579706e-02
   2.8631035e-02
   4.2292632e-02
   9.6228890e-02
   2.8516991e-02
   4.0855382e-02
   5.5220503e-02
   2.6169131e-02
   1.0403228e-02
   5.7749830e-02
   3.3737432e-02
   4.7237266e-02
   5.9854593e-03
   6.7455187e-02
   1.8151820e-02
   2.2431141e-02
   3.7028994e-02
   2.3500388e-02
   3.8446259e-02
   3.9691258e-02
   3.0612266e-02
   4.1690260e-02
   4.2430215e-02
   1.7058084e-02
   7.9683745e-03
   6.1713893e-02
   3.0074190e-02
   3.2367386e-02
   5.2016638e-03
   5.1880755e-02
   1.3705708e-02
   1.6222004e-02
   1.9027401e-02
   2.5461929e-02
   3.0702226e-02
   2.4846803e-02
   2.2413718e-02
   3.6785256e-02
   2.9111532e-02
   1.2496354e-02
   1.0186031e-02
   5.8077693e-02
   2.3772221e-02
   2.7663421e-02
   4.3610018e-03
   4.3058377e-02
   1.1210198e-02
   1.4968354e-02
   1.8799646e-02
   3.1828243e-02
   3.1808212e-02
   2.7604522e-02
   2.0719701e-02
   4.4277288e-02
   2.7435124e-02
   1.4957079e-02
   9.8943617e-03
   5.9191514e-02
   2.5151748e-02
   2.2821561e-02
   5.0545363e-03
   4.3817107e-02
   1.1312367e-02
   2.5707688e-02
   2.7294613e-02
   5.0903462e-02
   4.1804757e-02
   5.8084756e-02
   2.5769053e-02
   4.6140186e-02
   2.8980318e-02
   3.3941653e-02
   9.9911280e-03
   6.0181435e-02
   4.2211905e-02
   3.5450574e-02
   7.4362010e-03
   5.6647245e-02
   1.8488619e-02
   2.6077857e-02
   2.7563591e-02
   4.4419277e-02
   2.7485393e-02
   4.5450225e-02
   2.1284908e-02
   5.6592509e-02
   2.7140351e-02
   3.0608183e-02
   8.1757372e-03
   6.2054887e-02
   3.6156617e-02
   5.5776890e-02
   5.4662596e-03
   5.5984892e-02
   1.6021421e-02
   4.5323893e-02
   3.2934133e-02
   4.4413384e-02
   2.8522447e-02
   7.9259992e-02
   1.9405130e-02
   4.2433206e-02
   3.3549543e-02
   6.6408828e-02
   1.0730695e-02
   6.5507054e-02
   4.5667086e-02
   1.7045428e-01
   5.1673874e-03
   6.3443162e-02
   2.0884708e-02
   9.9420562e-02
   4.0209491e-02
   3.8642246e-02
   4.3528922e-02
   1.5964511e-01
   2.2828288e-02
   3.2111701e-02
   5.5378996e-02
   1.0358594e-01
   1.1399619e-02
   6.9033399e-02
   4.2750541e-02
   2.0551296e-01
   7.2053750e-03
   6.9734886e-02
   2.1563003e-02
   7.1231589e-02
   5.9588846e-02
   3.5164535e-02
   5.1502477e-02
   1.0424300e-01
   3.8215630e-02
   4.4526942e-02
   6.8314284e-02
   4.1525416e-02
   1.0537822e-02
   6.9571860e-02
   4.3438263e-02
   7.8875177e-02
   7.8011896e-03
   9.6547492e-02
   2.3161286e-02
   3.1040926e-02
   5.4701068e-02
   3.2073218e-02
   4.3020952e-02
   6.4674146e-02
   4.2534817e-02
   4.1092817e-02
   4.5890477e-02
   3.4438599e-02
   8.8393185e-03
   7.0512220e-02
   4.3641761e-02
   5.7668686e-02
   5.9741139e-03
   6.6078708e-02
   1.7741840e-02
   2.4392271e-02
   2.2111000e-02
   3.1286702e-02
   3.1892400e-02
   3.5518203e-02
   2.5002738e-02
   2.9855900e-02
   2.6295153e-02
   2.3751775e-02
   7.5067114e-03
   5.4043762e-02
   2.9813461e-02
   4.7825851e-02
   4.7487323e-03
   4.5313030e-02
   1.2669382e-02
   1.8296871e-02
   2.0419069e-02
   3.9078303e-02
   3.5736904e-02
   4.3768380e-02
   2.0541061e-02
   3.4035545e-02
   2.6706183e-02
   2.4194164e-02
   8.4291054e-03
   5.2006699e-02
   3.3492502e-02
   3.6004417e-02
   5.9764325e-03
   5.1356420e-02
   1.5558533e-02
   2.8424365e-02
   3.1525161e-02
   5.7716496e-02
   6.3815638e-02
   7.2516456e-02
   3.8299147e-02
   5.8376726e-02
   3.2491531e-02
   6.0525753e-02
   1.6569879e-02
   6.5782174e-02
   5.2512672e-02
   5.8253989e-02
   1.0630252e-02
   8.6483821e-02
   3.1602725e-02
   3.5514101e-02
   3.4987293e-02
   4.9011700e-02
   4.1732457e-02
   6.5173954e-02
   3.1130277e-02
   6.4651214e-02
   2.6237374e-02
   5.1564250e-02
   1.2205994e-02
   5.1468085e-02
   5.3490695e-02
   7.4101858e-02
   7.6720729e-03
   7.6689005e-02
   1.9906607e-02
   4.5528762e-02
   4.0336333e-02
   5.9671421e-02
   3.7285607e-02
   8.1712224e-02
   1.7666453e-02
   4.6056543e-02
   3.8567141e-02
   7.4930564e-02
   1.1269636e-02
   5.8372192e-02
   7.8742094e-02
   1.9483799e-01
   8.1545943e-03
   6.7019932e-02
   3.1946667e-02
   1.0520854e-01
   5.0762981e-02
   4.9729422e-02
   5.7257317e-02
   1.4609131e-01
   2.3836832e-02
   3.4763951e-02
   6.8985291e-02
   8.5613348e-02
   1.1412070e-02
   6.5906920e-02
   6.6751488e-02
   2.2278008e-01
   1.2777749e-02
   6.5391764e-02
   2.8507965e-02
   7.4968912e-02
   8.7217331e-02
   5.2082583e-02
   6.8177313e-02
   9.6419677e-02
   5.5659134e-02
   5.4042321e-02
   7.1231306e-02
   3.5685904e-02
   1.5344915e-02
   8.2395934e-02
   5.1290043e-02
   9.1080561e-02
   1.5594260e-02
   1.2107951e-01
   2.8712826e-02
   3.5321727e-02
   8.0704302e-02
   5.4273039e-02
   4.5120545e-02
   8.1203870e-02
   6.6537090e-02
   4.4491902e-02
   4.6702504e-02
   5.3213120e-02
   1.4359623e-02
   7.6754801e-02
   5.3252529e-02
   7.1857825e-02
   1.0330981e-02
   7.2151877e-02
   2.3685530e-02
   3.2792166e-02
   2.7377529e-02
   5.4535344e-02
   4.3280832e-02
   4.9986854e-02
   3.2780353e-02
   2.8145134e-02
   2.8692652e-02
   4.2164724e-02
   1.1395728e-02
   5.9676133e-02
   4.9766921e-02
   7.5214498e-02
   7.2796764e-03
   3.9600402e-02
   1.8097630e-02
   2.0926146e-02
   3.1016076e-02
   7.2607957e-02
   4.7479380e-02
   6.1705012e-02
   2.8109564e-02
   3.5383530e-02
   3.3709630e-02
   4.1754641e-02
   1.3388411e-02
   5.9308637e-02
   4.6920799e-02
   5.7110876e-02
   8.1484001e-03
   5.5969507e-02
   2.5321824e-02
