   7.4239448e-02
   1.0237797e-01
   8.4397838e-02
   5.1659690e-03
   8.3801351e-02
   1.0194831e-01
   8.1887610e-02
   5.4875445e-03
   6.8128727e-02
   7.6385386e-02
   6.3191995e-02
   7.8695677e-03
   6.4279877e-02
   8.0097035e-02
   7.4473761e-02
   1.1515635e-02
   4.9348172e-02
   4.5520145e-02
   3.9888747e-02
   3.4622340e-03
   4.7834620e-02
   4.4812016e-02
   3.8441647e-02
   4.5107859e-03
   3.4606192e-02
   3.2358836e-02
   3.2729536e-02
   6.8035070e-03
   3.9262719e-02
   3.5314724e-02
   3.9453693e-02
   9.9435188e-03
   3.2757901e-02
   8.5911956e-03
   1.1872118e-02
   3.3326107e-03
   1.8958582e-02
   7.8764251e-03
   1.1392656e-02
   4.3293280e-03
   1.5635857e-02
   6.9462480e-03
   1.3225346e-02
   6.1455783e-03
   2.5313295e-02
   1.0284120e-02
   1.7849943e-02
   9.6320882e-03
   2.1163926e-02
   7.4347630e-03
   1.3597374e-02
   4.3936637e-03
   2.1063248e-02
   6.5604490e-03
   1.3669981e-02
   5.6701247e-03
   1.7296238e-02
   6.4730640e-03
   1.7188706e-02
   7.4689747e-03
   2.4637474e-02
   1.0494302e-02
   2.3701750e-02
   1.0952911e-02
   2.1437563e-02
   7.7962074e-03
   2.2155376e-02
   7.0880414e-03
   2.6621198e-02
   6.6180741e-03
   2.3743419e-02
   8.7000988e-03
   2.2227053e-02
   6.7878142e-03
   2.6099700e-02
   1.0274694e-02
   3.0650558e-02
   1.1153679e-02
   3.6726654e-02
   1.2829241e-02
   1.7854489e-02
   7.5823246e-03
   1.5930226e-02
   4.7620591e-03
   2.1078743e-02
   6.8857782e-03
   1.6597170e-02
   5.7564606e-03
   1.7183591e-02
   6.9886232e-03
   1.8172832e-02
   7.7149854e-03
   4.5088798e-02
   1.0355458e-02
   2.3170024e-02
   1.0264189e-02
   1.6617980e-02
   8.3723962e-03
   1.2052325e-02
   3.7697761e-03
   1.8209225e-02
   7.7924314e-03
   1.1672948e-02
   4.3055662e-03
   1.6415559e-02
   7.0772339e-03
   1.1743071e-02
   6.2423688e-03
   5.9200510e-02
   9.5840180e-03
   1.6910534e-02
   9.6202074e-03
   3.5248961e-02
   3.8936552e-02
   3.6229786e-02
   3.8130970e-03
   3.7648913e-02
   3.8024064e-02
   3.4770627e-02
   4.4453763e-03
   3.9139219e-02
   2.9272934e-02
   2.9038016e-02
   6.1705136e-03
   5.0191976e-02
   3.1796075e-02
   3.5178673e-02
   9.9058775e-03
   1.1661364e-01
   1.6418809e-01
   1.3192199e-01
   6.0734679e-03
   1.1346494e-01
   1.3897303e-01
   1.0926262e-01
   6.4973021e-03
   9.8830447e-02
   1.1601624e-01
   9.4415426e-02
   8.5167699e-03
   8.7842487e-02
   1.1821594e-01
   9.2785574e-02
   1.2053899e-02
   7.6386325e-02
   7.2665319e-02
   6.2978111e-02
   3.1121182e-03
   6.7430399e-02
   6.1964773e-02
   5.4009818e-02
   3.8082334e-03
   4.9484365e-02
   4.9378511e-02
   4.9430910e-02
   5.3211832e-03
   4.9920417e-02
   5.0130900e-02
   4.9659591e-02
   7.6210871e-03
   4.4038855e-02
   9.8295156e-03
   1.6376218e-02
   2.3092937e-03
   2.2825005e-02
   8.2281912e-03
   1.7798878e-02
   2.9063353e-03
   1.5056981e-02
   7.6705771e-03
   2.1392496e-02
   3.9230390e-03
   2.8489107e-02
   1.0322639e-02
   2.2630146e-02
   7.0831329e-03
   2.6892707e-02
   6.4418907e-03
   1.9023858e-02
   3.8015523e-03
   2.3334192e-02
   5.6773997e-03
   2.0095073e-02
   4.5959838e-03
   1.7028684e-02
   6.4096344e-03
   2.7446387e-02
   5.7535265e-03
   2.8815307e-02
   1.0264291e-02
   3.1968500e-02
   8.1021739e-03
   2.4257841e-02
   6.9974265e-03
   3.6355462e-02
   7.2584366e-03
   3.1507008e-02
   5.4599992e-03
   4.1401505e-02
   8.1618540e-03
   2.5688143e-02
   6.6496446e-03
   4.6822935e-02
   8.4728263e-03
   3.9992701e-02
   1.0614533e-02
   4.6322040e-02
   1.0443944e-02
   1.8576708e-02
   6.4346506e-03
   2.5030369e-02
   4.4147549e-03
   2.3200624e-02
   5.7001822e-03
   2.6658721e-02
   4.6176654e-03
   1.8293673e-02
   6.8653733e-03
   3.1481907e-02
   5.3003724e-03
   6.0716361e-02
   9.0221576e-03
   3.0407263e-02
   7.3740114e-03
   1.6948191e-02
   8.7858466e-03
   1.5958296e-02
   2.9463761e-03
   1.9215643e-02
   8.2011502e-03
   1.8825708e-02
   2.8164289e-03
   2.0648304e-02
   7.5873281e-03
   1.9572271e-02
   3.9035762e-03
   8.7438598e-02
   8.8227270e-03
   2.0734848e-02
   6.3492488e-03
   4.8878785e-02
   5.7699598e-02
   5.3155843e-02
   3.4230696e-03
   4.7546338e-02
   4.8765987e-02
   4.6987403e-02
   3.6605028e-03
   5.7398137e-02
   4.2843290e-02
   4.3071982e-02
   4.6143387e-03
   7.5338788e-02
   4.4359174e-02
   4.2338692e-02
   7.1170600e-03
   1.6443525e-01
   2.1692866e-01
   1.7916416e-01
   1.1012395e-02
   2.0215850e-01
   2.4154811e-01
   1.8572886e-01
   1.2027775e-02
   1.9795153e-01
   2.5540629e-01
   1.8735929e-01
   1.5496961e-02
   1.6080748e-01
   1.9435063e-01
   1.4566435e-01
   1.8879917e-02
   1.1859291e-01
   9.7114578e-02
   9.5813468e-02
   4.7285464e-03
   1.1632093e-01
   1.0801067e-01
   1.0090930e-01
   4.8074331e-03
   1.0504796e-01
   1.0678360e-01
   1.0349663e-01
   7.3424918e-03
   9.0726294e-02
   8.1276231e-02
   8.3231136e-02
   1.0035640e-02
   6.0010623e-02
   1.3003125e-02
   2.9653199e-02
   2.2892968e-03
   3.7292652e-02
   1.2828990e-02
   3.4507614e-02
   2.3043805e-03
   2.7592195e-02
   1.1559927e-02
   4.3474294e-02
   4.1404413e-03
   4.5719311e-02
   1.2346905e-02
   3.9148819e-02
   6.6048861e-03
   4.0088594e-02
   7.2886720e-03
   3.0947182e-02
   4.3546669e-03
   3.2661352e-02
   6.7999456e-03
   3.3138003e-02
   4.8039770e-03
   1.9442534e-02
   7.5692106e-03
   4.1974302e-02
   5.8153346e-03
   4.0270146e-02
   1.1876445e-02
   4.6877947e-02
   8.7438747e-03
   3.5007756e-02
   8.0644516e-03
   7.0353813e-02
   9.3423948e-03
   3.9072890e-02
   5.6382800e-03
   7.7856474e-02
   1.0042141e-02
   3.3267919e-02
   8.6289365e-03
   8.4841192e-02
   1.0228829e-02
   5.2703470e-02
   1.4727554e-02
   7.4590951e-02
   1.2669022e-02
   2.5660856e-02
   7.7066883e-03
   3.5007000e-02
   5.0448221e-03
   2.6124364e-02
   5.7654013e-03
   3.6472369e-02
   5.1352042e-03
   2.1038607e-02
   8.2437312e-03
   4.3130137e-02
   5.8233230e-03
   8.1762813e-02
   1.1835313e-02
   4.2101979e-02
   7.5051156e-03
   2.1915698e-02
   1.0827097e-02
   2.3475796e-02
   3.2512068e-03
   2.7496113e-02
   1.0987649e-02
   2.6917214e-02
   2.4324344e-03
   4.0825579e-02
   1.1406326e-02
   3.3757932e-02
   2.9213298e-03
   1.2206515e-01
   1.2360776e-02
   3.0088339e-02
   5.4064449e-03
   6.9186889e-02
   7.2679795e-02
   6.8178587e-02
   4.7883894e-03
   8.5728638e-02
   7.9297088e-02
   7.5309180e-02
   4.5874240e-03
   1.1585324e-01
   9.2152245e-02
   7.6542631e-02
   6.0644629e-03
   1.1881571e-01
   7.2350338e-02
   6.3096054e-02
   8.9898519e-03
   3.1320131e-01
   4.2169872e-01
   3.2638085e-01
   1.9980287e-02
   3.4863144e-01
   4.4334680e-01
   3.4378165e-01
   2.1841597e-02
   3.3341277e-01
   4.6253291e-01
   3.4165242e-01
   2.8286213e-02
   2.3312350e-01
   3.2654342e-01
   2.2946256e-01
   3.7615351e-02
   1.9615988e-01
   1.8527764e-01
   1.7249565e-01
   8.5374089e-03
   1.6778705e-01
   1.9724366e-01
   1.7904271e-01
   7.6885861e-03
   1.8857661e-01
   1.9107918e-01
   1.8231779e-01
   1.1123082e-02
   1.2857839e-01
   1.4289472e-01
   1.3407612e-01
   1.9765275e-02
   6.5076940e-02
   1.7607052e-02
   3.2486018e-02
   3.8341705e-03
   4.5261942e-02
   1.7426897e-02
   3.4376800e-02
   2.9765631e-03
   3.4479257e-02
   1.6420545e-02
   4.4258796e-02
   4.7566709e-03
   5.1534425e-02
   1.5782077e-02
   5.2303929e-02
   1.1819572e-02
   4.5119926e-02
   8.7711066e-03
   3.9897449e-02
   8.9631910e-03
   3.9019056e-02
   9.5216827e-03
   4.0128533e-02
   8.4507978e-03
   2.1366546e-02
   9.6568549e-03
   4.7674809e-02
   9.2484951e-03
   4.1736916e-02
   2.0164927e-02
   6.3378528e-02
   1.5683467e-02
   3.9954834e-02
   1.0197803e-02
   1.0142940e-01
   2.1038223e-02
   4.5971360e-02
   7.8873336e-03
   1.0419034e-01
   2.0417338e-02
   5.1650863e-02
   1.0881091e-02
   1.1204604e-01
   1.9384444e-02
   6.1587669e-02
   2.2833865e-02
   9.6595168e-02
   2.2497406e-02
   3.0885439e-02
   9.0724928e-03
   4.3098547e-02
   9.1307638e-03
   2.7599882e-02
   5.8584553e-03
   4.4278968e-02
   9.4245756e-03
   2.2421185e-02
   9.9113202e-03
   5.0021909e-02
   9.0068588e-03
   4.9349982e-02
   1.8428253e-02
   5.5666499e-02
   1.2551028e-02
   2.4376901e-02
   1.2323551e-02
   1.7102225e-02
   5.2781720e-03
   2.9336566e-02
   1.1321003e-02
   1.6302988e-02
   3.0579013e-03
   5.3730354e-02
   1.5972525e-02
   2.8698696e-02
   2.4146712e-03
   9.6033975e-02
   1.7751914e-02
   3.2188728e-02
   7.8170318e-03
   1.2307817e-01
   1.3887340e-01
   1.2222661e-01
   8.6979531e-03
   1.4353065e-01
   1.4305963e-01
   1.2314791e-01
   7.7807768e-03
   2.0091319e-01
   1.6440921e-01
   1.1784913e-01
   1.0292438e-02
   1.3874744e-01
   1.1849055e-01
   9.7055703e-02
   1.7475158e-02
