   4.3046055e-03
   4.7813589e-03
   2.1140214e-02
   2.8853003e-02
   3.2761982e-03
   5.1803547e-03
   1.3460526e-02
   2.5311375e-02
   6.3441005e-03
   6.4523052e-03
   1.3501520e-02
   3.3861365e-02
   3.3798702e-02
   1.1530444e-01
   7.3459066e-02
   7.0833795e-02
   3.7769221e-03
   4.2706886e-03
   1.8808482e-02
   2.8763475e-02
   3.0927381e-03
   4.7681970e-03
   1.3961918e-02
   2.6091352e-02
   6.8116928e-03
   6.3297166e-03
   1.2831738e-02
   3.2080855e-02
   2.9940026e-02
   5.5738874e-02
   4.3226916e-02
   5.2312624e-02
   3.5710486e-03
   4.0512369e-03
   1.9215964e-02
   2.9093152e-02
   3.4212852e-03
   5.3227036e-03
   1.4849107e-02
   2.5992338e-02
   6.1161281e-03
   5.9621120e-03
   1.3567200e-02
   3.1018078e-02
   3.5344489e-02
   3.0088281e-02
   3.0797968e-02
   4.3169472e-02
   4.7960090e-03
   4.5679873e-03
   2.0961309e-02
   2.9344158e-02
   4.8638750e-03
   6.3322783e-03
   1.5766226e-02
   2.6509130e-02
   6.2910817e-03
   5.7984181e-03
   1.4247680e-02
   2.9503327e-02
   2.8956985e-02
   4.0666398e-02
   3.2919448e-02
   4.2301018e-02
   6.0103335e-03
   4.9991845e-03
   3.0186113e-02
   3.2270607e-02
   6.4047417e-03
   5.9192376e-03
   2.6263110e-02
   2.6902676e-02
   6.5459288e-03
   5.6742290e-03
   2.4136877e-02
   3.0289600e-02
   2.2571674e-02
   3.8142994e-02
   4.8381966e-02
   4.5379456e-02
   4.5573832e-03
   4.5318464e-03
   2.7412843e-02
   3.1813677e-02
   4.6081138e-03
   5.5117565e-03
   2.4569236e-02
   2.6014665e-02
   5.9541147e-03
   5.6129140e-03
   2.2326482e-02
   3.0632820e-02
   2.0572253e-02
   2.7930219e-02
   3.9747104e-02
   5.2957084e-02
   3.5388111e-03
   4.0217242e-03
   2.0068021e-02
   2.7738836e-02
   3.0338471e-03
   5.6724031e-03
   1.4516752e-02
   2.6017521e-02
   5.7528107e-03
   5.7920339e-03
   1.2356557e-02
   3.1139791e-02
   2.1608347e-02
   2.8924968e-02
   3.1038132e-02
   6.1988581e-02
   3.7283930e-03
   4.0510083e-03
   2.1431444e-02
   2.8154217e-02
   3.0109582e-03
   5.2296529e-03
   1.4447125e-02
   2.5718631e-02
   6.0484912e-03
   5.8178129e-03
   1.2593668e-02
   3.3465028e-02
   2.5099885e-02
   6.3068621e-02
   4.3826178e-02
   5.6495719e-02
   3.4140940e-03
   3.8800430e-03
   1.9236309e-02
   1.5544262e-02
   2.5071418e-03
   3.6725204e-03
   1.0502146e-02
   1.3140914e-02
   4.4525270e-03
   5.6124059e-03
   1.0042993e-02
   2.5540190e-02
   2.3270888e-02
   7.2834380e-02
   7.1212485e-02
   6.5544859e-02
   2.7426451e-03
   3.1576983e-03
   1.4820182e-02
   1.6065862e-02
   2.3759373e-03
   3.8062672e-03
   1.0537781e-02
   1.3474765e-02
   5.3399070e-03
   5.7273367e-03
   9.7386865e-03
   2.1011421e-02
   2.4888983e-02
   3.8334128e-02
   3.8483467e-02
   4.2910621e-02
   2.4009112e-03
   2.7088749e-03
   1.4538463e-02
   1.4966615e-02
   2.6111507e-03
   4.2868769e-03
   1.1392875e-02
   1.2955901e-02
   4.5108483e-03
   4.9285842e-03
   7.9187127e-03
   1.8213730e-02
   3.8266733e-02
   2.2797540e-02
   1.9939015e-02
   3.1331062e-02
   3.9854851e-03
   2.6731002e-03
   1.8151162e-02
   1.7123610e-02
   4.0906048e-03
   4.9738339e-03
   1.4237879e-02
   1.4465062e-02
   4.5315069e-03
   4.5552738e-03
   1.0799405e-02
   1.7501267e-02
   2.9120328e-02
   3.1861849e-02
   2.4811421e-02
   2.7645331e-02
   5.6870999e-03
   3.0101279e-03
   3.5234865e-02
   2.5789766e-02
   6.6933543e-03
   4.4523496e-03
   3.6980703e-02
   1.7475115e-02
   5.3669512e-03
   4.7806883e-03
   3.3371475e-02
   1.9636333e-02
   1.4866147e-02
   3.1090260e-02
   4.3491371e-02
   3.3647887e-02
   3.3926279e-03
   2.7244627e-03
   3.2396615e-02
   2.2677720e-02
   4.2745001e-03
   3.7102790e-03
   3.2072887e-02
   1.5342488e-02
   4.3147681e-03
   4.7472487e-03
   2.9506683e-02
   1.9424075e-02
   1.2640518e-02
   1.9909998e-02
   3.3003137e-02
   4.6621501e-02
   2.0685978e-03
   2.6981712e-03
   1.9060390e-02
   1.5685825e-02
   2.2969239e-03
   3.9925715e-03
   1.1917515e-02
   1.4091786e-02
   3.5270215e-03
   4.1838977e-03
   9.2953090e-03
   1.9965520e-02
   1.2963848e-02
   1.7582696e-02
   2.2694623e-02
   5.6777909e-02
   2.4657012e-03
   3.0090983e-03
   2.0190833e-02
   1.4523140e-02
   2.2306780e-03
   3.7945532e-03
   1.1726605e-02
   1.3967737e-02
   3.6515375e-03
   4.4190567e-03
   8.4026242e-03
   2.5903983e-02
   1.6296500e-02
   3.7025914e-02
   3.7617479e-02
   5.0503794e-02
   3.8608145e-03
   4.1158511e-03
   1.8126816e-02
   8.4068533e-03
   2.1598099e-03
   3.3856272e-03
   1.0123791e-02
   8.9593232e-03
   4.3744370e-03
   6.2543466e-03
   6.6969157e-03
   2.8158953e-02
   2.7121300e-02
   9.7332619e-02
   8.4362388e-02
   6.5858990e-02
   2.7708709e-03
   2.8973059e-03
   1.5340533e-02
   9.9182678e-03
   2.1007622e-03
   3.3003269e-03
   7.8824125e-03
   8.3750738e-03
   7.0134457e-03
   6.1634355e-03
   7.5786351e-03
   1.8956289e-02
   2.9098587e-02
   4.9732298e-02
   4.3367118e-02
   4.1083809e-02
   1.8581613e-03
   2.2590316e-03
   1.4371251e-02
   1.0267721e-02
   2.2211715e-03
   3.3890761e-03
   9.9021588e-03
   8.6864419e-03
   5.2680750e-03
   4.7339615e-03
   6.4776521e-03
   1.5665922e-02
   4.5630880e-02
   2.4018817e-02
   2.1663630e-02
   2.9056197e-02
   4.5387591e-03
   2.3565781e-03
   2.1017861e-02
   1.4392776e-02
   4.5236740e-03
   3.5979024e-03
   1.6057078e-02
   1.2125827e-02
   4.9397987e-03
   4.3837223e-03
   1.2753982e-02
   1.6930504e-02
   3.9824188e-02
   3.4030620e-02
   2.3851043e-02
   3.0969674e-02
   8.0247726e-03
   2.6003385e-03
   4.6833269e-02
   3.3360679e-02
   9.2735104e-03
   4.1449396e-03
   5.9127845e-02
   1.6381571e-02
   6.5651275e-03
   4.2709559e-03
   5.4242376e-02
   1.6911054e-02
   1.7197929e-02
   2.9883821e-02
   3.6459532e-02
   2.8489368e-02
   4.0500527e-03
   2.0451727e-03
   4.6626210e-02
   2.5689708e-02
   5.2982252e-03
   4.0893187e-03
   5.1679984e-02
   1.2011931e-02
   4.7717099e-03
   4.3783523e-03
   4.8230413e-02
   1.6433844e-02
   1.1108262e-02
   1.9395245e-02
   3.1899039e-02
   4.8024651e-02
   1.8155468e-03
   2.1896667e-03
   2.8275691e-02
   1.0366301e-02
   2.1908155e-03
   3.8308636e-03
   1.4433208e-02
   9.9864136e-03
   3.4204172e-03
   4.0154844e-03
   1.0999607e-02
   1.8053444e-02
   1.1164702e-02
   1.5284087e-02
   2.3939174e-02
   6.5202154e-02
   2.3470044e-03
   2.6606177e-03
   2.4855167e-02
   7.5546056e-03
   1.7731901e-03
   3.4639707e-03
   1.2172060e-02
   9.3262866e-03
   3.1080456e-03
   4.6861186e-03
   5.7350863e-03
   2.6756538e-02
   1.7839741e-02
   4.0525999e-02
   4.1027106e-02
   5.5317618e-02
   7.3312488e-03
   6.7111547e-03
   2.0810712e-02
   6.9035222e-03
   2.9964214e-03
   4.8213587e-03
   1.0137509e-02
   6.0971682e-03
   1.0142382e-02
   1.5480570e-02
   1.2350692e-02
   4.8527990e-02
   3.9178550e-02
   1.6741419e-01
   1.3268162e-01
   9.3604624e-02
   4.8309579e-03
   4.3324176e-03
   1.9871542e-02
   7.2561279e-03
   2.5021525e-03
   3.7980860e-03
   6.7140474e-03
   4.1444050e-03
   1.4776872e-02
   8.8353278e-03
   8.8893343e-03
   3.0643666e-02
   5.3387165e-02
   8.0380581e-02
   5.8480188e-02
   5.0696235e-02
   2.3997647e-03
   3.1335803e-03
   1.8469989e-02
   7.4115070e-03
   1.9677209e-03
   4.1072425e-03
   9.4924858e-03
   4.5610960e-03
   1.0760366e-02
   5.3497748e-03
   7.3306761e-03
   2.1363303e-02
   7.8097209e-02
   3.7975624e-02
   2.6934318e-02
   2.6648745e-02
   7.9788864e-03
   3.4978581e-03
   2.3181161e-02
   1.8858315e-02
   7.4920622e-03
   3.7780777e-03
   2.0293314e-02
   1.2054614e-02
   1.0574122e-02
   5.4966188e-03
   1.9681947e-02
   2.1510106e-02
   6.5194488e-02
   4.9808726e-02
   3.4823287e-02
   2.4930546e-02
   1.6585169e-02
   4.9778237e-03
   6.7847013e-02
   6.1054084e-02
   1.8335180e-02
   4.3783919e-03
   9.2734449e-02
   2.7207024e-02
   1.4578530e-02
   4.6933219e-03
   8.7332755e-02
   2.2363843e-02
   2.9231837e-02
   3.6140323e-02
   4.5674283e-02
   2.5100017e-02
   6.6612912e-03
   4.0048296e-03
   7.0024967e-02
   4.4698931e-02
   9.2030996e-03
   5.1794853e-03
   8.5433155e-02
   1.7730888e-02
   9.0603158e-03
   4.5361551e-03
   7.6536700e-02
   2.4072099e-02
   1.6522836e-02
   2.1052964e-02
   4.7989897e-02
   4.1263308e-02
   2.4598760e-03
   3.3736222e-03
   4.6778411e-02
   1.0981160e-02
   1.8766295e-03
   4.8231091e-03
   2.3271935e-02
   6.1706565e-03
   5.4060593e-03
   4.8751687e-03
   1.4917873e-02
   2.6177231e-02
   1.7237397e-02
   1.7172677e-02
   3.3127870e-02
   6.7520685e-02
   3.9865496e-03
   4.1017681e-03
   3.5035167e-02
   7.1712122e-03
   1.8347389e-03
   4.1562682e-03
   1.3460520e-02
   5.2434830e-03
   6.8890397e-03
   8.2470290e-03
   5.8366433e-03
   3.3637188e-02
   2.5242044e-02
   6.2618561e-02
   5.8093447e-02
   6.5457292e-02
