   8.9081176e-02
   9.5143773e-02
   8.7344483e-02
   5.6071025e-03
   8.4996231e-02
   9.4572507e-02
   8.9767434e-02
   7.2874888e-03
   6.8336576e-02
   6.5460771e-02
   6.3083522e-02
   9.0687135e-03
   8.9637831e-02
   9.0073720e-02
   8.5897163e-02
   1.3650748e-02
   4.2219907e-02
   4.2362716e-02
   3.9939079e-02
   4.8846379e-03
   3.8614828e-02
   4.1617353e-02
   4.0646743e-02
   5.7165553e-03
   2.9872166e-02
   2.7808813e-02
   3.2740194e-02
   7.6654125e-03
   3.9252423e-02
   3.8812909e-02
   4.0898189e-02
   1.1538836e-02
   1.4337911e-02
   8.8518988e-03
   1.1137846e-02
   4.4196858e-03
   1.1129952e-02
   7.8763757e-03
   1.0820901e-02
   5.5408119e-03
   9.6887369e-03
   6.9364891e-03
   1.3502757e-02
   7.0036054e-03
   1.2621418e-02
   1.0874730e-02
   1.2559103e-02
   1.1261449e-02
   1.4369420e-02
   7.8378199e-03
   1.1951606e-02
   6.0409331e-03
   1.0620967e-02
   6.8665273e-03
   1.2659603e-02
   6.7785834e-03
   9.5409127e-03
   6.9509870e-03
   1.7157819e-02
   7.9356376e-03
   1.2257113e-02
   1.0629147e-02
   1.6178656e-02
   1.2296191e-02
   1.5877074e-02
   7.8747571e-03
   1.7736092e-02
   1.0890367e-02
   1.2048163e-02
   6.9428086e-03
   2.0179396e-02
   1.0470874e-02
   1.0116406e-02
   7.1883514e-03
   2.5567399e-02
   1.0381959e-02
   1.3407878e-02
   9.7491937e-03
   2.5401074e-02
   1.5088059e-02
   1.2853462e-02
   7.6287310e-03
   1.3049412e-02
   6.9137495e-03
   1.0389976e-02
   7.1030203e-03
   1.4166101e-02
   6.9813253e-03
   9.3216607e-03
   6.8942276e-03
   1.7210299e-02
   7.7069663e-03
   1.3187150e-02
   9.5262770e-03
   1.6701795e-02
   1.2430160e-02
   1.2663351e-02
   8.8603850e-03
   1.1006554e-02
   4.8452457e-03
   1.1043600e-02
   7.6484149e-03
   1.0886090e-02
   5.5261739e-03
   9.6624140e-03
   6.9542439e-03
   1.2845066e-02
   7.0334603e-03
   1.3818569e-02
   9.8736528e-03
   1.2200356e-02
   1.0280809e-02
   3.6183760e-02
   3.6400504e-02
   3.6098063e-02
   4.8200996e-03
   3.3899654e-02
   3.5498708e-02
   3.7375983e-02
   5.8861086e-03
   2.7614269e-02
   2.5649795e-02
   2.9596640e-02
   7.4946564e-03
   3.6971472e-02
   3.4942221e-02
   3.6745358e-02
   1.0777638e-02
   1.4418598e-01
   1.5075974e-01
   1.3663201e-01
   7.5441687e-03
   1.2173458e-01
   1.3325678e-01
   1.2669995e-01
   9.3886824e-03
   9.8366871e-02
   9.6545726e-02
   9.2359252e-02
   9.7803380e-03
   1.2384659e-01
   1.2272061e-01
   1.1341825e-01
   1.2744070e-02
   6.5042175e-02
   6.6258125e-02
   6.1642870e-02
   5.5933078e-03
   5.3601384e-02
   5.9118003e-02
   5.8501370e-02
   6.0235667e-03
   4.1289512e-02
   4.1168112e-02
   4.9184673e-02
   6.3994746e-03
   5.2445304e-02
   5.1150333e-02
   5.6631431e-02
   8.6334376e-03
   1.2651088e-02
   8.8538639e-03
   1.4326093e-02
   4.3413397e-03
   9.7477734e-03
   7.9917526e-03
   1.5628075e-02
   4.5572938e-03
   7.5571570e-03
   7.5656017e-03
   1.9343633e-02
   5.0842534e-03
   1.0822748e-02
   9.6754245e-03
   1.6512636e-02
   7.8025740e-03
   1.1727414e-02
   5.8120750e-03
   1.4912293e-02
   5.8525000e-03
   8.3879521e-03
   5.4040090e-03
   1.7847460e-02
   5.9706364e-03
   6.6895713e-03
   7.0436369e-03
   2.4342766e-02
   6.2510767e-03
   9.8777665e-03
   8.2330219e-03
   2.2195619e-02
   9.0273749e-03
   1.6489975e-02
   5.7569062e-03
   2.4486816e-02
   1.2588836e-02
   1.1294996e-02
   5.6242426e-03
   3.2281462e-02
   1.1713943e-02
   7.8465799e-03
   7.1077012e-03
   3.9929342e-02
   9.9208327e-03
   1.0946762e-02
   6.8319868e-03
   3.4513563e-02
   1.2017135e-02
   1.1638619e-02
   5.4720980e-03
   1.8571245e-02
   8.4622800e-03
   9.3230307e-03
   6.1292760e-03
   2.2423727e-02
   7.4815843e-03
   6.7618792e-03
   6.8708672e-03
   2.7731508e-02
   6.5147947e-03
   9.4778882e-03
   6.7658378e-03
   2.5629587e-02
   8.7045124e-03
   1.0535506e-02
   7.7450816e-03
   1.4278655e-02
   5.2995929e-03
   1.0494350e-02
   7.9530114e-03
   1.5992781e-02
   4.4948501e-03
   7.2306707e-03
   7.2204494e-03
   1.8971972e-02
   4.8852689e-03
   1.1298437e-02
   8.0464007e-03
   1.7125750e-02
   7.2385254e-03
   5.1849790e-02
   5.2684035e-02
   5.4225083e-02
   5.3846953e-03
   4.4723779e-02
   4.7337018e-02
   5.1396850e-02
   5.8517228e-03
   3.6171596e-02
   3.6290959e-02
   4.2513389e-02
   6.0060848e-03
   4.9339514e-02
   4.5553818e-02
   4.9326275e-02
   8.3709145e-03
   1.7396766e-01
   1.9068111e-01
   1.8933494e-01
   1.4675862e-02
   1.9528143e-01
   1.9627471e-01
   1.7491986e-01
   1.7224897e-02
   2.0478489e-01
   1.9828412e-01
   1.6524632e-01
   1.7783929e-02
   2.3994054e-01
   2.2388664e-01
   1.6637634e-01
   2.0883812e-02
   7.9320945e-02
   8.5337244e-02
   9.4502866e-02
   1.0165371e-02
   8.5466266e-02
   8.7943055e-02
   9.0923108e-02
   9.9868439e-03
   8.4994353e-02
   8.3418377e-02
   9.4213419e-02
   1.0330084e-02
   9.9082850e-02
   9.0579316e-02
   8.8815361e-02
   1.0838386e-02
   1.5131357e-02
   1.1612042e-02
   2.5883827e-02
   7.7555552e-03
   1.3113760e-02
   1.0726389e-02
   2.8592739e-02
   7.0917620e-03
   9.1326023e-03
   1.1622415e-02
   3.7520949e-02
   7.7427928e-03
   1.4127714e-02
   9.1802292e-03
   3.1471051e-02
   8.0427267e-03
   1.1840210e-02
   5.9274328e-03
   2.4578664e-02
   9.5948372e-03
   9.7813280e-03
   5.7088812e-03
   2.8609069e-02
   9.6010333e-03
   6.8067415e-03
   8.6653121e-03
   3.8551126e-02
   9.1497870e-03
   9.9095497e-03
   6.6112489e-03
   3.7295964e-02
   1.0634584e-02
   2.0151854e-02
   5.4060840e-03
   4.8416756e-02
   2.4484608e-02
   1.3447015e-02
   5.3563565e-03
   6.1411586e-02
   2.2766704e-02
   1.1112276e-02
   9.1583710e-03
   7.5343244e-02
   1.9248726e-02
   1.3843087e-02
   5.1022642e-03
   6.5930866e-02
   1.9619741e-02
   1.1870837e-02
   5.8044577e-03
   2.7116608e-02
   1.3663989e-02
   1.0420716e-02
   6.4444668e-03
   3.1310976e-02
   1.2325766e-02
   7.1419845e-03
   9.0313097e-03
   4.1391779e-02
   1.0414734e-02
   8.9243781e-03
   6.1402740e-03
   3.7491333e-02
   1.1312949e-02
   1.3513586e-02
   1.0703890e-02
   2.2605311e-02
   9.5810620e-03
   1.3683982e-02
   9.6934149e-03
   2.2419512e-02
   7.2118551e-03
   9.3832128e-03
   1.0221769e-02
   3.2999273e-02
   6.4689661e-03
   1.1744060e-02
   9.4018197e-03
   2.8637534e-02
   7.4788751e-03
   5.9559617e-02
   6.3808113e-02
   7.2545938e-02
   9.4523765e-03
   6.8607554e-02
   6.5317914e-02
   7.2563238e-02
   9.3145119e-03
   7.3035181e-02
   7.2972067e-02
   7.2898939e-02
   8.9743780e-03
   8.8372953e-02
   8.1388168e-02
   7.0668228e-02
   1.0186280e-02
   3.9228243e-01
   4.0047461e-01
   3.5041305e-01
   3.2476347e-02
   4.1536340e-01
   4.3307611e-01
   3.8186595e-01
   3.9315559e-02
   4.3671632e-01
   4.4392329e-01
   3.6610261e-01
   4.1254826e-02
   4.1146946e-01
   4.1907552e-01
   3.3928278e-01
   4.3352507e-02
   1.7456807e-01
   1.7804556e-01
   1.8159419e-01
   2.2750050e-02
   1.8082693e-01
   1.9163197e-01
   1.9388905e-01
   2.0540508e-02
   1.8053335e-01
   1.8173487e-01
   2.0081110e-01
   2.0914126e-02
   1.6936019e-01
   1.7027123e-01
   1.7939164e-01
   2.0799758e-02
   2.1091016e-02
   1.9004827e-02
   3.4647692e-02
   1.4120844e-02
   1.9338213e-02
   1.5661757e-02
   3.7861370e-02
   1.2904097e-02
   1.5134093e-02
   1.7157657e-02
   4.9760640e-02
   1.3351616e-02
   1.7620711e-02
   1.4067712e-02
   4.2539336e-02
   1.3406810e-02
   1.5922243e-02
   9.9888165e-03
   2.9662311e-02
   1.9080553e-02
   1.1452108e-02
   7.7307131e-03
   3.1003386e-02
   1.8829117e-02
   9.3732309e-03
   1.0706523e-02
   4.5691758e-02
   1.8125219e-02
   1.1881233e-02
   5.3513651e-03
   3.9070640e-02
   1.9222530e-02
   2.8126402e-02
   7.4832970e-03
   7.1285993e-02
   5.2520454e-02
   2.1382945e-02
   4.5820000e-03
   8.0774277e-02
   4.8211303e-02
   2.1449771e-02
   1.1461876e-02
   1.0027723e-01
   4.5338873e-02
   2.3297282e-02
   6.1493283e-03
   8.1055440e-02
   4.3425802e-02
   1.3548691e-02
   7.5129718e-03
   2.9344006e-02
   2.2722684e-02
   1.2875301e-02
   7.9914825e-03
   3.4753244e-02
   2.0758323e-02
   1.0294301e-02
   1.0655430e-02
   4.4236273e-02
   1.8951472e-02
   1.1226449e-02
   5.6627677e-03
   3.6399875e-02
   1.9504640e-02
   1.3396162e-02
   1.0200949e-02
   1.8418254e-02
   1.1557302e-02
   1.7464418e-02
   1.1647894e-02
   1.7471241e-02
   8.3842119e-03
   1.2748697e-02
   1.4616842e-02
   3.1747848e-02
   8.5332887e-03
   1.3051224e-02
   1.3939448e-02
   3.4599587e-02
   1.0605006e-02
   1.3055335e-01
   1.3089679e-01
   1.2402295e-01
   1.8214500e-02
   1.4126277e-01
   1.4098081e-01
   1.3634132e-01
   1.6842050e-02
   1.5561016e-01
   1.5966077e-01
   1.2510368e-01
   1.7928479e-02
   1.4758964e-01
   1.4932556e-01
   1.3228180e-01
   1.8943086e-02
