   4.0131208e-02
   8.9800008e-02
   9.1674447e-02
   3.6657084e-02
   3.9250348e-02
   8.7591603e-02
   6.2693141e-02
   2.7380448e-02
   1.5822260e-02
   7.8148440e-02
   5.7094213e-02
   2.8071305e-02
   1.8939260e-02
   1.4313401e-02
   2.3060208e-02
   4.2440325e-02
   3.4957871e-02
   7.9616591e-02
   8.4366389e-02
   3.5194598e-02
   2.5705086e-02
   6.7205645e-02
   5.5370241e-02
   2.6788076e-02
   1.1306923e-02
   5.3999018e-02
   4.3935739e-02
   2.6008543e-02
   1.9910766e-02
   1.2328006e-02
   2.1489894e-02
   4.3330308e-02
   3.5449728e-02
   6.7677706e-02
   7.7582777e-02
   3.3353034e-02
   2.5611648e-02
   5.7571359e-02
   5.0356194e-02
   2.5856592e-02
   1.6537802e-02
   4.0972460e-02
   3.6778718e-02
   2.6476594e-02
   2.2268638e-02
   1.1107764e-02
   2.2704585e-02
   4.5304462e-02
   5.3609092e-02
   7.7926710e-02
   7.9030924e-02
   2.9548964e-02
   5.4034691e-02
   7.6105043e-02
   4.8589341e-02
   2.4108186e-02
   3.6164943e-02
   6.5540165e-02
   3.8063992e-02
   2.8333381e-02
   1.9049950e-02
   1.0894566e-02
   2.3170915e-02
   4.4296622e-02
   4.0643442e-02
   1.0322799e-01
   1.1826139e-01
   5.6254551e-02
   3.2057907e-02
   9.1907836e-02
   9.6299373e-02
   3.4620967e-02
   2.0270931e-02
   7.6687522e-02
   7.8953527e-02
   2.6801523e-02
   1.8722061e-02
   1.0437938e-02
   3.1984881e-02
   4.3247905e-02
   2.9787932e-02
   6.6152558e-02
   8.8996336e-02
   6.2517077e-02
   1.5616729e-02
   5.7127297e-02
   8.2151480e-02
   3.8235817e-02
   7.8507178e-03
   4.1471474e-02
   7.2329730e-02
   2.7390957e-02
   1.9195259e-02
   1.0246730e-02
   3.0591303e-02
   5.6572583e-02
   3.1746306e-02
   6.4019464e-02
   7.2789982e-02
   3.0893298e-02
   1.7816063e-02
   5.5747122e-02
   5.0139032e-02
   2.6311429e-02
   9.4130328e-03
   3.9869513e-02
   3.5690889e-02
   2.7356772e-02
   1.8993400e-02
   1.0197536e-02
   2.2518301e-02
   6.6404179e-02
   3.3892900e-02
   7.4534543e-02
   8.5050061e-02
   3.2506760e-02
   2.6065625e-02
   6.7111716e-02
   5.9379272e-02
   2.5988542e-02
   1.2378029e-02
   5.5259973e-02
   4.2473063e-02
   2.8110208e-02
   1.9437077e-02
   1.1618708e-02
   2.4342140e-02
   4.7757443e-02
   2.8121119e-02
   5.7919566e-02
   6.5864652e-02
   1.6289929e-02
   2.7791806e-02
   6.4287901e-02
   4.0173586e-02
   1.3372068e-02
   1.0291029e-02
   7.0644848e-02
   5.2886374e-02
   1.5043354e-02
   1.0669154e-02
   1.3898220e-02
   1.6747523e-02
   2.5168253e-02
   2.6277998e-02
   5.3767193e-02
   6.2014319e-02
   1.4779844e-02
   1.9554872e-02
   4.6813522e-02
   3.5426084e-02
   1.3294782e-02
   8.6144581e-03
   4.4833649e-02
   3.4696043e-02
   1.3961547e-02
   1.3671407e-02
   1.0077291e-02
   1.3809652e-02
   2.5265276e-02
   3.1347420e-02
   4.5726229e-02
   5.5054180e-02
   1.4805807e-02
   2.7466854e-02
   4.4959873e-02
   3.3845365e-02
   1.2610858e-02
   2.2701839e-02
   3.1345163e-02
   2.4429960e-02
   1.3495830e-02
   1.5860690e-02
   6.7998837e-03
   1.2739217e-02
   2.5374640e-02
   6.9264419e-02
   7.7638626e-02
   6.0928572e-02
   1.8658208e-02
   6.8245985e-02
   6.4626694e-02
   4.3773923e-02
   1.4054586e-02
   5.4318573e-02
   5.8726795e-02
   3.4172803e-02
   1.5740020e-02
   1.2283564e-02
   6.2679108e-03
   1.7266778e-02
   2.7632417e-02
   4.9757659e-02
   1.1325895e-01
   1.4474112e-01
   5.9588738e-02
   3.7581693e-02
   7.6481968e-02
   1.0147677e-01
   3.3867560e-02
   2.8814353e-02
   6.6519432e-02
   9.4925463e-02
   1.8131791e-02
   1.1167394e-02
   6.0522812e-03
   3.6779169e-02
   3.1224340e-02
   2.1291301e-02
   5.1833354e-02
   9.8017424e-02
   6.9313645e-02
   1.2386449e-02
   4.5915764e-02
   8.8428110e-02
   4.1113213e-02
   7.7451267e-03
   3.4204070e-02
   8.5576780e-02
   1.6792703e-02
   1.1033165e-02
   5.9433556e-03
   3.3883706e-02
   5.4216206e-02
   2.1759657e-02
   4.3609999e-02
   4.9213707e-02
   2.1979602e-02
   1.1635043e-02
   4.0246975e-02
   4.0400714e-02
   1.6701724e-02
   6.0939235e-03
   2.9503336e-02
   3.4251537e-02
   1.5182870e-02
   1.0952352e-02
   6.1837556e-03
   1.6185001e-02
   6.8291426e-02
   2.5108779e-02
   4.8437223e-02
   6.1022248e-02
   1.4496638e-02
   1.7301232e-02
   4.6178915e-02
   3.7336115e-02
   1.3392435e-02
   7.5522540e-03
   4.4400010e-02
   3.8501136e-02
   1.5112852e-02
   1.0627626e-02
   8.6655943e-03
   1.6539505e-02
   3.3385359e-02
   1.5834738e-02
   3.1941403e-02
   3.7163433e-02
   1.0513195e-02
   2.2204502e-02
   4.7369841e-02
   3.3064123e-02
   8.2234498e-03
   1.1503289e-02
   7.3672093e-02
   6.1090685e-02
   9.4256140e-03
   9.7491927e-03
   1.8605215e-02
   1.7582633e-02
   1.9607000e-02
   1.5197161e-02
   3.2757077e-02
   3.7274048e-02
   8.9746574e-03
   1.7827606e-02
   3.1743124e-02
   2.5350265e-02
   7.8266384e-03
   1.1595674e-02
   4.3935023e-02
   3.4224007e-02
   1.0803305e-02
   1.3653611e-02
   1.1558776e-02
   1.3539735e-02
   1.9004026e-02
   2.9610481e-02
   3.2800801e-02
   3.1391837e-02
   9.8104365e-03
   3.7559237e-02
   2.9733622e-02
   2.2201383e-02
   7.5498549e-03
   2.7060635e-02
   2.7211441e-02
   2.4278948e-02
   8.5242419e-03
   1.3474520e-02
   6.2854872e-03
   9.8400237e-03
   2.0690519e-02
   6.9104768e-02
   5.6269430e-02
   4.1547954e-02
   1.6671110e-02
   9.5549099e-02
   5.9379451e-02
   3.3447850e-02
   1.0751415e-02
   6.1871529e-02
   3.6569782e-02
   3.0369731e-02
   1.0863634e-02
   1.1368585e-02
   4.6822638e-03
   1.9214226e-02
   2.2492914e-02
   4.6439961e-02
   7.9126552e-02
   1.1136316e-01
   7.5547330e-02
   4.9379256e-02
   6.8358853e-02
   8.8916957e-02
   4.4696517e-02
   3.3475731e-02
   3.8601018e-02
   8.9485727e-02
   1.6902918e-02
   1.0409591e-02
   4.7782497e-03
   5.5815086e-02
   2.9730791e-02
   2.0501394e-02
   3.9679091e-02
   8.2208395e-02
   8.9433990e-02
   1.2468195e-02
   3.3350065e-02
   7.9687282e-02
   5.8277309e-02
   1.0154911e-02
   2.3769768e-02
   9.4241813e-02
   1.7733330e-02
   9.6998997e-03
   4.2546135e-03
   5.0989229e-02
   5.8731008e-02
   1.8131549e-02
   2.9958036e-02
   2.8428495e-02
   2.2704156e-02
   1.0252154e-02
   2.8849984e-02
   2.8948128e-02
   1.6216084e-02
   7.2664418e-03
   2.0183288e-02
   3.9318509e-02
   1.1368316e-02
   8.6188884e-03
   4.4763819e-03
   1.6879156e-02
   7.9515345e-02
   1.7928069e-02
   3.5259500e-02
   3.1069275e-02
   1.1052563e-02
   1.3724465e-02
   3.3711161e-02
   2.5385071e-02
   8.1044370e-03
   8.9574838e-03
   3.8004119e-02
   4.1445307e-02
   8.7907324e-03
   8.1016617e-03
   8.5651577e-03
   1.6293494e-02
   3.1665269e-02
   1.7307390e-02
   1.4664249e-02
   2.1607880e-02
   8.5832048e-03
   2.1569852e-02
   4.5691352e-02
   3.9887674e-02
   4.6155811e-03
   1.9584434e-02
   6.4866833e-02
   4.0535178e-02
   8.2855206e-03
   1.6687805e-02
   3.6459893e-02
   2.6734883e-02
   1.7873986e-02
   1.9257555e-02
   1.8758981e-02
   2.0395946e-02
   8.5076243e-03
   2.1037672e-02
   2.7593737e-02
   2.4127478e-02
   4.5977253e-03
   1.8954340e-02
   3.4307323e-02
   3.1765390e-02
   9.0272585e-03
   2.4529221e-02
   2.2559155e-02
   2.3316473e-02
   1.6726201e-02
   2.9983863e-02
   2.3497500e-02
   2.1065628e-02
   1.1098718e-02
   4.7035620e-02
   1.9331926e-02
   2.2976417e-02
   5.6725848e-03
   4.9357019e-02
   1.9037437e-02
   3.2521177e-02
   8.3553167e-03
   2.4259474e-02
   9.8353988e-03
   1.5613405e-02
   2.2308970e-02
   6.1305299e-02
   3.6237489e-02
   2.5672207e-02
   2.1494346e-02
   1.2011960e-01
   3.1376805e-02
   3.1662490e-02
   1.5253726e-02
   1.1282588e-01
   3.2562070e-02
   4.1811448e-02
   1.4134248e-02
   1.9399583e-02
   5.3840457e-03
   2.9986786e-02
   2.4493061e-02
   4.4738024e-02
   4.9086682e-02
   7.8802541e-02
   1.0699725e-01
   6.2139306e-02
   3.6145676e-02
   1.0540969e-01
   7.3385388e-02
   6.6431418e-02
   4.2543165e-02
   1.5700875e-01
   3.1896669e-02
   1.7462259e-02
   6.6175121e-03
   9.7960398e-02
   3.1357583e-02
   2.2598511e-02
   2.6561242e-02
   6.4861245e-02
   1.1420976e-01
   1.7297046e-02
   1.8024120e-02
   1.1262415e-01
   8.8301264e-02
   1.7142238e-02
   2.2717591e-02
   1.6291545e-01
   3.1458054e-02
   1.3701041e-02
   4.8539997e-03
   8.2129568e-02
   5.1558167e-02
   1.7506443e-02
   2.1304073e-02
   2.1117255e-02
   2.5287848e-02
   1.1077439e-02
   1.6815726e-02
   2.9230384e-02
   1.9685317e-02
   1.2328682e-02
   1.5682304e-02
   5.8069680e-02
   1.1905506e-02
   1.3072686e-02
   4.5513459e-03
   2.8279273e-02
   7.0337407e-02
   1.6011542e-02
   1.6095271e-02
   2.0343974e-02
   8.8985423e-03
   1.3631796e-02
   2.2517035e-02
   2.7468866e-02
   5.7827616e-03
   1.7277153e-02
   3.8117960e-02
   3.4042422e-02
   8.7596634e-03
   1.2800680e-02
   1.3843977e-02
   2.3759598e-02
   3.3012982e-02
