   3.0825295e-02
   2.1035200e-02
   6.0186055e-02
   1.3466533e-02
   6.7704275e-02
   1.5305292e-02
   2.0558128e-02
   7.6368381e-03
   8.8652804e-02
   7.4244350e-02
   6.9636777e-02
   9.0094535e-03
   6.6962123e-02
   8.7922111e-02
   9.1257833e-02
   1.1267507e-02
   6.1305054e-02
   1.9396868e-02
   4.4278845e-02
   1.3043832e-02
   8.6443663e-02
   1.3893449e-02
   1.3720447e-02
   7.3252725e-03
   4.5120686e-02
   3.3911128e-02
   3.6497198e-02
   8.0944803e-03
   3.5403911e-02
   3.6201075e-02
   4.2549059e-02
   9.1345878e-03
   1.0704193e-01
   2.1538083e-02
   3.5186041e-02
   1.2040804e-02
   5.3222917e-02
   1.3287638e-02
   1.1329765e-02
   7.8211818e-03
   3.5666522e-02
   1.3738966e-02
   2.1017037e-02
   7.4971467e-03
   2.0908386e-02
   1.0458299e-02
   1.4913910e-02
   9.2243459e-03
   6.3296139e-02
   2.5765089e-02
   4.4005819e-02
   1.3303180e-02
   4.2992972e-02
   1.7572550e-02
   2.3529071e-02
   8.5458038e-03
   3.8169991e-02
   1.8476252e-02
   2.6042955e-02
   8.2140751e-03
   2.0389389e-02
   1.0165522e-02
   1.8927649e-02
   1.0311920e-02
   3.8411520e-02
   2.5091261e-02
   6.0104307e-02
   1.5712770e-02
   5.0343655e-02
   2.9595910e-02
   5.0799701e-02
   1.0785121e-02
   4.7386188e-02
   2.9243091e-02
   3.7768930e-02
   1.0240173e-02
   2.3444051e-02
   1.2657802e-02
   2.6544580e-02
   1.2479448e-02
   2.9678803e-02
   1.6396174e-02
   4.6484478e-02
   1.3801545e-02
   3.9627139e-02
   1.6475782e-02
   2.5601728e-02
   9.0667261e-03
   3.8367525e-02
   2.1107148e-02
   2.1843942e-02
   8.1327800e-03
   2.3660613e-02
   1.0290566e-02
   1.6719304e-02
   9.3989763e-03
   2.7773418e-02
   1.6109245e-02
   3.9481476e-02
   1.3297334e-02
   3.3744253e-02
   9.8829782e-03
   1.1899386e-02
   8.3850464e-03
   3.9116930e-02
   1.6669737e-02
   1.6025487e-02
   7.4774250e-03
   3.6716297e-02
   1.0566457e-02
   1.4926832e-02
   8.6337514e-03
   2.7446620e-02
   1.9735115e-02
   5.0166689e-02
   1.1942679e-02
   3.7483115e-02
   1.1098952e-02
   1.4362534e-02
   7.7848285e-03
   7.6661669e-02
   3.9892994e-02
   3.4970023e-02
   7.8812540e-03
   4.9786273e-02
   3.6864463e-02
   4.0298864e-02
   8.8903727e-03
   3.8924776e-02
   2.4869861e-02
   5.8818106e-02
   1.2462034e-02
   1.0575894e-01
   2.2423197e-02
   2.4822274e-02
   5.0856597e-03
   1.2275808e-01
   6.9219559e-02
   8.7358177e-02
   8.4426841e-03
   1.0718799e-01
   1.4631175e-01
   1.4430374e-01
   1.3916724e-02
   1.0180351e-01
   2.4770407e-02
   4.1007396e-02
   1.1397648e-02
   1.4653765e-01
   2.0762015e-02
   1.5451220e-02
   4.7409283e-03
   5.3470865e-02
   3.6116563e-02
   4.8507683e-02
   6.5517826e-03
   4.7679495e-02
   5.8401551e-02
   6.5944165e-02
   8.6121047e-03
   1.8233022e-01
   2.6186829e-02
   3.2985654e-02
   1.0460855e-02
   8.7023072e-02
   1.8563051e-02
   1.2171390e-02
   5.0938940e-03
   3.6908548e-02
   1.7714292e-02
   3.0083196e-02
   5.2165175e-03
   1.8352145e-02
   9.5316982e-03
   2.1706410e-02
   7.8263273e-03
   9.9836543e-02
   2.9056955e-02
   4.5498148e-02
   1.2733685e-02
   6.1218623e-02
   2.1595379e-02
   3.2571189e-02
   6.1515155e-03
   4.3522660e-02
   2.2014031e-02
   3.9436784e-02
   6.8995585e-03
   1.9689145e-02
   9.6021304e-03
   2.8918810e-02
   1.0382855e-02
   5.2341547e-02
   3.3267774e-02
   7.0668392e-02
   1.7754406e-02
   6.7309022e-02
   3.9974332e-02
   7.4470110e-02
   9.1941021e-03
   5.9709664e-02
   3.5146371e-02
   5.8307890e-02
   9.8495185e-03
   2.4319101e-02
   1.4516160e-02
   4.2745102e-02
   1.3869762e-02
   3.6972705e-02
   2.1251613e-02
   5.3564213e-02
   1.3432293e-02
   4.8490345e-02
   2.1425562e-02
   3.6260378e-02
   6.4653698e-03
   4.5451973e-02
   2.3542041e-02
   3.0631861e-02
   5.9157871e-03
   2.7105274e-02
   1.0555476e-02
   2.4432389e-02
   7.8320773e-03
   3.0425373e-02
   1.8171247e-02
   4.7073551e-02
   1.0857253e-02
   4.0144000e-02
   1.2959444e-02
   1.3117027e-02
   5.7866154e-03
   5.0993387e-02
   2.0427214e-02
   2.0581029e-02
   4.7138538e-03
   4.8347183e-02
   1.0788335e-02
   2.2276051e-02
   7.2753145e-03
   3.2360457e-02
   2.0972049e-02
   5.4613166e-02
   1.0808229e-02
   4.6629265e-02
   1.6013600e-02
   1.5853893e-02
   5.6718723e-03
   1.0946497e-01
   4.1829497e-02
   4.6059322e-02
   5.6842533e-03
   7.5993240e-02
   6.0272019e-02
   6.3940383e-02
   8.5759731e-03
   6.9058485e-02
   3.2345135e-02
   6.1624400e-02
   1.5141012e-02
   1.7370494e-01
   3.4878064e-02
   3.7727822e-02
   4.5650080e-03
   1.8957603e-01
   1.0182100e-01
   1.0268255e-01
   1.3445505e-02
   1.4156480e-01
   1.7927980e-01
   1.7868437e-01
   2.5896303e-02
   1.8088926e-01
   3.4481566e-02
   4.3704420e-02
   1.1055226e-02
   2.3870626e-01
   3.1586755e-02
   2.2850707e-02
   3.5413797e-03
   9.0111069e-02
   5.5628464e-02
   6.3084841e-02
   8.7401913e-03
   6.6133797e-02
   6.9201060e-02
   7.9864196e-02
   1.4389350e-02
   3.0922112e-01
   3.5941809e-02
   3.6289297e-02
   1.0191698e-02
   1.4736521e-01
   2.5426973e-02
   1.5870256e-02
   4.2342083e-03
   6.3872769e-02
   2.4096727e-02
   3.8160745e-02
   5.1953858e-03
   2.6413975e-02
   1.1068937e-02
   2.8249247e-02
   1.0466096e-02
   1.4866541e-01
   3.7313104e-02
   4.9842555e-02
   1.4720946e-02
   8.9758374e-02
   2.9752705e-02
   3.8188383e-02
   9.3017248e-03
   6.6087283e-02
   2.7751958e-02
   4.6255149e-02
   1.0072984e-02
   2.2353373e-02
   1.1627100e-02
   4.1824017e-02
   1.5896998e-02
   7.5891547e-02
   4.3805592e-02
   8.5400976e-02
   2.4370940e-02
   8.6777359e-02
   5.5958010e-02
   8.9649245e-02
   1.5865583e-02
   8.2929686e-02
   4.7666498e-02
   7.1834877e-02
   1.8829893e-02
   3.3021092e-02
   1.8767091e-02
   7.3057503e-02
   2.7732786e-02
   5.7459451e-02
   3.1492051e-02
   6.2361512e-02
   1.7154180e-02
   7.1134895e-02
   2.7316930e-02
   4.5665570e-02
   7.7671558e-03
   6.9886617e-02
   2.9584998e-02
   3.5768040e-02
   8.2970560e-03
   4.0371086e-02
   1.3653634e-02
   3.9071463e-02
   1.3025824e-02
   5.4041926e-02
   2.3100782e-02
   4.1343115e-02
   1.3234589e-02
   6.3254312e-02
   1.5721122e-02
   1.6311098e-02
   5.5720201e-03
   8.8602945e-02
   2.5874659e-02
   2.5771448e-02
   4.8755012e-03
   8.4611006e-02
   1.3207679e-02
   3.6016427e-02
   1.1248674e-02
   5.3457335e-02
   2.5444971e-02
   4.9685553e-02
   1.3463079e-02
   8.6137764e-02
   2.4390370e-02
   2.4053901e-02
   5.8227177e-03
   1.7880310e-01
   6.0086321e-02
   5.9793327e-02
   7.3653040e-03
   1.1750071e-01
   7.5984642e-02
   9.0031393e-02
   1.3572403e-02
   1.0304613e-01
   3.3729862e-02
   7.6032177e-02
   2.2847887e-02
   2.0360886e-01
   3.0130511e-02
   6.9006033e-02
   5.1620435e-03
   2.5349706e-01
   1.3317968e-01
   1.0384611e-01
   1.9353038e-02
   2.7891302e-01
   3.5658035e-01
   3.8391224e-01
   5.9484966e-02
   1.6892062e-01
   3.0676544e-02
   5.3280588e-02
   1.9941306e-02
   2.5363001e-01
   2.5642956e-02
   4.0528994e-02
   4.2915791e-03
   1.1394985e-01
   5.9007224e-02
   5.8382504e-02
   1.0885860e-02
   1.3066028e-01
   1.4237577e-01
   1.5928096e-01
   2.7827237e-02
   1.9841771e-01
   3.5626113e-02
   3.6513418e-02
   1.5507676e-02
   1.3187203e-01
   2.5134396e-02
   2.6290881e-02
   3.9514797e-03
   7.5401545e-02
   2.4000162e-02
   4.5784071e-02
   6.1465153e-03
   3.9016876e-02
   2.2376573e-02
   3.1329334e-02
   1.2926427e-02
   1.0099477e-01
   5.6315403e-02
   5.2210163e-02
   1.7273061e-02
   7.7279918e-02
   4.3435365e-02
   4.3022987e-02
   1.4274298e-02
   7.4765116e-02
   3.7132502e-02
   5.7260919e-02
   1.7561201e-02
   2.8130528e-02
   2.0090422e-02
   4.7057390e-02
   2.6401816e-02
   1.0175016e-01
   8.4371373e-02
   7.6596044e-02
   3.1255972e-02
   1.2987161e-01
   9.6784711e-02
   9.9881858e-02
   3.0500483e-02
   1.2701544e-01
   6.7407280e-02
   8.4276937e-02
   3.9651960e-02
   6.1185934e-02
   3.0991144e-02
   8.7768599e-02
   5.6660563e-02
   6.4818367e-02
   3.8923122e-02
   5.0932661e-02
   2.2636352e-02
   8.0027692e-02
   4.3141525e-02
   5.3809203e-02
   1.2605581e-02
   7.0920512e-02
   4.6292130e-02
   4.4300646e-02
   1.4857464e-02
   5.0991647e-02
   2.1843560e-02
   4.3516465e-02
   2.1661518e-02
   6.6352338e-02
   2.7245788e-02
   4.7168210e-02
   1.5181089e-02
   8.3392330e-02
   1.9044168e-02
   2.5072427e-02
   5.0869952e-03
   9.9699974e-02
   2.9809350e-02
   2.8843816e-02
   6.5276581e-03
   1.1290924e-01
   2.5266778e-02
   4.8267424e-02
   1.8548740e-02
   8.0061071e-02
   3.4967709e-02
   7.7054098e-02
   1.1862732e-02
   8.4813245e-02
   2.1124136e-02
   4.1396450e-02
   5.5958182e-03
   2.2387144e-01
   8.2700863e-02
   5.7715110e-02
   9.9974861e-03
   2.0949888e-01
   1.4825940e-01
   1.8646814e-01
   2.6293157e-02
