   7.2425723e-02
   7.2691262e-02
   7.6257206e-02
   3.9131947e-02
   6.5021098e-02
   6.6858657e-02
   6.9193274e-02
   3.3590958e-02
   7.3964894e-02
   8.7583199e-02
   9.1721766e-02
   5.0639540e-02
   3.5268214e-02
   1.3048640e-02
   2.0378634e-02
   1.9708639e-02
   3.4970250e-02
   3.4044646e-02
   3.4018461e-02
   2.4584254e-02
   3.0623989e-02
   2.9799704e-02
   2.9228561e-02
   2.1256821e-02
   3.3994071e-02
   3.9063897e-02
   4.1132927e-02
   3.2752492e-02
   2.9700859e-02
   9.0681743e-03
   1.6325423e-02
   1.9941386e-02
   1.3993537e-02
   1.0586038e-02
   1.0832011e-02
   1.4429172e-02
   9.6315481e-03
   6.8034846e-03
   5.7690069e-03
   1.2799436e-02
   1.2957230e-02
   1.2651178e-02
   9.6433302e-03
   1.5835810e-02
   2.6473625e-02
   7.5090551e-03
   1.3512719e-02
   2.2651188e-02
   1.2797574e-02
   9.8841796e-03
   1.0792523e-02
   1.6112668e-02
   9.2209037e-03
   6.3478365e-03
   5.2892156e-03
   1.5793113e-02
   1.3291638e-02
   1.1874487e-02
   1.1457750e-02
   1.7842401e-02
   2.9425735e-02
   1.1277104e-02
   3.0372925e-02
   3.1127220e-02
   1.2426870e-02
   1.0700924e-02
   1.1664039e-02
   2.4445124e-02
   9.4054583e-03
   6.4115673e-03
   5.3892834e-03
   2.6453415e-02
   1.4169591e-02
   1.2560358e-02
   1.1556323e-02
   2.6399288e-02
   3.8914427e-02
   1.9804776e-02
   5.7112701e-02
   4.1607220e-02
   1.1413331e-02
   1.0263526e-02
   1.1355408e-02
   1.9051719e-02
   9.6351095e-03
   6.3545965e-03
   5.6687677e-03
   1.8050147e-02
   1.2899667e-02
   1.1062479e-02
   8.9053949e-03
   2.0896768e-02
   3.9201688e-02
   1.1983668e-02
   2.7761431e-02
   2.5990400e-02
   1.3002743e-02
   1.0268129e-02
   1.1241425e-02
   1.6436726e-02
   1.0186153e-02
   6.5849577e-03
   5.9137074e-03
   1.4282147e-02
   1.5179628e-02
   1.1855415e-02
   9.0625267e-03
   1.6931562e-02
   5.9070423e-02
   7.3202150e-03
   1.3456583e-02
   1.9952733e-02
   3.0414082e-02
   2.9396785e-02
   3.2007366e-02
   2.3341291e-02
   2.6684888e-02
   2.4880139e-02
   2.5962137e-02
   2.0002246e-02
   3.6710188e-02
   3.6202718e-02
   3.4594320e-02
   2.5893115e-02
   5.2237567e-02
   8.9557311e-03
   1.6075602e-02
   1.9862922e-02
   1.0898120e-01
   1.0980666e-01
   1.1248799e-01
   5.3171761e-02
   9.4559766e-02
   1.0146066e-01
   1.0337727e-01
   4.4627704e-02
   1.1107876e-01
   1.1242609e-01
   1.2535067e-01
   5.5478185e-02
   4.2403169e-02
   1.3798010e-02
   2.4912329e-02
   1.1242081e-02
   4.7784735e-02
   4.9147587e-02
   4.8250794e-02
   3.2003582e-02
   4.1946519e-02
   4.4625312e-02
   4.2881694e-02
   2.7458586e-02
   4.9672343e-02
   4.9543802e-02
   5.7141203e-02
   3.7294697e-02
   2.9325251e-02
   9.4916886e-03
   1.8810799e-02
   1.2048616e-02
   9.5223458e-03
   8.9447424e-03
   9.1884425e-03
   1.7135698e-02
   7.0550744e-03
   5.7929489e-03
   4.3944190e-03
   1.4154518e-02
   1.1714094e-02
   1.3468536e-02
   1.1627028e-02
   1.8060984e-02
   2.9528182e-02
   7.2516990e-03
   1.5267448e-02
   1.3618681e-02
   8.7337578e-03
   7.3353848e-03
   8.7362388e-03
   1.9998554e-02
   6.3217888e-03
   4.6882764e-03
   3.4272217e-03
   1.8880218e-02
   1.0767782e-02
   1.1613682e-02
   1.2081951e-02
   2.0387214e-02
   3.2514952e-02
   1.2994628e-02
   3.8847987e-02
   2.3105135e-02
   8.4762406e-03
   8.4550958e-03
   9.8489532e-03
   3.3434715e-02
   7.3676649e-03
   4.7254553e-03
   3.4464789e-03
   3.5136446e-02
   1.2486950e-02
   1.2112442e-02
   1.1403841e-02
   3.0736733e-02
   4.9378853e-02
   2.6318753e-02
   7.6636657e-02
   3.6252581e-02
   7.2830599e-03
   8.2451859e-03
   9.4967252e-03
   2.6020104e-02
   6.7452504e-03
   4.7967453e-03
   3.6845375e-03
   2.3770208e-02
   1.2026446e-02
   1.2260278e-02
   8.2033928e-03
   2.3472419e-02
   5.2194171e-02
   1.4949193e-02
   3.3797082e-02
   1.8581342e-02
   8.9979973e-03
   8.7879151e-03
   9.7358637e-03
   1.9785872e-02
   8.0045518e-03
   5.8614556e-03
   4.3691895e-03
   1.7510787e-02
   1.5778553e-02
   1.1863505e-02
   9.0098949e-03
   1.8460993e-02
   8.6119786e-02
   6.8140524e-03
   1.5661485e-02
   1.0661924e-02
   3.9219785e-02
   3.9988715e-02
   4.3708585e-02
   2.9797306e-02
   3.4417298e-02
   3.5126492e-02
   3.7486475e-02
   2.5987085e-02
   5.1493891e-02
   4.4337634e-02
   4.5036707e-02
   3.0656068e-02
   7.4802697e-02
   8.9647090e-03
   1.9383913e-02
   1.0661081e-02
   1.9194320e-01
   1.8874668e-01
   1.9007005e-01
   8.6716942e-02
   1.3422374e-01
   1.3621549e-01
   1.3770984e-01
   6.0242061e-02
   2.0645463e-01
   1.9514661e-01
   1.8339998e-01
   8.0339022e-02
   7.0434824e-02
   1.8928824e-02
   3.7282780e-02
   8.0080675e-03
   8.2012892e-02
   8.2742028e-02
   8.0080718e-02
   5.2052643e-02
   5.9469279e-02
   6.0206749e-02
   5.7453010e-02
   4.0278316e-02
   8.7081708e-02
   7.8389391e-02
   8.3607808e-02
   5.8919899e-02
   4.5195408e-02
   1.2815798e-02
   2.7579388e-02
   8.0579482e-03
   9.5411399e-03
   1.0084957e-02
   1.0466277e-02
   2.5739109e-02
   8.2933698e-03
   6.9168163e-03
   4.4134618e-03
   2.5863875e-02
   1.7054949e-02
   1.5003267e-02
   1.4759143e-02
   2.9881967e-02
   4.3550473e-02
   8.9604445e-03
   2.1724476e-02
   1.0583374e-02
   6.7053898e-03
   8.5357185e-03
   9.6088983e-03
   3.2410450e-02
   5.8391029e-03
   4.3761642e-03
   2.1742196e-03
   3.3732925e-02
   1.4167657e-02
   1.1962176e-02
   1.5206107e-02
   3.3684302e-02
   5.4614380e-02
   1.8875627e-02
   4.7250137e-02
   1.9731116e-02
   8.8655353e-03
   1.1504858e-02
   1.1476081e-02
   5.8667254e-02
   6.9709397e-03
   4.4378489e-03
   2.5212565e-03
   6.3059948e-02
   1.5341775e-02
   1.2897223e-02
   1.4303252e-02
   5.0951418e-02
   7.2393812e-02
   4.2012189e-02
   9.2816330e-02
   3.2467645e-02
   7.1326843e-03
   1.0243630e-02
   1.0164049e-02
   5.0293826e-02
   6.4214808e-03
   4.6915580e-03
   2.5061157e-03
   4.9663648e-02
   1.4937702e-02
   1.3390555e-02
   1.0166483e-02
   4.3225773e-02
   7.4026033e-02
   2.2840105e-02
   4.1009594e-02
   1.6968844e-02
   9.0654949e-03
   1.0000775e-02
   1.0724141e-02
   3.5578549e-02
   7.8642396e-03
   7.4788760e-03
   4.5226654e-03
   3.5437964e-02
   2.4778659e-02
   1.4477984e-02
   1.1617363e-02
   3.4386925e-02
   1.1405469e-01
   8.5632037e-03
   2.3182346e-02
   7.5730071e-03
   6.6308409e-02
   6.4603046e-02
   6.9738999e-02
   4.6443686e-02
   4.6992958e-02
   4.6212878e-02
   5.0258040e-02
   3.8067482e-02
   9.0188973e-02
   7.4093312e-02
   6.4178042e-02
   4.3922465e-02
   1.1801219e-01
   1.1768739e-02
   3.1379756e-02
   7.2716866e-03
   2.6598322e-01
   2.6573461e-01
   2.5710040e-01
   1.2145426e-01
   2.3783521e-01
   2.3621979e-01
   2.3425128e-01
   1.0459150e-01
   2.7855653e-01
   2.4004357e-01
   2.4551655e-01
   1.1441720e-01
   6.9096640e-02
   2.9937547e-02
   3.3466935e-02
   1.0941376e-02
   1.1971472e-01
   1.1949529e-01
   1.0724397e-01
   9.0269126e-02
   1.0928005e-01
   1.0389934e-01
   9.8736845e-02
   8.4510423e-02
   1.2792745e-01
   1.0252142e-01
   1.1332367e-01
   8.7715648e-02
   4.4096582e-02
   2.0793235e-02
   3.3040211e-02
   9.0062423e-03
   1.1885329e-02
   1.3755574e-02
   1.4752674e-02
   4.7906097e-02
   1.0040198e-02
   8.8928044e-03
   6.4692614e-03
   4.9440533e-02
   2.1443892e-02
   1.5901953e-02
   1.9318754e-02
   4.9519360e-02
   5.1928055e-02
   1.3297617e-02
   2.9479185e-02
   1.0140898e-02
   7.8355009e-03
   1.1879344e-02
   1.1647445e-02
   5.2701652e-02
   6.3036126e-03
   4.4330196e-03
   2.4105175e-03
   5.7049345e-02
   1.7070383e-02
   1.4114717e-02
   2.0259958e-02
   5.4398637e-02
   7.6379135e-02
   3.0942615e-02
   6.7914635e-02
   1.6960658e-02
   1.2936463e-02
   1.4316975e-02
   1.4263646e-02
   1.2693408e-01
   9.8777544e-03
   4.6191718e-03
   2.4795781e-03
   1.3782167e-01
   1.8219268e-02
   1.7077284e-02
   2.2456912e-02
   9.3943939e-02
   8.1020087e-02
   6.7956857e-02
   1.4020497e-01
   3.3516139e-02
   8.2635339e-03
   1.4752449e-02
   1.4387064e-02
   6.7792460e-02
   6.5189893e-03
   4.0301895e-03
   2.8503810e-03
   6.9945693e-02
   2.0247746e-02
   1.7179621e-02
   1.6225021e-02
   6.2075995e-02
   7.5117290e-02
   3.5976727e-02
   5.8194313e-02
   1.9891072e-02
   1.1976219e-02
   1.2760895e-02
   1.6635865e-02
   5.9629746e-02
   9.6124429e-03
   9.1549996e-03
   7.5697773e-03
   6.1695810e-02
   2.8345356e-02
   1.9460574e-02
   1.7181365e-02
   5.5853549e-02
   1.0950866e-01
   1.4097821e-02
   2.2546398e-02
   7.9549756e-03
   9.0485059e-02
   8.6167097e-02
   9.6663959e-02
   5.6819584e-02
   8.0676474e-02
   7.7256873e-02
   8.8027537e-02
   5.2228786e-02
   1.0994653e-01
   8.9409418e-02
   8.6170085e-02
   5.9654001e-02
   1.2082077e-01
   1.9809483e-02
   3.2277260e-02
   6.9917846e-03
