   8.2931109e-03
   3.4267191e-02
   3.8968727e-02
   2.4069319e-02
   1.1384802e-02
   7.2186768e-02
   8.5355088e-02
   8.8237628e-02
   5.1718624e-03
   2.1453710e-02
   3.4871146e-02
   4.6834372e-02
   7.0276102e-03
   2.2928888e-02
   2.8361110e-02
   4.4925701e-02
   8.1208898e-03
   2.7444834e-02
   3.2500323e-02
   2.1625163e-02
   8.6399037e-03
   3.7047829e-02
   4.0725391e-02
   4.3043148e-02
   5.3317901e-03
   1.8575346e-02
   3.0984100e-02
   3.7341710e-02
   6.7193317e-03
   2.2057159e-02
   2.6095839e-02
   4.1594516e-02
   7.8108613e-03
   2.7532654e-02
   3.3341199e-02
   2.1649806e-02
   7.0360629e-03
   2.1576747e-02
   2.0236168e-02
   2.0734742e-02
   5.3488659e-03
   1.6745050e-02
   2.5616705e-02
   3.0191027e-02
   6.8183588e-03
   2.0848013e-02
   2.2390328e-02
   3.4242354e-02
   1.1662304e-02
   5.6355726e-02
   5.5009842e-02
   3.2939985e-02
   9.3358075e-03
   3.8402803e-02
   3.3731312e-02
   2.8418604e-02
   8.8630617e-03
   4.4061985e-02
   4.3150235e-02
   5.5683523e-02
   1.0251513e-02
   5.0178941e-02
   3.8001269e-02
   5.3238112e-02
   2.0123227e-02
   1.0589202e-01
   9.5679089e-02
   6.1248284e-02
   1.5488545e-02
   6.6809982e-02
   5.9711806e-02
   4.8098538e-02
   1.5815776e-02
   9.4994023e-02
   8.0692053e-02
   1.0135462e-01
   1.7257063e-02
   1.0575474e-01
   7.1654178e-02
   9.4240472e-02
   1.0566909e-02
   5.5063222e-02
   5.4924279e-02
   3.8352825e-02
   9.2898356e-03
   3.9034635e-02
   3.4029357e-02
   3.4026742e-02
   8.6143464e-03
   4.5311701e-02
   4.4088744e-02
   5.6303266e-02
   9.5709264e-03
   4.8272092e-02
   3.8580634e-02
   5.3211879e-02
   7.5257216e-03
   2.9979669e-02
   3.6859043e-02
   2.3351839e-02
   7.2024935e-03
   2.2347903e-02
   2.1869484e-02
   2.5152804e-02
   5.5424161e-03
   1.8721363e-02
   2.4322169e-02
   2.9701395e-02
   6.6823093e-03
   2.0507570e-02
   2.0898558e-02
   3.0273290e-02
   8.0640493e-03
   3.3095945e-02
   3.8666677e-02
   2.3993766e-02
   8.5853757e-03
   3.9587513e-02
   4.6188530e-02
   4.7996759e-02
   5.0195586e-03
   1.8735955e-02
   2.6994120e-02
   3.3327632e-02
   7.0512770e-03
   2.0718774e-02
   2.3841448e-02
   3.3394787e-02
   4.9736961e-03
   3.8264554e-02
   3.6806297e-02
   2.0303516e-02
   1.2025338e-02
   9.6698530e-02
   1.0975075e-01
   1.0702263e-01
   3.3452124e-03
   2.3511285e-02
   3.7864536e-02
   5.1539607e-02
   4.4937301e-03
   2.0404691e-02
   2.8029356e-02
   5.4399472e-02
   4.9525932e-03
   2.7696114e-02
   3.0715307e-02
   1.9717442e-02
   8.3799521e-03
   4.8464648e-02
   5.1268436e-02
   5.0436795e-02
   3.1435760e-03
   2.1661257e-02
   3.3051707e-02
   4.1943882e-02
   4.4881422e-03
   2.1550706e-02
   2.8237794e-02
   4.9227308e-02
   4.8798309e-03
   2.7614836e-02
   3.3180203e-02
   1.9605899e-02
   6.5592877e-03
   2.8368769e-02
   2.4499385e-02
   2.7601423e-02
   3.3591930e-03
   2.1637026e-02
   2.8034121e-02
   3.4040354e-02
   4.5371745e-03
   1.9768195e-02
   2.2476999e-02
   3.8236186e-02
   1.4959803e-02
   7.1785733e-02
   6.0748197e-02
   3.2602310e-02
   1.2589579e-02
   5.6288250e-02
   4.4400685e-02
   4.0699538e-02
   1.1208612e-02
   7.1692497e-02
   5.8344938e-02
   6.7542598e-02
   1.1785300e-02
   7.1678676e-02
   4.5844395e-02
   6.1393268e-02
   3.2435711e-02
   1.4454056e-01
   1.1098001e-01
   7.0663437e-02
   2.3922356e-02
   1.0391291e-01
   7.3049448e-02
   6.9101855e-02
   2.4620721e-02
   1.6197988e-01
   1.1355069e-01
   1.3229768e-01
   2.5753058e-02
   1.5986434e-01
   9.8282926e-02
   1.1792854e-01
   1.2783037e-02
   7.4418269e-02
   6.1844788e-02
   4.1187014e-02
   1.0764876e-02
   6.0757123e-02
   4.2432666e-02
   4.8474852e-02
   1.0517506e-02
   7.1339838e-02
   6.2380131e-02
   6.9213994e-02
   1.1196568e-02
   6.6691749e-02
   5.0112680e-02
   6.5404639e-02
   5.0763176e-03
   3.4105182e-02
   3.6082018e-02
   2.1836217e-02
   6.7621940e-03
   2.7981818e-02
   2.7478987e-02
   3.3064138e-02
   3.9496622e-03
   2.1943975e-02
   2.7356161e-02
   3.2550741e-02
   4.0717921e-03
   1.8221576e-02
   2.0321159e-02
   3.1279769e-02
   5.1042289e-03
   3.7139818e-02
   3.8123708e-02
   2.1137033e-02
   9.0302750e-03
   5.1274233e-02
   5.8997300e-02
   5.8683153e-02
   3.4735005e-03
   2.0298261e-02
   2.8662402e-02
   3.4724966e-02
   4.1320943e-03
   1.7589604e-02
   2.2999868e-02
   3.3066075e-02
   4.5478735e-03
   4.6305861e-02
   3.5903491e-02
   2.3056654e-02
   1.8520145e-02
   1.2706172e-01
   1.2565619e-01
   1.2659290e-01
   2.4532047e-03
   2.7865667e-02
   4.0710680e-02
   5.9971258e-02
   3.5049748e-03
   1.7616987e-02
   2.8644858e-02
   7.5072393e-02
   4.4386713e-03
   3.7045002e-02
   3.4012847e-02
   2.0365709e-02
   1.3171770e-02
   5.8547910e-02
   6.1870135e-02
   5.5315100e-02
   2.4011326e-03
   2.6566928e-02
   3.8437616e-02
   4.7854908e-02
   3.5661212e-03
   1.9421361e-02
   3.0202420e-02
   6.7483306e-02
   4.1247583e-03
   3.3440564e-02
   3.2928437e-02
   1.8626999e-02
   1.1924613e-02
   3.8390215e-02
   3.5558864e-02
   3.3156328e-02
   2.9856176e-03
   2.5801281e-02
   3.3826437e-02
   4.4750798e-02
   3.9365864e-03
   2.3059083e-02
   2.7416080e-02
   5.1199015e-02
   2.4026345e-02
   7.6757975e-02
   6.7519322e-02
   3.8682602e-02
   2.2584027e-02
   7.2979435e-02
   6.3806511e-02
   6.0512614e-02
   1.9558500e-02
   7.9262972e-02
   7.8476496e-02
   8.1091247e-02
   1.8626111e-02
   8.8819414e-02
   6.7268655e-02
   6.8488814e-02
   5.8160126e-02
   1.5558019e-01
   1.3043581e-01
   9.6719451e-02
   4.0674742e-02
   1.1929129e-01
   9.6430227e-02
   9.5284022e-02
   4.6645526e-02
   1.8196848e-01
   1.5503359e-01
   1.5283607e-01
   4.3560728e-02
   2.0100898e-01
   1.4355713e-01
   1.1919790e-01
   2.1199428e-02
   8.0029227e-02
   7.2793104e-02
   5.2376386e-02
   1.9097099e-02
   7.0793547e-02
   5.8879636e-02
   6.4387225e-02
   1.8183341e-02
   7.8078203e-02
   8.1690967e-02
   8.1916846e-02
   1.6910890e-02
   8.0000855e-02
   7.3786974e-02
   7.2825320e-02
   3.9599733e-03
   4.1917857e-02
   3.8034789e-02
   2.6559381e-02
   1.0905230e-02
   3.8748138e-02
   3.7794851e-02
   4.7166154e-02
   3.8187031e-03
   2.4647087e-02
   3.3389702e-02
   4.0446233e-02
   3.6311515e-03
   1.8436460e-02
   2.6086306e-02
   3.7170798e-02
   4.0177358e-03
   4.3100700e-02
   4.2029459e-02
   2.2787368e-02
   1.4214534e-02
   7.1989179e-02
   6.9766745e-02
   7.3120706e-02
   2.7640744e-03
   2.1613784e-02
   3.3840694e-02
   4.1360509e-02
   3.2061653e-03
   1.4351197e-02
   2.7518051e-02
   4.4956136e-02
   7.0244060e-03
   5.7187289e-02
   4.0619660e-02
   2.3219377e-02
   2.8691439e-02
   1.2542807e-01
   1.2097388e-01
   1.2176633e-01
   3.1378819e-03
   3.1518541e-02
   3.9099045e-02
   6.7574777e-02
   4.6469015e-03
   2.3416813e-02
   2.7065620e-02
   7.8851901e-02
   6.4432463e-03
   5.0116595e-02
   4.0061634e-02
   2.1047205e-02
   2.4279021e-02
   6.5017171e-02
   6.2853679e-02
   5.8144443e-02
   2.1794443e-03
   2.4808763e-02
   4.0672015e-02
   5.0789516e-02
   5.1177377e-03
   2.0526737e-02
   2.9154507e-02
   7.2637454e-02
   5.1429854e-03
   4.8602331e-02
   3.3135910e-02
   1.6691128e-02
   2.6395610e-02
   5.8599722e-02
   4.9445860e-02
   3.6717325e-02
   3.6601201e-03
   2.8743619e-02
   4.2931065e-02
   4.5112792e-02
   6.0530836e-03
   2.5367515e-02
   3.3064745e-02
   7.0072845e-02
   4.8773691e-02
   9.3774423e-02
   6.9005825e-02
   2.9254023e-02
   4.6323627e-02
   9.4809853e-02
   7.7764533e-02
   4.7794256e-02
   4.2080648e-02
   8.5123673e-02
   8.2483940e-02
   6.7096651e-02
   3.9786372e-02
   9.9398665e-02
   6.8887301e-02
   7.3808625e-02
   1.1967710e-01
   2.1153490e-01
   1.3292339e-01
   6.2525205e-02
   8.6422421e-02
   1.4052263e-01
   1.0210083e-01
   6.8477824e-02
   1.0316790e-01
   1.8431263e-01
   1.7124771e-01
   1.2102880e-01
   9.2887722e-02
   1.9936399e-01
   1.5222371e-01
   1.1771704e-01
   4.2631887e-02
   9.4786532e-02
   6.9299065e-02
   3.1891976e-02
   4.0828478e-02
   8.5304022e-02
   5.3040959e-02
   5.0528247e-02
   4.0349130e-02
   7.8172900e-02
   9.5217362e-02
   7.1362019e-02
   3.3786826e-02
   7.2781846e-02
   7.8918204e-02
   8.3945081e-02
   5.5847755e-03
   4.2543564e-02
   3.5540465e-02
   2.1463033e-02
   2.4632372e-02
   6.9924474e-02
   4.7471028e-02
   5.8665518e-02
   4.8676045e-03
   2.7684031e-02
   4.6393584e-02
   4.2127255e-02
   4.5297970e-03
   1.5695047e-02
   2.8163213e-02
   4.6734687e-02
   5.4308702e-03
   4.0074829e-02
   3.6231626e-02
   2.1083459e-02
   2.5418673e-02
   7.9758056e-02
   6.8011411e-02
   6.7159660e-02
   3.6746359e-03
   2.3310939e-02
   4.5817401e-02
   4.4881463e-02
   4.5723822e-03
   1.7906977e-02
   2.7413948e-02
   6.2493082e-02
