   1.8829903e-02
   3.9606489e-02
   3.4087084e-02
   2.1288985e-02
   2.2786127e-02
   2.5165837e-02
   4.1952245e-02
   1.8441187e-02
   2.6742768e-02
   2.5749955e-02
   6.0970817e-02
   1.8707827e-02
   2.8379863e-02
   2.7451398e-02
   5.0345026e-02
   2.3973079e-02
   1.8630972e-02
   4.3630596e-02
   3.2339789e-02
   2.1066036e-02
   1.9218922e-02
   3.6083657e-02
   3.9896984e-02
   1.7808169e-02
   2.6025176e-02
   3.2034777e-02
   5.7338875e-02
   1.8098803e-02
   2.7951462e-02
   2.6562627e-02
   4.1452456e-02
   2.2569176e-02
   1.9306242e-02
   4.9808506e-02
   3.2248650e-02
   2.0243771e-02
   1.8362973e-02
   4.0346891e-02
   3.8270328e-02
   1.7475851e-02
   2.6879711e-02
   3.3618763e-02
   5.4446321e-02
   1.8670604e-02
   2.9592717e-02
   2.6178710e-02
   4.0418189e-02
   2.2603268e-02
   5.0720781e-02
   6.4683877e-02
   3.8708631e-02
   2.1270126e-02
   5.4346740e-02
   2.8859176e-02
   4.3661430e-02
   1.8968154e-02
   7.9749450e-02
   3.7723757e-02
   5.6047145e-02
   2.1029323e-02
   8.2899645e-02
   2.9812170e-02
   6.0629223e-02
   2.4148824e-02
   1.2065634e-01
   1.0471209e-01
   5.5110626e-02
   2.3754505e-02
   1.2793480e-01
   3.6386311e-02
   5.7613239e-02
   2.2349048e-02
   1.8883309e-01
   3.8442839e-02
   6.4496428e-02
   2.2656769e-02
   1.9681250e-01
   3.4777511e-02
   6.1683819e-02
   2.7419865e-02
   5.2291252e-02
   7.3169142e-02
   4.0141050e-02
   2.0637376e-02
   5.5988599e-02
   2.8515192e-02
   4.5394555e-02
   1.9146821e-02
   8.3508022e-02
   3.0217463e-02
   4.9195588e-02
   2.0376066e-02
   9.0552390e-02
   3.2761052e-02
   4.1748766e-02
   2.4143133e-02
   1.8863404e-02
   5.8156263e-02
   3.2167148e-02
   2.0977847e-02
   1.7856795e-02
   4.0729787e-02
   4.0517535e-02
   1.7631074e-02
   2.7444353e-02
   3.0723512e-02
   4.5027282e-02
   1.9013386e-02
   3.2684956e-02
   2.7757334e-02
   3.9351169e-02
   2.2622498e-02
   1.8409019e-02
   4.8437234e-02
   3.2543302e-02
   2.1310421e-02
   1.8663660e-02
   3.5922986e-02
   4.0058296e-02
   1.6762095e-02
   2.6422679e-02
   2.9017245e-02
   5.3606629e-02
   1.8515142e-02
   2.8722204e-02
   2.6469443e-02
   4.4522494e-02
   2.4071839e-02
   1.4463054e-02
   4.9607135e-02
   3.6244404e-02
   1.2409356e-02
   2.5284544e-02
   2.5119992e-02
   3.9629232e-02
   1.0508237e-02
   2.2322757e-02
   2.5190642e-02
   5.3885467e-02
   1.1792099e-02
   2.4900133e-02
   2.6690954e-02
   4.8566148e-02
   1.5152664e-02
   1.4616780e-02
   5.0584972e-02
   3.3982359e-02
   1.2346174e-02
   1.9893967e-02
   3.4152355e-02
   3.7904948e-02
   1.1067892e-02
   2.3547377e-02
   3.1252950e-02
   4.9380988e-02
   1.0999283e-02
   2.5730986e-02
   2.6930174e-02
   4.2054303e-02
   1.4657738e-02
   1.6122736e-02
   5.7192083e-02
   3.3240620e-02
   1.2433709e-02
   1.8106384e-02
   3.9493095e-02
   3.7225429e-02
   1.0619438e-02
   2.8270371e-02
   3.3313707e-02
   5.0087057e-02
   1.0816365e-02
   2.9563395e-02
   3.0283662e-02
   4.3284506e-02
   1.4357600e-02
   7.6682173e-02
   6.4790919e-02
   4.8399143e-02
   1.3810544e-02
   8.0063142e-02
   2.9794915e-02
   4.7109064e-02
   1.1811339e-02
   1.1438856e-01
   3.8213696e-02
   5.6152668e-02
   1.2602687e-02
   1.1110381e-01
   3.3957727e-02
   8.2241550e-02
   1.7614491e-02
   1.8666917e-01
   1.0150475e-01
   7.6465853e-02
   1.7076785e-02
   1.9198458e-01
   3.5039760e-02
   6.8896748e-02
   1.4902329e-02
   2.6579681e-01
   3.8166571e-02
   7.1449324e-02
   1.4560011e-02
   2.6246217e-01
   3.8663898e-02
   7.8734308e-02
   2.0603841e-02
   8.0060005e-02
   7.0368364e-02
   4.9551997e-02
   1.2883558e-02
   8.5344873e-02
   2.9511100e-02
   4.6725310e-02
   1.1847760e-02
   1.1746952e-01
   2.8659645e-02
   4.9254950e-02
   1.1574883e-02
   1.2120380e-01
   3.7154604e-02
   4.0481750e-02
   1.5502062e-02
   1.5681038e-02
   6.4996131e-02
   3.5586536e-02
   1.1730523e-02
   1.8379470e-02
   3.9844312e-02
   3.6118452e-02
   9.9001173e-03
   2.9911995e-02
   2.8618088e-02
   3.9104957e-02
   1.0829925e-02
   3.3054262e-02
   3.1758558e-02
   3.4008790e-02
   1.4318419e-02
   1.4383860e-02
   5.9327852e-02
   3.3631202e-02
   1.2483657e-02
   1.8868383e-02
   3.5311420e-02
   3.5496324e-02
   9.7345058e-03
   2.3666307e-02
   2.7269945e-02
   4.7826815e-02
   1.1572134e-02
   2.4076810e-02
   2.7654566e-02
   3.8289987e-02
   1.6007580e-02
   1.6076425e-02
   6.9050640e-02
   5.1146049e-02
   8.2954587e-03
   3.4743361e-02
   3.5872854e-02
   4.3312393e-02
   7.6805376e-03
   2.8648876e-02
   2.8243380e-02
   7.3974788e-02
   8.2325274e-03
   3.0351264e-02
   3.3134058e-02
   4.3761190e-02
   9.8767718e-03
   1.7728455e-02
   5.7666183e-02
   4.7165364e-02
   8.8424347e-03
   3.0050201e-02
   2.7164735e-02
   4.4843819e-02
   7.1578398e-03
   2.7173730e-02
   2.6923014e-02
   6.1498929e-02
   7.9310052e-03
   3.1022673e-02
   2.8870087e-02
   4.7438920e-02
   9.3490295e-03
   2.0210670e-02
   6.0094114e-02
   4.1141294e-02
   8.4586274e-03
   2.5489118e-02
   2.7332125e-02
   4.3626819e-02
   6.9910605e-03
   3.7604790e-02
   3.0064881e-02
   5.5128396e-02
   7.0564300e-03
   3.7844602e-02
   3.1525634e-02
   6.2385101e-02
   1.1250145e-02
   8.8450573e-02
   6.0091037e-02
   6.1804112e-02
   9.4748512e-03
   9.1139652e-02
   3.0311804e-02
   5.5230606e-02
   9.1112880e-03
   9.6395545e-02
   3.9022226e-02
   6.5491483e-02
   9.8432666e-03
   9.9665351e-02
   3.1783484e-02
   1.1303975e-01
   1.6025478e-02
   2.2150454e-01
   7.2702691e-02
   1.0742678e-01
   1.5161206e-02
   2.0890717e-01
   3.0777747e-02
   8.8054277e-02
   1.4215550e-02
   2.0913801e-01
   4.3847464e-02
   8.1451908e-02
   1.6438188e-02
   2.1473283e-01
   3.7061378e-02
   9.3505986e-02
   2.0147352e-02
   9.2899583e-02
   6.7490287e-02
   6.2235795e-02
   9.8016327e-03
   9.5564976e-02
   2.8822858e-02
   5.5858728e-02
   9.4068404e-03
   9.8916724e-02
   3.3052120e-02
   5.4660656e-02
   8.9829518e-03
   1.0332905e-01
   3.1011028e-02
   4.8567813e-02
   1.1536882e-02
   2.0308562e-02
   7.3626556e-02
   4.4391751e-02
   8.3170570e-03
   2.6400523e-02
   2.8016841e-02
   4.1826289e-02
   6.9432394e-03
   3.8396336e-02
   2.9131098e-02
   4.1995451e-02
   6.4599249e-03
   4.7721513e-02
   3.2151658e-02
   3.7106324e-02
   1.0393806e-02
   1.7893571e-02
   6.6698618e-02
   4.4351269e-02
   7.7773421e-03
   2.9143747e-02
   2.9183187e-02
   3.8928196e-02
   6.8948269e-03
   3.1818017e-02
   2.8581858e-02
   5.9202276e-02
   8.2926834e-03
   2.8049519e-02
   3.7273932e-02
   4.1899323e-02
   1.0459485e-02
   2.2354536e-02
   9.6770354e-02
   5.7837475e-02
   7.5711999e-03
   4.8588816e-02
   4.7286045e-02
   5.5032838e-02
   9.2798462e-03
   5.0560888e-02
   3.2272667e-02
   8.9341924e-02
   8.1325555e-03
   3.2696050e-02
   3.4601923e-02
   4.8308548e-02
   7.1846484e-03
   2.1894885e-02
   7.0437334e-02
   6.0457364e-02
   8.9186644e-03
   4.4996113e-02
   2.8655523e-02
   6.2637605e-02
   9.0160910e-03
   2.8018111e-02
   2.0466652e-02
   6.6016756e-02
   7.2963922e-03
   3.6378935e-02
   2.9610539e-02
   6.1183922e-02
   8.1935916e-03
   2.0024512e-02
   6.9219947e-02
   6.2379457e-02
   7.2764116e-03
   3.4972697e-02
   2.7417192e-02
   6.2172838e-02
   6.6823456e-03
   3.0347103e-02
   2.7269021e-02
   5.8875892e-02
   7.3565785e-03
   4.1118164e-02
   3.4709301e-02
   7.5549662e-02
   9.7675901e-03
   5.1321898e-02
   6.5599918e-02
   9.2517190e-02
   1.1180135e-02
   5.2276645e-02
   3.8077027e-02
   6.8880297e-02
   1.0851906e-02
   7.1496718e-02
   4.6238720e-02
   7.5111374e-02
   1.2292320e-02
   7.4714564e-02
   3.8661577e-02
   9.9369146e-02
   1.9896036e-02
   1.2347928e-01
   7.4545272e-02
   1.6361013e-01
   2.3333110e-02
   1.1168714e-01
   3.2799784e-02
   1.1557088e-01
   2.2864940e-02
   1.4126591e-01
   5.6089491e-02
   9.1823377e-02
   2.6049746e-02
   1.4798532e-01
   5.8766492e-02
   9.0937845e-02
   2.7967319e-02
   5.8741409e-02
   6.0009688e-02
   8.7124459e-02
   1.2396328e-02
   6.6716693e-02
   3.5294082e-02
   7.6882266e-02
   1.1070970e-02
   6.8021432e-02
   4.0156920e-02
   5.9135124e-02
   1.2758732e-02
   6.9188714e-02
   4.5144591e-02
   4.9349871e-02
   1.3771954e-02
   2.1936264e-02
   7.1428828e-02
   7.0461765e-02
   8.4968032e-03
   3.8779385e-02
   2.9233374e-02
   6.9938064e-02
   7.4800747e-03
   3.1322464e-02
   2.9659059e-02
   4.7993034e-02
   7.0921001e-03
   4.9393095e-02
   3.6505550e-02
   4.3146912e-02
   7.9299659e-03
   2.4344616e-02
   7.9299688e-02
   5.9201293e-02
   8.4395381e-03
   4.0599093e-02
   3.2431316e-02
   6.8536021e-02
   8.8780150e-03
   4.1237731e-02
   3.2063138e-02
   7.4937567e-02
   7.9384958e-03
   3.0396303e-02
   3.5761781e-02
   5.7744235e-02
   6.4645503e-03
