   3.2017402e-02
   6.4265225e-03
   2.8300356e-02
   1.2086648e-02
   3.0372588e-02
   2.3801005e-02
   5.1154550e-02
   1.0674924e-02
   2.9368598e-02
   4.0289119e-02
   3.4209326e-02
   7.1186447e-03
   5.5542417e-02
   9.2361808e-02
   9.3038052e-02
   1.0723492e-02
   2.9142169e-02
   5.7501155e-03
   2.3714986e-02
   1.2523825e-02
   2.7413651e-02
   1.8408619e-02
   3.8454603e-02
   1.0437188e-02
   2.7574329e-02
   3.0358428e-02
   2.1324795e-02
   7.0352587e-03
   3.7889272e-02
   3.9437197e-02
   4.5068964e-02
   8.3650826e-03
   4.5565829e-02
   5.7795956e-03
   2.3382377e-02
   1.3139363e-02
   5.9595097e-02
   1.8837588e-02
   3.2637734e-02
   1.0298803e-02
   7.1046717e-02
   3.5785668e-02
   1.7800963e-02
   7.6729869e-03
   5.0769836e-02
   1.6310638e-02
   2.1488508e-02
   7.8253979e-03
   1.4295253e-01
   6.9896947e-03
   3.0391131e-02
   1.3370615e-02
   1.7228626e-01
   3.9024815e-02
   3.6935750e-02
   1.1777702e-02
   1.5741271e-01
   1.0202385e-01
   3.0994469e-02
   9.7292382e-03
   6.3524589e-02
   2.3587056e-02
   2.8956680e-02
   9.4692875e-03
   1.0032950e-01
   7.1425019e-03
   3.9611187e-02
   1.4926584e-02
   9.9765763e-02
   3.5374433e-02
   4.4612076e-02
   1.2670388e-02
   7.3533781e-02
   9.2221037e-02
   4.2212188e-02
   1.0530878e-02
   3.6015294e-02
   2.1601796e-02
   3.4378268e-02
   1.0064498e-02
   2.8160546e-02
   6.1343494e-03
   3.3100378e-02
   1.3585401e-02
   2.8194692e-02
   1.8030854e-02
   3.6566976e-02
   1.1427362e-02
   2.7460957e-02
   3.8375199e-02
   3.0670023e-02
   8.6485427e-03
   2.6744299e-02
   1.6633201e-02
   2.3341751e-02
   7.7293618e-03
   3.0951176e-02
   5.6723910e-03
   2.6698891e-02
   1.2396378e-02
   3.0541955e-02
   1.8237054e-02
   3.4174610e-02
   9.6095875e-03
   2.6148101e-02
   3.2391913e-02
   1.9614128e-02
   7.3884549e-03
   2.5869908e-02
   1.4534898e-02
   2.0126596e-02
   7.5030797e-03
   3.2221135e-02
   6.1689550e-03
   2.6542615e-02
   1.2317345e-02
   3.2163728e-02
   2.0825358e-02
   4.1425623e-02
   1.0176742e-02
   2.8402576e-02
   3.4222640e-02
   2.2296967e-02
   7.1926322e-03
   3.6840331e-02
   4.2488873e-02
   4.5574695e-02
   8.3185155e-03
   2.2872876e-02
   5.2232752e-03
   3.4408811e-02
   9.3049901e-03
   2.2551144e-02
   2.3309665e-02
   5.9780501e-02
   9.4707543e-03
   2.8360507e-02
   4.0209774e-02
   3.7923533e-02
   4.3613729e-03
   7.8943007e-02
   1.4388861e-01
   1.3133445e-01
   1.2543714e-02
   2.5878251e-02
   4.4480441e-03
   2.8206982e-02
   8.9413757e-03
   2.6337778e-02
   1.7953496e-02
   4.2107482e-02
   8.3671790e-03
   3.3787221e-02
   3.2630712e-02
   2.2608856e-02
   4.1672317e-03
   5.1565822e-02
   5.8612995e-02
   6.2338334e-02
   7.8801289e-03
   7.0582464e-02
   4.4970149e-03
   2.8767522e-02
   9.3271490e-03
   9.4758205e-02
   1.9759182e-02
   3.2724991e-02
   6.9977497e-03
   1.2021945e-01
   4.1888434e-02
   2.0889385e-02
   5.0941170e-03
   7.8206733e-02
   2.0574411e-02
   2.9431684e-02
   5.0656684e-03
   2.1533865e-01
   5.8894367e-03
   3.7276592e-02
   1.0103163e-02
   2.6694515e-01
   4.2737424e-02
   4.3932550e-02
   8.4417313e-03
   2.5914523e-01
   1.0009460e-01
   4.4627961e-02
   8.7694945e-03
   1.0033552e-01
   3.2159287e-02
   4.2308088e-02
   7.4125845e-03
   1.5357873e-01
   6.0409983e-03
   5.3383216e-02
   1.2940143e-02
   1.4785270e-01
   3.8077559e-02
   5.5994924e-02
   1.1166921e-02
   1.1763047e-01
   9.8540962e-02
   6.4224325e-02
   9.7706448e-03
   5.5792738e-02
   2.7538601e-02
   4.7308937e-02
   9.3847206e-03
   3.6297236e-02
   4.7597499e-03
   4.0734388e-02
   9.9387523e-03
   3.2655995e-02
   2.0790575e-02
   4.0183038e-02
   8.9279534e-03
   3.7799269e-02
   4.8499905e-02
   4.3018565e-02
   6.9775213e-03
   3.3355679e-02
   2.0673491e-02
   3.2326188e-02
   5.7182917e-03
   2.3442240e-02
   4.1703018e-03
   3.2673534e-02
   8.3159497e-03
   2.2298099e-02
   1.6257955e-02
   3.5797853e-02
   6.7525539e-03
   2.9662145e-02
   3.0710481e-02
   2.4464224e-02
   4.7449251e-03
   2.9831197e-02
   1.7460948e-02
   2.5656594e-02
   5.1700571e-03
   2.0992432e-02
   5.0989590e-03
   3.2231815e-02
   8.3677005e-03
   2.1461258e-02
   1.8686334e-02
   4.3641340e-02
   7.5376574e-03
   2.7125044e-02
   3.2019194e-02
   2.5524523e-02
   4.4552861e-03
   4.7302838e-02
   6.5043472e-02
   6.3769735e-02
   7.1472535e-03
   3.2239579e-02
   6.4408570e-03
   5.1267091e-02
   9.6210381e-03
   3.1031653e-02
   2.5758250e-02
   7.4551873e-02
   1.2690695e-02
   4.0952355e-02
   4.4926435e-02
   4.8318073e-02
   3.5386253e-03
   1.4417125e-01
   2.2438355e-01
   1.7643520e-01
   2.0080620e-02
   3.9472520e-02
   4.5442008e-03
   4.6497360e-02
   8.2774283e-03
   3.6759421e-02
   1.8852388e-02
   5.5946350e-02
   1.0011125e-02
   5.5583961e-02
   3.6082212e-02
   3.0245209e-02
   3.2921692e-03
   8.3905093e-02
   8.9955732e-02
   8.7022066e-02
   1.2090092e-02
   7.8284405e-02
   4.8832861e-03
   4.0769652e-02
   7.5972765e-03
   1.1512919e-01
   2.6568061e-02
   4.0148892e-02
   7.0523713e-03
   1.5589271e-01
   3.4570973e-02
   2.0415664e-02
   4.1664466e-03
   1.1760150e-01
   2.0583967e-02
   4.5242578e-02
   6.2551526e-03
   1.9596170e-01
   7.6341829e-03
   4.9595457e-02
   9.0003842e-03
   2.6057747e-01
   6.0335159e-02
   5.0666064e-02
   9.0754898e-03
   2.8833327e-01
   6.1480992e-02
   4.2104952e-02
   1.0594344e-02
   1.5218155e-01
   2.2362530e-02
   6.3641913e-02
   1.0149887e-02
   1.4034596e-01
   7.8033716e-03
   7.4590862e-02
   1.5046016e-02
   1.2596008e-01
   4.5564886e-02
   5.7697438e-02
   1.4451290e-02
   1.1873516e-01
   9.0428680e-02
   6.1862368e-02
   1.3455440e-02
   7.8516148e-02
   3.0396890e-02
   7.1222447e-02
   1.3569737e-02
   5.2045815e-02
   4.3489072e-03
   5.4414883e-02
   1.1463434e-02
   4.4261865e-02
   2.6340626e-02
   4.5514401e-02
   1.0094309e-02
   6.3267149e-02
   5.3901583e-02
   3.4492042e-02
   8.5869562e-03
   5.2803922e-02
   2.7240191e-02
   4.5405675e-02
   6.5556066e-03
   3.7455063e-02
   3.7410506e-03
   5.0227307e-02
   6.9547365e-03
   3.3439282e-02
   2.3191264e-02
   4.2531535e-02
   6.8076076e-03
   5.1999431e-02
   2.9813245e-02
   2.2516599e-02
   3.6107397e-03
   4.6552263e-02
   2.2980824e-02
   4.1352581e-02
   6.2357471e-03
   2.8182281e-02
   5.2889171e-03
   4.9187105e-02
   8.1124622e-03
   3.3612639e-02
   2.2825297e-02
   5.7253100e-02
   9.1144098e-03
   4.3242801e-02
   3.9336629e-02
   2.8377844e-02
   3.5180128e-03
   8.3794683e-02
   1.0122954e-01
   8.5360490e-02
   1.0090256e-02
   3.9332706e-02
   1.1222730e-02
   7.5773723e-02
   1.8927008e-02
   4.3533407e-02
   3.4031492e-02
   1.1636949e-01
   2.2888632e-02
   5.0882608e-02
   2.3734240e-02
   4.0978666e-02
   4.4525890e-03
   1.6103140e-01
   2.8956166e-01
   2.4226573e-01
   3.5420299e-02
   4.8767358e-02
   6.1509577e-03
   6.6536456e-02
   1.2880978e-02
   4.7246430e-02
   2.7912172e-02
   7.1261339e-02
   1.5399188e-02
   6.5831244e-02
   2.9962545e-02
   3.6359724e-02
   4.3011624e-03
   9.7503968e-02
   1.2392852e-01
   1.1327972e-01
   2.1757852e-02
   7.1404770e-02
   7.1171666e-03
   6.2100139e-02
   8.4779412e-03
   6.4847507e-02
   3.9169129e-02
   6.1182760e-02
   7.9604303e-03
   1.0523222e-01
   3.5040453e-02
   3.3684503e-02
   7.4506076e-03
   1.3039680e-01
   3.2320756e-02
   5.0870068e-02
   1.0642570e-02
   1.1200989e-01
   1.7085018e-02
   6.2097199e-02
   1.2757006e-02
   8.5904680e-02
   8.6848855e-02
   8.3557129e-02
   1.1487660e-02
   1.1670563e-01
   7.0527397e-02
   5.3271912e-02
   1.8253874e-02
   1.2500004e-01
   3.0027555e-02
   7.0897773e-02
   2.4126459e-02
   9.4297141e-02
   1.5131296e-02
   8.9684449e-02
   2.2449853e-02
   4.9625807e-02
   6.8851851e-02
   9.0715356e-02
   2.4180593e-02
   6.0098857e-02
   1.3839121e-01
   7.4634045e-02
   2.5523851e-02
   6.7855708e-02
   5.1992502e-02
   8.3719879e-02
   3.3287365e-02
   5.3041056e-02
   6.4780726e-03
   6.2482916e-02
   1.6536314e-02
   4.7082093e-02
   3.8266104e-02
   6.4637601e-02
   1.4175478e-02
   8.2865372e-02
   7.8767277e-02
   4.7943536e-02
   1.4972245e-02
   7.6965272e-02
   4.5678444e-02
   4.1101921e-02
   1.2237865e-02
   5.7755750e-02
   5.1902924e-03
   5.7410188e-02
   8.9535853e-03
   3.9059673e-02
   2.9766623e-02
   6.4575836e-02
   1.1660761e-02
   5.9990074e-02
   2.4670450e-02
   3.4334075e-02
   3.6873857e-03
   7.2331265e-02
   3.0192317e-02
   5.2351251e-02
   1.2596567e-02
   2.7802095e-02
   9.3341926e-03
   6.9478787e-02
   1.2427671e-02
   3.9958574e-02
   2.7530633e-02
   8.6083613e-02
   1.8234029e-02
   6.0393039e-02
   2.3017691e-02
   2.9257419e-02
   5.0228699e-03
   1.1041049e-01
   1.3308449e-01
   1.1945552e-01
   2.0656001e-02
