   1.8301910e-02
   5.8411047e-02
   4.5540076e-02
   2.6916675e-02
   5.9753012e-02
   7.7789053e-02
   7.0087157e-02
   6.5329932e-02
   1.3461041e-02
   4.7226798e-02
   3.4291297e-02
   1.3286450e-02
   4.5047835e-02
   4.8344418e-02
   4.4914346e-02
   4.8162103e-02
   1.6812483e-02
   4.4908039e-02
   3.9196935e-02
   2.5410198e-02
   3.4359794e-02
   4.2867843e-02
   4.2887103e-02
   3.3649996e-02
   1.0787517e-02
   2.9146735e-02
   2.5350127e-02
   8.9795794e-03
   2.9824428e-02
   2.8712841e-02
   2.8966224e-02
   2.8799934e-02
   1.6494062e-02
   3.6263116e-02
   3.7287533e-02
   2.5429247e-02
   2.1490349e-02
   1.7026784e-02
   2.4336521e-02
   1.3188712e-02
   2.0211039e-02
   1.5927320e-02
   2.1210346e-02
   6.5780687e-03
   2.1561921e-02
   1.5228818e-02
   1.7274830e-02
   1.7159238e-02
   3.3998035e-02
   4.7404371e-02
   4.1251257e-02
   2.0219967e-02
   3.3106662e-02
   1.9485053e-02
   2.5837682e-02
   1.1898925e-02
   4.6902794e-02
   1.8914286e-02
   2.4108101e-02
   7.6121539e-03
   2.6166782e-02
   1.4404225e-02
   1.8142240e-02
   1.6390927e-02
   3.1599473e-02
   5.6879222e-02
   7.0284992e-02
   2.9093357e-02
   2.3304971e-02
   2.1324748e-02
   3.8505934e-02
   1.5217657e-02
   2.3057466e-02
   2.6102554e-02
   4.3708153e-02
   8.3637536e-03
   2.1863637e-02
   1.5909329e-02
   2.3743136e-02
   1.7184572e-02
   1.9005902e-02
   3.9679196e-02
   5.9700694e-02
   3.0008307e-02
   1.7037518e-02
   1.6795501e-02
   3.5466645e-02
   1.6277205e-02
   1.0564960e-02
   1.9927489e-02
   3.7278373e-02
   8.3724493e-03
   1.9870803e-02
   1.5767792e-02
   1.9881437e-02
   1.7621707e-02
   2.1220282e-02
   3.4058820e-02
   3.9433111e-02
   1.7363200e-02
   1.8169452e-02
   1.7572956e-02
   2.5641205e-02
   1.3531717e-02
   1.2252364e-02
   1.6710347e-02
   2.1535123e-02
   7.1181655e-03
   2.0574108e-02
   1.5743559e-02
   1.6897464e-02
   1.7272990e-02
   1.8928763e-02
   4.1476633e-02
   4.2167943e-02
   2.1271558e-02
   3.2560576e-02
   3.6544323e-02
   4.0012337e-02
   3.1286925e-02
   1.3575196e-02
   2.9992279e-02
   2.5849424e-02
   8.4046312e-03
   2.8712152e-02
   2.6382761e-02
   2.6868185e-02
   2.8786195e-02
   1.0544731e-02
   4.9851593e-02
   3.6570866e-02
   1.8226033e-02
   7.8698605e-02
   1.0185051e-01
   8.7824062e-02
   8.3482668e-02
   8.8742608e-03
   4.0762719e-02
   3.1095142e-02
   1.8510085e-02
   5.4400533e-02
   6.1816182e-02
   5.2558191e-02
   6.4000189e-02
   9.5652184e-03
   3.7072953e-02
   3.0984370e-02
   1.5841169e-02
   4.3636080e-02
   5.2703779e-02
   4.9753007e-02
   3.9771087e-02
   7.3918225e-03
   2.3997774e-02
   2.3539387e-02
   1.0660167e-02
   3.1210922e-02
   3.2363798e-02
   3.1734087e-02
   3.3818070e-02
   1.3453216e-02
   3.1863615e-02
   2.5899392e-02
   1.4233913e-02
   2.4971256e-02
   1.8409885e-02
   2.1345211e-02
   9.3821865e-03
   2.9269148e-02
   1.2800240e-02
   1.7391460e-02
   5.4454939e-03
   1.9946804e-02
   1.2480957e-02
   1.5327892e-02
   1.3996262e-02
   4.2792939e-02
   5.1600691e-02
   3.4394130e-02
   1.4266952e-02
   4.3135684e-02
   1.9879397e-02
   2.2931159e-02
   8.0749607e-03
   7.8838117e-02
   2.0520594e-02
   2.2977158e-02
   6.9214962e-03
   2.6364366e-02
   1.0428065e-02
   1.6884597e-02
   1.1999507e-02
   4.0352676e-02
   6.4283907e-02
   8.1078082e-02
   2.9938145e-02
   2.8646523e-02
   2.0407056e-02
   4.8147082e-02
   1.3189579e-02
   3.5777751e-02
   3.2336324e-02
   6.6167198e-02
   7.7715423e-03
   1.8705331e-02
   1.2115153e-02
   2.9112389e-02
   1.2890283e-02
   1.4254322e-02
   3.2413557e-02
   6.2639460e-02
   3.0633328e-02
   1.4943483e-02
   1.3936491e-02
   4.3572851e-02
   1.4343075e-02
   8.6405305e-03
   1.9462138e-02
   5.4514326e-02
   7.4051283e-03
   1.3446178e-02
   1.3177555e-02
   2.2595422e-02
   1.3823133e-02
   1.0696869e-02
   2.9130030e-02
   2.8387273e-02
   1.2609637e-02
   1.5125873e-02
   1.5619354e-02
   2.2864738e-02
   1.0138059e-02
   5.8553834e-03
   1.3127103e-02
   1.7668748e-02
   5.9291027e-03
   1.5993329e-02
   1.2443001e-02
   1.3832655e-02
   1.4753877e-02
   1.0171872e-02
   3.4759089e-02
   2.9918019e-02
   1.3336244e-02
   3.3479933e-02
   4.0211424e-02
   4.2830393e-02
   3.2376055e-02
   5.9155915e-03
   2.1188350e-02
   2.0667927e-02
   8.3806403e-03
   2.7860451e-02
   2.7141238e-02
   2.5921805e-02
   3.0090792e-02
   1.0125072e-02
   5.6907140e-02
   3.5994589e-02
   1.5382927e-02
   1.2279568e-01
   1.7050660e-01
   1.3148138e-01
   1.3787818e-01
   1.1365183e-02
   6.4762242e-02
   4.2902827e-02
   3.5111949e-02
   7.8027010e-02
   9.2081740e-02
   7.8083910e-02
   9.6001036e-02
   9.6182534e-03
   3.7597124e-02
   2.7914107e-02
   1.4620301e-02
   6.5787241e-02
   8.2452185e-02
   6.5914258e-02
   6.3636675e-02
   8.3689857e-03
   3.3941194e-02
   2.4348555e-02
   1.7706173e-02
   4.0398590e-02
   4.6197180e-02
   4.0642403e-02
   4.8318055e-02
   1.7438015e-02
   4.0727060e-02
   2.4799338e-02
   1.2977310e-02
   3.7033260e-02
   2.4891494e-02
   2.5248572e-02
   1.0610893e-02
   4.3610398e-02
   1.5702197e-02
   1.7112091e-02
   6.5811118e-03
   2.5004482e-02
   1.5172463e-02
   1.4656695e-02
   1.5753973e-02
   6.5137908e-02
   6.5601461e-02
   3.9402056e-02
   1.4703490e-02
   6.3520968e-02
   2.8604453e-02
   3.4402970e-02
   9.1508552e-03
   1.1441864e-01
   3.4505755e-02
   3.0333780e-02
   8.4180227e-03
   3.5555597e-02
   1.2799277e-02
   2.4145070e-02
   1.3466263e-02
   6.4101413e-02
   7.4016519e-02
   1.1379819e-01
   3.8142983e-02
   4.3258186e-02
   3.0132754e-02
   7.8292951e-02
   1.6763108e-02
   5.0243720e-02
   5.8548674e-02
   1.0780217e-01
   8.8138813e-03
   2.5290078e-02
   1.6381435e-02
   4.8457284e-02
   1.3442844e-02
   1.9510604e-02
   3.6976434e-02
   8.7740719e-02
   3.6834817e-02
   2.2295676e-02
   2.0505425e-02
   6.6589378e-02
   1.7989924e-02
   1.0752638e-02
   3.4197811e-02
   8.9422457e-02
   8.6694295e-03
   1.6622813e-02
   1.4871033e-02
   3.9601188e-02
   1.1419402e-02
   1.1277815e-02
   3.5074938e-02
   2.7474759e-02
   1.1655456e-02
   1.9981783e-02
   1.8185707e-02
   3.2002188e-02
   1.2491185e-02
   6.1847386e-03
   1.6689178e-02
   2.3584485e-02
   7.4265320e-03
   1.6168481e-02
   1.2992071e-02
   1.6019545e-02
   1.4016545e-02
   9.8882345e-03
   3.3691343e-02
   2.8247014e-02
   1.1341430e-02
   4.7329001e-02
   6.0140274e-02
   5.7944044e-02
   4.8305746e-02
   5.8826338e-03
   2.8755678e-02
   2.3089549e-02
   1.2880225e-02
   3.1566225e-02
   3.3742461e-02
   2.9080980e-02
   3.4415472e-02
   1.5875744e-02
   9.6795619e-02
   3.2931525e-02
   2.1885790e-02
   2.1246201e-01
   2.4418208e-01
   2.0788065e-01
   2.4620736e-01
   3.6749348e-02
   1.1952873e-01
   8.3545193e-02
   7.5507961e-02
   1.4397739e-01
   1.7439090e-01
   1.5186472e-01
   1.9503382e-01
   1.4488108e-02
   5.4583307e-02
   3.0473134e-02
   1.8955970e-02
   1.0732969e-01
   1.0992269e-01
   1.0300755e-01
   1.1157038e-01
   2.3477577e-02
   6.6477880e-02
   4.1646786e-02
   3.7346810e-02
   6.8826176e-02
   8.2706146e-02
   7.1718715e-02
   9.1231413e-02
   2.8307186e-02
   3.0499427e-02
   3.0428702e-02
   1.6728396e-02
   5.3235210e-02
   2.8287852e-02
   3.5225131e-02
   1.4475944e-02
   7.6849177e-02
   2.7307848e-02
   2.8915953e-02
   8.5062869e-03
   4.0228400e-02
   1.5211207e-02
   1.6334359e-02
   1.0842867e-02
   1.0318633e-01
   8.2908526e-02
   5.8880057e-02
   2.0135356e-02
   9.6050918e-02
   4.3484323e-02
   5.6370538e-02
   1.0153388e-02
   1.8891323e-01
   4.3741178e-02
   4.4468265e-02
   1.0932196e-02
   5.5877909e-02
   1.8048283e-02
   3.7094712e-02
   1.5062054e-02
   1.1278506e-01
   8.5638173e-02
   1.8861870e-01
   7.4565060e-02
   6.5345883e-02
   4.4424187e-02
   1.4620377e-01
   2.0573858e-02
   8.4130302e-02
   7.3527299e-02
   1.7387761e-01
   1.3155147e-02
   3.9713770e-02
   2.3225280e-02
   7.0442848e-02
   1.7228805e-02
   3.1016421e-02
   3.5794199e-02
   1.4243633e-01
   6.6834040e-02
   3.6814265e-02
   2.5796343e-02
   1.1757993e-01
   2.5284762e-02
   1.9977152e-02
   4.5879040e-02
   1.4948237e-01
   1.3343624e-02
   2.7792333e-02
   2.2433491e-02
   5.8156524e-02
   1.3901062e-02
   1.6629677e-02
   2.9039530e-02
   4.1531477e-02
   2.0160096e-02
   2.9807758e-02
   1.5911980e-02
   4.9392167e-02
   1.5648220e-02
   1.0827198e-02
   2.7380174e-02
   3.5498869e-02
   1.1532604e-02
   1.6360743e-02
   1.4120322e-02
   2.0810297e-02
   8.8315792e-03
   1.2872601e-02
   4.0947471e-02
   3.0734828e-02
   1.4147403e-02
   7.8972816e-02
   8.0332093e-02
   8.0566183e-02
   8.6244561e-02
   1.3458041e-02
   4.9438972e-02
   3.5197068e-02
   2.5778757e-02
   5.1366840e-02
   6.0225207e-02
   4.8207939e-02
   6.5625258e-02
