   3.3940628e-02
   4.7880720e-02
   4.5376997e-02
   1.4060833e-02
   3.3270642e-02
   4.3773320e-02
   6.9417626e-02
   1.3186519e-02
   2.7437521e-02
   1.0664146e-02
   4.9595833e-02
   1.6010053e-02
   8.3727157e-03
   1.0943953e-02
   3.8677342e-02
   2.7573019e-02
   3.2389056e-02
   4.7170658e-02
   4.0738698e-02
   1.4538765e-02
   3.2329470e-02
   3.6459614e-02
   6.6977218e-02
   1.2579496e-02
   2.3153657e-02
   7.4606626e-03
   4.6588015e-02
   1.6172089e-02
   7.6929689e-03
   8.7992251e-03
   3.9892826e-02
   2.8369691e-02
   3.2005064e-02
   4.4735037e-02
   4.1699197e-02
   1.4133698e-02
   3.1900406e-02
   3.2032788e-02
   6.1757207e-02
   1.2292698e-02
   1.9633317e-02
   6.1614369e-03
   5.0043598e-02
   1.6930234e-02
   7.7064298e-03
   7.5528082e-03
   3.6276158e-02
   2.8751377e-02
   3.3648722e-02
   4.6887271e-02
   5.1741112e-02
   1.4128488e-02
   3.3349540e-02
   3.6285833e-02
   6.4012483e-02
   1.2662519e-02
   2.0533133e-02
   6.6933711e-03
   5.0816886e-02
   2.0349817e-02
   7.9776263e-03
   8.7220743e-03
   4.0100854e-02
   3.4517605e-02
   4.4956971e-02
   8.3129682e-02
   7.6594017e-02
   1.6210947e-02
   7.3314570e-02
   5.5391058e-02
   7.7428319e-02
   1.4041225e-02
   5.6060720e-02
   9.5693534e-03
   4.9351081e-02
   2.2593390e-02
   9.2803594e-03
   1.1457848e-02
   4.5577608e-02
   3.4555264e-02
   1.0189342e-01
   1.1430026e-01
   5.1780786e-02
   1.6095629e-02
   1.4866151e-01
   6.8157338e-02
   7.0289835e-02
   1.3922718e-02
   1.0139076e-01
   9.1636581e-03
   4.0263869e-02
   2.0063918e-02
   1.0529120e-02
   1.0393064e-02
   4.5179497e-02
   2.8102133e-02
   8.4539056e-02
   6.0197577e-02
   4.1378770e-02
   1.4392516e-02
   7.4442916e-02
   4.3818619e-02
   6.3889138e-02
   1.2928627e-02
   4.2529784e-02
   7.3799109e-03
   4.1866183e-02
   1.6241437e-02
   9.0910140e-03
   8.1523946e-03
   4.5628253e-02
   2.6912527e-02
   3.6893796e-02
   4.5371510e-02
   4.2154796e-02
   1.3624582e-02
   3.3180296e-02
   3.8816120e-02
   6.7618452e-02
   1.3133437e-02
   2.1776933e-02
   7.9559004e-03
   4.4551197e-02
   1.4827601e-02
   8.1847068e-03
   9.2110094e-03
   4.2656273e-02
   2.5595954e-02
   3.8766664e-02
   4.5796063e-02
   4.2689268e-02
   9.5360726e-03
   3.1588458e-02
   4.3502137e-02
   6.6823252e-02
   1.0687071e-02
   2.8885383e-02
   1.5755786e-02
   4.6177875e-02
   1.4419130e-02
   6.2889154e-03
   1.2861514e-02
   3.5435267e-02
   2.5500599e-02
   3.6944635e-02
   4.2778071e-02
   3.7813123e-02
   8.6624268e-03
   2.9609567e-02
   3.6731057e-02
   6.0376871e-02
   9.4500910e-03
   2.0250475e-02
   9.2028175e-03
   4.2228516e-02
   1.4346655e-02
   5.3158286e-03
   8.2883863e-03
   3.2986745e-02
   2.7130891e-02
   3.5184518e-02
   4.6499241e-02
   4.0118884e-02
   9.4883060e-03
   3.1376112e-02
   2.9466435e-02
   5.1147364e-02
   8.3592273e-03
   1.7242620e-02
   5.8119958e-03
   5.0185692e-02
   1.5880840e-02
   5.6840358e-03
   6.6778888e-03
   2.9609820e-02
   2.5315691e-02
   4.1243337e-02
   5.2314874e-02
   5.2213438e-02
   1.0571920e-02
   4.0122606e-02
   3.3634134e-02
   5.6280192e-02
   9.8872008e-03
   2.6083328e-02
   6.7990255e-03
   5.1847842e-02
   2.2667032e-02
   6.8318937e-03
   8.5453019e-03
   3.4899790e-02
   3.2098889e-02
   7.2161734e-02
   8.4766790e-02
   8.2514353e-02
   1.3899070e-02
   9.7189672e-02
   4.3734558e-02
   7.7104256e-02
   1.1800000e-02
   7.7808991e-02
   1.2509040e-02
   5.2049991e-02
   2.4366317e-02
   8.6335978e-03
   1.2561318e-02
   4.9332373e-02
   3.1987909e-02
   1.7509760e-01
   1.1925289e-01
   5.2792754e-02
   1.2718897e-02
   2.2444275e-01
   5.2914321e-02
   7.0316985e-02
   1.0079810e-02
   1.4933266e-01
   1.1512101e-02
   3.5023853e-02
   1.6924087e-02
   1.0080267e-02
   1.0188024e-02
   5.1449057e-02
   2.3028381e-02
   1.3716915e-01
   6.1221834e-02
   3.4168262e-02
   9.5350156e-03
   1.1783715e-01
   4.1309599e-02
   5.1515169e-02
   8.8623185e-03
   6.3484855e-02
   8.5871089e-03
   3.2013148e-02
   1.3008433e-02
   6.9121169e-03
   7.6764617e-03
   5.2025281e-02
   2.0032674e-02
   5.0198849e-02
   4.5593034e-02
   3.6351647e-02
   9.0458794e-03
   3.8046554e-02
   3.7796531e-02
   5.7694569e-02
   1.0408817e-02
   2.2861280e-02
   1.0034656e-02
   3.6366817e-02
   1.2353673e-02
   5.7362206e-03
   9.5000751e-03
   4.4065055e-02
   2.0955125e-02
   6.3936114e-02
   4.4631794e-02
   5.4017812e-02
   7.8956466e-03
   4.3838445e-02
   4.3978289e-02
   6.7383483e-02
   1.2429521e-02
   4.6195325e-02
   2.1830866e-02
   5.2385431e-02
   2.1611599e-02
   4.8879753e-03
   1.5545389e-02
   2.9871041e-02
   3.2524869e-02
   5.8228850e-02
   4.8132498e-02
   5.0281968e-02
   7.4278116e-03
   4.1834157e-02
   4.2338211e-02
   6.0626172e-02
   1.0451604e-02
   3.2538805e-02
   1.2195778e-02
   4.5192078e-02
   1.9362129e-02
   5.1878374e-03
   9.1715446e-03
   3.0180350e-02
   3.1846683e-02
   6.5418817e-02
   5.1757980e-02
   5.2082773e-02
   8.0882665e-03
   4.5463957e-02
   3.4035079e-02
   5.3852964e-02
   8.5632829e-03
   2.5088284e-02
   6.1974768e-03
   5.2862346e-02
   2.2078222e-02
   6.2261350e-03
   7.1557378e-03
   3.2570824e-02
   2.9905176e-02
   6.9654919e-02
   5.2354235e-02
   6.3351467e-02
   1.0217239e-02
   6.0620353e-02
   3.2410532e-02
   5.4578792e-02
   1.0415352e-02
   4.1108526e-02
   7.1089640e-03
   5.9312765e-02
   3.3494376e-02
   8.6173695e-03
   9.2006633e-03
   4.5028273e-02
   3.9037079e-02
   9.9923790e-02
   6.7836843e-02
   1.0303643e-01
   1.5223251e-02
   1.2003472e-01
   5.3903680e-02
   8.4524065e-02
   1.3481264e-02
   9.7538576e-02
   1.7652530e-02
   6.9605760e-02
   3.1801015e-02
   1.1713420e-02
   1.4826806e-02
   6.8026550e-02
   4.0886540e-02
   2.6419476e-01
   8.1565842e-02
   6.4845793e-02
   1.2658969e-02
   3.1859976e-01
   7.3727310e-02
   8.0769829e-02
   1.0506616e-02
   2.0480782e-01
   1.6040457e-02
   4.9290933e-02
   2.2131037e-02
   1.3275675e-02
   1.0896269e-02
   6.2149506e-02
   3.1263482e-02
   2.1994621e-01
   4.1638661e-02
   3.4207560e-02
   8.4541524e-03
   1.7745619e-01
   4.5794353e-02
   5.0178859e-02
   8.9301784e-03
   9.5210329e-02
   1.0080928e-02
   4.2310137e-02
   1.5917599e-02
   7.6994076e-03
   7.7107898e-03
   5.5522632e-02
   1.9900167e-02
   8.4148161e-02
   4.1454583e-02
   4.1793492e-02
   8.3343685e-03
   5.5329673e-02
   4.2588215e-02
   5.6123916e-02
   1.1922231e-02
   3.4853902e-02
   1.3190367e-02
   4.2286672e-02
   1.4141996e-02
   5.5183214e-03
   9.9873748e-03
   3.4811910e-02
   2.1795798e-02
   8.3171077e-02
   5.5742957e-02
   5.0323009e-02
   9.4497465e-03
   5.1875249e-02
   4.3199528e-02
   7.8350522e-02
   1.7432403e-02
   7.2605878e-02
   1.8050715e-02
   5.9449971e-02
   3.3159051e-02
   5.1782206e-03
   1.9166080e-02
   4.1480552e-02
   5.0653238e-02
   6.7034267e-02
   5.9680101e-02
   5.7575151e-02
   9.7729908e-03
   5.7842050e-02
   4.8479177e-02
   8.2485639e-02
   1.2682798e-02
   4.6714574e-02
   1.2646325e-02
   6.7433737e-02
   2.8786888e-02
   6.1902408e-03
   1.2551992e-02
   3.8418751e-02
   4.8927762e-02
   9.0615310e-02
   5.2866641e-02
   5.8458880e-02
   1.1746236e-02
   5.7307649e-02
   4.1759379e-02
   7.2659060e-02
   1.1033266e-02
   4.1075312e-02
   9.1074491e-03
   7.1190998e-02
   2.3929412e-02
   8.2693603e-03
   7.1890387e-03
   3.9413344e-02
   3.8875848e-02
   7.8615665e-02
   5.2128412e-02
   7.6624572e-02
   1.7805234e-02
   6.2606223e-02
   3.9046768e-02
   6.4579390e-02
   1.4581091e-02
   5.0112799e-02
   9.9792071e-03
   6.5912321e-02
   3.3778228e-02
   1.3894981e-02
   1.0232865e-02
   6.4498924e-02
   4.5417633e-02
   7.5763501e-02
   8.4009975e-02
   1.2036122e-01
   3.5512719e-02
   6.2649749e-02
   7.5616464e-02
   8.8348083e-02
   2.5167273e-02
   7.0394620e-02
   2.3260081e-02
   1.1351138e-01
   4.2242289e-02
   1.9009175e-02
   1.6592139e-02
   9.9057227e-02
   5.1135607e-02
   1.4855486e-01
   1.0939055e-01
   7.4446745e-02
   2.3773873e-02
   1.3768215e-01
   9.9827103e-02
   7.4678890e-02
   2.0060834e-02
   1.0212962e-01
   2.4004245e-02
   6.4740665e-02
   3.4113035e-02
   1.9722493e-02
   1.1524802e-02
   7.4174121e-02
   3.7161738e-02
   1.6487615e-01
   4.7963914e-02
   4.1336190e-02
   1.1489513e-02
   1.0479864e-01
   5.4462750e-02
   5.2390009e-02
   1.4230928e-02
   5.9916776e-02
   1.4032621e-02
   6.0700569e-02
   3.0274607e-02
   1.0689505e-02
   8.5222954e-03
   5.8186021e-02
   2.5845038e-02
   8.6322084e-02
   4.6703544e-02
   3.5568804e-02
   1.0702369e-02
   5.8435161e-02
   3.7768301e-02
   5.7242140e-02
   2.3574177e-02
   5.6885891e-02
   1.3357131e-02
   4.9307041e-02
   2.3521142e-02
   7.8537036e-03
   1.2892868e-02
   3.8166184e-02
   3.0939249e-02
