   3.8012896e-02
   4.1497238e-02
   6.7827098e-02
   4.4779092e-02
   7.3855154e-02
   7.0180573e-02
   4.5330405e-02
   3.4203254e-02
   7.7434026e-02
   1.1974803e-01
   8.9413442e-02
   3.8945630e-02
   3.4643862e-02
   8.9593560e-02
   9.0059258e-02
   2.1158094e-02
   6.8286344e-02
   4.4008419e-02
   5.9145387e-02
   4.1889679e-02
   8.4797718e-02
   9.1176465e-02
   3.2406356e-02
   2.9743906e-02
   4.3295365e-02
   6.4667307e-02
   4.8889436e-02
   4.1645069e-02
   3.1240305e-02
   4.9423687e-02
   4.0717151e-02
   2.3877032e-02
   1.0291554e-01
   6.4614058e-02
   5.7759475e-02
   4.0565476e-02
   4.7973704e-02
   8.7829426e-02
   2.9440386e-02
   2.5574390e-02
   3.8968001e-02
   4.2473961e-02
   2.8175304e-02
   3.1217314e-02
   3.1124542e-02
   2.6747882e-02
   1.8520784e-02
   4.3893639e-02
   5.6157023e-02
   5.9556045e-02
   6.4612947e-02
   4.2233989e-02
   4.2047463e-02
   7.0842572e-02
   3.7293203e-02
   2.7245522e-02
   4.1924313e-02
   4.9390022e-02
   3.1309899e-02
   2.8372936e-02
   3.4610834e-02
   3.0661618e-02
   2.8012844e-02
   3.9245334e-02
   3.5782576e-02
   4.5902483e-02
   7.5642787e-02
   5.2129410e-02
   4.7199868e-02
   7.7103920e-02
   5.1938273e-02
   3.0860020e-02
   4.9274843e-02
   6.8104498e-02
   4.4286218e-02
   3.3666011e-02
   4.2703327e-02
   5.8850352e-02
   3.5440236e-02
   3.4702878e-02
   3.0078437e-02
   4.1561354e-02
   7.4307725e-02
   6.9279172e-02
   3.8540572e-02
   5.7602298e-02
   4.0843688e-02
   2.8949851e-02
   4.2815126e-02
   5.9312485e-02
   2.6898393e-02
   3.3046812e-02
   6.8319321e-02
   1.2043639e-01
   1.8008457e-02
   2.2911601e-02
   3.0374629e-02
   4.0566780e-02
   6.9016144e-02
   8.9210473e-02
   3.4518700e-02
   4.2650927e-02
   4.1157518e-02
   3.9774824e-02
   5.5873305e-02
   7.6851502e-02
   2.3756890e-02
   3.1728141e-02
   1.2021225e-01
   9.4074488e-02
   1.5644843e-02
   1.8440165e-02
   3.2212097e-02
   3.9281111e-02
   6.5399103e-02
   5.8703627e-02
   4.0939175e-02
   4.7215786e-02
   4.0742405e-02
   4.4353183e-02
   9.3436033e-02
   1.0215351e-01
   4.6047296e-02
   3.1969972e-02
   6.9552980e-02
   5.8527552e-02
   4.0875372e-02
   1.8919399e-02
   4.3858249e-02
   4.6547215e-02
   5.6070164e-02
   3.4769002e-02
   1.1302716e-01
   9.3406610e-02
   5.1382490e-02
   3.2563820e-02
   1.1405507e-01
   1.8862611e-01
   1.6910376e-01
   4.6866130e-02
   3.8681086e-02
   1.5080063e-01
   1.5860698e-01
   1.6755139e-02
   1.0684668e-01
   5.1784251e-02
   5.0610632e-02
   2.8952172e-02
   1.3229528e-01
   1.3453248e-01
   3.5579205e-02
   2.3785681e-02
   4.7866981e-02
   9.2093281e-02
   7.6443478e-02
   4.6440899e-02
   3.2837119e-02
   7.5469740e-02
   6.8479948e-02
   2.5684718e-02
   1.6791518e-01
   9.0330012e-02
   4.5743637e-02
   2.8415712e-02
   6.7749798e-02
   1.2734734e-01
   2.8411500e-02
   1.9100059e-02
   4.0922750e-02
   4.9642488e-02
   3.6683355e-02
   3.1859249e-02
   3.2709245e-02
   3.2497130e-02
   2.4057915e-02
   6.5628335e-02
   8.5605852e-02
   7.7745758e-02
   5.5725116e-02
   3.0401301e-02
   5.1749762e-02
   8.1317872e-02
   3.5374045e-02
   2.0735983e-02
   4.6490151e-02
   5.6882203e-02
   4.2493686e-02
   2.5705928e-02
   3.5941284e-02
   4.0010706e-02
   3.4825385e-02
   5.3621497e-02
   4.0202044e-02
   5.3390585e-02
   6.8901427e-02
   3.9519623e-02
   5.9864771e-02
   7.8705467e-02
   5.1681694e-02
   2.8598353e-02
   5.8962598e-02
   7.0532404e-02
   5.9050173e-02
   3.1737424e-02
   4.6200167e-02
   7.1878560e-02
   4.6623893e-02
   3.5352092e-02
   3.2616720e-02
   5.1509991e-02
   6.8062373e-02
   6.3535653e-02
   4.3804321e-02
   6.5534748e-02
   4.1400518e-02
   2.6806517e-02
   5.0743740e-02
   7.2120301e-02
   3.3017233e-02
   2.9713536e-02
   1.0405231e-01
   1.3083231e-01
   2.0888813e-02
   1.9262958e-02
   3.0372683e-02
   4.4936720e-02
   5.6653533e-02
   1.0453742e-01
   3.6442030e-02
   4.8001647e-02
   4.4128776e-02
   4.5829844e-02
   8.4262520e-02
   1.0550737e-01
   3.1388018e-02
   2.8952643e-02
   2.0380218e-01
   1.1526883e-01
   1.8741222e-02
   1.3320812e-02
   3.3531852e-02
   4.1239370e-02
   4.8835747e-02
   6.1880469e-02
   4.7073636e-02
   5.9030253e-02
   5.0388187e-02
   5.0856996e-02
   1.5162392e-01
   1.5301433e-01
   7.8848481e-02
   3.4239005e-02
   1.0842784e-01
   9.1816016e-02
   6.8395093e-02
   1.3893683e-02
   7.3005795e-02
   6.4033210e-02
   5.7362106e-02
   3.4726217e-02
   1.8609668e-01
   1.0134421e-01
   7.8008540e-02
   2.9128263e-02
   1.7041068e-01
   1.1813854e-01
   9.7801819e-02
   5.7889882e-02
   6.3181758e-02
   1.4123401e-01
   1.4145440e-01
   1.7631156e-02
   1.9039513e-01
   6.0006242e-02
   4.7191188e-02
   2.8847007e-02
   2.2420764e-01
   1.3215479e-01
   4.9412165e-02
   1.8947743e-02
   8.1301577e-02
   7.1550801e-02
   5.2426532e-02
   5.6622460e-02
   5.2697286e-02
   7.6852717e-02
   6.3915603e-02
   3.4908839e-02
   2.9388696e-01
   8.0076128e-02
   4.2541534e-02
   2.5875129e-02
   1.1599992e-01
   1.0554468e-01
   3.5197634e-02
   1.7385025e-02
   5.9422798e-02
   6.0381401e-02
   4.9511638e-02
   3.7201691e-02
   5.1960848e-02
   3.4445457e-02
   2.8568879e-02
   1.0554703e-01
   1.3423412e-01
   7.0173196e-02
   4.8984800e-02
   3.0405343e-02
   7.1942195e-02
   6.7456879e-02
   4.4142399e-02
   2.3211902e-02
   7.3450156e-02
   6.1300486e-02
   6.1561808e-02
   2.9308325e-02
   5.6243114e-02
   3.6345899e-02
   4.2867057e-02
   8.2401976e-02
   5.7276782e-02
   6.6608638e-02
   6.5488078e-02
   3.7189763e-02
   6.9146231e-02
   9.2191070e-02
   6.3962914e-02
   3.0503184e-02
   7.8376316e-02
   8.0806777e-02
   8.0037415e-02
   3.7523210e-02
   6.6901013e-02
   7.0586652e-02
   5.6697458e-02
   4.4196211e-02
   5.4214485e-02
   6.4855091e-02
   7.9361938e-02
   7.2994873e-02
   6.2691450e-02
   6.5631114e-02
   5.0416104e-02
   3.1489793e-02
   8.0885775e-02
   5.9566949e-02
   4.4182722e-02
   3.5967492e-02
   1.3864543e-01
   6.9751613e-02
   2.5253305e-02
   2.3044666e-02
   5.5049166e-02
   6.1165322e-02
   7.6527230e-02
   1.2245250e-01
   5.8781661e-02
   5.4403856e-02
   6.1653100e-02
   4.3622542e-02
   1.3217531e-01
   9.1723807e-02
   2.9371364e-02
   3.8640749e-02
   2.8852388e-01
   6.2447198e-02
   1.3616220e-02
   1.5019989e-02
   5.7332877e-02
   6.0781363e-02
   6.0749322e-02
   6.7270428e-02
   8.5154846e-02
   6.1282951e-02
   7.4508779e-02
   4.3135516e-02
   2.2590759e-01
   1.1953332e-01
   5.4335505e-02
   4.8983160e-02
   1.6736053e-01
   7.9243362e-02
   5.8124207e-02
   1.5515086e-02
   1.0393496e-01
   8.1575595e-02
   8.2801640e-02
   4.2221032e-02
   2.2168531e-01
   5.5526830e-02
   6.7319781e-02
   3.1663530e-02
   1.6605651e-01
   5.1061448e-02
   8.1088148e-02
   8.2183152e-02
   9.3614124e-02
   5.1830284e-02
   4.0978707e-02
   1.8548319e-02
   1.6400237e-01
   6.7216121e-02
   5.0131954e-02
   3.2977499e-02
   2.3275383e-01
   6.6893175e-02
   4.9430344e-02
   2.0505367e-02
   1.0378865e-01
   4.6759855e-02
   5.1415496e-02
   8.3707608e-02
   7.5176314e-02
   4.2226683e-02
   2.9890712e-02
   4.1975029e-02
   1.8605809e-01
   7.7956177e-02
   5.2480362e-02
   3.0186474e-02
   1.0424054e-01
   5.8982708e-02
   5.7757601e-02
   2.0014862e-02
   8.7250099e-02
   4.5759559e-02
   7.4544661e-02
   6.4116500e-02
   7.3255397e-02
   2.4052406e-02
   3.6176093e-02
   1.2223613e-01
   8.6441107e-02
   6.9596156e-02
   6.9582820e-02
   3.7674826e-02
   7.1980760e-02
   6.3344009e-02
   5.5792045e-02
   3.6703706e-02
   8.7808140e-02
   4.8029639e-02
   9.5201731e-02
   4.5162197e-02
   5.5432893e-02
   2.4961716e-02
   5.9391614e-02
   1.0681633e-01
   7.0499301e-02
   7.6452926e-02
   8.5820578e-02
   4.9745992e-02
   8.9854658e-02
   9.8976918e-02
   7.5061925e-02
   3.8766932e-02
   1.1741802e-01
   7.7428773e-02
   9.8938882e-02
   6.5307193e-02
   7.3016189e-02
   6.2573530e-02
   7.4156739e-02
   5.7553075e-02
   6.7335330e-02
   7.0707902e-02
   1.0728648e-01
   1.0274043e-01
   6.9792084e-02
   4.8702884e-02
   6.5957598e-02
   5.0456990e-02
   8.2777955e-02
   4.9930539e-02
   6.7642860e-02
   5.5911791e-02
   9.0340026e-02
   5.3346884e-02
   3.1502150e-02
   3.3353720e-02
   8.2125962e-02
   8.6027399e-02
   9.7255558e-02
   1.9558980e-01
   7.8856349e-02
   3.8800251e-02
   8.5191727e-02
   6.3298166e-02
   1.0874255e-01
   4.5483928e-02
   3.6526896e-02
   5.7396125e-02
   1.9720572e-01
   3.4844719e-02
   1.5373252e-02
   2.0206207e-02
   7.4742846e-02
   1.0328104e-01
   8.6749174e-02
   1.0271524e-01
   1.0725853e-01
   3.7515111e-02
   8.1519410e-02
   5.5451427e-02
   1.9263887e-01
   5.5009760e-02
   5.2377857e-02
   7.8098997e-02
   1.5843414e-01
   3.1195384e-02
   2.6891276e-02
   1.9035023e-02
