   2.8199082e-02
   2.8715601e-02
   1.5719602e-02
   2.9502662e-02
   2.0286420e-02
   2.6279351e-02
   1.6492056e-02
   2.6780745e-02
   2.3393221e-02
   4.8633900e-02
   6.6974014e-02
   2.6539767e-02
   2.6969599e-02
   1.1194218e-02
   2.8470926e-02
   3.3454325e-02
   2.5557296e-02
   2.7138738e-02
   1.4374049e-02
   2.9290648e-02
   2.0248923e-02
   2.2708600e-02
   1.5126958e-02
   2.7501011e-02
   2.3788033e-02
   4.5662109e-02
   5.5749167e-02
   2.5524832e-02
   2.5867190e-02
   1.0034815e-02
   2.8956715e-02
   2.9609289e-02
   2.6535330e-02
   2.5868844e-02
   1.5061468e-02
   3.0894384e-02
   2.1269413e-02
   2.1631690e-02
   1.4041691e-02
   2.7629251e-02
   2.4351470e-02
   4.0565047e-02
   5.0468922e-02
   2.7171234e-02
   2.5575925e-02
   1.0726409e-02
   2.8790187e-02
   2.8790306e-02
   7.9096340e-02
   2.8273491e-02
   2.2619100e-02
   4.3888111e-02
   7.7550389e-02
   2.4939619e-02
   2.3417143e-02
   4.5285333e-02
   7.1004257e-02
   3.9477598e-02
   5.7428144e-02
   4.2820983e-02
   6.6268563e-02
   1.1257175e-02
   2.9481113e-02
   3.3465613e-02
   1.8146674e-01
   3.1250790e-02
   4.1046195e-02
   7.5358577e-02
   1.9544263e-01
   2.7850768e-02
   4.1971736e-02
   8.2657963e-02
   1.7018282e-01
   4.3790642e-02
   7.5463295e-02
   7.7540077e-02
   1.5628785e-01
   1.7674558e-02
   3.0629478e-02
   4.3713804e-02
   7.9683095e-02
   2.7505122e-02
   2.2501452e-02
   4.3329988e-02
   8.1384972e-02
   2.3828272e-02
   2.3940157e-02
   4.2985775e-02
   7.7170715e-02
   4.4772606e-02
   6.0223974e-02
   4.2273179e-02
   7.3100328e-02
   2.2774341e-02
   2.5409330e-02
   4.3443125e-02
   2.7207550e-02
   2.5390023e-02
   1.4890909e-02
   3.1253655e-02
   2.0907739e-02
   2.2520004e-02
   1.5237716e-02
   2.8816665e-02
   2.5537644e-02
   4.1853778e-02
   5.9117973e-02
   2.6061099e-02
   2.6412660e-02
   1.4908678e-02
   2.4642657e-02
   3.1442966e-02
   2.7551377e-02
   2.6322231e-02
   1.5133581e-02
   2.9433040e-02
   1.9944472e-02
   2.1767834e-02
   1.5480154e-02
   2.8018134e-02
   2.2701353e-02
   4.3454207e-02
   6.6256523e-02
   2.6034350e-02
   2.4994416e-02
   1.0677963e-02
   2.5478022e-02
   3.1578936e-02
   2.4005488e-02
   2.3124278e-02
   1.3354816e-02
   2.0775745e-02
   1.4472419e-02
   2.9787414e-02
   1.6962601e-02
   2.0445067e-02
   1.9980332e-02
   5.1691685e-02
   6.4606093e-02
   2.1074291e-02
   2.3645289e-02
   1.2547234e-02
   2.9294284e-02
   2.5187671e-02
   2.2786001e-02
   2.0667791e-02
   1.1500037e-02
   1.9754546e-02
   1.5158529e-02
   2.1806788e-02
   1.3506500e-02
   2.0162007e-02
   2.0659249e-02
   4.5231916e-02
   5.2746106e-02
   1.9271892e-02
   2.1447888e-02
   8.8629052e-03
   3.1909510e-02
   2.1539688e-02
   2.8886884e-02
   2.0010000e-02
   1.2647855e-02
   2.0619351e-02
   1.8207652e-02
   2.1066707e-02
   1.3045407e-02
   2.1198289e-02
   2.7039604e-02
   3.9391614e-02
   4.9083605e-02
   2.1177555e-02
   2.6433894e-02
   1.0543837e-02
   3.2667082e-02
   2.2182645e-02
   9.8023303e-02
   2.4215998e-02
   2.2275133e-02
   3.9902892e-02
   9.3842909e-02
   2.4051432e-02
   2.5782490e-02
   4.5444287e-02
   9.7215690e-02
   3.8502771e-02
   5.9480827e-02
   4.5188632e-02
   9.0926282e-02
   1.2616810e-02
   3.5850562e-02
   2.5402665e-02
   2.2949186e-01
   2.9828714e-02
   4.6616253e-02
   8.4871434e-02
   2.3686060e-01
   3.1186180e-02
   4.8080042e-02
   9.6687265e-02
   2.3088793e-01
   4.6202403e-02
   7.7841058e-02
   9.6604422e-02
   2.1397436e-01
   2.3676902e-02
   3.7778605e-02
   4.9467079e-02
   1.0409024e-01
   2.7253438e-02
   2.1988939e-02
   3.9960038e-02
   9.8086484e-02
   2.7395904e-02
   2.6833192e-02
   4.1667033e-02
   1.0716476e-01
   4.4566210e-02
   6.0490374e-02
   4.5184866e-02
   9.8809354e-02
   3.1768136e-02
   2.8648818e-02
   5.5496834e-02
   2.8962867e-02
   2.3876088e-02
   1.2031705e-02
   2.2050269e-02
   1.8517176e-02
   2.6513672e-02
   1.4942042e-02
   2.1713417e-02
   2.5792006e-02
   4.4751208e-02
   4.9620163e-02
   1.9899273e-02
   2.8821185e-02
   1.6740277e-02
   2.5126137e-02
   2.8286705e-02
   2.4229495e-02
   2.2764243e-02
   1.2860410e-02
   2.0873206e-02
   1.3923407e-02
   2.7848190e-02
   1.5124458e-02
   2.1564640e-02
   2.0293273e-02
   4.4178858e-02
   5.5804417e-02
   1.9414186e-02
   2.2405170e-02
   1.1114933e-02
   2.5474202e-02
   2.3651518e-02
   2.5362628e-02
   2.3555707e-02
   1.3359940e-02
   1.8929470e-02
   1.6091287e-02
   3.3941720e-02
   2.0366592e-02
   2.0811336e-02
   2.5447670e-02
   5.6865182e-02
   6.6872217e-02
   2.0501295e-02
   2.4756210e-02
   1.5744649e-02
   3.5653081e-02
   2.4349906e-02
   2.7724132e-02
   1.9243844e-02
   9.9621573e-03
   1.7704753e-02
   1.6553128e-02
   2.7624985e-02
   1.7669912e-02
   1.8970774e-02
   2.2819376e-02
   5.4113269e-02
   5.7323709e-02
   1.6746152e-02
   2.3541868e-02
   1.1481333e-02
   3.9746400e-02
   2.2425756e-02
   3.9676566e-02
   1.7530620e-02
   1.1093731e-02
   2.0105388e-02
   1.7733857e-02
   2.2995740e-02
   1.6230023e-02
   1.8335816e-02
   3.4524638e-02
   3.9361190e-02
   6.1304282e-02
   2.0727657e-02
   3.6412045e-02
   1.3300226e-02
   4.4031069e-02
   2.1734774e-02
   1.0705358e-01
   2.0117346e-02
   2.5767235e-02
   5.4698691e-02
   1.0486721e-01
   2.3101954e-02
   3.1331573e-02
   5.3549208e-02
   1.1053951e-01
   3.7668873e-02
   7.0299864e-02
   5.2453842e-02
   1.0873348e-01
   1.5814038e-02
   5.2041661e-02
   2.9031988e-02
   2.4511151e-01
   2.8237347e-02
   5.5490881e-02
   1.2461717e-01
   2.6945063e-01
   2.9227873e-02
   6.2016170e-02
   1.2671149e-01
   2.6680449e-01
   4.5365799e-02
   8.0014393e-02
   1.2285662e-01
   2.5326657e-01
   3.1758055e-02
   5.0571226e-02
   6.0163733e-02
   1.1408018e-01
   2.7664140e-02
   2.7066492e-02
   4.8007786e-02
   1.1003071e-01
   2.7741859e-02
   3.3113219e-02
   4.9021512e-02
   1.2188277e-01
   4.2272147e-02
   7.2125547e-02
   5.6533806e-02
   1.1327405e-01
   4.8929956e-02
   3.4385331e-02
   7.2645053e-02
   3.8663790e-02
   2.6320156e-02
   1.0666736e-02
   2.1974701e-02
   1.8032750e-02
   2.6755981e-02
   1.9494571e-02
   1.8290682e-02
   3.5449684e-02
   3.7995923e-02
   5.0180167e-02
   1.8448520e-02
   4.1127753e-02
   2.5095602e-02
   3.0761484e-02
   3.5746139e-02
   2.9235188e-02
   2.3739252e-02
   1.1243104e-02
   1.9965481e-02
   1.3980922e-02
   2.9668080e-02
   1.9048367e-02
   2.0911602e-02
   2.5305256e-02
   4.7462080e-02
   5.5067960e-02
   1.5465880e-02
   2.7821150e-02
   1.4708840e-02
   3.4736138e-02
   2.6618334e-02
   2.8867550e-02
   3.3044174e-02
   1.5333369e-02
   2.1725606e-02
   1.7353982e-02
   3.0305866e-02
   2.3162814e-02
   1.7962808e-02
   3.4795940e-02
   6.2602393e-02
   7.2439127e-02
   2.7014494e-02
   2.9238867e-02
   2.3474162e-02
   4.8382461e-02
   2.2409229e-02
   3.2897770e-02
   2.9824279e-02
   1.1942900e-02
   2.4538003e-02
   1.8784679e-02
   3.1065991e-02
   2.1859337e-02
   1.5074096e-02
   2.2871852e-02
   6.3093685e-02
   6.0861614e-02
   1.8899841e-02
   2.7694900e-02
   1.7349413e-02
   5.4173559e-02
   2.7264792e-02
   4.6211343e-02
   2.2849953e-02
   1.2441802e-02
   2.1603914e-02
   2.1590823e-02
   3.0114925e-02
   1.9871043e-02
   1.4957757e-02
   3.0922547e-02
   4.6434566e-02
   5.9050471e-02
   1.8372770e-02
   3.5587762e-02
   2.0131627e-02
   4.1940767e-02
   2.4148574e-02
   7.1295239e-02
   3.1994350e-02
   3.8191479e-02
   7.5701237e-02
   4.6985421e-02
   2.7319863e-02
   4.5888405e-02
   7.1061373e-02
   5.9459984e-02
   4.6679553e-02
   6.2290650e-02
   6.4479567e-02
   7.1466632e-02
   2.5563117e-02
   6.7230791e-02
   3.8950101e-02
   1.3956001e-01
   4.2803034e-02
   7.7992253e-02
   1.6907305e-01
   1.1651104e-01
   5.1560245e-02
   9.4865911e-02
   1.7237566e-01
   1.2611021e-01
   4.5621213e-02
   1.0021289e-01
   1.7123769e-01
   1.4375593e-01
   5.7226397e-02
   6.8628751e-02
   7.1354195e-02
   6.5360755e-02
   3.8030334e-02
   3.1670466e-02
   6.0276870e-02
   4.9739536e-02
   3.0406402e-02
   4.6282753e-02
   6.7903414e-02
   6.5464169e-02
   3.7929349e-02
   8.8581152e-02
   9.4696723e-02
   6.3508272e-02
   8.0910899e-02
   4.7762346e-02
   1.0080793e-01
   3.6751539e-02
   3.0315012e-02
   1.0176049e-02
   2.3016166e-02
   1.5334051e-02
   2.2672040e-02
   2.6861617e-02
   1.8351953e-02
   3.2242298e-02
   3.2520764e-02
   6.4872704e-02
   2.3359315e-02
   4.1213457e-02
   4.4415917e-02
   5.4906610e-02
   6.0834147e-02
   3.1942252e-02
   3.5447802e-02
   1.2895964e-02
   2.1899316e-02
   1.8510098e-02
   2.4602093e-02
   2.4281923e-02
   1.7204037e-02
   2.9541614e-02
   5.1575810e-02
   7.1092404e-02
   1.3702898e-02
   3.4341469e-02
   2.0573022e-02
   5.4432966e-02
   3.0958891e-02
