   4.3875091e-02
   2.5830729e-02
   4.3958530e-02
   1.8645920e-02
   3.5351809e-02
   4.2141188e-02
   4.9455516e-02
   1.5337649e-02
   3.0426916e-02
   2.8612074e-02
   3.1706486e-02
   1.0907008e-02
   3.2532375e-02
   3.5463557e-02
   3.9093547e-02
   8.6819213e-03
   3.8013972e-02
   2.7693408e-02
   3.8913395e-02
   1.8591424e-02
   3.2092318e-02
   4.1690290e-02
   4.2461853e-02
   1.4571296e-02
   2.9247832e-02
   2.5902243e-02
   3.0279811e-02
   1.1171321e-02
   3.3564534e-02
   3.3040412e-02
   3.3252399e-02
   8.8928975e-03
   5.2466892e-02
   2.6928246e-02
   3.8890343e-02
   1.8318718e-02
   5.9047908e-02
   4.3839235e-02
   4.1130736e-02
   1.6011173e-02
   6.8762802e-02
   3.4800462e-02
   3.2913521e-02
   1.1050791e-02
   7.7089898e-02
   5.2052230e-02
   3.0621437e-02
   9.2974184e-03
   1.7520425e-01
   3.3581797e-02
   5.1044147e-02
   1.9302804e-02
   1.7106557e-01
   7.4288152e-02
   5.1288266e-02
   1.6761070e-02
   1.4961495e-01
   9.4474800e-02
   4.0762775e-02
   1.1754126e-02
   1.1041114e-01
   1.2159009e-01
   3.7175775e-02
   1.1128639e-02
   1.3415886e-01
   3.2894120e-02
   6.2183533e-02
   2.2131177e-02
   1.0578576e-01
   7.2085708e-02
   8.1172369e-02
   2.0245017e-02
   7.3288560e-02
   8.0655023e-02
   6.0947202e-02
   1.5689634e-02
   5.3549256e-02
   9.0830952e-02
   5.2163672e-02
   1.3841744e-02
   4.0901192e-02
   2.7120775e-02
   4.3575931e-02
   2.1740323e-02
   3.0923838e-02
   4.5794979e-02
   5.6300245e-02
   2.4552638e-02
   3.0209338e-02
   3.4650102e-02
   5.0417781e-02
   2.1827336e-02
   3.6665715e-02
   4.5176920e-02
   4.2049244e-02
   1.7385667e-02
   4.0981174e-02
   2.5050789e-02
   3.6652051e-02
   1.9248782e-02
   3.2116715e-02
   4.2681936e-02
   3.8377665e-02
   1.7614869e-02
   3.0331539e-02
   3.3157572e-02
   3.2261241e-02
   1.3871330e-02
   3.2511763e-02
   4.2473175e-02
   2.9453583e-02
   1.1046252e-02
   4.2725734e-02
   2.3784479e-02
   4.1200645e-02
   1.8282868e-02
   3.5016526e-02
   4.2658616e-02
   4.3151736e-02
   1.5449395e-02
   3.1447433e-02
   3.0134849e-02
   2.8635578e-02
   1.0698435e-02
   3.2310728e-02
   3.5165858e-02
   3.1089051e-02
   8.7564141e-03
   2.4633238e-02
   2.6727047e-02
   4.7005735e-02
   1.0551055e-02
   3.0121727e-02
   3.6729787e-02
   4.3301649e-02
   1.0055211e-02
   2.8725265e-02
   2.3785409e-02
   2.6249679e-02
   6.4440956e-03
   3.6161587e-02
   4.1075327e-02
   4.6355452e-02
   5.4572751e-03
   2.5943603e-02
   2.7991880e-02
   3.7298903e-02
   1.0871500e-02
   3.1516597e-02
   3.6744252e-02
   3.8177542e-02
   9.7413138e-03
   3.3246789e-02
   2.4223328e-02
   2.5146456e-02
   6.2090335e-03
   4.6670012e-02
   4.0314950e-02
   3.6089871e-02
   5.4190955e-03
   7.0957921e-02
   2.9355112e-02
   3.8665485e-02
   1.2241188e-02
   9.3026444e-02
   3.9540801e-02
   3.4013834e-02
   1.0031793e-02
   1.1472367e-01
   3.1973690e-02
   2.6610119e-02
   6.4796018e-03
   1.2798312e-01
   5.9660219e-02
   2.9367123e-02
   6.0957219e-03
   2.3971295e-01
   3.5102744e-02
   6.7339718e-02
   1.1797566e-02
   2.6336005e-01
   5.8694839e-02
   4.7238071e-02
   1.1059799e-02
   2.5486258e-01
   7.1733758e-02
   3.2001294e-02
   7.2817532e-03
   1.9207856e-01
   1.1808390e-01
   4.0529151e-02
   8.5656075e-03
   1.7520770e-01
   3.8578499e-02
   8.8579401e-02
   1.6764490e-02
   1.5633363e-01
   5.7167847e-02
   9.2109747e-02
   1.5299166e-02
   1.2061238e-01
   6.2357444e-02
   7.0748076e-02
   1.5966648e-02
   8.4161587e-02
   8.6219914e-02
   6.0734030e-02
   1.6409803e-02
   4.5091450e-02
   2.6557801e-02
   4.7139563e-02
   1.5355373e-02
   3.7145317e-02
   3.8375892e-02
   5.8817234e-02
   2.0860443e-02
   3.6196850e-02
   3.1625919e-02
   6.9052495e-02
   2.6574004e-02
   4.4428349e-02
   5.9189439e-02
   4.5494292e-02
   2.4148194e-02
   2.5481056e-02
   2.4569079e-02
   3.4824245e-02
   1.3044048e-02
   2.5735557e-02
   3.5800368e-02
   3.1690039e-02
   1.3504885e-02
   2.7980220e-02
   2.8366210e-02
   3.5532132e-02
   1.2262489e-02
   3.9060239e-02
   5.4420698e-02
   3.1249573e-02
   1.0746260e-02
   2.3660110e-02
   2.4626905e-02
   4.2569537e-02
   1.0933597e-02
   2.6878189e-02
   3.3760156e-02
   3.4746595e-02
   1.0081621e-02
   2.6217358e-02
   2.3410749e-02
   2.5046524e-02
   6.4573241e-03
   3.6491182e-02
   3.9610934e-02
   3.4693610e-02
   5.7734642e-03
   2.6008299e-02
   3.2272741e-02
   5.1040228e-02
   8.5661793e-03
   4.0800795e-02
   3.6764875e-02
   4.4401918e-02
   8.1285052e-03
   4.0611599e-02
   2.6405536e-02
   2.9822070e-02
   4.7360728e-03
   5.6464855e-02
   5.6741219e-02
   6.4862847e-02
   4.5041158e-03
   3.1890489e-02
   3.1200625e-02
   4.5398142e-02
   8.2349041e-03
   4.7687244e-02
   3.2921612e-02
   3.6873136e-02
   7.9528829e-03
   5.4283135e-02
   2.5788886e-02
   2.1992771e-02
   4.5154565e-03
   7.9849005e-02
   4.9956176e-02
   4.8880901e-02
   5.0577899e-03
   7.9176113e-02
   3.0203644e-02
   5.6303620e-02
   9.5166350e-03
   1.0848933e-01
   3.2934099e-02
   3.2725774e-02
   8.3151283e-03
   1.5466802e-01
   2.7342802e-02
   2.2153400e-02
   5.0217714e-03
   1.9652735e-01
   4.3320477e-02
   4.0477797e-02
   4.8982296e-03
   2.1185611e-01
   3.9502375e-02
   9.8517530e-02
   1.0584763e-02
   2.3506793e-01
   6.0445182e-02
   4.9818806e-02
   1.1130230e-02
   2.8577310e-01
   5.9015110e-02
   3.6191005e-02
   8.0094682e-03
   2.6640281e-01
   7.2156146e-02
   6.3429758e-02
   8.9038834e-03
   1.4782895e-01
   4.7460929e-02
   1.1539565e-01
   1.8366739e-02
   1.2352002e-01
   6.2271867e-02
   1.0265657e-01
   1.9945847e-02
   1.1511887e-01
   5.8931928e-02
   8.9078575e-02
   2.7664095e-02
   1.0317003e-01
   7.2166137e-02
   9.0212531e-02
   2.5852494e-02
   5.6847699e-02
   2.5934594e-02
   6.0358036e-02
   1.4769671e-02
   5.1896062e-02
   3.5177767e-02
   7.0515752e-02
   2.9956998e-02
   5.5956267e-02
   2.8601201e-02
   9.9886186e-02
   5.0965104e-02
   7.5178571e-02
   6.2684864e-02
   6.7607932e-02
   4.1326035e-02
   3.6024734e-02
   2.5020437e-02
   4.2709578e-02
   8.5262824e-03
   3.7070714e-02
   2.9535789e-02
   3.4447327e-02
   1.4983819e-02
   4.6189386e-02
   2.5510518e-02
   4.4885248e-02
   1.8971033e-02
   6.6254258e-02
   6.6878572e-02
   4.6080112e-02
   1.5544102e-02
   2.6244482e-02
   3.1660855e-02
   4.9715575e-02
   8.2935300e-03
   3.9613701e-02
   3.5334151e-02
   3.7643034e-02
   7.6095932e-03
   3.9791409e-02
   2.5191367e-02
   2.8025195e-02
   4.5362716e-03
   5.7363477e-02
   5.3270865e-02
   5.0824057e-02
   4.6708947e-03
   2.8328890e-02
   2.9521644e-02
   6.6900901e-02
   1.0659567e-02
   6.0954235e-02
   3.6763124e-02
   5.9130032e-02
   6.4624753e-03
   5.3228140e-02
   2.0762235e-02
   3.0159419e-02
   4.6058185e-03
   6.3012898e-02
   7.4310742e-02
   1.0451585e-01
   5.9686741e-03
   3.7950732e-02
   2.8276188e-02
   5.3783309e-02
   1.0192504e-02
   5.4378644e-02
   2.9094309e-02
   4.5890473e-02
   6.3475962e-03
   5.5762041e-02
   1.7025610e-02
   2.8759874e-02
   5.0334688e-03
   8.0048025e-02
   6.1605580e-02
   6.7252442e-02
   6.7096273e-03
   5.2930664e-02
   2.8478803e-02
   7.1915068e-02
   9.3837138e-03
   6.1554316e-02
   3.0605959e-02
   3.8797770e-02
   9.3901334e-03
   1.0060232e-01
   2.5189139e-02
   2.9276874e-02
   4.6114493e-03
   1.4492568e-01
   5.5423144e-02
   6.5742433e-02
   6.2269759e-03
   9.2213713e-02
   5.6391988e-02
   8.8754259e-02
   1.5980300e-02
   8.2549021e-02
   9.1255613e-02
   4.7649089e-02
   1.4965516e-02
   1.1117813e-01
   8.9319408e-02
   4.8036154e-02
   1.0052524e-02
   1.4699809e-01
   8.2569942e-02
   1.1429001e-01
   1.3086360e-02
   7.9905882e-02
   6.4277522e-02
   9.2517383e-02
   2.7760740e-02
   4.8163630e-02
   9.8758012e-02
   7.4090526e-02
   3.0760638e-02
   4.9942333e-02
   9.3436576e-02
   9.7231016e-02
   4.5797817e-02
   8.0802560e-02
   7.5641304e-02
   1.5003221e-01
   4.4849280e-02
   5.7125408e-02
   3.9204165e-02
   7.7167481e-02
   2.2875326e-02
   5.6772016e-02
   4.4910420e-02
   6.0250238e-02
   4.5324259e-02
   6.2330905e-02
   4.0173098e-02
   9.9215835e-02
   8.9661963e-02
   9.1630712e-02
   6.6993564e-02
   8.9273825e-02
   6.9453374e-02
   4.3420780e-02
   3.4060009e-02
   4.8682153e-02
   8.9150295e-03
   4.2561453e-02
   3.2979038e-02
   3.6507551e-02
   1.9354729e-02
   5.0406545e-02
   2.2201380e-02
   5.8163173e-02
   3.1817872e-02
   7.6577760e-02
   8.6639665e-02
   7.6130837e-02
   2.4611253e-02
   2.5467878e-02
   3.9576065e-02
   7.5754434e-02
   9.7485539e-03
   4.6758112e-02
   3.4415465e-02
   5.2233469e-02
   7.7331718e-03
   5.5874076e-02
   2.0105556e-02
   3.3621620e-02
   4.7125397e-03
   7.6092936e-02
   6.4190835e-02
   8.8863373e-02
   6.5341443e-03
