   6.5956824e-03
   6.5981261e-03
   6.9494392e-03
   2.4964372e-02
   7.8352123e-02
   8.7109543e-02
   9.9600948e-02
   7.1032859e-02
   1.2018457e-01
   1.3077326e-01
   1.3580236e-01
   3.3005789e-02
   7.1865872e-02
   6.9395155e-02
   6.9739133e-02
   3.9856784e-02
   3.7407544e-03
   3.7381430e-03
   3.6241361e-03
   2.4124388e-02
   4.2239495e-02
   5.2973837e-02
   4.2405788e-02
   4.1885477e-02
   6.0374286e-02
   9.2362925e-02
   6.0553182e-02
   3.1825379e-02
   3.6371175e-02
   4.2512532e-02
   3.3332530e-02
   3.1818956e-02
   2.8572532e-03
   2.8080856e-03
   2.6903246e-03
   2.4357714e-02
   3.2782223e-02
   3.0578874e-02
   1.8972896e-02
   2.8931551e-02
   4.9265396e-02
   5.5193298e-02
   3.1448115e-02
   3.3090170e-02
   2.3159133e-02
   2.3632679e-02
   1.9565327e-02
   2.9737193e-02
   3.2720899e-03
   3.3943821e-03
   3.1748109e-03
   2.5513569e-02
   4.3217815e-02
   3.2108638e-02
   2.1576524e-02
   2.8757391e-02
   5.4248430e-02
   6.5487824e-02
   3.8479183e-02
   3.0889431e-02
   2.6957152e-02
   2.9257501e-02
   2.3325745e-02
   3.0996459e-02
   4.0230681e-03
   3.6476536e-03
   3.7625118e-03
   3.6216378e-02
   3.9304093e-02
   3.8647681e-02
   3.6225975e-02
   3.3285510e-02
   4.7578622e-02
   8.0064356e-02
   7.8177541e-02
   3.5142805e-02
   2.1738285e-02
   3.4030933e-02
   3.8302463e-02
   3.0848414e-02
   3.7478840e-03
   2.9321185e-03
   3.2112456e-03
   3.3808079e-02
   2.8978474e-02
   2.7178166e-02
   2.8056918e-02
   3.3552960e-02
   4.0006805e-02
   5.1010475e-02
   5.3886376e-02
   3.6945473e-02
   1.8987440e-02
   2.3398016e-02
   2.9789444e-02
   2.9781850e-02
   3.1083461e-03
   2.7206601e-03
   2.3984213e-03
   2.5690768e-02
   3.5238430e-02
   4.0535156e-02
   2.5388937e-02
   3.1293560e-02
   4.0440235e-02
   8.1656046e-02
   5.3551406e-02
   3.0238818e-02
   1.8862696e-02
   3.1436171e-02
   2.7224351e-02
   2.8609943e-02
   3.3842062e-03
   3.5487914e-03
   3.7633770e-03
   2.3835750e-02
   4.9393266e-02
   6.8416104e-02
   5.0156873e-02
   4.4558294e-02
   6.7881428e-02
   1.2328747e-01
   7.6964036e-02
   3.2818642e-02
   3.4936003e-02
   5.1458530e-02
   3.9206497e-02
   3.0975100e-02
   6.7459359e-03
   6.9960076e-03
   7.5550247e-03
   2.0254595e-02
   1.2429810e-01
   1.1524587e-01
   1.6697718e-01
   6.9543429e-02
   1.8541120e-01
   1.4502937e-01
   2.5804284e-01
   2.0435046e-02
   9.4057284e-02
   9.1480345e-02
   1.2330376e-01
   3.3067282e-02
   3.8070253e-03
   3.7593965e-03
   3.8209895e-03
   1.7927540e-02
   5.4586753e-02
   6.6913009e-02
   6.2900439e-02
   3.7062600e-02
   7.9426311e-02
   1.0870355e-01
   1.0181274e-01
   1.7415924e-02
   4.4230819e-02
   5.0807025e-02
   5.1748987e-02
   2.0950938e-02
   2.7275733e-03
   2.6074841e-03
   2.4853833e-03
   1.7732516e-02
   3.3786319e-02
   3.6777668e-02
   1.9623466e-02
   2.0418042e-02
   4.9244717e-02
   5.5566184e-02
   2.8000705e-02
   1.5804794e-02
   2.2519832e-02
   2.1200331e-02
   1.6487809e-02
   1.6647007e-02
   3.4120393e-03
   3.1870150e-03
   3.2800129e-03
   2.2129040e-02
   4.9860917e-02
   3.8267255e-02
   2.3528459e-02
   2.2181418e-02
   5.5769391e-02
   8.0931090e-02
   3.6183842e-02
   1.6817825e-02
   2.5452498e-02
   3.0838884e-02
   1.9936910e-02
   1.8087225e-02
   4.5499192e-03
   3.6198290e-03
   4.8115477e-03
   4.2611957e-02
   4.3401636e-02
   4.9038745e-02
   5.0460350e-02
   3.0131942e-02
   4.9648214e-02
   1.0436141e-01
   1.0468521e-01
   2.8680721e-02
   2.1806048e-02
   3.6652554e-02
   4.8279550e-02
   1.8287146e-02
   3.8631316e-03
   2.6801683e-03
   3.7379733e-03
   3.6041714e-02
   2.5653159e-02
   3.4618866e-02
   3.4326088e-02
   3.0956119e-02
   3.3925012e-02
   4.9884707e-02
   6.2550150e-02
   3.2079112e-02
   1.6940538e-02
   1.9360570e-02
   3.4320343e-02
   1.6831303e-02
   3.1218943e-03
   2.3579474e-03
   2.3785403e-03
   2.2178896e-02
   2.6384959e-02
   6.1272200e-02
   3.6745679e-02
   2.7908513e-02
   3.2112055e-02
   1.1640555e-01
   7.5261571e-02
   1.8996019e-02
   1.5982654e-02
   3.5697222e-02
   2.6173534e-02
   1.6428117e-02
   3.3071951e-03
   3.4413091e-03
   4.1132518e-03
   1.9863540e-02
   6.0790926e-02
   9.2413992e-02
   8.0464080e-02
   4.3920416e-02
   8.3124183e-02
   1.5886316e-01
   1.3061458e-01
   1.9518197e-02
   4.1201975e-02
   6.8896271e-02
   5.8308925e-02
   2.0661097e-02
   8.9342427e-03
   9.4041694e-03
   1.0159256e-02
   2.1668699e-02
   1.5013967e-01
   1.3992976e-01
   2.3745923e-01
   6.7054443e-02
   2.3653880e-01
   9.8627046e-02
   2.0275171e-01
   1.7641120e-02
   1.3955046e-01
   8.3568804e-02
   7.5274445e-02
   3.2011490e-02
   5.0110230e-03
   4.5597618e-03
   4.9601835e-03
   1.5153590e-02
   6.3966684e-02
   7.0188411e-02
   8.7693162e-02
   3.5973061e-02
   9.5313117e-02
   5.3063620e-02
   7.8253329e-02
   1.0929547e-02
   5.9100468e-02
   4.3207131e-02
   3.3463422e-02
   1.8424328e-02
   3.3605695e-03
   2.7412665e-03
   2.9509161e-03
   1.5799828e-02
   3.1045431e-02
   2.4623945e-02
   1.6605079e-02
   2.1339003e-02
   3.6745548e-02
   1.9509213e-02
   1.2360706e-02
   8.6214291e-03
   2.5656633e-02
   1.4364476e-02
   1.0887200e-02
   1.1423385e-02
   4.2283465e-03
   3.2000900e-03
   4.5030303e-03
   2.4818989e-02
   4.6091475e-02
   3.9348036e-02
   2.4928713e-02
   2.2279017e-02
   5.6636710e-02
   7.0580564e-02
   3.2989029e-02
   1.1562147e-02
   3.3993188e-02
   2.5675269e-02
   2.0045856e-02
   1.3936218e-02
   6.7189862e-03
   3.8570447e-03
   1.0037219e-02
   6.0890324e-02
   3.9171666e-02
   5.3510677e-02
   6.1058044e-02
   3.2617629e-02
   4.7497097e-02
   9.6497826e-02
   1.1030524e-01
   2.5861936e-02
   2.7820574e-02
   2.8382858e-02
   5.2677404e-02
   1.6894680e-02
   4.8952191e-03
   2.6556579e-03
   7.2200634e-03
   4.8609890e-02
   2.8505560e-02
   2.8728621e-02
   3.9482154e-02
   3.6237355e-02
   3.2292552e-02
   2.7580732e-02
   6.0709037e-02
   2.9916942e-02
   2.0094292e-02
   1.5817447e-02
   3.7310984e-02
   1.5193453e-02
   3.3667553e-03
   2.2786793e-03
   2.7723920e-03
   2.8036600e-02
   3.2457676e-02
   5.7052154e-02
   2.5706440e-02
   2.8671401e-02
   2.9361891e-02
   5.1871799e-02
   1.6948668e-02
   1.6374098e-02
   1.5684411e-02
   1.6218610e-02
   1.4325452e-02
   1.4460220e-02
   4.3333224e-03
   4.0520816e-03
   5.4802937e-03
   2.3295622e-02
   7.3155634e-02
   1.1062676e-01
   1.0940532e-01
   4.2364717e-02
   1.0577164e-01
   1.0445653e-01
   8.9953281e-02
   1.5656790e-02
   5.8454107e-02
   3.8739134e-02
   3.1571191e-02
   1.6715752e-02
   1.6601039e-02
   1.7325727e-02
   1.8473044e-02
   2.9290529e-02
   1.5277261e-01
   1.3428119e-01
   1.3237353e-01
   5.7320327e-02
   5.1366057e-02
   1.2594058e-02
   1.0747381e-02
   1.4457201e-02
   1.1190239e-01
   8.6758524e-02
   7.0458032e-02
   5.2791305e-02
   8.7752584e-03
   6.9841696e-03
   9.6311374e-03
   2.0860920e-02
   5.3664953e-02
   5.1635712e-02
   5.1687934e-02
   3.9537158e-02
   2.5187057e-02
   8.8173766e-03
   8.5450206e-03
   9.4251633e-03
   5.2919384e-02
   4.3620039e-02
   3.2788459e-02
   2.4938116e-02
   5.3562261e-03
   3.1320977e-03
   5.5332319e-03
   2.3862127e-02
   2.7336629e-02
   1.5366514e-02
   1.6580671e-02
   2.6944090e-02
   2.5110519e-02
   1.1928136e-02
   7.6938756e-03
   7.5397962e-03
   3.4011289e-02
   1.9579699e-02
   1.3863204e-02
   9.3484772e-03
   7.9586627e-03
   3.7113747e-03
   8.4325038e-03
   3.3210449e-02
   4.9743891e-02
   2.4381619e-02
   2.0321816e-02
   3.2544315e-02
   5.8228418e-02
   6.2787108e-02
   1.4063329e-02
   1.4106444e-02
   4.1941185e-02
   2.4965219e-02
   2.7893476e-02
   1.1781016e-02
   1.3544741e-02
   4.1188798e-03
   2.6727492e-02
   9.0350010e-02
   3.8999137e-02
   3.0529359e-02
   3.3265416e-02
   4.5522418e-02
   4.4148728e-02
   7.4237049e-02
   4.3933354e-02
   3.3151019e-02
   3.6713682e-02
   2.4141252e-02
   6.2375922e-02
   1.8174041e-02
   8.0757495e-03
   3.5179236e-03
   1.8225746e-02
   7.3391065e-02
   2.2905843e-02
   2.0668196e-02
   2.9025266e-02
   4.6421710e-02
   2.6102927e-02
   1.5302833e-02
   2.6491918e-02
   3.4530446e-02
   3.2214049e-02
   1.4860668e-02
   4.3619666e-02
   1.6532719e-02
   4.4282223e-03
   2.7591772e-03
   5.5846218e-03
   4.0448420e-02
   2.2142593e-02
   1.9976871e-02
   2.2100205e-02
   3.5828188e-02
   1.8673951e-02
   6.8718824e-03
   5.8371504e-03
   1.4543263e-02
   2.4075067e-02
   1.3978747e-02
   2.3162227e-02
   9.2037385e-03
   7.6128715e-03
   7.1007530e-03
   1.0560479e-02
   3.4370888e-02
   7.4974820e-02
   6.1974473e-02
   6.3650429e-02
   4.1952770e-02
   3.0046759e-02
   1.0414652e-02
   6.3126595e-03
   1.3730697e-02
   4.9307227e-02
   3.6672305e-02
   3.1683218e-02
   2.5146892e-02
