   6.6097274e-02
   6.7237660e-02
   6.9263466e-02
   3.3052780e-02
   6.8787158e-02
   6.9423512e-02
   7.3239774e-02
   3.6244046e-02
   5.4074358e-02
   4.9873710e-02
   4.6998531e-02
   2.8724046e-02
   6.0981661e-02
   5.9010774e-02
   6.4313523e-02
   3.3519752e-02
   2.9670153e-02
   2.9440412e-02
   2.8419413e-02
   1.9043515e-02
   3.0126445e-02
   3.1006578e-02
   2.9569708e-02
   2.0142321e-02
   2.4091955e-02
   2.0967314e-02
   2.0736082e-02
   1.8691573e-02
   2.7030675e-02
   2.6495321e-02
   3.0618668e-02
   2.2571988e-02
   1.0226822e-02
   6.7164889e-03
   6.0918368e-03
   1.0226295e-02
   7.5404276e-03
   6.2383860e-03
   4.6541817e-03
   1.0366532e-02
   7.3768259e-03
   4.8088748e-03
   4.3928642e-03
   1.1321665e-02
   8.9494567e-03
   7.7491608e-03
   1.0153154e-02
   1.4238475e-02
   9.9175917e-03
   6.4917356e-03
   5.7330090e-03
   1.2666618e-02
   7.2760875e-03
   5.2197808e-03
   4.1229874e-03
   1.2399040e-02
   7.1946755e-03
   4.7840294e-03
   3.9275582e-03
   1.5072913e-02
   8.2505262e-03
   7.5610797e-03
   9.9201621e-03
   1.7128183e-02
   1.0448196e-02
   6.6773789e-03
   5.6178891e-03
   2.1727121e-02
   7.2246352e-03
   5.1906160e-03
   4.2646695e-03
   2.1859992e-02
   7.0574800e-03
   5.2341619e-03
   3.9337263e-03
   2.4678843e-02
   8.6551663e-03
   7.6796785e-03
   1.1005904e-02
   2.4563663e-02
   9.4858268e-03
   6.2634181e-03
   5.7130423e-03
   1.5102344e-02
   6.6922624e-03
   5.6624119e-03
   4.1898675e-03
   1.4301758e-02
   7.4153342e-03
   4.9959491e-03
   3.9080493e-03
   1.4932713e-02
   8.6300895e-03
   7.3736645e-03
   1.0385911e-02
   1.6499417e-02
   9.5504215e-03
   6.6421102e-03
   6.0154158e-03
   1.2137176e-02
   7.5995335e-03
   6.5074344e-03
   4.7378261e-03
   1.1264738e-02
   7.7396180e-03
   5.1488429e-03
   4.4182800e-03
   1.1490296e-02
   8.6610522e-03
   7.7612018e-03
   9.6892659e-03
   1.3102344e-02
   2.6845163e-02
   2.5940295e-02
   2.7453102e-02
   1.8223802e-02
   2.7029037e-02
   2.6614187e-02
   2.7792944e-02
   1.9880408e-02
   2.2443669e-02
   1.9217301e-02
   1.8065359e-02
   1.6775899e-02
   2.4473811e-02
   2.4027817e-02
   2.7171914e-02
   1.8884236e-02
   1.0236105e-01
   1.0151507e-01
   1.0336141e-01
   4.8574984e-02
   9.7518630e-02
   1.0243375e-01
   1.0729513e-01
   5.0173048e-02
   6.8551548e-02
   6.4823240e-02
   6.2302042e-02
   3.7363015e-02
   9.2012756e-02
   8.9756764e-02
   9.6578144e-02
   4.4852603e-02
   4.2712517e-02
   4.3203350e-02
   4.0924992e-02
   2.6450358e-02
   4.1656122e-02
   4.4976845e-02
   4.3044902e-02
   2.7542839e-02
   2.9545931e-02
   2.7093487e-02
   2.7098952e-02
   2.4347218e-02
   3.8331889e-02
   3.9978147e-02
   4.4079401e-02
   3.0459646e-02
   6.9277063e-03
   5.4309806e-03
   4.4324049e-03
   1.2679475e-02
   6.5079238e-03
   6.2588719e-03
   3.9660037e-03
   1.2992240e-02
   5.5278158e-03
   4.1344999e-03
   3.8196277e-03
   1.4459255e-02
   5.8084549e-03
   7.9433788e-03
   9.6247178e-03
   1.5523490e-02
   6.0701058e-03
   4.5086518e-03
   3.7120231e-03
   1.6491357e-02
   5.8694417e-03
   4.7587901e-03
   2.8462065e-03
   1.7671606e-02
   4.6948609e-03
   3.5969019e-03
   2.7070618e-03
   1.9881925e-02
   4.8007411e-03
   6.5733609e-03
   1.0081345e-02
   2.1926008e-02
   6.8295780e-03
   4.5461874e-03
   3.8892531e-03
   2.8871400e-02
   6.2499777e-03
   4.6379957e-03
   2.8426957e-03
   3.3570301e-02
   5.5060694e-03
   3.5529102e-03
   2.5815160e-03
   3.3212453e-02
   5.4667424e-03
   6.8123904e-03
   1.1925994e-02
   3.5252109e-02
   5.9646280e-03
   4.0228399e-03
   3.9678719e-03
   2.2360271e-02
   5.2242335e-03
   4.5358506e-03
   2.6351386e-03
   2.2622770e-02
   5.1762280e-03
   3.5609563e-03
   2.6419736e-03
   2.0477051e-02
   5.3811981e-03
   7.0523741e-03
   1.0183043e-02
   2.0755515e-02
   6.6504469e-03
   5.2345037e-03
   4.6357098e-03
   1.6857836e-02
   6.1672064e-03
   5.6974664e-03
   3.8090062e-03
   1.6023608e-02
   5.8252783e-03
   4.1607413e-03
   3.4934748e-03
   1.4668760e-02
   5.9020999e-03
   7.9873288e-03
   9.4595617e-03
   1.4823169e-02
   3.7338808e-02
   3.6677651e-02
   3.8881920e-02
   2.6664907e-02
   3.5907649e-02
   3.6434401e-02
   3.9749566e-02
   2.7809652e-02
   2.6171476e-02
   2.3900153e-02
   2.2689752e-02
   2.1830678e-02
   3.3694867e-02
   3.4491897e-02
   3.8196366e-02
   2.4184305e-02
   1.7133486e-01
   1.7477131e-01
   1.7428365e-01
   7.9552695e-02
   1.4662048e-01
   1.5318532e-01
   1.5371890e-01
   7.2172493e-02
   1.1175015e-01
   1.0971210e-01
   1.0799680e-01
   6.2492575e-02
   1.2232102e-01
   1.2190142e-01
   1.2512775e-01
   5.8226801e-02
   7.0179082e-02
   7.3822461e-02
   6.8843961e-02
   4.5156229e-02
   6.2874727e-02
   6.7120723e-02
   6.1943881e-02
   4.3457299e-02
   4.7399800e-02
   4.5753676e-02
   4.6822630e-02
   4.2111199e-02
   5.1350661e-02
   5.4003481e-02
   5.5748191e-02
   4.5690570e-02
   6.6018519e-03
   7.0982371e-03
   5.5871955e-03
   2.1011448e-02
   8.2756095e-03
   8.8241594e-03
   4.4119409e-03
   2.2633377e-02
   5.7569691e-03
   4.8977272e-03
   5.2672639e-03
   2.5026031e-02
   5.7612103e-03
   1.1761289e-02
   1.3295484e-02
   2.5887145e-02
   5.3116758e-03
   4.6666083e-03
   3.4570361e-03
   2.9953552e-02
   5.9051067e-03
   5.7447851e-03
   2.3631975e-03
   3.2633595e-02
   4.3799123e-03
   3.2865093e-03
   3.3938396e-03
   3.4698982e-02
   4.6054330e-03
   9.6646594e-03
   1.3317847e-02
   3.8132560e-02
   7.5210128e-03
   4.0033381e-03
   3.8450281e-03
   5.6214817e-02
   7.4694729e-03
   5.3089350e-03
   2.4183271e-03
   6.6465490e-02
   5.8812359e-03
   3.1457176e-03
   3.1384688e-03
   6.4004883e-02
   5.7538850e-03
   9.8630171e-03
   1.4442354e-02
   6.3225076e-02
   5.1718368e-03
   3.8817518e-03
   3.6743251e-03
   4.8649803e-02
   6.2928931e-03
   5.5461591e-03
   2.1601201e-03
   4.9564183e-02
   5.1011159e-03
   3.1783155e-03
   3.2772429e-03
   4.4856787e-02
   4.6641091e-03
   9.7053573e-03
   1.1770771e-02
   4.2774945e-02
   5.9237089e-03
   6.0721147e-03
   5.5717570e-03
   3.3449244e-02
   7.8051137e-03
   7.6664058e-03
   4.7094473e-03
   3.2524612e-02
   5.8260304e-03
   4.5377673e-03
   4.9960720e-03
   3.2000013e-02
   5.3710770e-03
   1.0923509e-02
   1.2053385e-02
   2.9605145e-02
   6.1359379e-02
   6.1106302e-02
   6.4853609e-02
   4.2478368e-02
   5.2495543e-02
   5.2409768e-02
   5.7017732e-02
   3.9595786e-02
   4.0777430e-02
   3.8714316e-02
   3.8342442e-02
   3.6205124e-02
   4.4775214e-02
   4.6979312e-02
   4.9980436e-02
   3.4994908e-02
   2.3671295e-01
   2.5285345e-01
   2.6797163e-01
   1.3199879e-01
   2.4817723e-01
   2.4590279e-01
   2.4083522e-01
   1.1422855e-01
   2.6562008e-01
   2.6374847e-01
   2.5948802e-01
   1.1609121e-01
   2.3281083e-01
   2.2943598e-01
   2.2903605e-01
   1.0874262e-01
   1.0137250e-01
   1.0701809e-01
   1.0715688e-01
   9.1408066e-02
   1.0881712e-01
   1.0859007e-01
   9.7812168e-02
   8.4872916e-02
   1.1154229e-01
   1.0960786e-01
   1.1193329e-01
   9.2770219e-02
   9.7666055e-02
   9.5426217e-02
   1.0441769e-01
   8.8118568e-02
   7.8795310e-03
   8.8766851e-03
   7.5336345e-03
   4.1307207e-02
   9.6026035e-03
   1.1249203e-02
   5.6734416e-03
   3.9353486e-02
   7.8276498e-03
   8.9648664e-03
   8.4641073e-03
   4.6100203e-02
   7.4812109e-03
   1.7916517e-02
   2.1073561e-02
   5.3664066e-02
   6.5179453e-03
   6.7152102e-03
   4.0080207e-03
   4.8154041e-02
   7.4425889e-03
   8.3634015e-03
   2.5309615e-03
   5.9396319e-02
   6.4823069e-03
   4.3787989e-03
   5.7743997e-03
   5.7830930e-02
   5.8353511e-03
   1.2074075e-02
   1.4526803e-02
   5.8360394e-02
   1.1843041e-02
   5.2619372e-03
   4.8396778e-03
   1.2706773e-01
   1.1388159e-02
   5.2736434e-03
   2.1957720e-03
   1.4341439e-01
   9.1626979e-03
   3.3660443e-03
   4.9737087e-03
   1.3878316e-01
   9.0963161e-03
   1.4610898e-02
   1.7307516e-02
   1.3472284e-01
   7.0398697e-03
   5.0474443e-03
   4.3111593e-03
   6.7300603e-02
   9.2663765e-03
   5.5563878e-03
   2.5881226e-03
   6.9543906e-02
   6.3324287e-03
   3.5581954e-03
   5.0692121e-03
   6.5275736e-02
   5.7943077e-03
   1.3114477e-02
   1.5695555e-02
   6.9616407e-02
   7.1539115e-03
   8.7037319e-03
   7.2068381e-03
   6.3336335e-02
   1.0760284e-02
   1.0270199e-02
   7.2245966e-03
   5.4413173e-02
   8.1364531e-03
   6.1560068e-03
   7.2367899e-03
   5.8583044e-02
   8.4122643e-03
   1.5614687e-02
   2.1502586e-02
   6.0383014e-02
   8.4399171e-02
   8.5674524e-02
   1.0217198e-01
   6.1460685e-02
   8.7582000e-02
   8.1064060e-02
   9.1241576e-02
   5.6735616e-02
   9.6959822e-02
   9.1521531e-02
   9.2357747e-02
   5.6204110e-02
   8.6588793e-02
   8.8093251e-02
   8.7649614e-02
   5.0988723e-02
