   5.2639689e-02
   6.1755989e-02
   5.9552249e-02
   2.1677060e-02
   4.9641639e-02
   8.9077577e-02
   7.4150681e-02
   2.4749024e-02
   4.2521477e-02
   7.6519772e-02
   6.4127855e-02
   2.8337898e-02
   4.2021740e-02
   1.0644902e-01
   1.0054225e-01
   5.0527535e-02
   3.7742864e-02
   3.2428857e-02
   3.0811457e-02
   1.4845711e-02
   3.9786849e-02
   4.2703655e-02
   3.9199129e-02
   1.6673053e-02
   4.0354434e-02
   3.8854986e-02
   3.4303181e-02
   2.0221153e-02
   4.2057384e-02
   5.8389522e-02
   5.2512214e-02
   3.5968173e-02
   3.8677640e-02
   1.7126674e-02
   1.9711208e-02
   1.2853184e-02
   5.3831793e-02
   1.8439136e-02
   2.0280482e-02
   1.3505729e-02
   7.0071310e-02
   1.9337038e-02
   1.7329598e-02
   1.6504267e-02
   8.4714785e-02
   4.4243678e-02
   2.4597136e-02
   2.9340338e-02
   1.0954585e-01
   3.9784901e-02
   2.5984975e-02
   1.2188259e-02
   1.4784063e-01
   5.0623395e-02
   3.0301819e-02
   1.3503219e-02
   1.5563716e-01
   4.4153541e-02
   2.5258105e-02
   1.7785687e-02
   1.4075442e-01
   1.1946972e-01
   3.5037462e-02
   2.9203789e-02
   8.2038902e-02
   5.7629667e-02
   4.5858242e-02
   1.5030343e-02
   8.9850441e-02
   6.5186001e-02
   6.7184441e-02
   1.8335640e-02
   8.4735148e-02
   4.6060644e-02
   4.4868447e-02
   1.8855255e-02
   6.8589382e-02
   1.0547604e-01
   6.1701596e-02
   3.0622540e-02
   3.1718992e-02
   2.6699804e-02
   3.4491979e-02
   1.5402299e-02
   3.2827016e-02
   2.6219007e-02
   4.7153499e-02
   1.9351641e-02
   4.3680843e-02
   2.1330347e-02
   3.2902036e-02
   2.0544033e-02
   4.6256289e-02
   4.2533875e-02
   4.1423172e-02
   3.3032116e-02
   3.3545367e-02
   1.6002417e-02
   1.9349940e-02
   1.3036015e-02
   3.5215948e-02
   1.8064493e-02
   2.1459118e-02
   1.3579454e-02
   4.1320067e-02
   1.7455375e-02
   1.6984297e-02
   1.7807530e-02
   4.3737311e-02
   3.4322925e-02
   2.3918981e-02
   3.0451685e-02
   3.9420698e-02
   2.9215088e-02
   3.2307845e-02
   1.5370212e-02
   4.2018596e-02
   3.8486119e-02
   3.6863770e-02
   1.5576774e-02
   4.3135568e-02
   3.5786744e-02
   3.0596606e-02
   1.9650018e-02
   4.3436240e-02
   5.6796327e-02
   4.5935556e-02
   3.4255397e-02
   5.1152393e-02
   9.0606980e-02
   7.7079557e-02
   2.8869808e-02
   4.2264994e-02
   9.9602230e-02
   8.6264163e-02
   3.3703089e-02
   3.0759096e-02
   9.7586364e-02
   8.2627900e-02
   3.6080290e-02
   3.2891281e-02
   1.5555310e-01
   1.6098136e-01
   6.8100959e-02
   3.5436910e-02
   4.6451941e-02
   3.8178951e-02
   1.4970023e-02
   3.1338226e-02
   4.8315410e-02
   4.3780103e-02
   1.7234461e-02
   3.1775530e-02
   4.8448216e-02
   4.5142461e-02
   2.0150395e-02
   3.6999479e-02
   7.8430504e-02
   8.2366429e-02
   3.9023038e-02
   5.4015864e-02
   2.2091432e-02
   2.1015631e-02
   1.0533590e-02
   7.9031691e-02
   2.4764692e-02
   2.1597033e-02
   1.0204900e-02
   1.0276974e-01
   2.6303412e-02
   2.3628201e-02
   1.1743865e-02
   1.3042547e-01
   5.1364817e-02
   3.2963514e-02
   2.0725517e-02
   1.8020585e-01
   5.2286834e-02
   3.2014988e-02
   9.7998977e-03
   2.5332341e-01
   7.7374756e-02
   3.8096536e-02
   1.0773528e-02
   2.5080988e-01
   6.5305315e-02
   3.3411600e-02
   1.1963877e-02
   2.2815293e-01
   1.3466601e-01
   4.1421294e-02
   2.0638421e-02
   1.3358541e-01
   7.4769594e-02
   7.5896107e-02
   1.5461892e-02
   1.4686815e-01
   9.8469235e-02
   1.0317389e-01
   1.9965140e-02
   1.2624772e-01
   6.7129940e-02
   6.4390250e-02
   1.5758647e-02
   9.5585875e-02
   1.2576614e-01
   8.2877971e-02
   2.4603281e-02
   3.1102708e-02
   3.0531865e-02
   5.5064883e-02
   1.7063774e-02
   3.2474834e-02
   3.1645507e-02
   7.1649514e-02
   2.3886196e-02
   4.2501308e-02
   2.7071416e-02
   4.7599111e-02
   1.9508384e-02
   4.6518032e-02
   5.1393416e-02
   5.3688481e-02
   3.1345773e-02
   2.0605346e-02
   1.8185994e-02
   2.1471888e-02
   1.1426634e-02
   2.2145918e-02
   1.8030897e-02
   2.6845945e-02
   1.3056076e-02
   3.1001702e-02
   1.8545678e-02
   2.4362816e-02
   1.5258064e-02
   3.5707455e-02
   3.5017986e-02
   3.1013215e-02
   2.7160864e-02
   2.8993264e-02
   4.0962014e-02
   3.9619427e-02
   1.6378863e-02
   2.8830718e-02
   4.2331770e-02
   4.1880213e-02
   1.7401256e-02
   2.9735053e-02
   4.2490993e-02
   3.7755664e-02
   1.8232867e-02
   3.3659082e-02
   7.0592918e-02
   6.6440038e-02
   3.4799840e-02
   8.4162258e-02
   1.2415886e-01
   1.2068181e-01
   5.0255369e-02
   6.1971672e-02
   1.6563636e-01
   1.4507894e-01
   6.8553656e-02
   3.9620418e-02
   1.6118011e-01
   1.4248636e-01
   6.5677211e-02
   4.5617983e-02
   2.6198074e-01
   2.7043763e-01
   1.2283552e-01
   5.4046467e-02
   6.7384377e-02
   5.5708680e-02
   2.3307573e-02
   4.7728945e-02
   7.4283019e-02
   6.4525746e-02
   3.0735856e-02
   4.4922810e-02
   7.4615575e-02
   7.0817448e-02
   3.2683846e-02
   5.8065604e-02
   1.2298016e-01
   1.3224909e-01
   6.4106189e-02
   7.3948383e-02
   3.5722941e-02
   2.8205503e-02
   1.1435658e-02
   9.7488366e-02
   2.9892407e-02
   2.8940868e-02
   1.1235331e-02
   1.3291314e-01
   3.0952198e-02
   3.3355318e-02
   1.2695194e-02
   1.7551556e-01
   3.9142620e-02
   4.1384041e-02
   2.1232409e-02
   2.3336530e-01
   8.5457586e-02
   4.3756872e-02
   1.1277340e-02
   2.6999122e-01
   9.1689266e-02
   4.6878900e-02
   1.1431191e-02
   2.8274822e-01
   6.3486502e-02
   4.2267267e-02
   1.2696419e-02
   2.7873525e-01
   8.3389200e-02
   5.0100423e-02
   1.6365277e-02
   1.7456962e-01
   1.2172675e-01
   1.1540350e-01
   1.9272277e-02
   1.5310024e-01
   1.2170612e-01
   1.3262714e-01
   2.7303346e-02
   1.3829377e-01
   7.0949934e-02
   7.7731080e-02
   1.9623937e-02
   1.1071772e-01
   1.0966542e-01
   1.0400695e-01
   2.2217192e-02
   4.3367952e-02
   4.6429817e-02
   8.1291467e-02
   2.1867150e-02
   4.2576987e-02
   3.5798118e-02
   9.2658281e-02
   3.5925247e-02
   6.0863953e-02
   3.2710578e-02
   6.0552686e-02
   2.4210241e-02
   6.9255382e-02
   4.7680650e-02
   6.1201788e-02
   3.2845620e-02
   3.0952597e-02
   2.4880076e-02
   3.1689167e-02
   1.7023945e-02
   3.0728066e-02
   1.9494249e-02
   3.6222603e-02
   1.9438762e-02
   4.2858113e-02
   2.4808325e-02
   3.3769313e-02
   1.8927049e-02
   5.1452611e-02
   3.9843284e-02
   3.4664344e-02
   2.1829415e-02
   4.8553284e-02
   5.5460095e-02
   5.7865612e-02
   2.5665730e-02
   3.8090330e-02
   6.3230626e-02
   6.4085551e-02
   3.1108158e-02
   3.7877619e-02
   6.7036606e-02
   5.8050409e-02
   2.6286965e-02
   4.8756704e-02
   1.1142434e-01
   1.0674761e-01
   4.7160238e-02
   1.2142552e-01
   1.8407331e-01
   2.0988335e-01
   9.4480619e-02
   8.6914629e-02
   2.3542547e-01
   2.3214236e-01
   1.1664831e-01
   4.8216645e-02
   1.9816935e-01
   1.9529566e-01
   1.0264236e-01
   5.4421958e-02
   9.6423976e-02
   1.1940573e-01
   5.1633939e-02
   8.2644999e-02
   9.2762947e-02
   9.4122961e-02
   4.3001868e-02
   6.8753749e-02
   1.0364325e-01
   9.4488822e-02
   5.2715361e-02
   6.1080132e-02
   8.8712387e-02
   9.3731090e-02
   5.3384222e-02
   6.4270347e-02
   5.4768886e-02
   6.3161522e-02
   2.8658038e-02
   7.0776701e-02
   4.6301380e-02
   3.9808381e-02
   2.0930773e-02
   7.7724345e-02
   3.0478649e-02
   3.2436330e-02
   1.6541833e-02
   9.8092407e-02
   3.2314956e-02
   3.4869436e-02
   1.7070657e-02
   1.1777104e-01
   3.4692124e-02
   3.0667620e-02
   1.3596543e-02
   1.3111882e-01
   1.0938729e-01
   5.0599277e-02
   1.6026927e-02
   1.3514957e-01
   9.9085048e-02
   4.2569313e-02
   1.7609123e-02
   1.3446206e-01
   7.5272225e-02
   4.6981595e-02
   1.7260890e-02
   1.4446296e-01
   1.0508601e-01
   6.4423002e-02
   1.2971257e-02
   1.2449427e-01
   1.5655288e-01
   1.3119233e-01
   3.3113275e-02
   9.0403259e-02
   1.3658519e-01
   1.2997180e-01
   4.3426808e-02
   7.5317286e-02
   7.9035841e-02
   7.7310063e-02
   2.8658088e-02
   7.1193963e-02
   1.2132271e-01
   1.2619860e-01
   2.8973799e-02
   4.6147417e-02
   4.5845646e-02
   9.2521340e-02
   3.4742024e-02
   5.1716562e-02
   3.7168548e-02
   9.3140773e-02
   5.4020565e-02
   6.7198984e-02
   3.5148360e-02
   6.5777712e-02
   3.0482760e-02
   8.6325794e-02
   3.6768209e-02
   6.2060241e-02
   4.3654099e-02
   4.0222395e-02
   3.1073697e-02
   3.9048683e-02
   3.2516025e-02
   4.6801835e-02
   1.7373798e-02
   3.2674070e-02
   2.3840675e-02
   5.0215218e-02
   2.3605622e-02
   4.2092640e-02
   1.6831487e-02
   6.5367252e-02
   2.4756463e-02
   2.6844479e-02
   2.3192802e-02
   6.6849120e-02
   7.9441033e-02
   9.0535529e-02
   4.8335973e-02
   4.9584225e-02
   8.7425657e-02
   9.1141999e-02
   4.9247298e-02
   5.4536577e-02
   9.2645653e-02
   7.0363455e-02
   3.3953182e-02
   5.7815734e-02
   4.7634710e-02
   4.9610667e-02
   2.2043413e-02
