   3.2138452e-02
   4.0849578e-02
   5.1968955e-02
   1.7743235e-02
   2.8633924e-02
   2.8429810e-02
   4.5566939e-02
   4.3099888e-02
   2.8090311e-02
   1.6958600e-02
   2.1242574e-02
   3.7813112e-02
   2.5986746e-02
   3.3159036e-02
   1.2325333e-02
   4.4924662e-02
   2.9307045e-02
   3.5025723e-02
   4.5899760e-02
   1.7861784e-02
   2.6125373e-02
   2.8492033e-02
   3.7634313e-02
   3.6974411e-02
   2.8972445e-02
   1.5299624e-02
   2.0803675e-02
   3.5599742e-02
   2.5779849e-02
   2.6133124e-02
   1.1767891e-02
   4.2109396e-02
   2.8591817e-02
   3.3760365e-02
   4.6626344e-02
   2.8328041e-02
   2.5539299e-02
   3.3045325e-02
   3.1664852e-02
   3.2312080e-02
   2.8928416e-02
   1.3470868e-02
   2.0430529e-02
   4.2235851e-02
   2.5428807e-02
   2.0301621e-02
   1.2206234e-02
   5.1041570e-02
   3.1830724e-02
   3.6711954e-02
   6.5392718e-02
   3.8638826e-02
   2.6809638e-02
   4.1136209e-02
   5.0021052e-02
   3.9791584e-02
   3.1266078e-02
   1.3756720e-02
   3.6994528e-02
   7.4950449e-02
   2.6637586e-02
   2.2570409e-02
   2.1467028e-02
   8.5704669e-02
   4.0471952e-02
   5.8600958e-02
   6.7665450e-02
   2.2946792e-02
   5.9016865e-02
   6.5908313e-02
   5.7201702e-02
   3.9741740e-02
   9.9468149e-02
   2.1415751e-02
   4.4490930e-02
   6.0951144e-02
   9.2135020e-02
   2.9201692e-02
   3.0984631e-02
   7.3225692e-02
   9.3124233e-02
   8.8632092e-02
   5.0069418e-02
   1.7668141e-02
   1.4068152e-01
   8.3906136e-02
   3.8178507e-02
   3.3724234e-02
   1.8535323e-01
   2.6530478e-02
   2.9204994e-02
   3.9509047e-02
   1.5139216e-01
   2.6414346e-02
   1.7105129e-02
   4.7147866e-02
   9.1336563e-02
   5.2903760e-02
   4.3953832e-02
   1.7131807e-02
   8.0956370e-02
   3.8963266e-02
   3.1138329e-02
   2.9701112e-02
   7.3943764e-02
   1.7477226e-02
   2.2045484e-02
   3.6805023e-02
   5.3784337e-02
   2.5581118e-02
   1.1668028e-02
   4.5380287e-02
   3.9225779e-02
   3.6025155e-02
   4.7031213e-02
   1.7614814e-02
   2.9866353e-02
   2.6899409e-02
   3.4003224e-02
   3.2342177e-02
   2.8842639e-02
   1.6227115e-02
   2.0409528e-02
   3.7298325e-02
   2.4794716e-02
   2.8756138e-02
   1.1352370e-02
   4.3997101e-02
   3.8438406e-02
   4.9125716e-02
   5.8036186e-02
   1.3903883e-02
   3.2618962e-02
   2.8341560e-02
   5.2245319e-02
   3.9878432e-02
   2.4823314e-02
   1.9558769e-02
   2.2237599e-02
   2.8772291e-02
   2.3964465e-02
   3.5498470e-02
   1.3068821e-02
   3.3536319e-02
   3.4099061e-02
   4.2005681e-02
   4.8958577e-02
   1.5108713e-02
   2.8562501e-02
   2.7247339e-02
   3.9494988e-02
   3.4319695e-02
   2.4113577e-02
   1.6908286e-02
   2.0858401e-02
   2.8477782e-02
   2.0894870e-02
   2.6589844e-02
   1.0964396e-02
   3.3647139e-02
   3.4127731e-02
   4.2336199e-02
   4.9310807e-02
   2.9907914e-02
   2.9797517e-02
   4.1940175e-02
   3.6890056e-02
   3.0284723e-02
   2.5400771e-02
   1.5704190e-02
   2.4892550e-02
   4.3491885e-02
   2.2994669e-02
   2.1311270e-02
   1.0146388e-02
   4.5949284e-02
   3.9348189e-02
   4.5074083e-02
   7.7590577e-02
   4.5086164e-02
   3.5506681e-02
   5.4353561e-02
   6.5935329e-02
   4.2953398e-02
   3.7012998e-02
   1.6159998e-02
   4.7846891e-02
   9.4729878e-02
   3.4356061e-02
   2.3309827e-02
   2.1538446e-02
   1.0561866e-01
   6.1431356e-02
   6.5612607e-02
   8.0877461e-02
   2.4742799e-02
   9.8370723e-02
   5.9546173e-02
   7.0032768e-02
   4.5079436e-02
   1.2757157e-01
   2.3477176e-02
   5.0749443e-02
   6.9403529e-02
   1.2638062e-01
   2.9098116e-02
   3.5790332e-02
   8.6680166e-02
   1.6475914e-01
   1.2020499e-01
   5.5392977e-02
   1.5557318e-02
   2.4479894e-01
   7.3330611e-02
   3.8783070e-02
   3.3137325e-02
   2.5750825e-01
   2.7506473e-02
   3.4309715e-02
   3.1248359e-02
   2.0586134e-01
   2.7395573e-02
   1.6870135e-02
   3.9265562e-02
   1.5747872e-01
   7.2642870e-02
   4.1891728e-02
   1.1885644e-02
   1.3881063e-01
   3.8767613e-02
   2.9245274e-02
   2.2775970e-02
   1.0938431e-01
   1.7016249e-02
   2.4250150e-02
   2.6264498e-02
   7.6992400e-02
   2.4967259e-02
   1.0147846e-02
   3.2537289e-02
   5.8012784e-02
   4.3461431e-02
   4.7083281e-02
   1.2034187e-02
   3.9590638e-02
   2.6837345e-02
   3.5984460e-02
   2.6873376e-02
   2.9621769e-02
   1.6959868e-02
   1.9937726e-02
   2.6238523e-02
   2.6043691e-02
   3.1366646e-02
   9.8779025e-03
   3.0952372e-02
   6.2835373e-02
   6.0693514e-02
   6.0496584e-02
   1.8739358e-02
   5.4193828e-02
   3.6705285e-02
   5.8902506e-02
   4.5393549e-02
   3.5565738e-02
   2.0813540e-02
   1.7487358e-02
   2.0387501e-02
   3.0907091e-02
   4.6426028e-02
   1.4881876e-02
   2.8595947e-02
   5.6718744e-02
   5.3374499e-02
   5.1354319e-02
   2.0342777e-02
   4.3757293e-02
   3.7020799e-02
   5.3348910e-02
   4.3785151e-02
   3.2628529e-02
   1.8768089e-02
   1.8630899e-02
   2.5140615e-02
   2.5782729e-02
   3.3580106e-02
   1.1192215e-02
   3.1622760e-02
   5.7758126e-02
   4.9036309e-02
   5.5980995e-02
   2.8756993e-02
   5.4670893e-02
   5.2596703e-02
   5.8473803e-02
   3.4955483e-02
   3.5918366e-02
   1.6903944e-02
   3.6806170e-02
   4.4758614e-02
   3.5083681e-02
   2.1144193e-02
   9.5982039e-03
   4.4471111e-02
   6.5865517e-02
   5.1932774e-02
   1.0620926e-01
   4.1956499e-02
   6.1178602e-02
   6.6015065e-02
   1.1242518e-01
   4.8936334e-02
   5.4291349e-02
   1.8565260e-02
   7.1662970e-02
   1.2377680e-01
   5.2129868e-02
   1.8960269e-02
   2.6700582e-02
   1.2624584e-01
   8.5946716e-02
   6.2292539e-02
   1.0095716e-01
   3.6537394e-02
   1.0992082e-01
   6.1629016e-02
   1.0805126e-01
   6.1273322e-02
   1.4082876e-01
   3.2144211e-02
   6.1571177e-02
   8.6076669e-02
   1.1956065e-01
   2.8087556e-02
   4.6549615e-02
   1.0365874e-01
   2.6832214e-01
   8.8408880e-02
   5.7404861e-02
   2.0636555e-02
   3.0104545e-01
   6.8288535e-02
   4.6307478e-02
   4.0803265e-02
   3.1580359e-01
   3.5395857e-02
   3.1021424e-02
   2.9160352e-02
   2.0384924e-01
   2.7647823e-02
   1.8991625e-02
   3.2906089e-02
   2.7091944e-01
   5.9009407e-02
   4.1147400e-02
   1.4069939e-02
   1.9532037e-01
   3.4277096e-02
   3.6829375e-02
   2.6747124e-02
   1.5054224e-01
   1.9052347e-02
   2.2493733e-02
   2.1621892e-02
   8.8802263e-02
   2.1414885e-02
   8.9860233e-03
   2.7231667e-02
   9.9744439e-02
   4.5287989e-02
   5.3582903e-02
   1.6711242e-02
   6.7997448e-02
   2.7448898e-02
   4.5826610e-02
   2.8824931e-02
   4.4670057e-02
   1.7907979e-02
   1.9479787e-02
   2.0679027e-02
   4.2125441e-02
   3.5499673e-02
   9.6373176e-03
   2.7866935e-02
   7.9148427e-02
   7.4852422e-02
   7.0586838e-02
   3.4713179e-02
   7.3810555e-02
   4.0970813e-02
   8.6331673e-02
   7.4588805e-02
   3.7800338e-02
   1.7383395e-02
   1.8327666e-02
   2.3186306e-02
   4.0233634e-02
   2.8766613e-02
   1.4947304e-02
   2.5168765e-02
   7.9238251e-02
   6.9104351e-02
   6.9431990e-02
   3.2653272e-02
   6.3989110e-02
   4.6050105e-02
   8.3987027e-02
   5.6949366e-02
   4.1847307e-02
   1.6598057e-02
   2.6503384e-02
   2.4860654e-02
   3.7216231e-02
   2.5057884e-02
   1.1745169e-02
   2.8668340e-02
   7.6520920e-02
   4.6960164e-02
   6.7455173e-02
   2.5360845e-02
   7.5205736e-02
   5.7974320e-02
   7.7599891e-02
   4.4869088e-02
   4.9491089e-02
   2.0673923e-02
   5.3016607e-02
   6.0052026e-02
   5.1778521e-02
   2.0122418e-02
   1.0204804e-02
   4.9811523e-02
   7.2583899e-02
   5.2990556e-02
   8.3020106e-02
   4.1034583e-02
   7.1852423e-02
   6.4467125e-02
   1.3715114e-01
   5.3330496e-02
   5.2899636e-02
   2.4488200e-02
   1.0431921e-01
   1.7918172e-01
   5.5980846e-02
   2.0386133e-02
   3.2409210e-02
   1.6248624e-01
   6.9127999e-02
   7.7497676e-02
   1.0656255e-01
   6.2521629e-02
   5.4294243e-02
   8.8126361e-02
   1.3413145e-01
   7.3980816e-02
   5.7525519e-02
   5.2203313e-02
   8.4940404e-02
   1.1797687e-01
   7.5665146e-02
   4.0690586e-02
   5.6469604e-02
   1.3067247e-01
   1.7715260e-01
   9.3540393e-02
   6.0224596e-02
   3.5994511e-02
   1.2743807e-01
   1.0156972e-01
   5.8590557e-02
   5.0783038e-02
   1.0746819e-01
   5.6092776e-02
   4.1468225e-02
   3.0993134e-02
   1.0634078e-01
   4.2608164e-02
   2.2525640e-02
   3.5430703e-02
   2.1331210e-01
   6.3588984e-02
   3.0543903e-02
   2.0533221e-02
   1.2073896e-01
   4.5315202e-02
   3.9312199e-02
   4.5870353e-02
   6.7233033e-02
   2.0141700e-02
   2.3474807e-02
   2.4791209e-02
   5.4979641e-02
   2.2373153e-02
   1.0696723e-02
   2.7560482e-02
   1.1025213e-01
   5.1414534e-02
   4.8822522e-02
   2.4572225e-02
   7.2512932e-02
   3.0624980e-02
   6.4475752e-02
   3.8737945e-02
   3.6742724e-02
   1.5179504e-02
   1.7227633e-02
   2.7346930e-02
   4.1032758e-02
   2.6334634e-02
   9.8671382e-03
   2.6499638e-02
