   3.3014432e-02
   8.3285987e-02
   7.2510362e-02
   1.6105147e-02
   7.3268726e-02
   1.3942268e-01
   9.3563050e-02
   1.2217218e-02
   8.0520973e-02
   7.9673126e-02
   3.8799521e-02
   1.3535527e-02
   3.8540699e-02
   5.0958537e-02
   4.4933621e-02
   2.2329500e-02
   6.1670277e-02
   5.5677511e-02
   3.5338644e-02
   1.1501620e-02
   9.6506566e-02
   1.2893239e-01
   5.3578477e-02
   1.1437643e-02
   4.5486830e-02
   5.7302400e-02
   3.9675802e-02
   1.3915163e-02
   3.4115441e-02
   5.0018452e-02
   3.8954891e-02
   2.1784244e-02
   1.2001775e-01
   8.8889085e-02
   1.4319827e-02
   8.2282545e-03
   5.9388198e-02
   1.1281132e-01
   2.4779530e-02
   1.1713862e-02
   3.6951814e-02
   5.0709907e-02
   4.6601951e-02
   1.3269815e-02
   3.4094419e-02
   4.7444131e-02
   3.9112020e-02
   2.3410961e-02
   7.5000457e-02
   1.3528121e-01
   2.0434074e-02
   9.2010964e-03
   4.4344693e-02
   8.5293323e-02
   2.6540415e-02
   1.3074951e-02
   4.0562503e-02
   6.0493767e-02
   5.0974097e-02
   1.4119364e-02
   3.5627272e-02
   4.9369093e-02
   5.9987601e-02
   3.2203533e-02
   4.0221684e-02
   6.8685979e-02
   4.4517115e-02
   1.1465449e-02
   5.0334986e-02
   7.0118107e-02
   4.4966809e-02
   1.5698398e-02
   4.8687495e-02
   7.8554168e-02
   5.0498214e-02
   1.5594573e-02
   4.1500390e-02
   6.7099087e-02
   6.5199830e-02
   3.6507059e-02
   3.1135524e-02
   3.3333957e-02
   3.1898983e-02
   1.1140949e-02
   4.4044022e-02
   5.6647148e-02
   2.8168691e-02
   1.4261106e-02
   4.2180061e-02
   7.4871533e-02
   3.7595041e-02
   1.3989029e-02
   6.5276153e-02
   1.0921191e-01
   4.0980421e-02
   2.3424514e-02
   3.0073054e-02
   2.9043786e-02
   1.6185509e-02
   1.2447208e-02
   4.0520921e-02
   4.8802726e-02
   2.1311888e-02
   1.3553246e-02
   5.0650679e-02
   9.4233811e-02
   3.0673932e-02
   1.3176929e-02
   1.1232137e-01
   9.5912278e-02
   3.6633302e-02
   2.1041906e-02
   2.9084679e-02
   4.7014762e-02
   3.3684872e-02
   1.2262001e-02
   4.2652313e-02
   7.4580744e-02
   4.4644888e-02
   1.3575327e-02
   9.0947434e-02
   9.8576412e-02
   3.2816239e-02
   1.2720712e-02
   7.1762681e-02
   5.5049438e-02
   3.7492007e-02
   2.1362171e-02
   3.5333067e-02
   1.0914986e-01
   9.8476663e-02
   2.1209989e-02
   1.0882880e-01
   1.6663910e-01
   1.2608200e-01
   8.5088415e-03
   1.1633787e-01
   9.4668567e-02
   3.9754506e-02
   1.0231954e-02
   4.8358820e-02
   4.9945038e-02
   4.4959880e-02
   1.5455704e-02
   9.5803604e-02
   6.8822905e-02
   4.7200482e-02
   1.3681493e-02
   1.6063553e-01
   1.5052016e-01
   6.8584926e-02
   7.9134228e-03
   5.0337236e-02
   6.1327584e-02
   4.5146946e-02
   1.0223489e-02
   3.7679482e-02
   5.2736074e-02
   3.7050549e-02
   1.4488886e-02
   2.0603748e-01
   9.8365590e-02
   1.3886695e-02
   6.9481214e-03
   9.1733932e-02
   1.2650010e-01
   2.3099193e-02
   8.3934283e-03
   3.5787296e-02
   5.2125022e-02
   5.7771917e-02
   9.5264241e-03
   3.4027997e-02
   5.1965334e-02
   3.6544710e-02
   1.5690628e-02
   1.1864322e-01
   1.3247925e-01
   2.5463304e-02
   7.2823153e-03
   5.2964300e-02
   8.5125513e-02
   2.8502773e-02
   8.7403981e-03
   4.2375896e-02
   6.4759172e-02
   6.2630735e-02
   1.0834821e-02
   3.7254363e-02
   5.1060323e-02
   6.2726341e-02
   3.3623837e-02
   4.6606898e-02
   7.2043516e-02
   5.7719305e-02
   1.1037831e-02
   5.6683432e-02
   6.3786380e-02
   5.6415163e-02
   1.2174717e-02
   5.0841860e-02
   7.0419803e-02
   5.9244867e-02
   1.2443599e-02
   4.7203336e-02
   6.5526187e-02
   6.6298075e-02
   4.3841287e-02
   3.6092531e-02
   3.6851838e-02
   3.8266085e-02
   1.0498180e-02
   4.7444455e-02
   6.4159445e-02
   3.2504302e-02
   1.1050789e-02
   4.5426425e-02
   7.7490427e-02
   3.8967099e-02
   9.3677342e-03
   9.7193263e-02
   1.0124794e-01
   3.7813652e-02
   1.7953312e-02
   3.3141728e-02
   3.1715631e-02
   1.7867412e-02
   1.2724864e-02
   3.8852442e-02
   5.4870497e-02
   2.1016514e-02
   1.0717778e-02
   6.8294100e-02
   1.2322955e-01
   3.1018937e-02
   8.3197989e-03
   1.7282242e-01
   1.0219706e-01
   3.4102224e-02
   1.4358711e-02
   3.1237449e-02
   5.2707888e-02
   4.2947270e-02
   1.3203199e-02
   4.4410225e-02
   8.3451651e-02
   5.5483125e-02
   1.1162235e-02
   1.3093813e-01
   1.3116908e-01
   3.2932710e-02
   8.7796310e-03
   1.0696010e-01
   5.5133488e-02
   3.3038706e-02
   1.5450327e-02
   5.6387175e-02
   9.1762319e-02
   7.1823351e-02
   2.5869211e-02
   1.6366482e-01
   6.0831826e-02
   4.4280808e-02
   5.8535808e-03
   1.9079570e-01
   1.0179427e-01
   6.0148552e-02
   7.6142843e-03
   8.1514128e-02
   5.5716354e-02
   5.9663117e-02
   1.3944505e-02
   1.4751515e-01
   5.3986218e-02
   3.9011411e-02
   1.6295809e-02
   2.3270063e-01
   9.1949008e-02
   3.7523817e-02
   5.9344834e-03
   8.5155420e-02
   6.7110471e-02
   7.2361268e-02
   8.2521522e-03
   6.3713357e-02
   6.6140346e-02
   4.5325343e-02
   1.2807959e-02
   2.7801615e-01
   4.9424857e-02
   1.4511407e-02
   6.4797061e-03
   1.3861001e-01
   9.0608612e-02
   2.6104663e-02
   6.9971299e-03
   5.7907168e-02
   6.1542600e-02
   9.1081008e-02
   7.5542126e-03
   5.4000996e-02
   6.4596362e-02
   4.9304400e-02
   1.5004819e-02
   1.4383753e-01
   7.3664539e-02
   2.9816417e-02
   7.1081370e-03
   8.1693195e-02
   5.6817558e-02
   3.7102316e-02
   7.9090754e-03
   6.3130729e-02
   6.5232061e-02
   9.0615690e-02
   1.0235963e-02
   5.9564915e-02
   5.3168345e-02
   9.0794757e-02
   3.6396232e-02
   6.5262005e-02
   6.4699881e-02
   7.1370110e-02
   1.2133661e-02
   7.0252053e-02
   6.7234248e-02
   6.9704555e-02
   1.2710740e-02
   6.1281744e-02
   8.0995739e-02
   8.1357799e-02
   1.3112321e-02
   6.3817725e-02
   6.1684761e-02
   9.5607042e-02
   4.8006084e-02
   5.1899400e-02
   3.3965752e-02
   4.5138981e-02
   1.0751197e-02
   6.8267174e-02
   5.2826919e-02
   4.1132439e-02
   8.5497489e-03
   7.0378236e-02
   6.7218259e-02
   5.0824866e-02
   7.9109212e-03
   1.3017029e-01
   7.0144899e-02
   4.6498135e-02
   1.6788894e-02
   5.4586843e-02
   3.4636013e-02
   2.0083508e-02
   1.0812720e-02
   6.2158510e-02
   5.5970613e-02
   2.2671241e-02
   7.3978184e-03
   1.2061011e-01
   9.5599093e-02
   3.4303583e-02
   7.2273174e-03
   2.7971715e-01
   6.2237542e-02
   3.7557345e-02
   1.1592107e-02
   4.8726261e-02
   5.3714331e-02
   3.9132856e-02
   1.3663922e-02
   7.6182820e-02
   4.8667286e-02
   3.0472349e-02
   7.3067639e-03
   2.2269368e-01
   1.2198914e-01
   4.7253750e-02
   7.0589399e-03
   1.8664514e-01
   5.1951040e-02
   4.0483054e-02
   1.2638230e-02
   8.1274398e-02
   6.4277887e-02
   5.9512254e-02
   2.7885064e-02
   1.7766646e-01
   3.6382627e-02
   3.9318845e-02
   5.3182454e-03
   2.1037392e-01
   6.2597215e-02
   8.3986782e-02
   7.9286275e-03
   1.0011876e-01
   5.2197993e-02
   8.9453466e-02
   1.0699155e-02
   1.4032793e-01
   3.3498123e-02
   3.4932580e-02
   1.9123886e-02
   2.0135504e-01
   4.8285440e-02
   3.6758181e-02
   5.1004225e-03
   9.5582627e-02
   4.7752395e-02
   8.5799806e-02
   9.8774349e-03
   8.3703242e-02
   8.5835747e-02
   7.6767564e-02
   1.1351306e-02
   1.7925121e-01
   3.6242723e-02
   1.8851308e-02
   8.2208747e-03
   1.1019935e-01
   3.8975950e-02
   4.1232135e-02
   4.3129772e-03
   8.7015033e-02
   5.0194036e-02
   1.0368042e-01
   1.0068524e-02
   7.6005340e-02
   8.2435071e-02
   5.4623984e-02
   1.8044572e-02
   7.6374844e-02
   6.9483846e-02
   4.6416759e-02
   1.0196630e-02
   7.4476071e-02
   3.3126634e-02
   5.6846652e-02
   1.0095729e-02
   6.7426749e-02
   4.4626944e-02
   1.2661509e-01
   2.2601295e-02
   6.4595379e-02
   5.9677761e-02
   9.5908858e-02
   5.7806041e-02
   7.3448338e-02
   5.7193529e-02
   1.0546518e-01
   2.0577844e-02
   7.6823987e-02
   5.4603495e-02
   9.9581450e-02
   1.8619398e-02
   8.3855040e-02
   6.5574855e-02
   1.0292470e-01
   2.6155366e-02
   6.6596821e-02
   6.3059345e-02
   9.9424377e-02
   6.4451762e-02
   5.6136295e-02
   2.1546738e-02
   5.6048404e-02
   1.6537117e-02
   7.2013877e-02
   3.1749088e-02
   5.7228837e-02
   1.2090074e-02
   6.3345693e-02
   5.6404635e-02
   6.5411478e-02
   1.0903554e-02
   6.6852428e-02
   7.8170635e-02
   5.9502851e-02
   1.9589365e-02
   7.4684665e-02
   2.6353283e-02
   2.0194443e-02
   1.6064215e-02
   8.8763334e-02
   3.6149088e-02
   2.6082044e-02
   6.2887897e-03
   9.9916019e-02
   6.0910892e-02
   4.3316346e-02
   4.9546142e-03
   1.5763584e-01
   8.4456153e-02
   4.7314409e-02
   1.0384661e-02
   7.1318433e-02
   5.0404910e-02
   3.5524763e-02
   1.5308396e-02
   9.2895702e-02
   3.1619765e-02
   3.4657773e-02
   4.3733073e-03
   2.0817015e-01
   6.7738116e-02
   6.0321763e-02
   5.6203646e-03
   1.5118249e-01
   5.5119686e-02
   5.5485178e-02
   1.0369369e-02
