   3.5979714e-02
   5.9924595e-02
   6.0755048e-02
   1.6223647e-02
   3.1448405e-02
   2.2940516e-02
   7.9143710e-02
   1.7240442e-02
   1.6908484e-02
   1.4133272e-02
   3.8272571e-02
   2.0624155e-02
   1.0298536e-02
   1.1744285e-02
   4.6650007e-02
   6.8926081e-02
   3.4894831e-02
   5.4439094e-02
   5.6955483e-02
   1.5277676e-02
   3.0367082e-02
   1.9893561e-02
   7.5398676e-02
   1.6435824e-02
   1.1485301e-02
   9.8957615e-03
   3.8888738e-02
   2.1454677e-02
   9.2274453e-03
   8.9134984e-03
   4.8813079e-02
   6.9912173e-02
   3.3636980e-02
   5.0918944e-02
   5.1869970e-02
   1.4809698e-02
   3.0238705e-02
   1.9976696e-02
   6.9286063e-02
   1.6324071e-02
   8.3139800e-03
   8.0621857e-03
   3.8410675e-02
   2.3737198e-02
   9.0791108e-03
   8.5126460e-03
   5.0347909e-02
   6.6997543e-02
   3.6835317e-02
   5.5970814e-02
   5.7718746e-02
   1.5272514e-02
   3.3983193e-02
   2.3255147e-02
   6.7336813e-02
   1.7632075e-02
   8.6787241e-03
   9.2781289e-03
   3.1389091e-02
   3.0543894e-02
   9.7803306e-03
   1.0037867e-02
   5.7529431e-02
   7.1001038e-02
   5.0352048e-02
   8.6722523e-02
   7.8319021e-02
   1.8092563e-02
   7.8390144e-02
   2.7427839e-02
   6.9747262e-02
   2.0735415e-02
   1.6538365e-02
   1.3069957e-02
   3.1670887e-02
   3.2954782e-02
   1.1116632e-02
   1.3148444e-02
   5.4949328e-02
   6.8747163e-02
   1.0844533e-01
   1.2587830e-01
   6.5044470e-02
   1.5864652e-02
   1.6444260e-01
   2.9456224e-02
   7.0416860e-02
   1.8962206e-02
   3.0795326e-02
   1.0924038e-02
   3.4802105e-02
   2.7381230e-02
   1.1507998e-02
   1.1271312e-02
   4.8999116e-02
   6.1339423e-02
   8.6111270e-02
   7.0090011e-02
   5.8121428e-02
   1.4396904e-02
   7.9860762e-02
   2.5180139e-02
   6.9551811e-02
   1.6423836e-02
   2.0426236e-02
   8.3937887e-03
   4.4142190e-02
   2.2789223e-02
   1.0914740e-02
   8.8851023e-03
   4.5258313e-02
   5.7464842e-02
   3.8277239e-02
   5.4667160e-02
   6.1795495e-02
   1.4875920e-02
   3.1812936e-02
   2.3670590e-02
   7.2171576e-02
   1.6976519e-02
   1.3316249e-02
   9.8654227e-03
   4.0291924e-02
   2.0496449e-02
   1.0648692e-02
   9.3616368e-03
   4.6326000e-02
   6.2529281e-02
   4.1657958e-02
   5.6285050e-02
   5.8090776e-02
   1.2171237e-02
   2.7311491e-02
   2.0864569e-02
   6.4533986e-02
   1.6670346e-02
   2.2826999e-02
   1.8676847e-02
   3.9722085e-02
   2.0255821e-02
   8.2820291e-03
   1.5564466e-02
   4.1101720e-02
   6.2308274e-02
   3.9142359e-02
   5.0192583e-02
   4.9102437e-02
   9.7466297e-03
   2.5961416e-02
   1.8734459e-02
   5.6727167e-02
   1.3197940e-02
   1.2686171e-02
   1.0596165e-02
   4.2735089e-02
   2.1569071e-02
   6.5427702e-03
   9.4546331e-03
   4.2276461e-02
   6.1301239e-02
   3.7645914e-02
   4.9866524e-02
   4.3194976e-02
   9.4067659e-03
   3.0131929e-02
   1.8038874e-02
   5.5363134e-02
   1.2899926e-02
   8.4081721e-03
   7.1239811e-03
   4.4532958e-02
   2.3844052e-02
   6.4875511e-03
   7.5832698e-03
   4.6615556e-02
   6.2191926e-02
   4.6694983e-02
   5.4900095e-02
   5.7132021e-02
   1.1155105e-02
   4.1869882e-02
   1.8726422e-02
   6.1924081e-02
   1.7467804e-02
   1.0289422e-02
   9.1025028e-03
   3.2785982e-02
   3.6648557e-02
   7.5833406e-03
   8.5130446e-03
   4.8546556e-02
   6.7868717e-02
   7.3411793e-02
   7.4697152e-02
   8.8195369e-02
   1.8304376e-02
   1.0190604e-01
   2.4568090e-02
   6.6063479e-02
   2.1522008e-02
   2.4100183e-02
   1.5516648e-02
   3.6380209e-02
   3.9986633e-02
   9.7830752e-03
   1.4859198e-02
   4.9829908e-02
   7.2553001e-02
   1.7224021e-01
   9.8861806e-02
   6.7237966e-02
   1.4323036e-02
   2.3681292e-01
   2.8879853e-02
   5.3236116e-02
   1.7255090e-02
   4.4621665e-02
   1.1918358e-02
   4.2803183e-02
   2.8785823e-02
   9.1871722e-03
   1.1743622e-02
   4.5482073e-02
   5.7418920e-02
   1.3624538e-01
   6.2280178e-02
   4.8837606e-02
   1.1351523e-02
   1.1935338e-01
   2.4086263e-02
   5.2461896e-02
   1.3867895e-02
   2.9460043e-02
   8.7313494e-03
   5.0881244e-02
   2.1449951e-02
   7.6410435e-03
   8.2485126e-03
   4.1231435e-02
   4.7336739e-02
   5.2687697e-02
   5.2047309e-02
   5.3281654e-02
   1.1270757e-02
   3.3425245e-02
   2.1746613e-02
   6.0263038e-02
   1.4718706e-02
   1.6248124e-02
   1.1693770e-02
   4.2927340e-02
   2.0999406e-02
   8.1130983e-03
   1.0211128e-02
   4.1072037e-02
   5.3827446e-02
   6.4814657e-02
   5.0737865e-02
   6.0638957e-02
   1.3879101e-02
   3.6527526e-02
   2.4682852e-02
   5.6079596e-02
   2.2357881e-02
   3.7866294e-02
   2.7075881e-02
   4.5872569e-02
   2.8956674e-02
   6.1849211e-03
   1.9678522e-02
   3.4061573e-02
   6.0951080e-02
   6.1028741e-02
   5.1378608e-02
   5.3159270e-02
   9.4722416e-03
   3.7992973e-02
   2.4990274e-02
   5.7356618e-02
   1.7638775e-02
   1.9809533e-02
   1.5087109e-02
   4.5635726e-02
   2.8799044e-02
   5.6964508e-03
   1.0654125e-02
   2.9891325e-02
   6.0352262e-02
   6.4035200e-02
   5.0693627e-02
   4.0336508e-02
   9.8815951e-03
   4.3222032e-02
   2.0365849e-02
   5.2883651e-02
   1.8154679e-02
   1.1471594e-02
   8.1310552e-03
   4.3948554e-02
   3.5877094e-02
   5.0631086e-03
   8.2155997e-03
   3.4073230e-02
   5.8435459e-02
   7.5715825e-02
   4.9637154e-02
   5.3553123e-02
   1.2633534e-02
   6.0809109e-02
   2.0947618e-02
   5.8715541e-02
   2.6233159e-02
   1.5236652e-02
   8.8195596e-03
   4.1506715e-02
   5.1935531e-02
   6.1514648e-03
   9.3398998e-03
   4.2002372e-02
   7.2396442e-02
   9.3484782e-02
   6.6265047e-02
   8.4355734e-02
   2.2632914e-02
   1.0107710e-01
   3.0230526e-02
   6.9271095e-02
   2.6722211e-02
   2.2240927e-02
   1.7932069e-02
   5.6293957e-02
   5.7905406e-02
   9.9596428e-03
   1.6173773e-02
   5.2003175e-02
   8.0931231e-02
   2.5143009e-01
   8.2682244e-02
   7.5714774e-02
   1.7937746e-02
   2.5351045e-01
   3.7078135e-02
   5.3605881e-02
   1.8314563e-02
   4.0992346e-02
   1.2463454e-02
   6.2192727e-02
   4.1232467e-02
   7.9334304e-03
   1.1918357e-02
   4.2593785e-02
   5.9576765e-02
   2.1873841e-01
   4.8952091e-02
   4.6179738e-02
   1.2111776e-02
   1.5640245e-01
   2.7279396e-02
   4.0528990e-02
   1.6204629e-02
   3.4117579e-02
   8.6815553e-03
   6.3244790e-02
   2.8659208e-02
   5.4831118e-03
   7.5755357e-03
   3.3871476e-02
   4.4371597e-02
   8.8754155e-02
   5.1907375e-02
   5.3217728e-02
   1.1392895e-02
   4.9135994e-02
   2.1678304e-02
   5.0982241e-02
   1.8534036e-02
   2.5858752e-02
   1.4608142e-02
   4.5215219e-02
   2.6059708e-02
   5.4446235e-03
   1.1871335e-02
   3.5268735e-02
   5.0062463e-02
   8.3569676e-02
   5.4349720e-02
   5.0604165e-02
   1.8173402e-02
   5.0959881e-02
   2.8193289e-02
   7.1653172e-02
   3.7787043e-02
   6.4182848e-02
   1.6384792e-02
   4.8372161e-02
   5.0613012e-02
   6.2331874e-03
   2.2295615e-02
   2.5061144e-02
   8.2381010e-02
   7.4935682e-02
   4.5436222e-02
   4.5023452e-02
   1.1916552e-02
   4.3058131e-02
   3.6352176e-02
   7.3313504e-02
   3.2887980e-02
   3.3808626e-02
   1.3950613e-02
   5.0621483e-02
   4.4282943e-02
   4.8342929e-03
   1.2142184e-02
   2.7805323e-02
   7.7284880e-02
   7.0018224e-02
   5.2988350e-02
   4.9482919e-02
   1.3617070e-02
   5.9061997e-02
   3.3229776e-02
   6.7938566e-02
   3.0995505e-02
   1.6341181e-02
   1.0699963e-02
   4.0368501e-02
   3.7604727e-02
   3.7365388e-03
   7.7504134e-03
   2.8746551e-02
   7.0182256e-02
   7.8318700e-02
   4.4048171e-02
   6.9644548e-02
   1.8228324e-02
   6.4747319e-02
   2.6459100e-02
   6.4901732e-02
   3.1976726e-02
   1.9374674e-02
   9.6223764e-03
   6.4751990e-02
   6.5329134e-02
   7.5570545e-03
   9.3971174e-03
   6.6647209e-02
   9.2221886e-02
   8.3809130e-02
   7.9265356e-02
   9.2896610e-02
   4.3509357e-02
   7.0408180e-02
   4.5572087e-02
   7.8701161e-02
   4.0429257e-02
   2.2651762e-02
   2.0244772e-02
   9.5628992e-02
   8.0287822e-02
   1.5932180e-02
   1.7015746e-02
   8.1397690e-02
   8.7709382e-02
   1.3675027e-01
   9.9027649e-02
   7.9190142e-02
   2.8666716e-02
   1.4774702e-01
   5.6538329e-02
   5.0500240e-02
   2.7308024e-02
   3.7212078e-02
   1.3618776e-02
   6.4722203e-02
   5.6658510e-02
   9.8240580e-03
   1.1630758e-02
   4.8032533e-02
   5.7981931e-02
   1.5008326e-01
   5.3814672e-02
   4.5879878e-02
   1.4481686e-02
   1.0794964e-01
   2.6139803e-02
   6.0489655e-02
   2.7014075e-02
   3.6982503e-02
   1.0541158e-02
   5.3616513e-02
   4.0554620e-02
   5.2757072e-03
   8.3280839e-03
   3.8658578e-02
   4.4005323e-02
   8.2079954e-02
   5.6476511e-02
   4.4657499e-02
   1.6632961e-02
   5.2574515e-02
   2.0364258e-02
   5.9323285e-02
   3.4108698e-02
   4.6081103e-02
   1.2706997e-02
   4.7302321e-02
   3.6971796e-02
   5.2613998e-03
   1.3282530e-02
   2.1465266e-02
   5.1387671e-02
