   3.5135433e-02
   8.4008045e-02
   6.3235894e-02
   1.4164104e-02
   6.9074951e-02
   1.4339213e-01
   8.2809038e-02
   1.1356075e-02
   8.3597414e-02
   8.0153078e-02
   3.8605440e-02
   1.1164390e-02
   4.0263448e-02
   4.4180673e-02
   5.1250648e-02
   1.8535338e-02
   6.2803939e-02
   5.1315688e-02
   3.2009933e-02
   9.4963005e-03
   9.8262459e-02
   1.2052471e-01
   4.3957353e-02
   1.0781558e-02
   4.6445321e-02
   5.5247288e-02
   3.5337698e-02
   1.1084024e-02
   3.5542596e-02
   4.1948285e-02
   4.5940787e-02
   2.2774713e-02
   1.2539680e-01
   6.9484800e-02
   1.4220902e-02
   7.1054315e-03
   6.1743025e-02
   9.6695788e-02
   2.1930190e-02
   1.1241726e-02
   3.8719643e-02
   4.7684219e-02
   3.3737671e-02
   1.0756176e-02
   3.3574685e-02
   4.6258841e-02
   5.3222403e-02
   3.9275181e-02
   8.0358997e-02
   9.4423793e-02
   2.2861095e-02
   8.1880027e-03
   4.3396067e-02
   6.9500804e-02
   2.7347663e-02
   1.3146474e-02
   4.3268088e-02
   6.2475089e-02
   4.6593133e-02
   1.2042002e-02
   3.7048589e-02
   4.3479126e-02
   6.5698937e-02
   3.3272143e-02
   4.4434182e-02
   5.0010726e-02
   5.1043727e-02
   1.0609530e-02
   5.2617297e-02
   5.9677072e-02
   5.2863389e-02
   1.6387630e-02
   5.1611062e-02
   7.9939134e-02
   6.3297957e-02
   1.4579147e-02
   4.4165861e-02
   5.4161225e-02
   5.2592658e-02
   2.3023095e-02
   3.2257270e-02
   2.6523042e-02
   3.5412993e-02
   9.6027609e-03
   4.5939587e-02
   4.8878435e-02
   2.8095188e-02
   1.3347520e-02
   4.5312673e-02
   7.5928703e-02
   3.9512806e-02
   1.2697022e-02
   6.6267662e-02
   8.8896804e-02
   4.0332336e-02
   1.9418843e-02
   3.0473115e-02
   2.2842413e-02
   1.5229556e-02
   8.9927530e-03
   4.2641260e-02
   4.1396163e-02
   1.8218322e-02
   1.2011744e-02
   5.2961051e-02
   9.5213719e-02
   2.7471310e-02
   1.1356706e-02
   1.1428919e-01
   8.5070536e-02
   3.6577817e-02
   1.7163064e-02
   3.1304333e-02
   4.3389112e-02
   2.9563516e-02
   1.0043774e-02
   4.1305512e-02
   7.3471837e-02
   4.1263521e-02
   1.2472884e-02
   9.4279572e-02
   9.6337341e-02
   2.9338472e-02
   1.0985015e-02
   7.3476322e-02
   4.7034763e-02
   4.1633368e-02
   1.7989067e-02
   3.7392456e-02
   1.2273011e-01
   9.7122096e-02
   2.0261271e-02
   1.0855275e-01
   2.1844158e-01
   1.3259412e-01
   8.3197923e-03
   1.2687388e-01
   9.4081499e-02
   4.5720268e-02
   7.3745949e-03
   4.8707582e-02
   4.8350561e-02
   4.6431385e-02
   1.4369100e-02
   9.7831093e-02
   7.1882837e-02
   4.6650611e-02
   1.1556235e-02
   1.6818213e-01
   1.6890036e-01
   6.5496594e-02
   7.4324026e-03
   5.6073368e-02
   5.9594858e-02
   4.5140147e-02
   8.1117125e-03
   3.9386459e-02
   4.6340454e-02
   4.7782827e-02
   2.1577395e-02
   2.0962730e-01
   8.4515929e-02
   1.5112762e-02
   5.6887814e-03
   9.7954854e-02
   1.1939806e-01
   1.8953657e-02
   8.1601711e-03
   4.1608177e-02
   5.0605685e-02
   4.5497168e-02
   7.9372358e-03
   3.7320469e-02
   5.7946052e-02
   5.6775425e-02
   3.4656640e-02
   1.2284461e-01
   1.1004043e-01
   2.9147575e-02
   6.2737940e-03
   5.5896517e-02
   7.2820254e-02
   2.9707566e-02
   9.9951392e-03
   5.0524961e-02
   7.1427055e-02
   5.9481468e-02
   8.7027960e-03
   4.1240420e-02
   5.2733935e-02
   7.0292108e-02
   2.8615264e-02
   5.2924298e-02
   6.2664442e-02
   6.8319470e-02
   9.6019106e-03
   5.9860032e-02
   5.8793068e-02
   7.0032135e-02
   1.3665163e-02
   6.2292241e-02
   7.4104846e-02
   8.4369175e-02
   1.1211597e-02
   5.0733082e-02
   6.1151251e-02
   5.4946605e-02
   1.9359108e-02
   3.4879893e-02
   3.2526471e-02
   4.4413731e-02
   9.1558266e-03
   4.9348086e-02
   5.8656398e-02
   3.3067677e-02
   9.6414173e-03
   5.7019126e-02
   8.0317423e-02
   4.7510829e-02
   8.5540852e-03
   1.0610089e-01
   1.0532898e-01
   3.8298339e-02
   1.5472585e-02
   3.3740029e-02
   2.6251178e-02
   1.7510599e-02
   9.2447521e-03
   4.2867556e-02
   5.1272832e-02
   1.5907204e-02
   9.3693212e-03
   7.3612854e-02
   1.2610286e-01
   2.7528547e-02
   7.3349681e-03
   1.8560690e-01
   1.0872098e-01
   3.2869913e-02
   1.2429096e-02
   3.4939189e-02
   5.6198929e-02
   4.2914607e-02
   1.1351046e-02
   4.5389663e-02
   9.8615542e-02
   5.6544267e-02
   1.0237620e-02
   1.4145699e-01
   1.2801331e-01
   3.2243647e-02
   6.5133418e-03
   1.1265709e-01
   5.7477437e-02
   3.5518158e-02
   1.2658929e-02
   5.7137452e-02
   9.2104375e-02
   6.8002596e-02
   2.0282157e-02
   1.5732613e-01
   7.1059979e-02
   2.4549035e-02
   5.6570638e-03
   1.8839714e-01
   8.7161429e-02
   6.4271763e-02
   6.9135875e-03
   8.3117507e-02
   6.6460259e-02
   6.3809596e-02
   1.5468313e-02
   1.4505844e-01
   5.6292012e-02
   3.9031342e-02
   1.1670383e-02
   2.4711223e-01
   9.8530143e-02
   1.5390790e-02
   5.4659499e-03
   8.1370331e-02
   5.3041000e-02
   6.5309085e-02
   8.0826664e-03
   6.0938485e-02
   7.2987318e-02
   7.3527209e-02
   2.2234820e-02
   2.8442356e-01
   4.4870917e-02
   1.6569650e-02
   5.8864388e-03
   1.5165426e-01
   9.0395704e-02
   1.1557592e-02
   7.5915130e-03
   6.6759251e-02
   5.3863760e-02
   6.6059552e-02
   8.0131479e-03
   5.9408691e-02
   8.3004355e-02
   8.0571339e-02
   3.4215011e-02
   1.5634762e-01
   6.7862600e-02
   3.8369689e-02
   6.6464040e-03
   8.4974527e-02
   5.2007969e-02
   3.7783135e-02
   8.3254585e-03
   7.7758342e-02
   6.9384411e-02
   8.4904984e-02
   8.3453245e-03
   6.7496873e-02
   6.6648073e-02
   9.4476223e-02
   2.9233573e-02
   7.5673319e-02
   5.5053405e-02
   9.3118414e-02
   1.1380387e-02
   7.5780682e-02
   6.0990468e-02
   9.3040094e-02
   1.1943378e-02
   7.6536112e-02
   8.7914132e-02
   1.2824124e-01
   1.0989935e-02
   7.2796538e-02
   6.2850446e-02
   8.0651499e-02
   2.0999469e-02
   5.2287009e-02
   3.1495716e-02
   5.4673206e-02
   9.8813372e-03
   7.0042722e-02
   4.6312481e-02
   4.3713681e-02
   8.2745831e-03
   8.2299359e-02
   7.1345441e-02
   6.8241134e-02
   7.1672136e-03
   1.4493111e-01
   6.9991998e-02
   5.1775143e-02
   1.5909797e-02
   5.0195597e-02
   3.1200117e-02
   2.3534624e-02
   9.0287207e-03
   6.8265587e-02
   5.0374329e-02
   1.5262856e-02
   8.0043329e-03
   1.2122145e-01
   9.9359199e-02
   3.7225816e-02
   6.0123526e-03
   2.9678005e-01
   6.8141401e-02
   3.9632816e-02
   1.3330833e-02
   5.5019952e-02
   5.2118812e-02
   3.7445612e-02
   1.2169404e-02
   7.9586744e-02
   4.6605673e-02
   2.0240186e-02
   8.6230068e-03
   2.2037064e-01
   1.1875225e-01
   4.6644654e-02
   5.3803939e-03
   1.9194829e-01
   5.7707284e-02
   4.4909228e-02
   1.2263561e-02
   8.7018497e-02
   7.8373760e-02
   6.7078076e-02
   2.6404820e-02
   1.3565905e-01
   3.1022593e-02
   2.6020233e-02
   6.3741785e-03
   1.8450598e-01
   5.6275927e-02
   8.3561502e-02
   9.0978397e-03
   8.0722339e-02
   7.1091458e-02
   1.0359450e-01
   1.2174037e-02
   1.1844011e-01
   4.7006484e-02
   3.9252847e-02
   1.6053220e-02
   2.0611949e-01
   4.9772386e-02
   2.0180969e-02
   4.9389936e-03
   8.9763112e-02
   4.5670085e-02
   9.5301516e-02
   8.2724812e-03
   7.7199578e-02
   9.4823338e-02
   1.1088603e-01
   2.4687408e-02
   1.5224028e-01
   4.0278278e-02
   2.1073237e-02
   8.2456730e-03
   1.1859787e-01
   3.8434841e-02
   1.5264590e-02
   4.8538470e-03
   8.7792628e-02
   4.5470759e-02
   9.0869166e-02
   8.3178012e-03
   7.0993066e-02
   1.0349496e-01
   9.9869654e-02
   5.7666931e-02
   9.1961883e-02
   7.3298186e-02
   4.6094898e-02
   1.1158534e-02
   9.0026699e-02
   3.2104950e-02
   4.5691308e-02
   1.0639296e-02
   8.2054451e-02
   4.8428811e-02
   9.3411043e-02
   1.1294711e-02
   7.0970371e-02
   6.6959836e-02
   1.1411817e-01
   5.0982453e-02
   9.4635941e-02
   5.4141119e-02
   1.1086797e-01
   2.7393008e-02
   1.2032979e-01
   5.1032726e-02
   1.1039200e-01
   2.1731967e-02
   1.1520123e-01
   6.6251896e-02
   1.2667333e-01
   2.1772606e-02
   8.4850378e-02
   7.3530592e-02
   9.8448776e-02
   2.9121231e-02
   5.9622515e-02
   2.5310714e-02
   6.8405457e-02
   1.6037727e-02
   8.7640092e-02
   2.4284910e-02
   5.1758908e-02
   1.2521558e-02
   8.2719743e-02
   5.4492988e-02
   8.9145437e-02
   9.6846521e-03
   8.4578566e-02
   8.6692356e-02
   6.5867677e-02
   2.0850522e-02
   6.2767960e-02
   3.0468499e-02
   2.9963907e-02
   1.2238955e-02
   9.3250722e-02
   2.6339553e-02
   1.4391553e-02
   7.0919879e-03
   1.1096615e-01
   5.0959803e-02
   4.4907250e-02
   5.3975787e-03
   1.5005174e-01
   7.3156945e-02
   5.0339103e-02
   2.3167770e-02
   8.0953442e-02
   5.7224464e-02
   3.4908943e-02
   1.6120547e-02
   9.1085993e-02
   2.2620466e-02
   1.8616291e-02
   8.2671307e-03
   1.9270697e-01
   6.1230127e-02
   5.2273314e-02
   6.9270618e-03
   1.3452460e-01
   6.0444564e-02
   7.0689023e-02
   1.6198983e-02
