   2.3897642e-02
   8.3799390e-03
   2.9943731e-02
   1.4522157e-02
   1.9679233e-02
   9.2146825e-03
   3.7588641e-02
   1.3515502e-02
   1.7866107e-02
   1.0049214e-02
   3.1402662e-02
   1.3760006e-02
   1.8128388e-02
   2.3061976e-02
   4.3570053e-02
   1.5632881e-02
   2.1005262e-02
   7.1321065e-03
   2.8130058e-02
   1.4352401e-02
   1.8616369e-02
   7.9192808e-03
   3.5062872e-02
   1.2699701e-02
   1.7761370e-02
   8.5935183e-03
   2.9036039e-02
   1.3956159e-02
   1.7944571e-02
   2.1473927e-02
   4.0777639e-02
   1.5377076e-02
   1.9947832e-02
   6.5311869e-03
   2.8497966e-02
   1.5170894e-02
   1.8660434e-02
   7.4865515e-03
   3.2435857e-02
   1.2227778e-02
   1.7516585e-02
   7.7543575e-03
   2.7382473e-02
   1.3217454e-02
   1.7532637e-02
   2.0612096e-02
   4.1470662e-02
   1.5485951e-02
   5.6635775e-02
   7.6454044e-03
   3.1064447e-02
   1.5753327e-02
   5.1380299e-02
   8.5340608e-03
   3.8586251e-02
   1.2701156e-02
   4.9868315e-02
   8.7173302e-03
   3.0781459e-02
   1.3284729e-02
   4.9317025e-02
   2.1260483e-02
   4.5741133e-02
   1.4866492e-02
   1.3837011e-01
   1.0353538e-02
   3.8123436e-02
   1.7422117e-02
   1.2305415e-01
   1.1606024e-02
   4.5421682e-02
   1.4389877e-02
   1.2358154e-01
   1.0563566e-02
   3.8157083e-02
   1.4568507e-02
   1.2384210e-01
   2.2472041e-02
   4.9621835e-02
   1.6567161e-02
   6.0302008e-02
   8.1008635e-03
   3.4017716e-02
   1.6151482e-02
   5.4659050e-02
   8.1683462e-03
   3.6178522e-02
   1.3295689e-02
   5.5874512e-02
   8.3465315e-03
   2.9612560e-02
   1.2800912e-02
   5.5108387e-02
   2.1557728e-02
   4.2904735e-02
   1.4624074e-02
   1.9312182e-02
   6.5035969e-03
   3.2089513e-02
   1.5170325e-02
   1.8270498e-02
   6.9137565e-03
   3.1139562e-02
   1.3542350e-02
   1.7928148e-02
   7.5918604e-03
   2.5923302e-02
   1.2538102e-02
   1.8044023e-02
   2.1213617e-02
   4.2291850e-02
   1.4106245e-02
   2.1580188e-02
   7.0251157e-03
   3.1007642e-02
   1.4589427e-02
   1.8686952e-02
   8.0458289e-03
   3.4404017e-02
   1.3583716e-02
   1.7422529e-02
   8.2111722e-03
   2.9296843e-02
   1.2651558e-02
   1.7285181e-02
   2.1250004e-02
   4.4495448e-02
   1.5427254e-02
   2.3241330e-02
   9.7543541e-03
   3.4784522e-02
   1.1036954e-02
   1.8219905e-02
   1.0309235e-02
   4.0923569e-02
   1.0379942e-02
   1.5149190e-02
   1.0209290e-02
   3.7951246e-02
   1.1428731e-02
   1.3713053e-02
   2.0321177e-02
   4.4203844e-02
   1.1237592e-02
   1.8337984e-02
   7.3632016e-03
   3.1394683e-02
   1.0212949e-02
   1.8946046e-02
   7.3692147e-03
   3.5719864e-02
   8.3033340e-03
   1.5581215e-02
   7.1388395e-03
   3.1236203e-02
   1.0975442e-02
   1.3569845e-02
   1.8467743e-02
   4.1869998e-02
   1.0531247e-02
   1.7367069e-02
   5.9903464e-03
   3.0932344e-02
   1.0988180e-02
   2.1164121e-02
   6.8564899e-03
   3.2137167e-02
   7.3334854e-03
   1.7391885e-02
   6.8983198e-03
   2.7961947e-02
   9.2559271e-03
   1.5103169e-02
   1.8081939e-02
   3.9091032e-02
   1.0285269e-02
   8.3419211e-02
   7.8477049e-03
   3.5934508e-02
   1.2609270e-02
   8.1855565e-02
   9.2395730e-03
   4.2166855e-02
   9.3062371e-03
   7.5694464e-02
   8.0550164e-03
   3.4368806e-02
   8.9632450e-03
   7.6938435e-02
   1.9986950e-02
   4.9712386e-02
   1.0105797e-02
   2.0891689e-01
   1.2637917e-02
   4.8425943e-02
   1.5091410e-02
   1.9109473e-01
   1.4552576e-02
   5.4282252e-02
   1.2569873e-02
   1.8711446e-01
   1.1392757e-02
   4.7066722e-02
   1.1761553e-02
   1.9643539e-01
   2.0865306e-02
   5.5696633e-02
   1.2295363e-02
   8.9535028e-02
   8.9111421e-03
   3.7305288e-02
   1.2983805e-02
   8.4078893e-02
   8.5124997e-03
   4.0311456e-02
   1.0799860e-02
   8.5615031e-02
   8.0093602e-03
   3.5524681e-02
   9.4592320e-03
   8.5911117e-02
   1.8225245e-02
   4.2725038e-02
   9.2978477e-03
   1.7448416e-02
   6.0029160e-03
   3.5925847e-02
   1.2198222e-02
   2.1305988e-02
   6.4125778e-03
   3.4932014e-02
   1.0320920e-02
   1.9395432e-02
   7.1553430e-03
   2.8772062e-02
   8.2940273e-03
   1.6373420e-02
   1.9068820e-02
   3.8902897e-02
   8.2776565e-03
   1.9034447e-02
   7.1269590e-03
   3.4586772e-02
   1.0707108e-02
   1.8999897e-02
   8.3140675e-03
   3.4002338e-02
   1.0190175e-02
   1.6510250e-02
   7.7206776e-03
   3.2220345e-02
   9.0834023e-03
   1.2449101e-02
   2.1988625e-02
   4.1146860e-02
   9.3719447e-03
   2.6864696e-02
   1.3606924e-02
   4.7585674e-02
   1.3176587e-02
   2.1193422e-02
   1.1967342e-02
   5.7703037e-02
   1.3039179e-02
   1.6970379e-02
   1.0944623e-02
   5.0222989e-02
   1.1604702e-02
   1.3290299e-02
   2.0943012e-02
   6.1971046e-02
   1.4935025e-02
   2.2639738e-02
   1.0783022e-02
   4.4311989e-02
   1.0929084e-02
   2.8470058e-02
   8.2392627e-03
   4.7330085e-02
   9.2022577e-03
   2.1872776e-02
   6.8670311e-03
   4.9410298e-02
   1.0582329e-02
   1.4879225e-02
   1.7461954e-02
   5.3744964e-02
   9.7330576e-03
   2.0643679e-02
   7.6416638e-03
   4.4255245e-02
   1.0038873e-02
   3.1549070e-02
   6.8966150e-03
   3.8826946e-02
   7.0109875e-03
   2.6385460e-02
   5.7128575e-03
   4.4831853e-02
   8.2873078e-03
   1.9303879e-02
   1.5496502e-02
   4.3853883e-02
   8.5357931e-03
   1.0056152e-01
   1.0187725e-02
   5.0019834e-02
   1.1033527e-02
   1.0022154e-01
   9.9735754e-03
   5.8080789e-02
   9.5921736e-03
   9.4844453e-02
   9.2019625e-03
   4.9314681e-02
   8.8821603e-03
   9.1992259e-02
   2.1535041e-02
   5.5460770e-02
   9.6486434e-03
   2.4378477e-01
   1.8520094e-02
   7.8039549e-02
   1.5238539e-02
   2.2837687e-01
   1.9584220e-02
   7.4825354e-02
   1.5638908e-02
   2.2898005e-01
   1.6331859e-02
   7.1811743e-02
   1.2716978e-02
   2.3210734e-01
   2.1855934e-02
   6.9696330e-02
   1.2628179e-02
   1.0682086e-01
   1.1967194e-02
   5.5765070e-02
   1.4943126e-02
   1.0376409e-01
   9.6342517e-03
   5.0470639e-02
   1.3227738e-02
   1.0778204e-01
   8.9860102e-03
   4.9936000e-02
   9.9151451e-03
   1.0027234e-01
   1.5017074e-02
   4.7467943e-02
   1.0276261e-02
   2.3202414e-02
   7.6712328e-03
   4.6299394e-02
   1.5454281e-02
   3.1471089e-02
   6.3436721e-03
   4.5138475e-02
   9.8979985e-03
   2.8035676e-02
   6.8951957e-03
   3.9493430e-02
   8.1265923e-03
   2.0706527e-02
   1.6988229e-02
   4.1474547e-02
   7.8062043e-03
   2.1779910e-02
   9.5437691e-03
   4.0680967e-02
   1.3357685e-02
   2.7145661e-02
   8.7635713e-03
   4.5365561e-02
   1.0764866e-02
   2.3328839e-02
   7.5012334e-03
   4.3401111e-02
   9.4808927e-03
   1.4450016e-02
   2.2256680e-02
   4.9629141e-02
   1.0595584e-02
   3.2038625e-02
   2.2052674e-02
   6.7336790e-02
   1.9221421e-02
   2.4691310e-02
   1.5524680e-02
   6.8915941e-02
   2.2051660e-02
   2.3160039e-02
   1.1330065e-02
   6.2627345e-02
   2.0612761e-02
   1.8107932e-02
   2.8879751e-02
   7.9343885e-02
   2.4052870e-02
   3.4648448e-02
   1.8535007e-02
   6.3537166e-02
   1.3182105e-02
   4.4845168e-02
   1.0815976e-02
   7.1229309e-02
   1.3046649e-02
   1.9953948e-02
   7.0488923e-03
   7.2524056e-02
   1.7733878e-02
   1.6762281e-02
   2.7731868e-02
   6.4368330e-02
   1.6977619e-02
   2.8213138e-02
   1.1543407e-02
   5.8832239e-02
   1.0927524e-02
   2.9899430e-02
   5.2466039e-03
   5.4714561e-02
   1.0169958e-02
   3.1212060e-02
   5.8519184e-03
   7.2520718e-02
   1.2065809e-02
   1.8053330e-02
   2.4551678e-02
   6.1196551e-02
   1.1586994e-02
   5.9800453e-02
   1.4072129e-02
   6.5579064e-02
   1.4437749e-02
   5.9956759e-02
   1.0667023e-02
   6.6743508e-02
   1.5572856e-02
   6.1111279e-02
   1.1970629e-02
   6.8049878e-02
   1.3933334e-02
   5.7119243e-02
   3.1336177e-02
   6.7555778e-02
   1.3162301e-02
   1.0973626e-01
   2.3842426e-02
   1.2910883e-01
   2.6358509e-02
   1.2142635e-01
   2.1924147e-02
   8.8188641e-02
   2.9118376e-02
   1.2941161e-01
   2.0386724e-02
   1.0153630e-01
   2.1748668e-02
   1.2919664e-01
   3.6182620e-02
   7.9729870e-02
   1.9287862e-02
   5.8707442e-02
   1.5541760e-02
   8.7272480e-02
   2.1809900e-02
   6.8415247e-02
   9.8742330e-03
   5.2748408e-02
   1.8258132e-02
   6.4842768e-02
   9.9455863e-03
   6.4475849e-02
   1.4441816e-02
   5.7633020e-02
   2.4373105e-02
   5.9360866e-02
   1.2978774e-02
   3.1670820e-02
   1.0036460e-02
   6.7742959e-02
   2.1347791e-02
   3.8836624e-02
   5.8382978e-03
   6.4834706e-02
   1.7196171e-02
   2.1482024e-02
   6.7311651e-03
   5.7016753e-02
   1.2962570e-02
   1.6038390e-02
   1.9012772e-02
   3.7942186e-02
   1.1702453e-02
   2.8229948e-02
   1.7508836e-02
   6.7838699e-02
   1.5678050e-02
   3.1858429e-02
   1.0550440e-02
   6.9636934e-02
   1.9424165e-02
   3.3763085e-02
   7.4665369e-03
   7.1802668e-02
   1.4535557e-02
   1.7388364e-02
   2.3041677e-02
   6.2988557e-02
   1.4960486e-02
