   3.3381425e-02
   7.3364265e-02
   6.4132065e-02
   1.1425910e-02
   6.6033170e-02
   9.7276308e-02
   6.6892795e-02
   8.9373179e-03
   8.3491869e-02
   1.3260180e-01
   7.6486982e-02
   8.5320389e-03
   9.6945308e-02
   1.1046746e-01
   1.4735563e-01
   2.3712818e-02
   6.1582889e-02
   4.9941067e-02
   3.2396231e-02
   1.0868405e-02
   8.3483763e-02
   5.2968889e-02
   3.3046544e-02
   7.6651941e-03
   4.6498265e-02
   5.6446679e-02
   3.4697916e-02
   6.6004689e-03
   4.6698548e-02
   5.0264347e-02
   6.7387149e-02
   1.4912364e-02
   1.0378494e-01
   6.8938337e-02
   1.7386381e-02
   1.0922515e-02
   4.8795428e-02
   2.3330735e-02
   1.5037874e-02
   7.7822683e-03
   3.8205862e-02
   1.4862540e-02
   1.2336061e-02
   5.6351107e-03
   1.7972166e-02
   1.4934490e-02
   2.3898749e-02
   1.3629049e-02
   6.3423298e-02
   8.6706020e-02
   2.6767803e-02
   1.1535926e-02
   4.0268727e-02
   2.0911438e-02
   2.2294093e-02
   9.0174861e-03
   4.1150864e-02
   1.5280145e-02
   1.9271731e-02
   7.1727992e-03
   1.7160473e-02
   1.5198331e-02
   2.6475258e-02
   1.4482476e-02
   4.2951379e-02
   5.1875610e-02
   4.3653902e-02
   1.4849571e-02
   5.0156098e-02
   2.6131205e-02
   3.4038931e-02
   1.1883148e-02
   5.1085535e-02
   2.0985318e-02
   2.7466260e-02
   9.9317748e-03
   1.9176811e-02
   2.3551729e-02
   2.2282165e-02
   9.4901882e-03
   3.4044906e-02
   3.3094563e-02
   2.6137525e-02
   1.2733986e-02
   4.0380865e-02
   2.1974556e-02
   2.0489333e-02
   9.4180964e-03
   4.3486316e-02
   1.9215640e-02
   1.5377609e-02
   7.0315846e-03
   2.7398277e-02
   3.2066233e-02
   1.6303401e-02
   7.4342377e-03
   3.0126827e-02
   2.6661742e-02
   1.8370448e-02
   1.2084575e-02
   3.6150035e-02
   1.7501974e-02
   1.6342016e-02
   7.7100028e-03
   5.0199065e-02
   1.9166315e-02
   1.1751946e-02
   6.1330576e-03
   4.5446571e-02
   2.2575397e-02
   1.6698778e-02
   6.5541510e-03
   3.1396281e-02
   4.3650787e-02
   3.5017528e-02
   1.0533412e-02
   3.9184958e-02
   4.4730470e-02
   3.3775114e-02
   8.6173676e-03
   9.3495227e-02
   6.2247295e-02
   3.4077410e-02
   6.2616654e-03
   6.0570575e-02
   4.9240984e-02
   6.3087821e-02
   1.1492662e-02
   4.1269802e-02
   1.0108374e-01
   7.2683223e-02
   9.4711771e-03
   1.0125267e-01
   1.8953362e-01
   1.2964721e-01
   1.0199840e-02
   1.1908979e-01
   1.8945342e-01
   1.1400327e-01
   1.1167812e-02
   1.3062856e-01
   1.5414400e-01
   1.7964189e-01
   3.4989726e-02
   9.3462266e-02
   6.5378800e-02
   3.6905039e-02
   7.2185169e-03
   1.3136035e-01
   9.7322084e-02
   5.8260351e-02
   5.4470366e-03
   4.8733652e-02
   8.1766903e-02
   5.0494790e-02
   6.0267164e-03
   6.1282761e-02
   7.1638785e-02
   8.3451390e-02
   1.9612366e-02
   1.6003878e-01
   8.8382274e-02
   2.2378838e-02
   6.4057750e-03
   7.1190126e-02
   3.9713193e-02
   2.3102399e-02
   4.3914313e-03
   4.0003195e-02
   2.0599144e-02
   1.6802482e-02
   4.0388964e-03
   2.3575045e-02
   2.0325206e-02
   3.4102276e-02
   1.6686229e-02
   9.4652370e-02
   9.9609375e-02
   3.1755887e-02
   7.7896756e-03
   5.2531414e-02
   2.8920552e-02
   2.8782807e-02
   6.4207842e-03
   4.3550324e-02
   1.8119367e-02
   2.7444899e-02
   5.5526290e-03
   2.0919777e-02
   1.9670684e-02
   3.7498668e-02
   1.8444242e-02
   5.2235495e-02
   6.7683369e-02
   5.5067953e-02
   1.1921397e-02
   6.0136713e-02
   3.2565590e-02
   5.5978701e-02
   1.0460591e-02
   5.7305478e-02
   2.8441222e-02
   4.6854537e-02
   8.6038671e-03
   2.2645947e-02
   3.1615634e-02
   2.7412042e-02
   1.1518667e-02
   4.0057492e-02
   4.1888777e-02
   3.0906344e-02
   8.8989157e-03
   4.8742089e-02
   2.4624353e-02
   2.9962437e-02
   7.3149903e-03
   5.3433236e-02
   2.6000917e-02
   2.2556225e-02
   5.3411308e-03
   3.3087112e-02
   4.4493280e-02
   1.7325459e-02
   8.1601236e-03
   3.2080147e-02
   3.0975962e-02
   2.2710957e-02
   8.1717921e-03
   4.0159423e-02
   2.3774913e-02
   2.8169591e-02
   5.3282380e-03
   6.8167321e-02
   2.7118003e-02
   1.7496467e-02
   4.1459892e-03
   5.4128747e-02
   3.1060530e-02
   2.0222522e-02
   7.7674780e-03
   3.4894932e-02
   5.6438629e-02
   3.9717712e-02
   7.2863991e-03
   4.3640140e-02
   8.8723995e-02
   6.4657755e-02
   7.0078722e-03
   1.4528979e-01
   8.9970611e-02
   5.2318022e-02
   5.6713875e-03
   7.9156153e-02
   6.6357434e-02
   7.6885991e-02
   1.4927963e-02
   6.5857947e-02
   1.2206743e-01
   9.7360082e-02
   1.3406583e-02
   1.6416590e-01
   3.5136491e-01
   2.5627008e-01
   1.9168889e-02
   1.8497203e-01
   3.2204223e-01
   2.2176088e-01
   2.0167518e-02
   1.7942397e-01
   2.1701871e-01
   2.4521337e-01
   6.6402979e-02
   1.6961977e-01
   6.4936526e-02
   4.7574293e-02
   7.1194377e-03
   2.3101760e-01
   1.6905433e-01
   1.0040247e-01
   7.3382249e-03
   7.7287219e-02
   1.4208157e-01
   9.1377325e-02
   8.9074783e-03
   8.5527591e-02
   9.3695536e-02
   1.1454766e-01
   3.3589065e-02
   2.7683446e-01
   4.8308253e-02
   2.6379401e-02
   4.8319744e-03
   1.3113230e-01
   5.1457677e-02
   2.3294814e-02
   3.4863169e-03
   6.7178488e-02
   2.6801744e-02
   1.7704254e-02
   4.1218819e-03
   3.5330962e-02
   2.6410962e-02
   5.0806873e-02
   3.0837536e-02
   1.3727912e-01
   6.2068060e-02
   3.7349150e-02
   7.3939585e-03
   7.6382123e-02
   3.2972388e-02
   3.3261675e-02
   6.4210091e-03
   6.4892836e-02
   2.2650331e-02
   3.7271209e-02
   6.4371875e-03
   3.1100832e-02
   2.8604327e-02
   6.1794523e-02
   3.6555137e-02
   7.6750681e-02
   8.4692053e-02
   5.9130128e-02
   1.3973207e-02
   8.2337782e-02
   5.0967079e-02
   7.7464141e-02
   1.4009725e-02
   8.4514976e-02
   4.4829905e-02
   7.0945732e-02
   1.1023545e-02
   3.7645780e-02
   4.9514096e-02
   3.8796619e-02
   1.9657414e-02
   6.1327018e-02
   5.2099884e-02
   3.4148358e-02
   8.6873900e-03
   7.4681871e-02
   2.9266106e-02
   3.3968959e-02
   8.5886130e-03
   7.9918563e-02
   3.3528078e-02
   3.2541525e-02
   6.1804778e-03
   4.9476549e-02
   7.2547987e-02
   2.1093274e-02
   1.3674343e-02
   5.3074680e-02
   4.0571347e-02
   2.6907511e-02
   6.6720340e-03
   6.9562167e-02
   3.2160249e-02
   3.1122150e-02
   4.5428425e-03
   1.0050756e-01
   3.2344799e-02
   2.3189323e-02
   3.6804939e-03
   7.9209909e-02
   4.6987522e-02
   2.4744019e-02
   1.1990392e-02
   6.0910735e-02
   7.4898824e-02
   5.1485825e-02
   7.6378551e-03
   7.7678636e-02
   1.6706276e-01
   1.2122469e-01
   9.5605934e-03
   2.1924822e-01
   1.3776739e-01
   9.8896317e-02
   8.2415706e-03
   1.1341727e-01
   9.1999434e-02
   9.7876616e-02
   2.6555032e-02
   8.4447227e-02
   6.7761078e-02
   7.2250694e-02
   1.5587228e-02
   1.7330781e-01
   6.1989013e-02
   3.8772214e-02
   6.6510532e-03
   1.7374693e-01
   1.1618889e-01
   7.4526355e-02
   1.1193495e-02
   2.1838196e-01
   2.1441513e-01
   2.4344398e-01
   9.4970919e-02
   1.5756154e-01
   4.8182774e-02
   4.5381062e-02
   8.5572051e-03
   2.2670443e-01
   5.0671019e-02
   1.9538555e-02
   5.1121917e-03
   9.7575031e-02
   5.8052547e-02
   3.7016217e-02
   6.7771571e-03
   1.2366475e-01
   8.9926906e-02
   1.1435021e-01
   4.4235341e-02
   1.9396466e-01
   3.0679734e-02
   3.2345906e-02
   5.6635356e-03
   1.1465395e-01
   3.2321379e-02
   1.2031091e-02
   5.3900257e-03
   8.1684366e-02
   1.8715490e-02
   1.6274987e-02
   4.3839347e-03
   5.1320042e-02
   2.9487628e-02
   6.6647381e-02
   4.7134496e-02
   9.9907510e-02
   6.1463565e-02
   4.7823660e-02
   1.0957879e-02
   8.1139930e-02
   3.0743919e-02
   3.9490368e-02
   8.4258616e-03
   7.6103657e-02
   2.1198321e-02
   4.9043234e-02
   8.3029931e-03
   4.6989910e-02
   3.3501606e-02
   8.0839612e-02
   5.8427703e-02
   1.0503049e-01
   1.1742579e-01
   7.0054166e-02
   2.0952204e-02
   1.1798236e-01
   5.6845188e-02
   9.6532196e-02
   2.2464490e-02
   1.0874564e-01
   4.5917474e-02
   8.8889122e-02
   1.8173303e-02
   6.4033516e-02
   7.1517408e-02
   3.9059602e-02
   3.0190779e-02
   7.0299633e-02
   6.3564882e-02
   4.0983491e-02
   1.3040667e-02
   8.6287811e-02
   2.9846219e-02
   4.0668968e-02
   1.5552014e-02
   8.6605825e-02
   3.3635117e-02
   4.2800881e-02
   1.0410959e-02
   6.3420519e-02
   1.0765605e-01
   2.3705108e-02
   2.3028141e-02
   7.1072116e-02
   3.6738917e-02
   2.8926296e-02
   6.6568460e-03
   9.4438784e-02
   2.9615214e-02
   1.2166743e-02
   4.8474376e-03
   1.1123564e-01
   2.8696200e-02
   9.6530057e-03
   5.2134246e-03
   8.8939898e-02
   5.5674076e-02
   2.6491582e-02
   1.9583305e-02
   8.5299201e-02
   5.6983363e-02
   4.3802947e-02
   8.6582648e-03
   9.1460384e-02
   4.6633534e-02
   2.3231875e-02
   5.4236278e-03
   2.0633866e-01
   5.8316078e-02
   3.1321306e-02
   6.5039755e-03
   1.3016556e-01
   8.5881501e-02
   1.0506041e-01
   4.0252004e-02
