   1.7866468e-02
   3.7544489e-02
   5.5600308e-02
   3.8406935e-02
   1.3389189e-02
   3.5722848e-02
   8.1548437e-02
   7.1263134e-02
   1.9073620e-02
   5.8307864e-02
   6.4364515e-02
   5.0937817e-02
   1.8813966e-02
   1.2121684e-02
   1.8598579e-02
   3.7959974e-02
   2.9889151e-02
   2.5847806e-02
   3.4659486e-02
   3.9680507e-02
   1.3924748e-02
   2.4989242e-02
   4.4451617e-02
   6.2218577e-02
   1.4755756e-02
   2.9547827e-02
   4.3738443e-02
   5.9327576e-02
   1.8245449e-02
   1.0987455e-02
   1.7586596e-02
   4.7195844e-02
   3.3597849e-02
   2.3249825e-02
   2.4525877e-02
   3.9777167e-02
   1.3412707e-02
   1.9783664e-02
   2.5696799e-02
   5.9603456e-02
   1.3867577e-02
   1.3506752e-02
   3.8324680e-02
   7.0150167e-02
   1.8827213e-02
   1.0678638e-02
   1.6436702e-02
   5.8988977e-02
   1.7327381e-02
   3.1710505e-02
   2.5766907e-02
   4.1559055e-02
   2.3526767e-02
   2.3913311e-02
   2.6310567e-02
   5.8470599e-02
   1.8237781e-02
   1.3638957e-02
   3.4068972e-02
   5.6327999e-02
   1.8415170e-02
   1.0509212e-02
   2.7236573e-02
   4.1326087e-02
   1.5767006e-02
   2.1013066e-02
   4.4393051e-02
   4.4766407e-02
   4.2542469e-02
   3.2285795e-02
   3.5552237e-02
   6.1232515e-02
   2.4359630e-02
   1.4349661e-02
   2.9680485e-02
   5.4535739e-02
   1.8800624e-02
   1.0946725e-02
   2.6063250e-02
   3.5931565e-02
   1.5961310e-02
   1.4312137e-02
   4.6597552e-02
   4.8969682e-02
   2.3371078e-02
   2.0050425e-02
   3.0948156e-02
   5.9315413e-02
   1.8133178e-02
   2.0048391e-02
   2.1735363e-02
   5.1567979e-02
   1.9283667e-02
   1.0947501e-02
   1.6242130e-02
   3.4627676e-02
   1.6460028e-02
   1.2817038e-02
   3.0889574e-02
   7.9255015e-02
   1.2730563e-02
   1.4305610e-02
   3.2440521e-02
   5.6367040e-02
   2.3672679e-02
   2.2976017e-02
   2.1288041e-02
   5.1310927e-02
   2.3924641e-02
   1.1266250e-02
   1.6925355e-02
   3.6651470e-02
   1.6980978e-02
   2.0147940e-02
   3.8473204e-02
   5.6337934e-02
   1.2808607e-02
   2.1550251e-02
   4.8649952e-02
   5.9837505e-02
   2.5069678e-02
   3.6227781e-02
   3.7262756e-02
   5.0500788e-02
   2.2932947e-02
   1.1565478e-02
   1.7398236e-02
   3.9622992e-02
   1.1613014e-02
   4.8277378e-02
   6.4306743e-02
   2.4512012e-02
   9.5818294e-03
   4.6769492e-02
   7.9126403e-02
   4.2472828e-02
   1.6052846e-02
   7.4895047e-02
   6.7723393e-02
   2.9837344e-02
   1.1614485e-02
   9.0591973e-03
   1.1169265e-02
   2.2553047e-02
   2.5550757e-02
   3.1064363e-02
   3.5572071e-02
   2.4118626e-02
   1.1338471e-02
   3.3443149e-02
   4.3782189e-02
   3.6773033e-02
   1.1579765e-02
   3.7052769e-02
   4.9599689e-02
   4.4888180e-02
   1.0658402e-02
   7.5582457e-03
   1.0256432e-02
   3.7418894e-02
   2.8721608e-02
   2.9569136e-02
   2.1700095e-02
   2.3261016e-02
   1.0519825e-02
   2.5036456e-02
   2.3619125e-02
   3.3480950e-02
   1.0098138e-02
   1.4228268e-02
   4.4649351e-02
   6.1183028e-02
   1.0336310e-02
   6.5728202e-03
   1.1881351e-02
   5.4489188e-02
   1.1524663e-02
   4.0701572e-02
   2.8527385e-02
   2.4475582e-02
   2.1145264e-02
   3.0000865e-02
   2.7682267e-02
   3.3403467e-02
   1.2913314e-02
   1.3212150e-02
   4.5527533e-02
   3.7994258e-02
   1.0714491e-02
   6.7582885e-03
   3.3514295e-02
   3.0765204e-02
   9.7959926e-03
   2.6604192e-02
   5.6861650e-02
   2.7796047e-02
   3.8398992e-02
   4.0578980e-02
   4.1766223e-02
   3.6369398e-02
   1.7683376e-02
   1.5826555e-02
   3.5976678e-02
   3.3016086e-02
   1.1129705e-02
   6.8095191e-03
   3.1070922e-02
   2.2419093e-02
   9.6281674e-03
   1.3382242e-02
   5.8675811e-02
   3.6513034e-02
   2.1071043e-02
   2.4024734e-02
   3.1685263e-02
   3.5164092e-02
   1.4818724e-02
   2.3201367e-02
   2.0816896e-02
   2.9623495e-02
   1.1442184e-02
   6.7804907e-03
   1.1789855e-02
   2.1225469e-02
   9.8364940e-03
   1.1412544e-02
   3.6143787e-02
   7.5154297e-02
   1.0025677e-02
   1.4523255e-02
   3.3788104e-02
   3.0924600e-02
   2.1846414e-02
   2.7808746e-02
   1.9738840e-02
   2.8751653e-02
   1.8528624e-02
   6.8435096e-03
   9.5465044e-03
   2.1482138e-02
   9.8584769e-03
   2.2662060e-02
   4.3232564e-02
   4.6967540e-02
   9.3967309e-03
   2.5406076e-02
   5.0487969e-02
   3.0657209e-02
   2.3582125e-02
   4.6622664e-02
   3.5246275e-02
   2.8368352e-02
   1.7675059e-02
   7.7325660e-03
   1.0300999e-02
   2.2771033e-02
   1.1324889e-02
   6.9724970e-02
   7.8079052e-02
   2.1202920e-02
   9.9569270e-03
   7.6441050e-02
   1.0043325e-01
   2.9077804e-02
   1.7268056e-02
   1.0691728e-01
   8.9087501e-02
   1.9755818e-02
   8.0897873e-03
   9.8854527e-03
   1.1281181e-02
   2.0055570e-02
   2.8356431e-02
   5.0066985e-02
   4.0899035e-02
   1.7430315e-02
   1.0568502e-02
   5.2455153e-02
   5.3868320e-02
   2.3925701e-02
   1.4163728e-02
   5.0892755e-02
   5.4394353e-02
   3.7430879e-02
   6.4421254e-03
   7.5324089e-03
   8.1258528e-03
   3.8713001e-02
   2.9763132e-02
   4.0699959e-02
   2.5673982e-02
   1.5292246e-02
   1.2018417e-02
   3.4717787e-02
   3.0489648e-02
   1.9764058e-02
   1.3438022e-02
   1.8570906e-02
   4.2825736e-02
   5.2374534e-02
   7.1405107e-03
   5.2186735e-03
   1.4605837e-02
   6.3043796e-02
   1.1744988e-02
   4.9461748e-02
   4.0906359e-02
   1.7580569e-02
   2.9021038e-02
   3.9448276e-02
   4.2135313e-02
   2.1206453e-02
   1.7131208e-02
   1.7171590e-02
   5.9424452e-02
   2.7021782e-02
   7.7506560e-03
   5.3720921e-03
   5.3421676e-02
   2.9295625e-02
   8.2801394e-03
   3.2809768e-02
   8.7786548e-02
   2.2030074e-02
   5.6608837e-02
   5.4825898e-02
   6.5489754e-02
   2.4663204e-02
   2.0272911e-02
   2.2965439e-02
   4.6772413e-02
   2.1165282e-02
   8.4814625e-03
   5.9141815e-03
   4.9174644e-02
   1.5439866e-02
   7.6361760e-03
   1.6684027e-02
   8.6771443e-02
   3.4766756e-02
   2.9088439e-02
   3.2895576e-02
   4.4128384e-02
   2.0334760e-02
   1.6173916e-02
   3.7354466e-02
   2.7597522e-02
   1.9732112e-02
   8.1947036e-03
   6.0750800e-03
   1.2966895e-02
   1.6036037e-02
   7.6826755e-03
   1.3575562e-02
   5.1442418e-02
   8.2667068e-02
   1.1678933e-02
   1.9875145e-02
   3.3029046e-02
   1.8387252e-02
   2.6786268e-02
   4.3767497e-02
   2.4618030e-02
   1.8349465e-02
   1.4958588e-02
   5.8034863e-03
   8.4549347e-03
   1.7334379e-02
   7.0784837e-03
   3.1586248e-02
   6.1223075e-02
   4.9503136e-02
   9.5615750e-03
   3.8272131e-02
   6.0246240e-02
   2.0044170e-02
   2.9252848e-02
   6.9047697e-02
   4.3518443e-02
   1.9496435e-02
   1.5098893e-02
   6.6853031e-03
   1.0153488e-02
   1.6086359e-02
   1.6502883e-02
   9.7008944e-02
   9.3286157e-02
   2.7268890e-02
   1.1629823e-02
   5.3237688e-02
   8.1718855e-02
   2.2024399e-02
   1.9040320e-02
   9.7725801e-02
   7.9137437e-02
   1.3694385e-02
   1.0220275e-02
   1.8541025e-02
   1.9536555e-02
   2.4420457e-02
   5.2164167e-02
   7.6404154e-02
   5.3690229e-02
   1.8112449e-02
   1.2834592e-02
   4.6242315e-02
   4.6955287e-02
   1.5528699e-02
   1.7130757e-02
   4.5847967e-02
   5.2763663e-02
   2.5220789e-02
   8.8776592e-03
   1.2627069e-02
   1.1851727e-02
   3.3593822e-02
   5.1040426e-02
   7.3646888e-02
   3.8770687e-02
   1.3400464e-02
   1.8286902e-02
   4.8725355e-02
   3.4860890e-02
   1.2787510e-02
   1.8692488e-02
   2.6736654e-02
   5.2703697e-02
   3.9013378e-02
   6.5242471e-03
   7.0266509e-03
   2.3553921e-02
   4.8876852e-02
   1.8861758e-02
   6.8761177e-02
   4.4050854e-02
   1.4240758e-02
   3.3507057e-02
   4.9385704e-02
   5.5112280e-02
   1.3910971e-02
   2.3671208e-02
   2.7194280e-02
   6.4843535e-02
   2.5482528e-02
   8.8946363e-03
   7.4893944e-03
   8.8364244e-02
   2.4343586e-02
   1.2048958e-02
   3.6758587e-02
   8.6348154e-02
   2.1177933e-02
   6.2867798e-02
   5.6640331e-02
   1.0524768e-01
   2.1178637e-02
   2.7115421e-02
   3.6237635e-02
   6.7980312e-02
   2.1003658e-02
   1.2565008e-02
   7.6466766e-03
   8.8309273e-02
   1.4809260e-02
   1.0415372e-02
   2.2478709e-02
   8.7379031e-02
   2.6256964e-02
   3.6942437e-02
   3.8702253e-02
   6.2327016e-02
   1.4638405e-02
   1.8801363e-02
   5.9223365e-02
   3.3113685e-02
   1.3810949e-02
   1.1620631e-02
   7.5387019e-03
   1.9242259e-02
   1.5906878e-02
   1.0754698e-02
   2.2611897e-02
   6.1937638e-02
   4.4504110e-02
   1.5862007e-02
   2.7695004e-02
   3.9663594e-02
   1.4036840e-02
   4.4790026e-02
   6.0584266e-02
   2.7386487e-02
   1.1324799e-02
   2.0472910e-02
   7.9440475e-03
   1.1784095e-02
   1.5230867e-02
   1.0058936e-02
   4.1481484e-02
   7.1355030e-02
   3.7404645e-02
   1.2066779e-02
   3.4923617e-02
   5.5616539e-02
   1.5969487e-02
   4.4793166e-02
   8.0970876e-02
   3.6136214e-02
   9.7697014e-03
   2.0868406e-02
   9.3682418e-03
   1.4967439e-02
   1.6402083e-02
