   5.8405995e-02
   4.9956180e-02
   5.0221462e-02
   5.5655524e-02
   7.7158123e-02
   8.4056139e-02
   8.6308055e-02
   7.4885599e-02
   2.4309784e-02
   9.2190132e-02
   9.8480456e-02
   4.2612743e-02
   5.5134073e-02
   7.7533789e-02
   1.0665982e-01
   7.0356265e-02
   3.1897590e-02
   2.4954701e-02
   2.4307331e-02
   3.1297114e-02
   3.4831133e-02
   3.7003551e-02
   3.9710134e-02
   3.8618270e-02
   1.5690757e-02
   5.6704864e-02
   5.2150533e-02
   2.5032142e-02
   3.1657238e-02
   3.8689449e-02
   5.8365893e-02
   3.4769841e-02
   2.3307687e-02
   1.5674608e-02
   1.4353300e-02
   2.2973143e-02
   1.6286770e-02
   1.5412057e-02
   1.7449178e-02
   2.3795642e-02
   1.2849759e-02
   2.6172062e-02
   2.4447024e-02
   1.8651787e-02
   2.7096990e-02
   1.9096222e-02
   2.8085772e-02
   1.3911895e-02
   2.4437344e-02
   1.6123960e-02
   1.4845681e-02
   2.3665139e-02
   1.6395228e-02
   1.4935210e-02
   2.1277593e-02
   2.8368056e-02
   1.2083739e-02
   2.0713605e-02
   3.9174680e-02
   3.1071950e-02
   2.5257768e-02
   1.9851116e-02
   3.7276831e-02
   1.6829021e-02
   2.5412016e-02
   1.7603662e-02
   1.6404754e-02
   2.6176127e-02
   1.7864725e-02
   1.9131342e-02
   2.5238460e-02
   2.8457506e-02
   1.9311698e-02
   3.4841102e-02
   5.6069005e-02
   2.5269656e-02
   3.1396214e-02
   2.1644151e-02
   4.7587872e-02
   1.6707236e-02
   2.5218902e-02
   1.5935337e-02
   1.5094971e-02
   2.6598381e-02
   1.7223017e-02
   1.8625949e-02
   2.0321893e-02
   2.8363600e-02
   2.7715566e-02
   3.3307459e-02
   3.0499095e-02
   2.0597756e-02
   3.8563799e-02
   2.0367185e-02
   2.9778881e-02
   1.4019953e-02
   2.2836160e-02
   1.5895979e-02
   1.5583639e-02
   2.3628870e-02
   1.6883675e-02
   1.5165704e-02
   1.7675864e-02
   2.5303466e-02
   1.0823272e-02
   1.9959476e-02
   2.2884006e-02
   1.6204653e-02
   2.0306133e-02
   1.8005678e-02
   2.7116273e-02
   1.3967462e-02
   3.3164598e-02
   2.6279431e-02
   2.7059259e-02
   3.3932503e-02
   3.5436314e-02
   3.6984265e-02
   4.0064294e-02
   3.9581373e-02
   1.5884036e-02
   4.8530258e-02
   4.6943255e-02
   2.3658577e-02
   3.0014420e-02
   3.8239587e-02
   5.1608462e-02
   3.1777855e-02
   7.1505859e-02
   7.3725939e-02
   7.2125055e-02
   7.6031737e-02
   1.1701627e-01
   1.2793313e-01
   1.2755615e-01
   1.0174038e-01
   2.0083874e-02
   5.2989338e-02
   1.0853793e-01
   5.8379814e-02
   6.5879114e-02
   9.2062086e-02
   8.0420263e-02
   8.6223006e-02
   3.0075591e-02
   2.9082792e-02
   2.7232382e-02
   3.2164417e-02
   4.6201721e-02
   5.1046867e-02
   5.0569464e-02
   4.6820395e-02
   1.2007097e-02
   2.9385315e-02
   5.4835394e-02
   3.2034166e-02
   3.1136746e-02
   4.2159807e-02
   4.6634231e-02
   4.0141597e-02
   1.4427824e-02
   9.6159205e-03
   8.7087257e-03
   1.5472421e-02
   1.1023796e-02
   1.1497026e-02
   1.4229230e-02
   2.2074277e-02
   1.1849234e-02
   1.5406780e-02
   2.1042526e-02
   2.3729438e-02
   2.3019345e-02
   1.3812958e-02
   2.3916043e-02
   1.2262935e-02
   1.3415600e-02
   9.3969787e-03
   8.5461494e-03
   1.4976416e-02
   1.0883973e-02
   1.1474061e-02
   2.0976039e-02
   2.7247244e-02
   1.4731416e-02
   1.3562549e-02
   4.9120903e-02
   4.2934272e-02
   2.5190173e-02
   1.2830894e-02
   4.2006880e-02
   1.4277603e-02
   1.2935819e-02
   1.0042887e-02
   9.7862110e-03
   1.8349787e-02
   1.0630924e-02
   1.8184610e-02
   2.7235504e-02
   2.9300950e-02
   2.7009074e-02
   3.9533284e-02
   7.5419068e-02
   3.2516398e-02
   3.8380574e-02
   1.4281005e-02
   6.0084332e-02
   1.4076262e-02
   1.3377339e-02
   9.4465110e-03
   9.9075967e-03
   2.0028250e-02
   1.0674837e-02
   1.9730631e-02
   1.7694898e-02
   2.5088875e-02
   3.8501542e-02
   3.7965216e-02
   3.0446650e-02
   2.4011675e-02
   4.6898838e-02
   1.3537213e-02
   2.6905177e-02
   1.0546282e-02
   1.3042154e-02
   9.5510064e-03
   1.0314684e-02
   1.6046610e-02
   1.1414865e-02
   1.3060606e-02
   1.3648761e-02
   2.1457538e-02
   1.2298489e-02
   1.5405318e-02
   1.9376749e-02
   1.7521027e-02
   1.9991821e-02
   1.3843637e-02
   2.2754453e-02
   1.1766953e-02
   3.1899553e-02
   3.1493749e-02
   3.2592256e-02
   3.8812637e-02
   4.6678644e-02
   5.1096261e-02
   5.3835034e-02
   4.9340051e-02
   1.1026550e-02
   2.5583804e-02
   4.8924979e-02
   3.0869370e-02
   3.1177079e-02
   4.1188706e-02
   4.6063345e-02
   3.6176823e-02
   1.1812945e-01
   1.1708637e-01
   1.1974878e-01
   1.1636009e-01
   1.7724986e-01
   1.9142900e-01
   1.8584986e-01
   1.5503304e-01
   2.8691495e-02
   4.8964467e-02
   6.1574351e-02
   6.5647781e-02
   1.0897557e-01
   1.3992026e-01
   1.1989988e-01
   1.4322777e-01
   4.3590315e-02
   4.2712569e-02
   4.1812953e-02
   4.6409719e-02
   6.8627469e-02
   7.3741555e-02
   6.9116741e-02
   6.9121271e-02
   1.4915765e-02
   2.0745981e-02
   3.4277514e-02
   3.9231248e-02
   4.7469039e-02
   5.8571026e-02
   5.8165435e-02
   6.3280314e-02
   8.6519103e-03
   5.8443383e-03
   6.3093305e-03
   1.3780789e-02
   8.7809144e-03
   9.6713081e-03
   1.4572177e-02
   3.1728294e-02
   1.8002668e-02
   1.2419007e-02
   1.9173466e-02
   3.3326227e-02
   3.0928202e-02
   1.5741730e-02
   3.0992260e-02
   1.4174585e-02
   7.3205223e-03
   5.2965274e-03
   5.8562960e-03
   1.6115669e-02
   7.0748855e-03
   1.3268692e-02
   2.9799424e-02
   4.4183750e-02
   2.4919568e-02
   1.8074153e-02
   8.0879651e-02
   6.1677400e-02
   3.8736746e-02
   1.3016098e-02
   6.5508693e-02
   1.4190979e-02
   7.2978670e-03
   6.0872338e-03
   6.3243979e-03
   1.7786462e-02
   7.5610392e-03
   2.7306996e-02
   4.0921770e-02
   5.0102200e-02
   4.7864150e-02
   6.7782491e-02
   1.2829453e-01
   4.5190323e-02
   6.6034839e-02
   1.2001208e-02
   1.0229255e-01
   1.4782707e-02
   7.4976808e-03
   5.2664247e-03
   7.2776158e-03
   2.0537110e-02
   8.5082138e-03
   3.0192051e-02
   2.3544392e-02
   3.2897860e-02
   6.4759761e-02
   6.8026863e-02
   4.5129552e-02
   3.7518013e-02
   8.1419207e-02
   1.3613141e-02
   4.0158696e-02
   1.2461150e-02
   8.8199247e-03
   6.7714993e-03
   9.1006914e-03
   1.9038305e-02
   9.8053794e-03
   1.7212538e-02
   1.2656207e-02
   3.2532487e-02
   1.9221067e-02
   1.9069441e-02
   1.7820934e-02
   2.4569899e-02
   3.2630328e-02
   1.6381744e-02
   2.7112668e-02
   1.4045421e-02
   4.7948085e-02
   4.7489159e-02
   5.1374856e-02
   5.8246929e-02
   6.8377048e-02
   7.3541015e-02
   7.4575521e-02
   7.6550461e-02
   1.4518463e-02
   2.1090327e-02
   3.0970313e-02
   3.7561554e-02
   4.6765894e-02
   5.7213899e-02
   5.9262823e-02
   5.8250796e-02
   1.6756015e-01
   1.8177770e-01
   1.8950027e-01
   1.8135484e-01
   2.4058411e-01
   2.4603847e-01
   2.3552376e-01
   2.0792292e-01
   6.3505821e-02
   8.4026903e-02
   7.8042448e-02
   1.0629475e-01
   1.1161441e-01
   1.5711012e-01
   1.3196307e-01
   1.5354261e-01
   6.2279306e-02
   6.6425435e-02
   6.5930754e-02
   6.9674253e-02
   9.3702622e-02
   9.4904721e-02
   8.4230229e-02
   9.3859270e-02
   2.7799917e-02
   3.3057179e-02
   3.5361215e-02
   7.0692837e-02
   5.2180722e-02
   6.5010786e-02
   6.0297381e-02
   7.0033647e-02
   6.9735795e-03
   5.6011709e-03
   6.1631007e-03
   1.8587992e-02
   8.3033899e-03
   1.1124744e-02
   2.0188002e-02
   4.7843207e-02
   2.9070698e-02
   5.9272959e-03
   2.1249797e-02
   5.4780617e-02
   4.9506806e-02
   1.4544836e-02
   3.3759777e-02
   1.6514542e-02
   5.1700487e-03
   3.3664615e-03
   4.3638409e-03
   2.3805317e-02
   6.4849099e-03
   1.4980499e-02
   3.4553643e-02
   7.6054722e-02
   4.0795099e-02
   1.5303450e-02
   9.7881712e-02
   9.5501602e-02
   6.4210802e-02
   1.6025431e-02
   8.6049989e-02
   1.6961118e-02
   6.8825819e-03
   6.2706438e-03
   3.9759004e-03
   2.6169192e-02
   1.0169169e-02
   3.4942765e-02
   4.5566011e-02
   8.3346695e-02
   7.6844588e-02
   7.6076217e-02
   1.5755019e-01
   5.2814126e-02
   1.1572377e-01
   1.9230187e-02
   1.5386122e-01
   2.1394096e-02
   6.8010394e-03
   5.6457911e-03
   4.3197507e-03
   3.0935878e-02
   1.2895018e-02
   3.7960380e-02
   2.8875396e-02
   5.5573039e-02
   1.0168830e-01
   8.5474424e-02
   5.3048529e-02
   4.1911896e-02
   1.3979557e-01
   1.7425470e-02
   5.7120610e-02
   1.5317262e-02
   8.5937241e-03
   6.7622741e-03
   8.4935492e-03
   2.7204009e-02
   1.2119388e-02
   2.3728203e-02
   1.6881002e-02
   4.4554647e-02
   3.1958669e-02
   2.1052105e-02
   1.7536128e-02
   3.3343550e-02
   5.6126665e-02
   1.6490560e-02
   3.4817528e-02
   1.8968869e-02
   6.8528086e-02
   7.2422042e-02
   7.9775661e-02
   9.7024441e-02
   9.7912595e-02
   9.4254531e-02
   9.4511986e-02
   1.0493064e-01
   2.8133869e-02
   3.5614260e-02
   3.5112131e-02
   6.0202733e-02
   4.6190884e-02
   6.2823504e-02
   6.2518768e-02
   6.6922814e-02
