   3.5576567e-02
   4.3270037e-02
   4.3735102e-02
   1.1909229e-02
   7.1396112e-02
   8.9495696e-02
   5.3641636e-02
   9.6403481e-03
   8.0890208e-02
   1.3121431e-01
   7.5335436e-02
   8.6760111e-03
   4.7725081e-02
   1.1763542e-01
   9.9005505e-02
   1.7309438e-02
   6.1929539e-02
   4.7984194e-02
   3.6823343e-02
   1.1040598e-02
   8.9006692e-02
   1.0712229e-01
   2.8444344e-02
   9.2491694e-03
   4.4659574e-02
   6.9788262e-02
   3.5636067e-02
   8.0480576e-03
   3.0679051e-02
   5.0260756e-02
   4.6523489e-02
   1.1904587e-02
   1.0220348e-01
   9.6778810e-02
   3.3033740e-02
   1.1292040e-02
   5.3480722e-02
   1.1607531e-01
   1.7105881e-02
   9.8305345e-03
   3.8365524e-02
   4.4781063e-02
   1.4719299e-02
   7.3985569e-03
   2.3603402e-02
   1.5762381e-02
   1.9379053e-02
   9.0394933e-03
   6.1546858e-02
   1.3262874e-01
   3.6363985e-02
   1.3170096e-02
   4.2363178e-02
   9.1739602e-02
   2.5702076e-02
   1.1401413e-02
   4.4930656e-02
   5.0301865e-02
   2.3786627e-02
   9.0123704e-03
   2.4397183e-02
   1.6238360e-02
   2.6484156e-02
   1.0272084e-02
   4.0932339e-02
   6.8324000e-02
   5.3657722e-02
   1.5191002e-02
   5.1795702e-02
   8.2240298e-02
   4.7594212e-02
   1.3242268e-02
   6.0623601e-02
   6.3187271e-02
   4.4265620e-02
   1.1510480e-02
   2.8136572e-02
   2.3780622e-02
   2.4422845e-02
   1.1211764e-02
   3.4317568e-02
   4.6689656e-02
   5.0241858e-02
   1.5543897e-02
   4.1663460e-02
   6.4727038e-02
   2.9680423e-02
   1.0585941e-02
   4.8479199e-02
   5.7760231e-02
   2.2243017e-02
   8.4853405e-03
   3.4096967e-02
   2.8019559e-02
   1.5843170e-02
   7.2871335e-03
   3.1643435e-02
   4.2590652e-02
   3.5667051e-02
   1.4033324e-02
   3.5289709e-02
   5.1014200e-02
   2.0665674e-02
   9.8768761e-03
   4.9483743e-02
   7.2524630e-02
   1.5756711e-02
   7.3739225e-03
   6.4836070e-02
   2.3980359e-02
   1.5689733e-02
   6.5878909e-03
   3.1809185e-02
   4.1007098e-02
   3.6583349e-02
   1.2046603e-02
   4.0615603e-02
   6.0715180e-02
   3.2013286e-02
   1.0194772e-02
   8.8577755e-02
   1.1151689e-01
   3.6628447e-02
   7.1298708e-03
   6.2255934e-02
   5.2207213e-02
   4.4516139e-02
   9.2785554e-03
   4.2586941e-02
   4.6991304e-02
   4.6100706e-02
   8.4619410e-03
   1.0765081e-01
   1.1200517e-01
   6.1663818e-02
   6.4416551e-03
   1.2199673e-01
   1.6279685e-01
   1.0323158e-01
   7.7010551e-03
   6.2866896e-02
   1.4904544e-01
   1.3422397e-01
   2.7186794e-02
   9.5030308e-02
   5.6535173e-02
   3.8719837e-02
   7.4307043e-03
   1.4122154e-01
   1.4077720e-01
   3.3250958e-02
   6.2115192e-03
   4.9517754e-02
   8.3185993e-02
   4.6203956e-02
   6.1897165e-03
   3.7166651e-02
   6.1153725e-02
   6.4448036e-02
   1.5405084e-02
   1.6175061e-01
   1.1336832e-01
   3.0285006e-02
   6.9394414e-03
   7.9084851e-02
   1.3798515e-01
   1.9235009e-02
   6.5925210e-03
   4.0628731e-02
   4.9488466e-02
   1.3231657e-02
   5.6931302e-03
   2.6781667e-02
   1.7510548e-02
   2.7874064e-02
   1.0087528e-02
   9.8721318e-02
   1.2537038e-01
   3.7198313e-02
   8.6667268e-03
   5.4814681e-02
   8.8854425e-02
   3.2542262e-02
   7.9187090e-03
   5.1143203e-02
   5.3559329e-02
   3.1407241e-02
   7.4601946e-03
   2.7128117e-02
   1.9282945e-02
   4.4257045e-02
   1.1877944e-02
   5.4844163e-02
   6.9198787e-02
   6.4012483e-02
   1.2174874e-02
   6.2230568e-02
   8.7962233e-02
   6.5163165e-02
   1.1536191e-02
   7.2127938e-02
   6.7186497e-02
   6.2347680e-02
   1.0799281e-02
   3.4521163e-02
   3.3786181e-02
   3.6656633e-02
   1.2375146e-02
   3.8011860e-02
   5.5072296e-02
   6.0206685e-02
   1.4978326e-02
   4.8390809e-02
   7.3576622e-02
   3.7873633e-02
   8.0339611e-03
   5.5391356e-02
   6.5089114e-02
   2.7715130e-02
   7.0972736e-03
   4.8148587e-02
   4.3965273e-02
   2.1485433e-02
   7.0818136e-03
   3.4354288e-02
   4.9050361e-02
   3.9817233e-02
   1.2827818e-02
   3.6641255e-02
   6.1393280e-02
   2.1578593e-02
   6.4571039e-03
   7.1582630e-02
   9.6657157e-02
   1.3326178e-02
   5.2094706e-03
   1.0332239e-01
   3.4607325e-02
   1.8690215e-02
   6.2661408e-03
   3.3364747e-02
   4.4611737e-02
   3.8700942e-02
   8.1864158e-03
   4.5351032e-02
   6.9197595e-02
   3.7671704e-02
   6.6789826e-03
   1.4210813e-01
   1.4230548e-01
   4.6255860e-02
   5.7105529e-03
   9.6825778e-02
   6.5475039e-02
   5.8247026e-02
   1.1912638e-02
   7.3506877e-02
   5.5152994e-02
   5.3692304e-02
   8.7627200e-03
   1.7653385e-01
   8.1126802e-02
   4.7302328e-02
   4.6842950e-03
   1.8114711e-01
   1.2458931e-01
   5.0608248e-02
   7.7332379e-03
   9.9832341e-02
   1.5537210e-01
   1.4889398e-01
   3.7581693e-02
   1.6799003e-01
   5.2496292e-02
   4.1809950e-02
   6.7441124e-03
   2.4048992e-01
   1.2619017e-01
   3.4237064e-02
   4.4025262e-03
   8.4530719e-02
   6.6091083e-02
   2.7579801e-02
   4.9258051e-03
   5.7345264e-02
   6.5032117e-02
   7.2327010e-02
   2.1199631e-02
   2.7225369e-01
   6.4568281e-02
   3.5301570e-02
   5.7903132e-03
   1.3493125e-01
   9.7477391e-02
   2.4008829e-02
   5.1545147e-03
   6.7232400e-02
   4.6136912e-02
   1.3291026e-02
   4.5084343e-03
   4.2634431e-02
   2.1285690e-02
   3.8659148e-02
   1.5689446e-02
   1.4040552e-01
   7.5647071e-02
   5.6484971e-02
   9.2990976e-03
   7.7618554e-02
   6.2365629e-02
   3.9857119e-02
   6.6752839e-03
   6.4371705e-02
   4.8072092e-02
   4.0027063e-02
   8.9037055e-03
   4.3005031e-02
   2.3178728e-02
   6.3821562e-02
   1.7193096e-02
   7.8924432e-02
   6.7048900e-02
   9.3859740e-02
   1.5404431e-02
   7.1375050e-02
   8.8860556e-02
   8.1524923e-02
   1.1144374e-02
   8.2447641e-02
   7.2538570e-02
   8.0889955e-02
   1.2487661e-02
   5.5331897e-02
   4.5824230e-02
   5.3122226e-02
   1.9085936e-02
   5.8719069e-02
   5.3242501e-02
   8.3135188e-02
   2.1743214e-02
   6.3545719e-02
   6.7263462e-02
   4.9344335e-02
   7.3270430e-03
   7.6080501e-02
   5.5394810e-02
   3.7380923e-02
   6.1865323e-03
   7.2584145e-02
   6.1437588e-02
   2.7925879e-02
   1.1358004e-02
   5.7445481e-02
   5.6846790e-02
   5.7191752e-02
   1.5977904e-02
   5.7852671e-02
   6.1232280e-02
   2.9055662e-02
   4.6708179e-03
   1.0548165e-01
   8.6162262e-02
   1.3396751e-02
   3.5530042e-03
   1.6072792e-01
   4.4439003e-02
   2.4030844e-02
   9.6971970e-03
   5.2176595e-02
   5.8827128e-02
   5.7388622e-02
   8.0909897e-03
   7.3814347e-02
   5.1455479e-02
   3.9461516e-02
   5.4818564e-03
   2.1010204e-01
   1.2316719e-01
   2.2895260e-02
   4.6197297e-03
   1.4829892e-01
   6.5764509e-02
   6.6996939e-02
   1.6590063e-02
   8.1366166e-02
   6.4576089e-02
   8.4969252e-02
   1.3975188e-02
   1.8592006e-01
   3.8140282e-02
   4.4610709e-02
   4.0144240e-03
   1.8391825e-01
   9.0193123e-02
   6.2993698e-02
   9.2726080e-03
   1.1863597e-01
   1.3151909e-01
   1.2895696e-01
   4.3850053e-02
   1.3892850e-01
   5.9180684e-02
   7.5158447e-02
   1.0060141e-02
   2.3280555e-01
   6.0039226e-02
   3.7754312e-02
   3.9196559e-03
   9.3235061e-02
   5.1789977e-02
   3.4963373e-02
   6.4211600e-03
   6.9830820e-02
   6.4003617e-02
   6.5627173e-02
   3.0271264e-02
   1.7333791e-01
   6.0556412e-02
   5.5736985e-02
   8.1766127e-03
   1.1933741e-01
   4.9016792e-02
   3.8196404e-02
   4.1972683e-03
   8.2851313e-02
   3.4543145e-02
   1.5738882e-02
   4.8955106e-03
   5.3048313e-02
   2.1834122e-02
   5.4997183e-02
   2.4767887e-02
   7.7318802e-02
   7.5304337e-02
   7.6008298e-02
   1.7356135e-02
   6.3497931e-02
   4.3372069e-02
   6.2066220e-02
   9.3395589e-03
   6.7016400e-02
   3.3061668e-02
   5.1970705e-02
   1.3594864e-02
   4.6953775e-02
   2.8148575e-02
   8.7737538e-02
   2.3922741e-02
   8.7214112e-02
   6.4810522e-02
   1.3020214e-01
   2.6427491e-02
   1.1043507e-01
   6.8391696e-02
   1.1558632e-01
   1.5932914e-02
   1.1936918e-01
   5.6543350e-02
   1.1230913e-01
   2.0103404e-02
   5.5887412e-02
   5.1263753e-02
   7.8266524e-02
   3.3183564e-02
   5.7461854e-02
   4.2543083e-02
   9.6670277e-02
   3.6337260e-02
   6.0646240e-02
   4.8533212e-02
   6.3911550e-02
   9.1258259e-03
   7.5168543e-02
   4.8568096e-02
   5.3054750e-02
   7.9859039e-03
   6.9847591e-02
   6.4517260e-02
   3.9634280e-02
   1.9703098e-02
   8.0956571e-02
   6.3712761e-02
   9.0487748e-02
   2.5559565e-02
   8.3054617e-02
   4.6099015e-02
   4.3673329e-02
   3.9877980e-03
   1.0501970e-01
   5.7605457e-02
   1.3818394e-02
   3.3857862e-03
   1.5468615e-01
   4.8014265e-02
   2.8492877e-02
   1.9456392e-02
   6.5280803e-02
   6.7963302e-02
   9.8439105e-02
   1.2801161e-02
   8.8215575e-02
   3.1985145e-02
   4.5700688e-02
   4.2498098e-03
   2.0786363e-01
   6.5479405e-02
   2.7663702e-02
   5.8795721e-03
   1.4165974e-01
   5.3265382e-02
   6.4911924e-02
   2.2052580e-02
