   6.0220972e-02
   6.5996200e-02
   7.5486124e-02
   3.0121699e-02
   6.6886425e-02
   6.7109734e-02
   6.7393199e-02
   1.4025400e-02
   7.2468750e-02
   7.0375368e-02
   6.4002141e-02
   1.6404407e-02
   7.9395473e-02
   7.5828522e-02
   6.7575388e-02
   2.1260913e-02
   3.2700136e-02
   3.2071374e-02
   3.7509609e-02
   1.7239466e-02
   2.9371176e-02
   2.8900938e-02
   2.8761584e-02
   1.0523438e-02
   3.2227438e-02
   2.9698299e-02
   2.9383849e-02
   1.3791666e-02
   3.4727864e-02
   3.1572577e-02
   3.0295754e-02
   1.8368142e-02
   1.7218389e-02
   1.2878389e-02
   1.5528459e-02
   1.0322373e-02
   7.2928104e-03
   5.3892871e-03
   5.3779115e-03
   8.0839982e-03
   9.0479748e-03
   5.7355068e-03
   5.7749422e-03
   1.1512932e-02
   1.0530303e-02
   6.6548339e-03
   6.0952092e-03
   1.6005592e-02
   1.4447995e-02
   1.3181961e-02
   1.4930223e-02
   1.1819663e-02
   6.8343375e-03
   4.9091429e-03
   4.8562032e-03
   1.2851167e-02
   8.8741472e-03
   5.4254811e-03
   4.7237473e-03
   1.5767951e-02
   9.8345233e-03
   6.1679119e-03
   5.3602988e-03
   2.0491749e-02
   9.1678826e-03
   8.1905425e-03
   2.5909083e-02
   1.6943406e-02
   7.0952987e-03
   5.1171137e-03
   5.2448087e-03
   2.3249714e-02
   9.5904768e-03
   5.4436936e-03
   5.3228545e-03
   2.6423838e-02
   1.0826948e-02
   6.0137217e-03
   5.9346841e-03
   3.1109288e-02
   8.3351843e-03
   7.3764608e-03
   2.4670981e-02
   2.0053998e-02
   6.6626174e-03
   5.0017848e-03
   4.7557368e-03
   1.3996885e-02
   8.7453900e-03
   5.5555194e-03
   4.8752110e-03
   1.5683053e-02
   1.0484832e-02
   6.1837314e-03
   5.5691283e-03
   2.0579793e-02
   8.9471610e-03
   7.5667938e-03
   1.4102670e-02
   2.9298134e-02
   7.1050646e-03
   5.4736375e-03
   4.9358681e-03
   8.5915849e-03
   8.9397682e-03
   5.8367043e-03
   5.5887667e-03
   1.0773117e-02
   1.0264965e-02
   6.5880623e-03
   5.8980561e-03
   1.4989601e-02
   2.5507109e-02
   2.6824862e-02
   3.4316722e-02
   2.4265720e-02
   2.5499107e-02
   2.5460254e-02
   2.5361594e-02
   1.0270726e-02
   2.9053319e-02
   2.7030710e-02
   2.4672039e-02
   1.2544309e-02
   3.1218057e-02
   2.8621871e-02
   2.5915658e-02
   1.6833477e-02
   8.8955000e-02
   9.3954682e-02
   9.4202287e-02
   3.9168384e-02
   1.0118933e-01
   1.0009976e-01
   9.5928162e-02
   1.7464535e-02
   9.5690057e-02
   9.5111653e-02
   8.7959312e-02
   1.9789169e-02
   1.1532447e-01
   1.0974342e-01
   1.0026886e-01
   2.2296607e-02
   4.7743142e-02
   4.6004798e-02
   4.6609089e-02
   2.3587972e-02
   4.3511670e-02
   4.3274987e-02
   4.1296087e-02
   1.3664340e-02
   4.1416414e-02
   3.9963257e-02
   4.0969975e-02
   1.5794668e-02
   4.7957312e-02
   4.5074742e-02
   4.5260724e-02
   2.0262808e-02
   2.5049256e-02
   1.8117622e-02
   1.5204417e-02
   1.4543070e-02
   6.1836364e-03
   6.0452512e-03
   5.6583215e-03
   1.1328218e-02
   6.3568261e-03
   5.3279414e-03
   5.4678228e-03
   1.4663420e-02
   6.7309402e-03
   4.9412819e-03
   5.8404300e-03
   1.5932476e-02
   2.0914756e-02
   1.6747108e-02
   1.7487323e-02
   1.4620649e-02
   5.3273994e-03
   4.6016793e-03
   4.6316823e-03
   1.8709831e-02
   5.9330249e-03
   4.3033729e-03
   3.6753316e-03
   2.1147322e-02
   5.9598899e-03
   3.9939261e-03
   4.0850178e-03
   2.4893502e-02
   1.0575167e-02
   8.4854094e-03
   3.8351402e-02
   1.8087495e-02
   6.4786347e-03
   4.9368646e-03
   5.4159649e-03
   3.3839200e-02
   7.4248426e-03
   4.0310202e-03
   4.3718587e-03
   3.6766101e-02
   7.2224434e-03
   4.0711323e-03
   4.4324468e-03
   3.8243700e-02
   8.8964608e-03
   7.3407632e-03
   3.7072830e-02
   3.2486882e-02
   4.9211816e-03
   4.7500166e-03
   4.6702367e-03
   2.3814106e-02
   6.2711616e-03
   4.1086897e-03
   4.0098778e-03
   2.3718115e-02
   7.0857471e-03
   3.9520115e-03
   4.0115071e-03
   2.4018697e-02
   1.0891749e-02
   9.2447642e-03
   1.8308235e-02
   5.2787811e-02
   6.2074708e-03
   5.9447386e-03
   5.1173759e-03
   1.3351595e-02
   6.8467148e-03
   5.0274278e-03
   5.4574120e-03
   1.4836392e-02
   6.9914064e-03
   4.9366206e-03
   5.5386019e-03
   1.5653331e-02
   3.4758765e-02
   3.6100179e-02
   4.2280439e-02
   3.8490437e-02
   3.6337689e-02
   3.6164246e-02
   3.5296708e-02
   1.3170010e-02
   3.4968823e-02
   3.4953218e-02
   3.2727916e-02
   1.6169595e-02
   4.1838873e-02
   3.9751213e-02
   3.7215602e-02
   1.6704099e-02
   1.3682386e-01
   1.3401394e-01
   1.2743080e-01
   6.5482870e-02
   1.5304758e-01
   1.4807369e-01
   1.3605121e-01
   2.4287954e-02
   1.7228244e-01
   1.6862760e-01
   1.5236078e-01
   2.7665611e-02
   1.6316400e-01
   1.6557957e-01
   1.5594646e-01
   2.8742539e-02
   6.8268418e-02
   6.3170291e-02
   6.2354870e-02
   3.9127167e-02
   6.6083655e-02
   6.3890539e-02
   6.2352639e-02
   2.2393897e-02
   7.3339358e-02
   6.9821782e-02
   7.3287629e-02
   2.5700478e-02
   6.7911483e-02
   6.7334272e-02
   7.3629126e-02
   2.6229383e-02
   3.4068007e-02
   2.7931826e-02
   2.1290123e-02
   2.3947487e-02
   8.0978926e-03
   9.3665374e-03
   8.3993766e-03
   2.0003114e-02
   7.2121192e-03
   6.5892553e-03
   9.8300921e-03
   2.4653330e-02
   6.1979601e-03
   5.1916074e-03
   9.1587109e-03
   2.7321367e-02
   3.1572700e-02
   2.7622610e-02
   2.4706613e-02
   2.1703629e-02
   6.5693441e-03
   6.0684108e-03
   6.7479252e-03
   3.2449972e-02
   5.9213219e-03
   4.0360442e-03
   6.5060654e-03
   3.4071628e-02
   4.3655848e-03
   2.4815765e-03
   6.6715335e-03
   3.9359804e-02
   1.6370578e-02
   1.3945179e-02
   6.3029744e-02
   2.3764366e-02
   8.7634884e-03
   4.9162763e-03
   7.8969635e-03
   6.7967556e-02
   7.7511948e-03
   3.6012621e-03
   6.4958748e-03
   7.6741330e-02
   7.1403948e-03
   3.3389390e-03
   6.7868624e-03
   7.6699339e-02
   1.5106168e-02
   1.0365766e-02
   5.9969470e-02
   5.1295608e-02
   6.0949554e-03
   5.6728935e-03
   6.5043229e-03
   4.4245355e-02
   5.4928712e-03
   3.8049959e-03
   5.2715670e-03
   4.1879371e-02
   5.7521071e-03
   3.3701051e-03
   6.6380231e-03
   4.4696055e-02
   1.7982299e-02
   1.3860813e-02
   2.7720397e-02
   8.2323536e-02
   8.7628756e-03
   9.5265033e-03
   7.7177300e-03
   2.4162883e-02
   7.3618167e-03
   6.0108956e-03
   8.2230819e-03
   2.7837915e-02
   6.5839896e-03
   5.7680542e-03
   8.7590981e-03
   2.8531004e-02
   5.1425707e-02
   4.9399212e-02
   5.0002843e-02
   6.3574217e-02
   5.3467609e-02
   5.2005295e-02
   5.1913489e-02
   1.9994557e-02
   6.0817197e-02
   5.9555460e-02
   5.7003759e-02
   2.4328496e-02
   5.8874156e-02
   5.9935912e-02
   5.9643313e-02
   1.9635651e-02
   1.9899234e-01
   1.8599041e-01
   1.7749038e-01
   9.9686176e-02
   3.2066250e-01
   3.2436413e-01
   2.9677340e-01
   4.9323473e-02
   3.5806137e-01
   3.6759004e-01
   3.3968461e-01
   5.8431409e-02
   3.8777545e-01
   3.9241186e-01
   3.5693777e-01
   5.6114681e-02
   1.0008661e-01
   8.4475055e-02
   8.2831062e-02
   6.6074535e-02
   1.3825037e-01
   1.3713811e-01
   1.4013386e-01
   4.4353642e-02
   1.5205058e-01
   1.5172678e-01
   1.6592613e-01
   4.9328279e-02
   1.5955256e-01
   1.5804176e-01
   1.7212453e-01
   5.1140409e-02
   4.5089003e-02
   3.7835624e-02
   2.3981340e-02
   4.1616220e-02
   1.0758859e-02
   1.0619239e-02
   1.5457414e-02
   3.1349137e-02
   1.1560041e-02
   1.0444866e-02
   1.7778158e-02
   3.5365246e-02
   1.0519248e-02
   1.0180084e-02
   2.0520128e-02
   4.2421825e-02
   4.7432672e-02
   4.2214058e-02
   2.8381987e-02
   4.2927627e-02
   1.0138557e-02
   8.3391648e-03
   1.3635140e-02
   5.1142916e-02
   6.6330377e-03
   5.4510054e-03
   1.3570160e-02
   4.7567755e-02
   6.4579207e-03
   3.4315796e-03
   1.2433253e-02
   5.0881520e-02
   3.0516809e-02
   2.2749906e-02
   7.4493624e-02
   3.4701519e-02
   1.5027118e-02
   7.9163993e-03
   2.5649872e-02
   1.2067320e-01
   1.3684222e-02
   4.5266082e-03
   2.5000714e-02
   1.2641706e-01
   1.3149421e-02
   3.2772906e-03
   2.4972852e-02
   1.2057111e-01
   2.0304255e-02
   1.3568060e-02
   7.2135590e-02
   7.7522367e-02
   8.7382598e-03
   7.3874099e-03
   1.4954486e-02
   5.7750646e-02
   7.9677422e-03
   5.8370908e-03
   1.1766018e-02
   4.9884841e-02
   8.1949858e-03
   4.4230861e-03
   1.4311988e-02
   5.0512899e-02
   2.1924546e-02
   1.4214147e-02
   3.4521945e-02
   1.3127235e-01
   9.9001452e-03
   1.0692084e-02
   1.3584888e-02
   2.7744675e-02
   8.8135945e-03
   8.7451367e-03
   1.5037321e-02
   3.0222312e-02
   9.5430901e-03
   9.8006325e-03
   1.7428134e-02
   3.4324653e-02
   7.1146727e-02
   6.3875265e-02
   6.6389658e-02
   9.9066444e-02
   1.1109345e-01
   1.1115646e-01
   1.1205486e-01
   2.3639929e-02
   1.2562424e-01
   1.2854518e-01
   1.2436910e-01
   2.1863669e-02
   1.3935679e-01
   1.4097336e-01
   1.3702926e-01
   2.6760314e-02
