   7.6217331e-02
   7.6797076e-02
   7.8157514e-02
   1.5439996e-02
   6.2227108e-02
   9.7112760e-02
   7.2938442e-02
   7.7632205e-03
   8.0390215e-02
   1.4552432e-01
   7.4023247e-02
   8.7330909e-03
   3.6825743e-02
   5.5255204e-02
   3.4113649e-02
   1.2337215e-02
   4.5992717e-02
   3.3373501e-02
   3.3313725e-02
   8.7103853e-03
   7.7582285e-02
   7.9334579e-02
   3.7375573e-02
   6.0782107e-03
   4.2495798e-02
   8.1259713e-02
   4.0750630e-02
   9.0561211e-03
   3.0665457e-02
   5.0077293e-02
   3.0120080e-02
   1.2688025e-02
   3.8339879e-02
   1.2385321e-02
   1.1065117e-02
   5.9865308e-03
   4.2790506e-02
   3.5999015e-02
   1.4980653e-02
   5.5844840e-03
   3.4764595e-02
   4.9550295e-02
   2.1993190e-02
   8.7199947e-03
   3.1005019e-02
   4.7008459e-02
   2.9543858e-02
   1.4582548e-02
   2.3937626e-02
   2.1344125e-02
   1.5370398e-02
   6.9079385e-03
   3.6988068e-02
   3.1666875e-02
   1.8253179e-02
   7.2367373e-03
   4.0496610e-02
   6.4527690e-02
   3.0881215e-02
   1.0791614e-02
   3.6063913e-02
   5.4875717e-02
   4.1044597e-02
   1.5904913e-02
   1.4560839e-02
   1.5082479e-02
   2.8951677e-02
   9.5334612e-03
   4.4618014e-02
   3.5418052e-02
   3.0543918e-02
   9.9484771e-03
   5.2877419e-02
   8.2384981e-02
   5.6628849e-02
   1.3980872e-02
   4.5417912e-02
   8.1432536e-02
   5.3297691e-02
   1.8680155e-02
   1.0991568e-02
   7.3385439e-03
   2.7898559e-02
   1.2614296e-02
   3.6462385e-02
   2.8806690e-02
   2.2705987e-02
   7.3795081e-03
   4.3328393e-02
   7.7610724e-02
   2.6729044e-02
   1.0316525e-02
   5.8273353e-02
   1.3680506e-01
   3.5407085e-02
   1.4585769e-02
   1.0792389e-02
   7.6662810e-03
   1.7708728e-02
   1.0929737e-02
   3.1618893e-02
   2.6672853e-02
   1.6246181e-02
   6.3031586e-03
   4.6411436e-02
   8.7239929e-02
   1.7522184e-02
   9.2118653e-03
   9.4151333e-02
   1.0639659e-01
   2.6281284e-02
   1.2650388e-02
   3.2550588e-02
   3.0679842e-02
   3.5190202e-02
   9.6311923e-03
   3.4217395e-02
   4.7175910e-02
   3.3785090e-02
   7.0172246e-03
   8.1405528e-02
   1.1205614e-01
   3.5327129e-02
   8.7775011e-03
   6.4147331e-02
   5.7756282e-02
   2.8810367e-02
   1.2005107e-02
   1.1572158e-01
   1.1443687e-01
   1.1229207e-01
   1.8418070e-02
   1.0080340e-01
   1.1045818e-01
   7.7102110e-02
   7.4444888e-03
   1.2813534e-01
   1.7064074e-01
   8.2202196e-02
   5.9241527e-03
   4.5757424e-02
   5.6408793e-02
   3.5009932e-02
   8.2618836e-03
   6.6395953e-02
   4.9551819e-02
   4.6348829e-02
   1.0835298e-02
   1.3044165e-01
   9.2686109e-02
   3.8255949e-02
   4.8950869e-03
   5.6251131e-02
   9.1124035e-02
   4.2986263e-02
   6.2303417e-03
   3.4963813e-02
   4.5678280e-02
   3.3095513e-02
   7.9974532e-03
   5.0204158e-02
   2.1067251e-02
   1.5401527e-02
   6.7552025e-03
   6.1885159e-02
   4.2147540e-02
   1.5562773e-02
   3.9766543e-03
   4.0907685e-02
   5.4104291e-02
   1.6836839e-02
   5.9516588e-03
   3.6079980e-02
   5.1666625e-02
   3.4684826e-02
   1.0734159e-02
   3.1836852e-02
   3.8633540e-02
   2.4586467e-02
   6.9574825e-03
   4.7371197e-02
   3.6170255e-02
   2.4148066e-02
   5.7632006e-03
   5.1314604e-02
   6.8415985e-02
   3.8243968e-02
   7.8796307e-03
   4.1122381e-02
   6.1811421e-02
   4.9412794e-02
   1.1671945e-02
   1.9890673e-02
   2.6018798e-02
   5.1841896e-02
   1.2744509e-02
   5.6882236e-02
   3.3208285e-02
   4.3258134e-02
   9.4166715e-03
   7.2421797e-02
   7.1252435e-02
   7.7317126e-02
   1.2371840e-02
   5.3174723e-02
   7.9259373e-02
   6.5510981e-02
   1.3458767e-02
   1.4201275e-02
   1.1361998e-02
   5.1110733e-02
   1.9363895e-02
   4.3602679e-02
   3.0531105e-02
   3.3192992e-02
   6.5992083e-03
   5.7480443e-02
   7.5852357e-02
   3.2456890e-02
   8.3719846e-03
   9.1340743e-02
   1.1926918e-01
   4.0105470e-02
   9.4216634e-03
   1.4162700e-02
   9.2404112e-03
   3.1007519e-02
   1.7325502e-02
   3.3964727e-02
   2.7660739e-02
   2.3157381e-02
   4.7444673e-03
   6.8833783e-02
   1.0593669e-01
   1.4376758e-02
   6.5947678e-03
   1.5422350e-01
   1.1049411e-01
   2.4520505e-02
   8.7786373e-03
   4.8636835e-02
   4.3386795e-02
   5.0850544e-02
   1.2351770e-02
   4.1529510e-02
   5.2936096e-02
   3.8132526e-02
   5.9264917e-03
   1.2872499e-01
   1.4088742e-01
   3.6678951e-02
   5.7425867e-03
   9.9373750e-02
   6.3584477e-02
   2.7910449e-02
   8.1145745e-03
   1.4378487e-01
   1.3509020e-01
   1.2931202e-01
   2.3774600e-02
   1.4135770e-01
   1.0254536e-01
   7.9025321e-02
   9.7226044e-03
   1.9497725e-01
   9.1517054e-02
   1.6220631e-02
   4.8867683e-03
   7.7764459e-02
   5.3351630e-02
   5.3048991e-02
   5.6159431e-03
   8.6009003e-02
   5.8217607e-02
   5.4099333e-02
   1.3554296e-02
   1.8206939e-01
   9.1619857e-02
   3.7456378e-02
   5.5637197e-03
   9.2600934e-02
   5.4376591e-02
   1.6189331e-02
   5.0493781e-03
   5.4021072e-02
   6.0468674e-02
   4.8171852e-02
   6.9590006e-03
   7.2182156e-02
   2.7995590e-02
   2.4544597e-02
   1.0814027e-02
   8.7248325e-02
   4.7663353e-02
   2.1145828e-02
   3.6011310e-03
   6.5861590e-02
   5.2889124e-02
   1.4970498e-02
   4.5109480e-03
   6.0061768e-02
   5.6035131e-02
   5.2425269e-02
   9.4815856e-03
   5.0012834e-02
   5.4410025e-02
   3.5573807e-02
   1.1038030e-02
   6.9122493e-02
   3.7404925e-02
   3.4289315e-02
   6.2681763e-03
   8.0162928e-02
   5.9100378e-02
   4.9647037e-02
   7.8692632e-03
   6.2350769e-02
   6.1500899e-02
   7.0613667e-02
   1.1412894e-02
   3.2977015e-02
   3.8342513e-02
   7.4469306e-02
   1.9962901e-02
   6.9374956e-02
   3.8530499e-02
   5.7012476e-02
   1.2245348e-02
   8.5966237e-02
   7.4231081e-02
   9.3643799e-02
   1.4292026e-02
   6.1167706e-02
   8.9698642e-02
   9.1720402e-02
   1.5329250e-02
   2.3989921e-02
   1.6360288e-02
   8.0414444e-02
   4.0321097e-02
   6.3586801e-02
   3.2063123e-02
   4.7580466e-02
   9.4293756e-03
   8.1353962e-02
   5.2676428e-02
   3.9169531e-02
   9.1723651e-03
   1.2463104e-01
   8.6995445e-02
   5.4603457e-02
   7.8950645e-03
   2.2665992e-02
   1.2835289e-02
   5.5057820e-02
   3.3255950e-02
   5.6545600e-02
   3.1295579e-02
   3.6078777e-02
   4.5756097e-03
   1.1352745e-01
   7.8071348e-02
   1.2209122e-02
   4.6371683e-03
   2.5039276e-01
   6.6562951e-02
   3.5434101e-02
   5.1906593e-03
   6.3322015e-02
   5.2513156e-02
   6.2436529e-02
   1.5556461e-02
   7.1745872e-02
   5.4591414e-02
   4.6446651e-02
   6.1883139e-03
   2.0832562e-01
   1.0789852e-01
   1.3199450e-02
   4.0224851e-03
   1.7156857e-01
   4.9069099e-02
   3.6326412e-02
   5.4546949e-03
   2.1203455e-01
   1.9405869e-01
   1.6922230e-01
   4.0502775e-02
   1.5892312e-01
   1.2313189e-01
   1.0800672e-01
   1.6761521e-02
   1.7336193e-01
   4.7677115e-02
   2.2127921e-02
   5.0743110e-03
   8.8947639e-02
   5.3824730e-02
   8.3821185e-02
   7.2664660e-03
   1.1018569e-01
   8.3380744e-02
   7.0745230e-02
   1.9576585e-02
   1.6751420e-01
   8.7673947e-02
   5.0760150e-02
   9.3683051e-03
   9.5236734e-02
   3.1338464e-02
   1.6902260e-02
   4.7875387e-03
   6.5138929e-02
   7.1890943e-02
   6.8140425e-02
   7.7298195e-03
   8.7551497e-02
   3.3270162e-02
   3.2422815e-02
   1.7376127e-02
   9.3749195e-02
   5.1068235e-02
   3.5333838e-02
   5.2445792e-03
   9.7996891e-02
   3.4440219e-02
   1.9663405e-02
   5.1463540e-03
   7.5036123e-02
   4.9926661e-02
   7.2045147e-02
   9.7516887e-03
   6.3177682e-02
   6.3101739e-02
   4.3960929e-02
   2.1513399e-02
   6.5620273e-02
   3.4436364e-02
   5.5827130e-02
   1.0335838e-02
   7.5633332e-02
   3.7717972e-02
   6.6499494e-02
   1.3887050e-02
   6.1326485e-02
   3.9481405e-02
   9.8767929e-02
   1.7522724e-02
   4.7808934e-02
   4.6424627e-02
   9.2027642e-02
   3.4783684e-02
   8.4370591e-02
   3.2712378e-02
   8.6206652e-02
   1.9956741e-02
   9.8691918e-02
   5.0130006e-02
   1.3238601e-01
   2.7710663e-02
   6.9689125e-02
   8.4796257e-02
   1.1348783e-01
   2.7893947e-02
   3.6115684e-02
   2.3229262e-02
   9.8071545e-02
   6.1130594e-02
   6.3342936e-02
   2.7146978e-02
   6.1467763e-02
   1.3617328e-02
   6.3001268e-02
   2.6352685e-02
   5.1228657e-02
   1.7117040e-02
   7.9313226e-02
   8.5940354e-02
   6.0067751e-02
   1.1103887e-02
   3.2264352e-02
   2.1153834e-02
   6.8857245e-02
   4.9732525e-02
   7.7083729e-02
   2.7511775e-02
   4.7184743e-02
   6.6535566e-03
   1.0969624e-01
   3.4825757e-02
   1.4545679e-02
   4.9917898e-03
   1.5741481e-01
   5.2184794e-02
   3.6214747e-02
   5.7113003e-03
   9.0784647e-02
   7.4876420e-02
   8.0294356e-02
   2.2044569e-02
   7.9535551e-02
   5.2980725e-02
   7.1032986e-02
   8.7322406e-03
   1.8455070e-01
   5.1476520e-02
   1.6939698e-02
   3.9726426e-03
   1.4231333e-01
   3.6335543e-02
   5.3559080e-02
   5.7706269e-03
