   3.7807643e-02
   3.9783921e-02
   2.0440008e-02
   8.2737068e-03
   3.6927033e-02
   4.7226168e-02
   3.3197351e-02
   8.1701418e-03
   4.0400390e-02
   4.2223994e-02
   3.7200857e-02
   9.1935936e-03
   4.1334357e-02
   2.3654120e-02
   5.0397970e-02
   1.3906542e-02
   3.4087908e-02
   3.5794456e-02
   1.5176325e-02
   7.9424698e-03
   3.5273172e-02
   4.8198394e-02
   3.1222207e-02
   8.3998926e-03
   3.9693188e-02
   4.3899599e-02
   3.6004867e-02
   9.3370434e-03
   4.1573022e-02
   2.3070628e-02
   4.6012986e-02
   1.3043329e-02
   3.3506192e-02
   3.2004617e-02
   1.4520235e-02
   8.2018776e-03
   3.3223476e-02
   4.4361189e-02
   3.2508537e-02
   8.9288708e-03
   3.7197582e-02
   4.5692962e-02
   3.5984065e-02
   1.0614509e-02
   4.0949352e-02
   2.5188914e-02
   4.2609274e-02
   1.5593506e-02
   3.6138833e-02
   3.9536025e-02
   3.1796638e-02
   8.4738228e-03
   3.3658724e-02
   4.5884039e-02
   4.5942027e-02
   1.2396523e-02
   3.7925620e-02
   4.4229332e-02
   4.3794524e-02
   1.9966459e-02
   4.2264629e-02
   3.2895837e-02
   5.4567058e-02
   2.7929872e-02
   5.1994666e-02
   7.8055136e-02
   4.6787277e-02
   9.8488238e-03
   7.3272705e-02
   9.0057626e-02
   5.0862696e-02
   1.1756407e-02
   1.0337952e-01
   5.5439211e-02
   5.1114779e-02
   1.5718102e-02
   1.1789489e-01
   3.6757659e-02
   5.7350229e-02
   2.2314372e-02
   1.1487455e-01
   1.0481073e-01
   2.6282229e-02
   9.2331981e-03
   1.5403539e-01
   9.9716552e-02
   3.5306685e-02
   9.7370502e-03
   1.7082106e-01
   4.9276795e-02
   4.1811284e-02
   1.0401303e-02
   1.5723418e-01
   2.9449444e-02
   4.4539489e-02
   1.3896425e-02
   9.3918122e-02
   4.5645099e-02
   1.5031327e-02
   8.4279981e-03
   7.7827305e-02
   4.6234846e-02
   2.9942703e-02
   8.4587596e-03
   6.8409793e-02
   4.6360321e-02
   3.6851257e-02
   1.0007194e-02
   5.7133637e-02
   2.3202403e-02
   3.8999721e-02
   1.3771116e-02
   4.2543743e-02
   3.3052232e-02
   1.6609697e-02
   7.9645840e-03
   3.6303885e-02
   4.2628776e-02
   2.8952194e-02
   8.1626177e-03
   3.8198259e-02
   4.8370812e-02
   3.5269964e-02
   9.8427730e-03
   3.9744884e-02
   2.1958502e-02
   4.2348597e-02
   1.4276358e-02
   4.1834354e-02
   3.6273364e-02
   1.8031228e-02
   5.3316951e-03
   3.9578665e-02
   5.1557705e-02
   3.4163535e-02
   5.2696480e-03
   3.5239570e-02
   5.3173155e-02
   3.8730089e-02
   5.5288128e-03
   3.2894570e-02
   2.0808442e-02
   4.5705643e-02
   7.8501068e-03
   3.7050162e-02
   3.4765109e-02
   1.2842486e-02
   4.7770794e-03
   3.3851199e-02
   4.6086419e-02
   3.0409034e-02
   5.1345676e-03
   3.0364195e-02
   4.3848991e-02
   3.8201116e-02
   5.4609622e-03
   3.0340252e-02
   1.9990863e-02
   4.1174162e-02
   7.4209236e-03
   3.9796803e-02
   3.6276612e-02
   1.6290605e-02
   5.2850144e-03
   3.5432644e-02
   3.9627559e-02
   3.4075938e-02
   6.4693321e-03
   3.2508794e-02
   3.9639678e-02
   3.5607107e-02
   9.8710572e-03
   3.0310396e-02
   2.8906850e-02
   4.3699425e-02
   1.2458999e-02
   4.4621810e-02
   4.7908276e-02
   4.2559743e-02
   5.7258504e-03
   4.0920246e-02
   4.1287761e-02
   5.7468504e-02
   1.3719361e-02
   4.6406955e-02
   3.6466695e-02
   4.4956841e-02
   2.9392207e-02
   4.7505498e-02
   4.4095937e-02
   6.5162547e-02
   3.1857911e-02
   7.5139426e-02
   8.2545951e-02
   5.9999771e-02
   7.8893732e-03
   1.0892039e-01
   6.8757743e-02
   5.9274305e-02
   1.2084301e-02
   1.4731321e-01
   4.9010590e-02
   5.4235470e-02
   2.0862373e-02
   1.6255832e-01
   4.8465688e-02
   6.3337356e-02
   2.3605980e-02
   1.8689343e-01
   9.8031260e-02
   3.0119553e-02
   6.6400403e-03
   2.4370694e-01
   7.7156447e-02
   3.3370044e-02
   7.0147291e-03
   2.5810981e-01
   4.6239231e-02
   3.5917677e-02
   7.3649758e-03
   2.2695783e-01
   3.4744624e-02
   4.4017736e-02
   9.2794383e-03
   1.4961280e-01
   5.2094948e-02
   1.3862872e-02
   5.6086411e-03
   1.2721662e-01
   4.4591907e-02
   2.7901005e-02
   5.6141703e-03
   1.0547980e-01
   4.0700778e-02
   3.2500431e-02
   5.6474702e-03
   8.2276285e-02
   2.4086040e-02
   3.6299631e-02
   8.4490171e-03
   5.6387462e-02
   3.5024740e-02
   1.5824197e-02
   5.2937660e-03
   4.4713371e-02
   4.4019420e-02
   2.8622163e-02
   4.6421546e-03
   4.0772539e-02
   4.8503000e-02
   3.2943889e-02
   5.1416587e-03
   3.6103997e-02
   1.9763697e-02
   4.1625664e-02
   8.2087023e-03
   6.4563334e-02
   3.3763029e-02
   1.7963231e-02
   5.0069713e-03
   5.7456829e-02
   5.5426400e-02
   3.4993377e-02
   3.8653477e-03
   4.7425352e-02
   6.2379029e-02
   4.5835353e-02
   4.3255663e-03
   4.0865351e-02
   2.9203789e-02
   5.0917126e-02
   5.8000754e-03
   5.7707418e-02
   3.6974113e-02
   1.3903861e-02
   4.1101598e-03
   4.7658850e-02
   4.3610778e-02
   3.9205715e-02
   3.8284957e-03
   4.4983566e-02
   4.6278592e-02
   4.2131327e-02
   4.1141077e-03
   3.6145277e-02
   2.3677753e-02
   5.5229150e-02
   5.8226781e-03
   6.9440819e-02
   3.8914133e-02
   2.1323357e-02
   4.1288901e-03
   5.5383638e-02
   3.8003843e-02
   4.4435579e-02
   6.8871379e-03
   4.5915496e-02
   4.1078947e-02
   4.7087327e-02
   1.3848525e-02
   4.1313495e-02
   3.7212037e-02
   5.6391329e-02
   1.5615358e-02
   7.0715018e-02
   6.3189276e-02
   6.3820451e-02
   5.7286783e-03
   5.9268456e-02
   4.4133712e-02
   8.1852466e-02
   2.0292461e-02
   6.3022763e-02
   4.1896462e-02
   5.5802416e-02
   5.1501144e-02
   6.6691957e-02
   6.2998712e-02
   7.6940842e-02
   5.2483410e-02
   9.1303162e-02
   9.0956874e-02
   8.7125495e-02
   9.6154828e-03
   9.6014783e-02
   7.4887216e-02
   9.1501147e-02
   1.7254319e-02
   1.1366171e-01
   5.3202011e-02
   6.9911242e-02
   3.4993235e-02
   1.2729579e-01
   6.8068266e-02
   7.6451801e-02
   3.7941251e-02
   2.4802276e-01
   5.0465360e-02
   3.8736597e-02
   6.1105532e-03
   2.4510027e-01
   8.1686527e-02
   4.5007959e-02
   6.9684344e-03
   2.1616964e-01
   5.9256077e-02
   4.3770324e-02
   7.5588971e-03
   1.7438652e-01
   4.4216242e-02
   4.5865286e-02
   8.8997856e-03
   2.2465138e-01
   3.0799866e-02
   1.3698295e-02
   4.2994851e-03
   1.5682471e-01
   4.5163635e-02
   3.6032125e-02
   3.7727850e-03
   1.1078781e-01
   4.2858385e-02
   3.8336854e-02
   3.6701632e-03
   8.0769189e-02
   2.7196214e-02
   3.8662758e-02
   6.4067426e-03
   9.1200925e-02
   3.0631883e-02
   1.4830863e-02
   4.2266506e-03
   6.6997461e-02
   4.4363640e-02
   3.0980961e-02
   4.1528847e-03
   5.7115592e-02
   4.6333484e-02
   3.7179351e-02
   3.3867534e-03
   4.5651946e-02
   2.7494512e-02
   5.2819066e-02
   5.9965593e-03
   7.8124262e-02
   3.6457032e-02
   2.2824047e-02
   7.5881886e-03
   6.1585516e-02
   4.8658803e-02
   4.7835033e-02
   4.2365440e-03
   5.6358770e-02
   4.6941675e-02
   6.5189220e-02
   3.0195247e-03
   5.1176503e-02
   4.1819952e-02
   6.8158433e-02
   6.0911975e-03
   7.2706103e-02
   3.3427723e-02
   1.9604374e-02
   6.6193300e-03
   6.0925897e-02
   4.3325674e-02
   5.8190271e-02
   3.9615743e-03
   5.7496134e-02
   3.9971963e-02
   7.1885519e-02
   3.1789148e-03
   3.4508612e-02
   3.4515657e-02
   6.7391217e-02
   6.4838096e-03
   7.1015507e-02
   3.1503808e-02
   3.4059927e-02
   5.7186843e-03
   6.6179782e-02
   3.6424261e-02
   7.2428115e-02
   9.9119404e-03
   4.2841841e-02
   3.5784855e-02
   6.7842938e-02
   2.2838373e-02
   4.9236678e-02
   4.3079540e-02
   5.8900688e-02
   2.5621820e-02
   8.4865302e-02
   8.9058086e-02
   1.0692336e-01
   7.8198072e-03
   6.8297327e-02
   4.6752248e-02
   1.1617699e-01
   3.7349287e-02
   6.1171234e-02
   5.4467257e-02
   7.8943841e-02
   9.1185242e-02
   7.3632717e-02
   9.2596009e-02
   8.1013411e-02
   9.3084462e-02
   7.8031361e-02
   1.3295807e-01
   1.2617436e-01
   1.5271999e-02
   5.1444456e-02
   9.6184142e-02
   1.0890854e-01
   3.1966086e-02
   6.1770473e-02
   8.3760954e-02
   1.1311399e-01
   6.3691765e-02
   8.5810326e-02
   1.0657801e-01
   8.2102731e-02
   7.1497001e-02
   1.5055348e-01
   5.9783846e-02
   5.2395381e-02
   8.1804674e-03
   8.8045210e-02
   1.0855456e-01
   5.5246454e-02
   8.7429266e-03
   8.1021436e-02
   8.5433260e-02
   6.0439210e-02
   9.7493855e-03
   9.1629259e-02
   6.2173087e-02
   4.3484546e-02
   1.4546280e-02
   1.7134434e-01
   2.7832633e-02
   1.5753351e-02
   4.6308851e-03
   8.9341469e-02
   4.2720683e-02
   4.1242130e-02
   3.2888928e-03
   6.8890370e-02
   5.1053498e-02
   4.9676452e-02
   2.5349164e-03
   7.0331991e-02
   3.7483290e-02
   3.0702531e-02
   7.4305027e-03
   9.8423168e-02
   2.9754899e-02
   1.5134905e-02
   5.7377992e-03
   6.7037031e-02
   4.3002270e-02
   3.4258422e-02
   3.6239258e-03
   6.2997326e-02
   3.2334678e-02
   4.7583979e-02
   2.6802174e-03
   5.3467236e-02
   3.7232563e-02
   6.2191810e-02
   6.2254407e-03
