   1.2722393e-02
   2.9978551e-02
   2.8501477e-02
   2.7485199e-02
   1.0690835e-02
   7.0562414e-03
   1.6320473e-02
   3.1505473e-02
   1.0902078e-02
   1.9273382e-02
   2.4597488e-02
   2.7071681e-02
   6.5025585e-03
   1.3129242e-02
   1.7998369e-02
   2.5943805e-02
   1.2456681e-02
   1.8084180e-02
   1.8153073e-02
   2.5039086e-02
   1.0076678e-02
   5.7638846e-03
   1.1093638e-02
   2.9553136e-02
   1.0116152e-02
   1.0228394e-02
   1.5836317e-02
   2.7208010e-02
   6.2818285e-03
   1.0067075e-02
   1.5273599e-02
   2.4615534e-02
   1.3533118e-02
   1.2603138e-02
   1.3657681e-02
   2.5808515e-02
   1.0319375e-02
   5.0604697e-03
   8.7819202e-03
   3.1606771e-02
   1.0107570e-02
   5.3933505e-03
   1.1624232e-02
   3.1164205e-02
   6.3833492e-03
   8.5864570e-03
   1.4957609e-02
   2.6003961e-02
   1.3832648e-02
   1.2819468e-02
   1.4753766e-02
   3.1440724e-02
   1.1931450e-02
   7.4632186e-03
   9.5842183e-03
   4.1661382e-02
   1.1381343e-02
   5.6199110e-03
   1.2096092e-02
   3.7379734e-02
   7.4075959e-03
   9.8058293e-03
   2.1969272e-02
   2.8118143e-02
   1.4748347e-02
   1.1412810e-02
   1.7126987e-02
   3.8316086e-02
   1.3637041e-02
   1.1903483e-02
   1.1596711e-02
   5.2021567e-02
   1.2694630e-02
   6.1851055e-03
   1.1791613e-02
   4.2416584e-02
   8.1908880e-03
   1.3144015e-02
   2.3411874e-02
   3.0796677e-02
   1.2972626e-02
   1.0659670e-02
   1.6173504e-02
   3.6892109e-02
   1.1792678e-02
   7.1197604e-03
   1.0587178e-02
   4.5367148e-02
   1.1532266e-02
   7.0339153e-03
   1.0208918e-02
   3.4865070e-02
   8.8776033e-03
   1.6392337e-02
   1.6852353e-02
   2.7476765e-02
   1.1337041e-02
   1.0749373e-02
   1.4461385e-02
   3.2757435e-02
   1.0253512e-02
   4.4326507e-03
   1.0024788e-02
   3.4806900e-02
   1.1534200e-02
   7.4889939e-03
   9.7556999e-03
   2.7262898e-02
   8.2864668e-03
   1.2308361e-02
   1.3741096e-02
   2.4020176e-02
   1.1410408e-02
   1.8372277e-02
   1.8715780e-02
   2.7743395e-02
   1.0083352e-02
   5.0702780e-03
   1.1238594e-02
   3.0791750e-02
   1.1089836e-02
   1.1863768e-02
   1.4164551e-02
   2.5479693e-02
   6.6675008e-03
   1.0646266e-02
   1.4703013e-02
   2.4165466e-02
   1.3811203e-02
   4.7388796e-02
   4.3329500e-02
   3.4367848e-02
   1.1655268e-02
   9.4509413e-03
   2.4904545e-02
   4.6801940e-02
   1.1918816e-02
   2.7548274e-02
   3.8799059e-02
   3.7046045e-02
   7.0829862e-03
   1.9319439e-02
   2.5247533e-02
   2.6860990e-02
   1.4710321e-02
   2.5991671e-02
   2.4787938e-02
   3.0960228e-02
   1.1395886e-02
   7.4749533e-03
   1.5786499e-02
   4.3735880e-02
   1.1369003e-02
   1.3761760e-02
   2.3292521e-02
   3.8814675e-02
   6.9998247e-03
   1.4013592e-02
   2.0674940e-02
   2.7105326e-02
   1.6346050e-02
   1.6244235e-02
   1.6343536e-02
   3.2072634e-02
   1.1573575e-02
   6.3698939e-03
   1.1138645e-02
   4.5886353e-02
   1.1217507e-02
   6.4028576e-03
   1.5133156e-02
   4.4754211e-02
   7.0802388e-03
   1.0909481e-02
   1.8757058e-02
   2.9817622e-02
   1.4995471e-02
   1.6245183e-02
   1.6847106e-02
   3.7585519e-02
   1.3223673e-02
   9.7553395e-03
   1.1855475e-02
   5.6087580e-02
   1.2446262e-02
   6.4450568e-03
   1.4988130e-02
   4.9170461e-02
   7.7557280e-03
   1.1750826e-02
   2.8888606e-02
   2.9446930e-02
   1.5588013e-02
   1.3872111e-02
   2.1055151e-02
   4.4671580e-02
   1.5386520e-02
   1.6284775e-02
   1.4625807e-02
   6.7191131e-02
   1.4091284e-02
   7.2917556e-03
   1.4799529e-02
   5.3524811e-02
   8.5258298e-03
   1.7033111e-02
   2.9894182e-02
   3.0091705e-02
   1.3532666e-02
   1.2558178e-02
   1.9910686e-02
   4.5587488e-02
   1.2875905e-02
   9.0935174e-03
   1.3603704e-02
   6.0976986e-02
   1.2706759e-02
   8.7259747e-03
   1.2107321e-02
   4.5763783e-02
   1.0284291e-02
   2.3845032e-02
   1.9619664e-02
   2.8326029e-02
   1.2339467e-02
   1.3548980e-02
   1.7993499e-02
   4.4623494e-02
   1.1497779e-02
   5.4083248e-03
   1.3688715e-02
   5.0636783e-02
   1.4255060e-02
   9.9004507e-03
   1.1851837e-02
   3.8415842e-02
   1.0175025e-02
   1.7040413e-02
   1.6570915e-02
   2.5978724e-02
   1.2566553e-02
   2.7583217e-02
   2.5904287e-02
   3.7057806e-02
   1.1245262e-02
   6.4855227e-03
   1.6192168e-02
   4.6195932e-02
   1.3526571e-02
   1.6461970e-02
   2.0057503e-02
   3.5588544e-02
   7.9523269e-03
   1.4625883e-02
   1.9153938e-02
   2.5924223e-02
   1.2252226e-02
   6.4117268e-02
   5.0193232e-02
   3.5027575e-02
   9.6817017e-03
   1.1817751e-02
   3.1892363e-02
   4.9144730e-02
   1.0360999e-02
   2.8376440e-02
   4.2030361e-02
   3.6714733e-02
   6.2457174e-03
   2.4620743e-02
   2.8577130e-02
   2.1995094e-02
   1.5164244e-02
   3.3610601e-02
   2.6517831e-02
   3.0671913e-02
   9.6679628e-03
   9.0478007e-03
   1.9184345e-02
   4.4340577e-02
   9.8886443e-03
   1.4504828e-02
   2.5653562e-02
   3.9797962e-02
   6.1755632e-03
   1.6783455e-02
   2.2934195e-02
   2.4543183e-02
   1.7770300e-02
   1.8854382e-02
   1.5759790e-02
   3.0736685e-02
   9.8470906e-03
   7.5720754e-03
   1.2164007e-02
   4.4007711e-02
   9.8388884e-03
   6.7331656e-03
   1.7238218e-02
   4.6366606e-02
   6.1936378e-03
   1.1576946e-02
   1.9951580e-02
   3.0254599e-02
   1.4015475e-02
   1.9262623e-02
   1.7073847e-02
   3.4161594e-02
   1.1836105e-02
   1.1725659e-02
   1.2985135e-02
   4.8838243e-02
   1.1116239e-02
   6.9088661e-03
   1.7469605e-02
   4.4704497e-02
   6.8388367e-03
   1.1783564e-02
   3.5683483e-02
   2.6319286e-02
   1.3920208e-02
   1.5487922e-02
   2.3656901e-02
   3.7260741e-02
   1.4672534e-02
   2.0500625e-02
   1.7110938e-02
   5.6175150e-02
   1.3122805e-02
   8.0036270e-03
   1.7093236e-02
   4.5496166e-02
   7.6852720e-03
   2.1559630e-02
   3.7509724e-02
   2.4642717e-02
   1.1563625e-02
   1.3174743e-02
   2.1783795e-02
   3.9876286e-02
   1.1325446e-02
   1.1019398e-02
   1.5889330e-02
   5.1498733e-02
   1.1463979e-02
   1.0319303e-02
   1.2913969e-02
   4.1275509e-02
   1.0483815e-02
   3.2883670e-02
   1.9220939e-02
   2.3640180e-02
   1.0635197e-02
   1.4714180e-02
   1.9235212e-02
   4.6062622e-02
   9.8479968e-03
   6.0563996e-03
   1.7008968e-02
   4.7029052e-02
   1.5000085e-02
   1.1769660e-02
   1.1825897e-02
   3.6959216e-02
   1.0875395e-02
   2.0623067e-02
   1.5989708e-02
   2.2476748e-02
   1.0799374e-02
   3.4625113e-02
   2.8935155e-02
   3.8109023e-02
   9.5300227e-03
   7.7675395e-03
   2.0209564e-02
   4.5507487e-02
   1.3759362e-02
   1.6864950e-02
   2.1007126e-02
   3.5516907e-02
   7.8795273e-03
   1.6744396e-02
   2.0451084e-02
   2.1833148e-02
   1.1805964e-02
   7.3875770e-02
   6.4043254e-02
   3.2345455e-02
   7.0953295e-03
   1.5714960e-02
   3.7465926e-02
   3.8062099e-02
   8.0537554e-03
   2.4898631e-02
   5.1344540e-02
   2.8325440e-02
   4.8310999e-03
   2.4808601e-02
   2.5486223e-02
   1.6999306e-02
   1.6713252e-02
   3.7571069e-02
   3.0542688e-02
   2.6120055e-02
   7.1229599e-03
   1.1828265e-02
   2.2311063e-02
   3.2885075e-02
   7.2758836e-03
   1.3314530e-02
   3.1764701e-02
   3.4024484e-02
   4.7188406e-03
   1.6484698e-02
   1.9945942e-02
   2.3249913e-02
   2.1112472e-02
   1.9995123e-02
   1.4286688e-02
   2.3909362e-02
   7.3947520e-03
   9.2858877e-03
   1.2857211e-02
   3.1698804e-02
   7.2027105e-03
   6.8649356e-03
   2.1414014e-02
   4.2741939e-02
   4.9898475e-03
   1.1194877e-02
   2.1520678e-02
   3.3872411e-02
   1.3650162e-02
   2.2695191e-02
   1.5910210e-02
   2.5691045e-02
   9.6316347e-03
   1.3983054e-02
   1.4130766e-02
   3.4682583e-02
   9.3754334e-03
   7.1903975e-03
   2.0647941e-02
   3.4244876e-02
   5.7043680e-03
   1.2744990e-02
   4.8689269e-02
   2.3757936e-02
   1.2364743e-02
   1.8115634e-02
   2.6525155e-02
   2.8557276e-02
   1.3232625e-02
   2.6168108e-02
   2.1043679e-02
   4.1400731e-02
   1.2126766e-02
   8.7827770e-03
   1.9297935e-02
   3.4231998e-02
   7.0866318e-03
   3.1023825e-02
   5.4260589e-02
   1.8687045e-02
   9.6677430e-03
   1.3020250e-02
   2.4057042e-02
   3.2740630e-02
   9.4282245e-03
   1.3120410e-02
   1.8572249e-02
   3.5719607e-02
   9.9157300e-03
   1.0779248e-02
   1.3220220e-02
   3.0551383e-02
   1.0954456e-02
   4.5490012e-02
   2.2035088e-02
   1.7334672e-02
   8.4252581e-03
   1.5815876e-02
   1.9304665e-02
   4.4529423e-02
   7.2870464e-03
   6.9165388e-03
   2.0640915e-02
   3.4168743e-02
   1.5889099e-02
   1.2367862e-02
   1.1384874e-02
   2.7473409e-02
   1.2188736e-02
   2.3961855e-02
   1.4765876e-02
   1.6551003e-02
   8.8777309e-03
   4.3876953e-02
   3.4554623e-02
   3.5901375e-02
   7.2084516e-03
   9.9769514e-03
   2.3666402e-02
   3.3535950e-02
   1.4171517e-02
   1.7017329e-02
   2.3852926e-02
   2.6899915e-02
   7.9833046e-03
   1.5779929e-02
   1.7720656e-02
   1.7013848e-02
