   5.6346352e-03
   5.7090204e-03
   5.7907421e-03
   2.1204935e-02
   2.6107926e-02
   1.8330511e-02
   2.0233696e-02
   2.1868868e-02
   3.4654334e-02
   2.1922862e-02
   2.4250316e-02
   2.4300577e-02
   1.8359588e-02
   1.6220937e-02
   1.7049931e-02
   2.9304553e-02
   2.8476638e-03
   2.8244215e-03
   2.7644271e-03
   1.8709075e-02
   1.8413711e-02
   1.1826861e-02
   1.1535383e-02
   1.7634083e-02
   2.7204053e-02
   1.7882647e-02
   1.6262652e-02
   2.2920497e-02
   1.3352427e-02
   1.1019384e-02
   1.1793541e-02
   2.6835451e-02
   2.0014143e-03
   1.5985748e-03
   1.7578257e-03
   1.8349588e-02
   1.7045772e-02
   9.1117015e-03
   9.0697259e-03
   1.7013200e-02
   2.6874924e-02
   1.5219447e-02
   1.4312911e-02
   2.3298200e-02
   1.2226255e-02
   8.4456187e-03
   1.0528964e-02
   2.6927337e-02
   2.4864473e-03
   1.6614648e-03
   2.2179338e-03
   2.1377224e-02
   2.2464558e-02
   9.6920244e-03
   1.0116723e-02
   1.9202197e-02
   3.2860272e-02
   1.7690584e-02
   1.6690012e-02
   2.7018400e-02
   1.4136848e-02
   9.6109929e-03
   1.2305382e-02
   3.0259300e-02
   3.3613958e-03
   1.7998307e-03
   2.3954185e-03
   2.6319886e-02
   2.1650899e-02
   1.0745742e-02
   1.2365845e-02
   2.2673808e-02
   3.2555241e-02
   1.9781770e-02
   2.1760948e-02
   3.2313675e-02
   1.4212226e-02
   1.0479412e-02
   1.4979739e-02
   3.3577546e-02
   2.6915285e-03
   1.6431211e-03
   2.4006898e-03
   2.3305196e-02
   1.7829103e-02
   9.3802782e-03
   1.0918019e-02
   2.1616673e-02
   2.8261632e-02
   1.6083904e-02
   1.8025946e-02
   3.0023417e-02
   1.2643908e-02
   9.0828016e-03
   1.2991442e-02
   3.0680975e-02
   1.9267476e-03
   1.6088212e-03
   1.7456076e-03
   1.9195898e-02
   1.5832996e-02
   1.0026446e-02
   9.5056528e-03
   1.8284937e-02
   2.5403850e-02
   1.7702011e-02
   1.5118075e-02
   2.4196563e-02
   1.1459118e-02
   9.0365279e-03
   1.0892387e-02
   2.6738308e-02
   2.5729141e-03
   2.4817346e-03
   2.4706284e-03
   1.8938435e-02
   1.8282196e-02
   1.3376850e-02
   1.2626290e-02
   1.8429132e-02
   2.6997982e-02
   2.1259433e-02
   1.7042691e-02
   2.3338089e-02
   1.2808343e-02
   1.1684766e-02
   1.1834245e-02
   2.6645787e-02
   5.7838452e-03
   5.8532562e-03
   6.0081468e-03
   2.2378948e-02
   4.1373871e-02
   2.6171762e-02
   3.0532379e-02
   2.8753880e-02
   5.5664215e-02
   3.3307105e-02
   3.7592050e-02
   2.5850205e-02
   2.5059804e-02
   2.2725321e-02
   2.2825724e-02
   3.0536827e-02
   3.0509431e-03
   2.9912917e-03
   2.9497852e-03
   2.0276032e-02
   2.4805777e-02
   1.6531553e-02
   1.5821042e-02
   2.1133525e-02
   3.6595203e-02
   2.5831345e-02
   2.2723753e-02
   2.4888149e-02
   1.6560690e-02
   1.4797416e-02
   1.4744849e-02
   2.8458033e-02
   2.2210993e-03
   1.8410465e-03
   1.9495958e-03
   2.0297453e-02
   2.2408755e-02
   1.1936589e-02
   1.1206981e-02
   1.9351263e-02
   3.4647737e-02
   2.0245010e-02
   1.8065026e-02
   2.5388975e-02
   1.4550351e-02
   1.0466011e-02
   1.2289807e-02
   2.8617565e-02
   2.6936277e-03
   2.0305023e-03
   2.4307538e-03
   2.2566510e-02
   3.5854302e-02
   1.2421247e-02
   1.2556529e-02
   2.0960160e-02
   5.0129838e-02
   2.3851840e-02
   2.1302994e-02
   2.7964467e-02
   1.7495124e-02
   1.2289465e-02
   1.4338232e-02
   3.0481497e-02
   3.6403011e-03
   2.2521231e-03
   2.7402518e-03
   2.7573727e-02
   3.0382238e-02
   1.4070846e-02
   1.5975403e-02
   2.5659222e-02
   4.3475475e-02
   2.7009232e-02
   3.0017227e-02
   3.4921128e-02
   1.6576219e-02
   1.3562753e-02
   1.8751079e-02
   3.2369416e-02
   2.9283524e-03
   2.0018232e-03
   2.6939732e-03
   2.6069406e-02
   2.1667613e-02
   1.1784874e-02
   1.3687631e-02
   2.5859218e-02
   3.3804387e-02
   2.0119870e-02
   2.3917813e-02
   3.4365240e-02
   1.4332186e-02
   1.0952563e-02
   1.5876347e-02
   3.1685200e-02
   2.1632225e-03
   1.9124050e-03
   2.0174861e-03
   2.2125995e-02
   1.9617150e-02
   1.3680476e-02
   1.1762741e-02
   2.1798935e-02
   3.1332195e-02
   2.5206203e-02
   1.9329142e-02
   2.6962530e-02
   1.3441471e-02
   1.1747920e-02
   1.2866748e-02
   2.8819924e-02
   2.7934220e-03
   2.7034420e-03
   2.7387768e-03
   2.1176746e-02
   2.4750218e-02
   1.9586120e-02
   1.7794097e-02
   2.3048360e-02
   3.6213577e-02
   3.3351339e-02
   2.3980690e-02
   2.5746338e-02
   1.6317254e-02
   1.6605515e-02
   1.4799810e-02
   2.8391337e-02
   5.8717499e-03
   6.0161012e-03
   6.2831561e-03
   1.9601168e-02
   6.1381217e-02
   3.8537942e-02
   4.6837259e-02
   3.9062750e-02
   7.0153944e-02
   5.0177343e-02
   5.5660021e-02
   2.3138296e-02
   3.2197885e-02
   3.2363083e-02
   3.0697564e-02
   2.7525354e-02
   3.0868601e-03
   3.1009121e-03
   3.0820281e-03
   1.8042391e-02
   3.0432783e-02
   2.3357496e-02
   2.1377981e-02
   2.3645798e-02
   4.0779669e-02
   3.7189759e-02
   2.9183518e-02
   2.1966094e-02
   1.9052166e-02
   1.9878564e-02
   1.7362099e-02
   2.5203582e-02
   2.2776038e-03
   1.9543851e-03
   2.0247221e-03
   1.8393254e-02
   2.2797333e-02
   1.4546053e-02
   1.2091320e-02
   1.8708773e-02
   3.5640068e-02
   2.4749262e-02
   1.9465299e-02
   2.2938482e-02
   1.5349708e-02
   1.1816104e-02
   1.2429767e-02
   2.5693940e-02
   2.7375692e-03
   2.2613991e-03
   2.5460005e-03
   2.0383492e-02
   3.9642211e-02
   1.5093260e-02
   1.4394156e-02
   2.0434937e-02
   4.4507526e-02
   3.0356318e-02
   2.5613591e-02
   2.5034690e-02
   1.6751606e-02
   1.4848435e-02
   1.5274282e-02
   2.7053477e-02
   3.7494130e-03
   2.5089399e-03
   2.9493987e-03
   2.6467782e-02
   3.3518307e-02
   1.7760744e-02
   2.0969134e-02
   2.6239792e-02
   4.0976617e-02
   3.5219584e-02
   4.1738424e-02
   3.2227807e-02
   1.5417104e-02
   1.6669024e-02
   2.2373434e-02
   2.8020635e-02
   3.0158679e-03
   2.2105908e-03
   2.8985736e-03
   2.5503790e-02
   2.0845227e-02
   1.3598338e-02
   1.6676325e-02
   2.6217237e-02
   3.3366453e-02
   2.3214983e-02
   3.1183228e-02
   3.3154421e-02
   1.3880628e-02
   1.2034911e-02
   1.8088475e-02
   2.7851960e-02
   2.1911906e-03
   2.0784468e-03
   2.1856655e-03
   2.1178065e-02
   1.9119060e-02
   1.8112987e-02
   1.3338824e-02
   2.1684332e-02
   3.1445049e-02
   3.4456514e-02
   2.2912668e-02
   2.4769880e-02
   1.3439690e-02
   1.4141463e-02
   1.3806486e-02
   2.5770634e-02
   2.8316968e-03
   2.8398386e-03
   2.9711183e-03
   1.9510536e-02
   3.1640671e-02
   2.9269386e-02
   2.5264211e-02
   2.7132072e-02
   4.1212842e-02
   4.9689732e-02
   3.2626398e-02
   2.3214437e-02
   1.8252503e-02
   2.2831688e-02
   1.8041212e-02
   2.5020961e-02
   6.0323188e-03
   6.2559554e-03
   6.6297529e-03
   1.6709955e-02
   5.5028301e-02
   5.9452813e-02
   6.7201562e-02
   4.8358023e-02
   7.6053903e-02
   8.4266558e-02
   7.6932073e-02
   1.8462764e-02
   4.7707178e-02
   5.0552774e-02
   4.3710899e-02
   2.4444707e-02
   3.1324956e-03
   3.1786708e-03
   3.1413666e-03
   1.5014603e-02
   2.7852437e-02
   3.5125881e-02
   2.7758664e-02
   2.5569273e-02
   4.1238014e-02
   5.9783142e-02
   3.6737945e-02
   1.7542439e-02
   2.3812307e-02
   3.0692734e-02
   2.1489296e-02
   2.0753492e-02
   2.2558321e-03
   1.9607437e-03
   1.9671828e-03
   1.4851807e-02
   2.0852050e-02
   1.9366957e-02
   1.2564518e-02
   1.6835364e-02
   3.4592725e-02
   3.2923263e-02
   2.0652689e-02
   1.8306583e-02
   1.5786896e-02
   1.4813560e-02
   1.2038576e-02
   2.0982848e-02
   2.7916667e-03
   2.3731294e-03
   2.5999320e-03
   1.7761217e-02
   3.0522319e-02
   2.0232422e-02
   1.5476508e-02
   1.8452479e-02
   4.0258259e-02
   4.1500561e-02
   2.7983066e-02
   1.9525833e-02
   1.8603595e-02
   1.9718915e-02
   1.5759697e-02
   2.1564826e-02
   3.9754109e-03
   2.6254763e-03
   3.1522512e-03
   2.6832270e-02
   2.9224716e-02
   2.3661835e-02
   2.5213854e-02
   2.4715591e-02
   3.7134774e-02
   4.9996894e-02
   5.3471893e-02
   2.6438387e-02
   1.5498349e-02
   2.2920866e-02
   2.6833951e-02
   2.2316515e-02
   3.0910717e-03
   2.1500748e-03
   3.0170276e-03
   2.4485525e-02
   1.8601837e-02
   1.6684501e-02
   1.9431615e-02
   2.5344206e-02
   3.0531453e-02
   2.8264560e-02
   3.7796762e-02
   2.8086070e-02
   1.3133601e-02
   1.4398360e-02
   2.1250451e-02
   2.1221917e-02
   2.1008642e-03
   2.0150642e-03
   2.1912123e-03
   1.8294465e-02
   1.7002143e-02
   2.5532063e-02
   1.5668752e-02
   2.1040447e-02
   2.7460383e-02
   4.7717981e-02
   3.1082161e-02
   2.0001959e-02
   1.2460678e-02
   1.8443814e-02
   1.6769884e-02
   1.9946413e-02
   2.8173325e-03
   2.9414468e-03
   3.1637624e-03
   1.6777715e-02
   3.0866832e-02
   4.4620305e-02
   3.4941867e-02
   3.0214934e-02
   4.1699130e-02
   7.4090526e-02
   4.5642231e-02
   1.8691251e-02
   2.2776397e-02
   3.3372074e-02
   2.3866735e-02
   2.0006487e-02
