   3.6075655e-02
   2.0769699e-02
   1.2257916e-02
   2.8407332e-02
   2.8105691e-02
   3.1606015e-02
   1.2979298e-02
   3.4711190e-02
   3.4994144e-02
   1.0354739e-02
   3.9154995e-02
   4.0206809e-02
   3.2134607e-02
   3.7367810e-02
   4.2692285e-02
   4.4881497e-02
   3.3119801e-02
   1.6844463e-02
   1.0957548e-02
   2.7296256e-02
   2.6798910e-02
   2.7060788e-02
   1.2709865e-02
   3.4130819e-02
   3.4205686e-02
   9.6082408e-03
   3.0979963e-02
   3.9818622e-02
   3.7920080e-02
   3.4476921e-02
   3.9164454e-02
   4.2845447e-02
   4.8520934e-02
   1.8075367e-02
   1.1913781e-02
   3.0384429e-02
   6.2952191e-02
   2.9302794e-02
   1.4171391e-02
   3.4996305e-02
   8.6104028e-02
   1.4506061e-02
   2.9286055e-02
   4.2983200e-02
   8.5085906e-02
   4.4925887e-02
   3.5830937e-02
   4.2540222e-02
   1.0544835e-01
   2.3601875e-02
   1.5775189e-02
   3.4997955e-02
   1.5325078e-01
   2.8405739e-02
   1.9503951e-02
   4.0101502e-02
   1.6471593e-01
   3.2075372e-02
   4.6070661e-02
   4.6406314e-02
   9.4683416e-02
   6.7976803e-02
   4.2433966e-02
   4.9057320e-02
   6.2077496e-02
   2.6131192e-02
   2.5912032e-02
   4.4505809e-02
   7.5714089e-02
   2.8115489e-02
   3.0050913e-02
   4.8534036e-02
   7.5819060e-02
   2.4104213e-02
   6.1869245e-02
   5.7913367e-02
   4.0886600e-02
   5.8911834e-02
   5.0963435e-02
   5.6512322e-02
   2.8186016e-02
   2.0391846e-02
   1.8307900e-02
   4.3447010e-02
   2.5926393e-02
   2.4734151e-02
   2.2330409e-02
   5.5436809e-02
   3.3755563e-02
   1.1787748e-02
   3.9309461e-02
   7.2631933e-02
   3.1968512e-02
   4.8140418e-02
   4.2922813e-02
   8.8916615e-02
   2.9256748e-02
   1.6960014e-02
   1.1598834e-02
   3.3707593e-02
   2.6003499e-02
   2.4361350e-02
   1.3242542e-02
   4.0817890e-02
   3.1842541e-02
   1.0384604e-02
   2.8221563e-02
   4.8077431e-02
   3.0326106e-02
   4.6727948e-02
   3.4219150e-02
   6.8352215e-02
   3.2233357e-02
   1.8066190e-02
   1.0996642e-02
   2.9285220e-02
   2.8877946e-02
   2.6831109e-02
   1.2389393e-02
   3.4569014e-02
   3.3032522e-02
   1.0263738e-02
   3.0673523e-02
   3.9386079e-02
   3.0882318e-02
   3.6476903e-02
   3.6514465e-02
   4.3728665e-02
   2.8879147e-02
   1.9158797e-02
   1.2467702e-02
   2.1361526e-02
   2.5332727e-02
   3.6780994e-02
   1.2053542e-02
   2.4711296e-02
   3.3356074e-02
   1.0476429e-02
   5.2223589e-02
   2.8679689e-02
   3.6570460e-02
   4.4083092e-02
   4.1027308e-02
   3.3530064e-02
   2.9253392e-02
   1.5157823e-02
   9.8659853e-03
   2.0571310e-02
   2.7805310e-02
   2.8789053e-02
   1.1236042e-02
   2.7152205e-02
   3.6743976e-02
   1.1030989e-02
   3.7898790e-02
   2.7961457e-02
   4.9599722e-02
   3.9748356e-02
   3.6102459e-02
   3.1101907e-02
   6.0009606e-02
   1.5690934e-02
   1.0230224e-02
   2.0825662e-02
   9.8865189e-02
   2.6642425e-02
   1.2263052e-02
   2.8366400e-02
   1.2977043e-01
   1.7422447e-02
   3.3502162e-02
   3.0255683e-02
   1.3879924e-01
   5.0514951e-02
   3.1776119e-02
   3.3940054e-02
   1.3986450e-01
   2.1004358e-02
   1.2932222e-02
   2.4396695e-02
   2.4180987e-01
   3.1149842e-02
   1.8084355e-02
   3.4155168e-02
   2.4382350e-01
   3.3241533e-02
   5.2975964e-02
   3.8266946e-02
   1.5751201e-01
   7.3333196e-02
   4.1204650e-02
   3.8936719e-02
   8.2319669e-02
   2.3844924e-02
   2.9029710e-02
   3.7423730e-02
   1.1790723e-01
   3.1059103e-02
   3.4839891e-02
   4.7702786e-02
   1.0198786e-01
   2.2933559e-02
   6.3170239e-02
   5.4230809e-02
   6.1208393e-02
   6.1592527e-02
   5.0770052e-02
   4.8863292e-02
   3.1925075e-02
   1.7208291e-02
   2.0310877e-02
   3.4740027e-02
   3.2854818e-02
   2.8250532e-02
   2.5063366e-02
   5.9858538e-02
   3.6631096e-02
   1.6547797e-02
   4.4855244e-02
   7.8708880e-02
   4.0066734e-02
   5.8524679e-02
   4.1065481e-02
   1.0585321e-01
   2.3873257e-02
   1.5564402e-02
   1.0409558e-02
   2.4822544e-02
   2.2308197e-02
   2.8619977e-02
   1.2155258e-02
   3.5537027e-02
   2.9546386e-02
   1.3557900e-02
   3.1952318e-02
   4.3278288e-02
   3.7481334e-02
   5.7918053e-02
   3.0405629e-02
   8.4263831e-02
   2.3920720e-02
   1.6736906e-02
   9.9693723e-03
   2.1949274e-02
   2.2362268e-02
   3.3540066e-02
   1.0939736e-02
   2.6113968e-02
   3.0190181e-02
   9.2383251e-03
   3.1886894e-02
   2.7199946e-02
   3.4875724e-02
   4.1702624e-02
   3.1793170e-02
   3.3376593e-02
   3.8829084e-02
   2.1833094e-02
   1.5058164e-02
   1.7748624e-02
   3.8290795e-02
   4.2971075e-02
   1.4336219e-02
   1.9791367e-02
   4.1187830e-02
   1.3334171e-02
   5.4539952e-02
   2.0786844e-02
   6.2012564e-02
   6.1266810e-02
   4.7871146e-02
   2.6023109e-02
   3.5941664e-02
   1.5601740e-02
   9.4111590e-03
   1.6194565e-02
   3.8369779e-02
   3.3375029e-02
   1.2581763e-02
   2.1811299e-02
   5.1693991e-02
   1.3286830e-02
   3.7672844e-02
   2.0554338e-02
   8.4072217e-02
   5.6083690e-02
   3.9783489e-02
   2.5860608e-02
   5.6122944e-02
   1.4700556e-02
   8.4208017e-03
   1.5632646e-02
   8.5962750e-02
   2.5806686e-02
   1.2187660e-02
   2.1883937e-02
   1.7479275e-01
   1.8752733e-02
   2.9727923e-02
   2.0246673e-02
   2.4284963e-01
   4.6034064e-02
   3.3609595e-02
   3.0571410e-02
   9.6358463e-02
   1.9794123e-02
   1.3143083e-02
   1.9283107e-02
   1.8617576e-01
   2.5808651e-02
   1.8796723e-02
   2.6664948e-02
   2.7344009e-01
   3.7748471e-02
   3.9802723e-02
   2.8185038e-02
   2.6377639e-01
   7.0334330e-02
   3.8647708e-02
   3.6682025e-02
   7.3490761e-02
   2.3500938e-02
   3.6674690e-02
   3.2560088e-02
   9.5139004e-02
   2.9202817e-02
   4.3269556e-02
   4.6350390e-02
   9.8518044e-02
   2.6827903e-02
   4.6112616e-02
   4.6621419e-02
   9.6439935e-02
   6.6167593e-02
   5.6606866e-02
   4.9805570e-02
   4.4865806e-02
   1.7630866e-02
   2.5728459e-02
   3.2111064e-02
   4.5674745e-02
   2.8787775e-02
   3.2742921e-02
   5.9762444e-02
   4.8382498e-02
   2.5135664e-02
   6.1955228e-02
   7.2766759e-02
   6.7764834e-02
   7.3438652e-02
   4.6701696e-02
   9.8126613e-02
   3.2145642e-02
   1.7532190e-02
   8.9552486e-03
   2.1846687e-02
   3.1343877e-02
   2.9541120e-02
   1.3816498e-02
   3.2122854e-02
   4.4212524e-02
   2.1182738e-02
   4.7101740e-02
   4.1089017e-02
   6.9698595e-02
   7.9715639e-02
   4.1360244e-02
   7.2298035e-02
   2.7395891e-02
   1.8423595e-02
   1.0058970e-02
   2.0080913e-02
   3.4091644e-02
   3.5710361e-02
   1.3048782e-02
   2.2197045e-02
   4.1081611e-02
   1.3976018e-02
   3.4639250e-02
   2.2404691e-02
   5.5952530e-02
   5.8478884e-02
   3.9894719e-02
   3.4377456e-02
   4.9332991e-02
   3.0867411e-02
   1.4717757e-02
   1.4536603e-02
   5.2283008e-02
   4.0386379e-02
   1.7693477e-02
   1.8402293e-02
   4.8550237e-02
   1.9454246e-02
   7.5849876e-02
   2.2375209e-02
   8.7020092e-02
   7.9102941e-02
   7.7449195e-02
   3.6893312e-02
   5.1934760e-02
   1.9204764e-02
   7.7042039e-03
   1.1198483e-02
   4.8405454e-02
   3.9791085e-02
   1.5590550e-02
   1.9073496e-02
   5.3302612e-02
   1.6070642e-02
   4.2377438e-02
   1.9000631e-02
   9.4211422e-02
   6.6066541e-02
   5.3526305e-02
   3.5247631e-02
   5.9921101e-02
   1.7385012e-02
   6.2891929e-03
   1.4120097e-02
   7.0735224e-02
   2.4244402e-02
   1.6651895e-02
   2.0193802e-02
   1.2809958e-01
   2.6673807e-02
   3.5628613e-02
   2.4096753e-02
   1.9949819e-01
   4.6747521e-02
   4.4869430e-02
   3.6151074e-02
   9.2343651e-02
   2.7173560e-02
   1.7003976e-02
   1.8505547e-02
   1.5865442e-01
   4.6464738e-02
   2.6474893e-02
   2.7940813e-02
   1.5473822e-01
   5.9540577e-02
   4.6447556e-02
   3.6565121e-02
   1.6038136e-01
   7.3225014e-02
   4.7829039e-02
   4.9368970e-02
   7.0215762e-02
   3.3005361e-02
   4.8656393e-02
   2.8944852e-02
   8.1491865e-02
   5.4213632e-02
   6.6059418e-02
   5.1811542e-02
   6.1598040e-02
   4.0792018e-02
   5.1291432e-02
   6.3178115e-02
   8.1726350e-02
   7.5005203e-02
   8.5287288e-02
   6.6936545e-02
   4.0350866e-02
   2.3252208e-02
   3.2054242e-02
   2.2772079e-02
   5.4085203e-02
   2.4352567e-02
   5.4552771e-02
   6.3878514e-02
   5.9542891e-02
   3.6401328e-02
   9.3705595e-02
   1.0850249e-01
   8.5156173e-02
   8.4976621e-02
   7.4190833e-02
   1.6462456e-01
   4.1494835e-02
   2.3593288e-02
   8.9316610e-03
   1.6767900e-02
   4.3139160e-02
   3.3388924e-02
   2.0981167e-02
   3.4569874e-02
   6.3094229e-02
   2.8794874e-02
   7.5289451e-02
   4.7302853e-02
   9.5465884e-02
   1.1137757e-01
   5.8369629e-02
   1.2452473e-01
   3.6359880e-02
   2.7118200e-02
   1.0367570e-02
   1.4606573e-02
   4.6750478e-02
   3.6267366e-02
   1.6542323e-02
   2.1100402e-02
   4.6278477e-02
   1.6075801e-02
   5.2576140e-02
   1.7040400e-02
   8.3475284e-02
   9.1297433e-02
   7.6147079e-02
   5.0593205e-02
