   3.0468464e-02
   8.7976746e-02
   7.2279759e-02
   1.3836894e-02
   7.4935995e-02
   1.2791860e-01
   9.9259034e-02
   3.4011863e-02
   8.0073304e-02
   7.1622215e-02
   3.6445696e-02
   2.7495263e-02
   3.8745906e-02
   4.4257067e-02
   4.7308963e-02
   4.8911754e-02
   6.1893884e-02
   5.6728095e-02
   3.7048176e-02
   1.2083746e-02
   9.8928019e-02
   1.0933790e-01
   5.8586560e-02
   3.1948604e-02
   4.2964667e-02
   5.0273031e-02
   4.3561220e-02
   3.8818087e-02
   3.5258502e-02
   4.1598875e-02
   4.6215102e-02
   6.3044481e-02
   1.2105171e-01
   8.4827669e-02
   1.5310816e-02
   1.3669345e-02
   6.1373863e-02
   8.4897041e-02
   3.0184202e-02
   2.3141932e-02
   3.6076702e-02
   4.4388570e-02
   4.7590405e-02
   3.7115466e-02
   3.4989715e-02
   4.7068857e-02
   5.2740108e-02
   8.6476110e-02
   7.3875152e-02
   1.2214588e-01
   1.8756179e-02
   2.1403793e-02
   4.6140924e-02
   6.2725268e-02
   2.8800363e-02
   2.7002262e-02
   3.8548287e-02
   5.6820959e-02
   4.3096446e-02
   3.0531025e-02
   3.6640272e-02
   4.4050530e-02
   5.6529313e-02
   7.2179772e-02
   3.7680082e-02
   6.0414173e-02
   3.7005093e-02
   3.6693893e-02
   5.2545380e-02
   5.8164436e-02
   4.2053655e-02
   3.6677096e-02
   4.4092771e-02
   7.6374844e-02
   5.3875219e-02
   3.3003788e-02
   4.0567365e-02
   5.0565619e-02
   5.3135082e-02
   6.0187556e-02
   3.0067403e-02
   2.9554285e-02
   2.7005024e-02
   2.6760668e-02
   4.3340132e-02
   4.6246279e-02
   3.7321441e-02
   2.4461308e-02
   3.9340585e-02
   6.9494575e-02
   4.1111112e-02
   2.8236439e-02
   6.4507343e-02
   6.7151569e-02
   4.3646622e-02
   5.0744940e-02
   2.8436508e-02
   2.5228878e-02
   1.3727129e-02
   1.9254956e-02
   4.0013935e-02
   3.9909575e-02
   3.5812601e-02
   2.0446569e-02
   4.9833115e-02
   8.3620019e-02
   3.0897694e-02
   2.5268644e-02
   1.1299349e-01
   6.5229103e-02
   3.8443480e-02
   4.7634613e-02
   2.7844055e-02
   4.6624102e-02
   3.2455109e-02
   1.5102477e-02
   4.3593071e-02
   6.4717144e-02
   5.6983154e-02
   2.3747850e-02
   9.2344694e-02
   8.9860521e-02
   3.1220850e-02
   2.4555519e-02
   7.4841827e-02
   4.3393470e-02
   4.1221321e-02
   4.6340257e-02
   3.2052711e-02
   1.4520368e-01
   1.1122140e-01
   1.1588058e-02
   1.1172343e-01
   2.0697719e-01
   1.7788763e-01
   3.9852642e-02
   1.1527466e-01
   8.7226883e-02
   3.7213676e-02
   2.7731230e-02
   4.5804545e-02
   4.9356796e-02
   4.0686697e-02
   3.6271598e-02
   9.6536800e-02
   8.6842500e-02
   5.6647006e-02
   9.2077255e-03
   1.5948291e-01
   1.6298565e-01
   1.0321233e-01
   3.5856839e-02
   4.7433157e-02
   5.7329483e-02
   4.8055269e-02
   4.3778438e-02
   3.8970910e-02
   4.4144895e-02
   4.2141806e-02
   6.0327496e-02
   2.0781311e-01
   9.9018447e-02
   1.5752245e-02
   9.2127677e-03
   9.4142012e-02
   1.0639826e-01
   3.8891684e-02
   2.5166208e-02
   3.3429146e-02
   4.9923602e-02
   5.3531241e-02
   3.6998641e-02
   3.6591247e-02
   5.7239074e-02
   4.7448166e-02
   9.4312690e-02
   1.1831406e-01
   1.2427805e-01
   2.0395733e-02
   1.5794884e-02
   6.0250141e-02
   7.2229818e-02
   3.1478569e-02
   3.3060476e-02
   4.1244086e-02
   6.3227721e-02
   4.9543802e-02
   2.9080149e-02
   3.6878251e-02
   5.2502003e-02
   5.1606990e-02
   6.6761188e-02
   4.3696024e-02
   6.9558956e-02
   4.7442373e-02
   3.0957483e-02
   5.9597701e-02
   6.1736807e-02
   5.2019104e-02
   4.7879174e-02
   4.6422131e-02
   7.3073380e-02
   5.5651691e-02
   3.1853568e-02
   4.2955514e-02
   5.2222151e-02
   4.7154166e-02
   5.0651990e-02
   3.3545349e-02
   3.4388427e-02
   3.1912338e-02
   2.0262249e-02
   4.6527576e-02
   5.8528479e-02
   4.8561286e-02
   2.7653297e-02
   4.4475030e-02
   7.5764149e-02
   3.7864171e-02
   2.4567820e-02
   9.7580887e-02
   7.6643020e-02
   3.7374422e-02
   4.0847313e-02
   3.2063842e-02
   2.7276566e-02
   1.4303929e-02
   1.7284470e-02
   4.2776011e-02
   5.0860509e-02
   4.3506563e-02
   1.8147893e-02
   6.7165770e-02
   1.1162285e-01
   2.9278152e-02
   2.0408945e-02
   1.8294151e-01
   8.1105642e-02
   3.2238949e-02
   3.4628566e-02
   2.8744463e-02
   6.5608092e-02
   4.7904018e-02
   1.2380316e-02
   4.8801322e-02
   9.6067578e-02
   8.3747789e-02
   2.3091918e-02
   1.3567106e-01
   1.2364245e-01
   3.3341091e-02
   2.1494465e-02
   1.1466892e-01
   4.9524315e-02
   3.4617051e-02
   3.1475056e-02
   5.0302550e-02
   1.0827016e-01
   8.4828787e-02
   1.4018418e-02
   1.6513821e-01
   9.2371456e-02
   8.6700708e-02
   6.2226932e-02
   1.8915041e-01
   9.0162367e-02
   4.2637985e-02
   2.3745621e-02
   7.1315795e-02
   6.3289136e-02
   4.4473417e-02
   3.2925718e-02
   1.4961341e-01
   6.2715851e-02
   4.3308120e-02
   9.1114305e-03
   2.2804983e-01
   1.0093608e-01
   7.6406114e-02
   4.9556244e-02
   7.8982331e-02
   5.8536645e-02
   6.3687176e-02
   3.6546763e-02
   5.8163635e-02
   6.5340884e-02
   6.3720249e-02
   6.4588308e-02
   2.8932059e-01
   4.8673604e-02
   1.3585543e-02
   6.8256101e-03
   1.3526721e-01
   8.8175356e-02
   4.4974994e-02
   3.6303379e-02
   5.1747900e-02
   5.3730845e-02
   8.0582075e-02
   3.1815410e-02
   5.9777826e-02
   8.3460569e-02
   7.2244182e-02
   9.8726049e-02
   1.4891098e-01
   6.6502184e-02
   2.5692251e-02
   1.8050883e-02
   8.8381194e-02
   5.5802181e-02
   4.3375716e-02
   4.1944277e-02
   6.1079081e-02
   6.8291336e-02
   6.9672532e-02
   3.2042734e-02
   5.7707105e-02
   6.6687852e-02
   6.6329673e-02
   6.1111461e-02
   5.9606336e-02
   5.9785832e-02
   6.1066877e-02
   3.9813410e-02
   8.4274478e-02
   6.5752983e-02
   6.9672115e-02
   6.5260626e-02
   5.5448163e-02
   8.8694453e-02
   7.1527801e-02
   4.4817422e-02
   5.7427712e-02
   5.4856192e-02
   5.5167794e-02
   4.4394951e-02
   5.3587731e-02
   3.0538725e-02
   3.8295195e-02
   2.2079028e-02
   7.3949911e-02
   5.9224181e-02
   6.1372694e-02
   3.8077768e-02
   6.4274825e-02
   6.4898856e-02
   4.5468166e-02
   2.9362306e-02
   1.3299392e-01
   6.1557889e-02
   4.4344559e-02
   3.4203261e-02
   4.9927123e-02
   3.4208622e-02
   1.4696627e-02
   1.6065054e-02
   6.9376595e-02
   6.0919348e-02
   5.2814689e-02
   2.3099596e-02
   1.1440571e-01
   9.6247748e-02
   3.5419058e-02
   1.9087905e-02
   2.9673326e-01
   6.2766083e-02
   3.7681229e-02
   3.0291738e-02
   4.6976767e-02
   6.2443677e-02
   3.8428642e-02
   1.1506907e-02
   7.6516345e-02
   6.1937928e-02
   6.4197034e-02
   3.3896770e-02
   2.2523789e-01
   1.1779224e-01
   3.9091136e-02
   1.9715674e-02
   1.9822001e-01
   5.3462237e-02
   4.0620055e-02
   2.5659015e-02
   7.5428352e-02
   4.0942922e-02
   4.1901350e-02
   2.5555693e-02
   1.5139157e-01
   3.8548712e-02
   8.3921768e-02
   1.0168126e-01
   2.2211540e-01
   6.8206891e-02
   7.3262669e-02
   3.2721400e-02
   9.3201660e-02
   7.4084826e-02
   8.6746417e-02
   4.0093742e-02
   1.4105341e-01
   2.6945738e-02
   2.4847329e-02
   1.5252665e-02
   1.9783024e-01
   5.0755229e-02
   5.7406459e-02
   8.3270222e-02
   9.3421265e-02
   4.5350797e-02
   9.1135725e-02
   5.3411070e-02
   7.7982239e-02
   9.7214252e-02
   9.4978489e-02
   8.4694073e-02
   1.8157373e-01
   2.9263640e-02
   1.4550180e-02
   8.3559342e-03
   1.1949881e-01
   4.4535525e-02
   4.4194408e-02
   5.9080590e-02
   7.5038746e-02
   4.1774929e-02
   9.9859923e-02
   3.7163571e-02
   7.3865354e-02
   1.1009618e-01
   1.1241160e-01
   1.3432914e-01
   7.4782692e-02
   5.4583479e-02
   3.4023177e-02
   2.6000101e-02
   7.3824689e-02
   3.6247618e-02
   4.7673631e-02
   5.2717693e-02
   5.8031190e-02
   5.0838467e-02
   8.2882717e-02
   4.6393346e-02
   5.3011317e-02
   7.5639397e-02
   9.6206635e-02
   7.9225890e-02
   7.3576562e-02
   5.4287903e-02
   7.7086411e-02
   6.6985212e-02
   8.2021073e-02
   5.5533592e-02
   6.6780686e-02
   8.3802298e-02
   8.4312059e-02
   7.4998654e-02
   8.3851412e-02
   7.9035655e-02
   6.8617105e-02
   7.0514217e-02
   9.5765524e-02
   4.6647776e-02
   5.1661536e-02
   2.3621423e-02
   5.3522531e-02
   3.1154651e-02
   6.7968406e-02
   3.9390229e-02
   6.7026854e-02
   4.8989654e-02
   5.2257709e-02
   6.1323173e-02
   5.1450316e-02
   5.1347170e-02
   6.8163976e-02
   7.1310714e-02
   7.0768043e-02
   3.4992054e-02
   6.7693315e-02
   2.6280224e-02
   1.9311573e-02
   1.5705524e-02
   8.4556729e-02
   3.6067683e-02
   6.3582920e-02
   2.7195873e-02
   9.7708486e-02
   5.6501515e-02
   3.6111638e-02
   2.3775341e-02
   1.7543684e-01
   7.1257934e-02
   5.9350193e-02
   3.6075737e-02
   6.9082320e-02
   4.4471148e-02
   2.7420232e-02
   1.5788034e-02
   8.3285108e-02
   3.0537799e-02
   8.9180231e-02
   5.3728987e-02
   2.2404394e-01
   7.1298406e-02
   5.2395295e-02
   2.2781556e-02
   1.6315803e-01
   6.1446242e-02
   6.9067448e-02
   3.2169309e-02
