   3.1473141e-02
   4.2373665e-02
   3.4842409e-02
   1.1801047e-02
   6.5194823e-02
   1.2375418e-01
   8.2958668e-02
   9.2296824e-03
   7.6057486e-02
   8.2061812e-02
   5.2660365e-02
   2.4491055e-02
   3.0238193e-02
   3.4098964e-02
   2.9194826e-02
   3.1736009e-02
   5.6187376e-02
   4.7525980e-02
   2.7213255e-02
   1.0964297e-02
   8.5396744e-02
   1.0604005e-01
   3.7200626e-02
   8.9309774e-03
   3.6199201e-02
   3.7939232e-02
   2.3587687e-02
   1.3122508e-02
   1.4845438e-02
   1.5439736e-02
   1.4652684e-02
   1.6712431e-02
   9.8344728e-02
   1.0060832e-01
   2.4369149e-02
   1.0997463e-02
   5.2452877e-02
   9.3004279e-02
   1.5809981e-02
   9.5364032e-03
   2.1886051e-02
   1.7286174e-02
   1.0131153e-02
   7.4492414e-03
   7.1086176e-03
   6.0376637e-03
   7.0055681e-03
   9.7771399e-03
   6.0982652e-02
   1.4206891e-01
   3.7131876e-02
   1.2253432e-02
   4.0775895e-02
   7.9996757e-02
   2.5248338e-02
   1.1082225e-02
   2.3549082e-02
   2.0754471e-02
   1.6370028e-02
   7.9598818e-03
   7.5820480e-03
   6.5491321e-03
   9.1030495e-03
   7.9054218e-03
   3.8139574e-02
   7.7461638e-02
   6.2031440e-02
   1.5341347e-02
   4.9368717e-02
   7.4842788e-02
   5.2359298e-02
   1.4493369e-02
   3.1611808e-02
   2.5948334e-02
   2.7967205e-02
   9.8627862e-03
   8.6740926e-03
   7.7309487e-03
   9.8945927e-03
   7.2317990e-03
   2.9494636e-02
   4.6489559e-02
   3.8469099e-02
   1.3487358e-02
   3.8361371e-02
   5.7245549e-02
   2.6311899e-02
   1.1769445e-02
   2.5093528e-02
   2.1461861e-02
   1.5846778e-02
   8.1041409e-03
   1.0497680e-02
   7.9475017e-03
   7.6449309e-03
   6.5808105e-03
   2.6765166e-02
   3.9843787e-02
   2.3800094e-02
   1.1902623e-02
   3.3469710e-02
   4.3517850e-02
   1.7435011e-02
   1.0207246e-02
   2.2180682e-02
   1.7987300e-02
   9.7083133e-03
   7.1432432e-03
   1.0525056e-02
   7.5522922e-03
   6.9839889e-03
   6.8239640e-03
   2.7535735e-02
   4.1527871e-02
   2.8402204e-02
   1.0485423e-02
   3.5327137e-02
   6.7073822e-02
   4.2203203e-02
   9.9247750e-03
   4.7205359e-02
   4.1861217e-02
   2.4676561e-02
   1.2544083e-02
   1.5820328e-02
   1.5927359e-02
   1.4163082e-02
   1.5225071e-02
   3.8496118e-02
   4.3104820e-02
   4.0575273e-02
   9.3348846e-03
   1.0082243e-01
   1.8451515e-01
   1.2912956e-01
   7.2474885e-03
   1.1523470e-01
   1.1436651e-01
   8.0676109e-02
   3.6658954e-02
   4.9321283e-02
   6.2564023e-02
   4.5543760e-02
   5.2243989e-02
   9.2432454e-02
   5.3636342e-02
   3.0009836e-02
   7.5916555e-03
   1.3840063e-01
   1.6033100e-01
   5.2432772e-02
   6.4228205e-03
   4.5815486e-02
   4.9175736e-02
   3.5766635e-02
   1.7842589e-02
   2.1535320e-02
   2.6044006e-02
   2.0428641e-02
   2.5579061e-02
   1.6797604e-01
   1.0285948e-01
   2.4400761e-02
   6.3849227e-03
   8.1212372e-02
   1.3071513e-01
   1.4025182e-02
   6.6555371e-03
   2.5608225e-02
   2.0604074e-02
   1.2172348e-02
   8.6055854e-03
   7.2406945e-03
   6.2652128e-03
   8.3245244e-03
   1.1025843e-02
   9.9075340e-02
   1.2087273e-01
   4.0798955e-02
   8.7884208e-03
   4.8932377e-02
   8.3017647e-02
   3.2616399e-02
   9.1633881e-03
   3.0456876e-02
   2.4125161e-02
   2.2539422e-02
   9.0983054e-03
   7.4143847e-03
   6.4619705e-03
   1.1572197e-02
   7.5992169e-03
   4.3009702e-02
   7.5772829e-02
   7.3918752e-02
   1.2929308e-02
   5.7928041e-02
   7.8361869e-02
   7.6177947e-02
   1.2627871e-02
   4.2355206e-02
   2.6950030e-02
   4.0747695e-02
   1.1674955e-02
   9.3962252e-03
   8.5410122e-03
   1.2554308e-02
   6.7387479e-03
   3.6219914e-02
   5.0739709e-02
   4.1847564e-02
   1.0659713e-02
   4.5881175e-02
   7.0145816e-02
   3.4702849e-02
   9.4676465e-03
   3.2690298e-02
   2.5150578e-02
   2.2331055e-02
   8.8450778e-03
   1.0884608e-02
   9.2365667e-03
   9.2939157e-03
   6.1151539e-03
   3.1671815e-02
   3.9828513e-02
   2.4688954e-02
   9.1332244e-03
   3.6770876e-02
   5.9191443e-02
   1.6895227e-02
   7.2787888e-03
   2.8861621e-02
   2.1647440e-02
   1.1194108e-02
   7.1312063e-03
   1.1706239e-02
   8.9801261e-03
   6.7885099e-03
   7.0258030e-03
   3.1221462e-02
   3.7275348e-02
   3.0588519e-02
   7.6352912e-03
   4.0274817e-02
   9.6105859e-02
   6.2248979e-02
   7.5111627e-03
   6.9862731e-02
   5.6131706e-02
   3.6370423e-02
   1.7357044e-02
   2.2843778e-02
   2.6919317e-02
   1.9065060e-02
   2.1470217e-02
   6.6818021e-02
   4.0400352e-02
   3.8828779e-02
   9.6134450e-03
   1.5671876e-01
   8.5159428e-02
   2.9387252e-02
   5.4940535e-03
   1.7461191e-01
   1.3499610e-01
   8.2955867e-02
   6.0425181e-02
   7.1733005e-02
   8.4902994e-02
   6.9000721e-02
   8.3434895e-02
   1.6082165e-01
   4.3369241e-02
   2.9381648e-02
   6.2654116e-03
   2.2675194e-01
   1.1781429e-01
   1.8536953e-02
   5.0426563e-03
   7.4901603e-02
   5.6462929e-02
   3.8172077e-02
   2.6559928e-02
   3.0826187e-02
   3.4595653e-02
   3.0008396e-02
   3.9765500e-02
   2.8283232e-01
   5.2314457e-02
   2.4867589e-02
   4.6765837e-03
   1.4100218e-01
   9.4927408e-02
   1.4151798e-02
   6.1102603e-03
   3.7042413e-02
   2.5423266e-02
   1.6295820e-02
   1.3010227e-02
   9.2218956e-03
   8.0707641e-03
   1.3960429e-02
   1.3760234e-02
   1.4538069e-01
   7.1330898e-02
   5.5983644e-02
   9.2470674e-03
   6.4310573e-02
   5.6181982e-02
   4.5001313e-02
   1.0922967e-02
   3.9856702e-02
   2.5142306e-02
   3.1723399e-02
   1.5906295e-02
   1.0263631e-02
   8.2716895e-03
   1.9690720e-02
   1.0383407e-02
   5.6881867e-02
   8.3122753e-02
   1.1065537e-01
   1.8684644e-02
   6.7668833e-02
   7.9914764e-02
   1.1046000e-01
   1.8710228e-02
   4.5684159e-02
   2.8255004e-02
   5.8731914e-02
   2.1951571e-02
   1.4963425e-02
   1.0384784e-02
   2.1286016e-02
   9.6373018e-03
   5.5199075e-02
   4.5615155e-02
   5.6066658e-02
   1.2771117e-02
   6.6058487e-02
   6.4466327e-02
   4.9218103e-02
   1.2228749e-02
   4.2939436e-02
   3.1290606e-02
   3.2810897e-02
   1.5892588e-02
   1.4584130e-02
   1.2806737e-02
   1.7042696e-02
   8.1449430e-03
   5.2802052e-02
   3.9367735e-02
   3.1217102e-02
   8.0779884e-03
   5.8325913e-02
   6.3473463e-02
   1.3439339e-02
   5.7256492e-03
   4.6045419e-02
   2.3994448e-02
   1.4398457e-02
   1.0751407e-02
   1.4682331e-02
   1.4700559e-02
   1.0482071e-02
   9.1255726e-03
   5.1989242e-02
   4.3159403e-02
   3.3495016e-02
   5.8532073e-03
   6.8846233e-02
   5.4411482e-02
   2.0016957e-02
   6.0434546e-03
   1.0433415e-01
   6.2769093e-02
   3.7895057e-02
   2.7990660e-02
   3.2123141e-02
   3.7836634e-02
   2.6972240e-02
   3.1677596e-02
   9.3507960e-02
   3.7522316e-02
   4.5538045e-02
   1.3558451e-02
   1.8098736e-01
   3.8918324e-02
   3.4923352e-02
   5.1476811e-03
   1.9789495e-01
   1.6802777e-01
   1.4080232e-01
   1.2008874e-01
   8.1730604e-02
   1.0541927e-01
   7.9772145e-02
   7.8586936e-02
   1.4427286e-01
   2.7977219e-02
   3.0902630e-02
   6.1182072e-03
   2.3344424e-01
   5.2146520e-02
   2.1349311e-02
   4.4668568e-03
   7.7379398e-02
   6.8574741e-02
   6.1289966e-02
   4.5148987e-02
   3.5249189e-02
   4.4845041e-02
   3.4968000e-02
   4.1821573e-02
   1.6627716e-01
   3.9467361e-02
   3.2169163e-02
   5.2208728e-03
   1.1804649e-01
   3.8215283e-02
   1.7134035e-02
   8.6284019e-03
   5.3013273e-02
   2.3810154e-02
   1.7632293e-02
   2.1370860e-02
   1.5208978e-02
   1.1413800e-02
   2.0845067e-02
   1.7638845e-02
   7.5352028e-02
   7.4993394e-02
   7.6072328e-02
   1.6088128e-02
   5.8213551e-02
   3.3506598e-02
   5.2180190e-02
   2.2088515e-02
   5.3686477e-02
   2.3272445e-02
   3.5043832e-02
   2.9702419e-02
   1.8716937e-02
   1.4045143e-02
   2.8136671e-02
   1.3473833e-02
   7.1057163e-02
   8.4297478e-02
   1.3372171e-01
   3.9456580e-02
   1.0522139e-01
   5.8959465e-02
   1.1863732e-01
   4.2326815e-02
   6.6632040e-02
   3.3054791e-02
   5.3205453e-02
   4.5610897e-02
   2.5252922e-02
   1.9717861e-02
   2.7267735e-02
   1.3888968e-02
   5.7107672e-02
   3.4081537e-02
   8.5738301e-02
   2.1967696e-02
   7.0947975e-02
   4.3244462e-02
   5.7248395e-02
   2.1494504e-02
   4.8608646e-02
   2.7611421e-02
   3.0805524e-02
   3.4619015e-02
   2.0256506e-02
   1.8994085e-02
   2.7774613e-02
   1.1756388e-02
   7.3887058e-02
   3.2612637e-02
   5.3639188e-02
   9.4868587e-03
   8.4928103e-02
   4.4893559e-02
   1.9182678e-02
   6.6490481e-03
   5.5718053e-02
   2.5093375e-02
   1.7222377e-02
   2.0032311e-02
   1.7098250e-02
   1.9702554e-02
   2.1195425e-02
   1.0512441e-02
   7.1478426e-02
   3.9029632e-02
   4.2337924e-02
   6.5346956e-03
   8.7335996e-02
   3.3244859e-02
   2.8629767e-02
   4.8029302e-03
   1.1727318e-01
   9.0774082e-02
   5.4789741e-02
   5.5605900e-02
   3.3648871e-02
   4.8544515e-02
   3.2988969e-02
   3.0162020e-02
