   1.8201536e-02
   2.4770593e-02
   5.4923605e-02
   4.7366336e-02
   1.4077396e-02
   1.1206971e-02
   5.0374888e-02
   5.0089918e-02
   1.8228821e-02
   1.6537858e-02
   5.8387008e-02
   6.2814467e-02
   2.4542866e-02
   2.7760325e-02
   4.6297234e-02
   5.7449825e-02
   1.6712407e-02
   1.6918303e-02
   3.4945328e-02
   4.6185590e-02
   1.4382399e-02
   8.9842491e-03
   3.2243934e-02
   5.0136916e-02
   1.7890349e-02
   1.2583701e-02
   3.8174976e-02
   5.9650853e-02
   2.5094884e-02
   2.3099974e-02
   3.5830077e-02
   5.8526229e-02
   1.7708534e-02
   1.2001863e-02
   2.7483486e-02
   4.7379326e-02
   1.3967759e-02
   8.6637158e-03
   2.7010892e-02
   5.0799839e-02
   1.7657071e-02
   1.0799780e-02
   3.3598412e-02
   5.8199197e-02
   2.5555409e-02
   2.2260636e-02
   3.4518011e-02
   6.2617756e-02
   4.0584955e-02
   1.4908608e-02
   4.5617633e-02
   5.3672664e-02
   1.6322041e-02
   1.4665089e-02
   5.4531656e-02
   5.7070788e-02
   1.7859299e-02
   2.2666745e-02
   6.7407794e-02
   7.6429076e-02
   2.3601986e-02
   3.7496716e-02
   6.8644665e-02
   1.0224386e-01
   3.2778248e-02
   1.9421944e-02
   5.0906077e-02
   5.2712377e-02
   2.0651074e-02
   3.3490002e-02
   7.3686987e-02
   5.5942446e-02
   2.8929846e-02
   5.2426852e-02
   9.6617728e-02
   7.2726093e-02
   3.2995507e-02
   7.1852483e-02
   1.1008371e-01
   1.0023838e-01
   1.6789621e-02
   1.6832661e-02
   3.3800442e-02
   5.0893210e-02
   2.2329453e-02
   2.4827702e-02
   3.9658375e-02
   5.5822957e-02
   3.5181783e-02
   3.1447448e-02
   5.0681632e-02
   5.7271291e-02
   3.8678065e-02
   4.2974938e-02
   5.3971354e-02
   6.2369201e-02
   1.8328162e-02
   1.2822598e-02
   2.5187822e-02
   4.2995635e-02
   1.4300529e-02
   1.0909176e-02
   2.9442189e-02
   4.8928261e-02
   1.9799402e-02
   1.3774147e-02
   4.1881476e-02
   5.4024670e-02
   2.4639683e-02
   2.3832208e-02
   3.0446097e-02
   6.4875826e-02
   1.8817736e-02
   1.6690493e-02
   3.5124660e-02
   4.4413574e-02
   1.3586318e-02
   1.0484491e-02
   4.0185645e-02
   4.7606315e-02
   1.7071642e-02
   1.4092129e-02
   4.9469091e-02
   5.7281360e-02
   2.3158824e-02
   2.4877192e-02
   3.8967915e-02
   5.9682541e-02
   9.0696523e-03
   2.7995408e-02
   5.8647450e-02
   3.3030208e-02
   8.9007756e-03
   1.1373057e-02
   5.8687381e-02
   2.7593577e-02
   9.8590292e-03
   1.8588569e-02
   8.3141834e-02
   4.3149173e-02
   1.3268082e-02
   3.0230131e-02
   5.4651484e-02
   4.0251184e-02
   9.4044711e-03
   1.9040514e-02
   3.6289573e-02
   3.1443875e-02
   8.4902346e-03
   9.9257790e-03
   3.6860619e-02
   2.9057354e-02
   9.3121463e-03
   1.4002824e-02
   5.0335336e-02
   3.5867088e-02
   1.3783149e-02
   2.5165595e-02
   4.2467251e-02
   4.5480609e-02
   1.4948670e-02
   1.2868629e-02
   3.0692577e-02
   2.8548561e-02
   9.2109768e-03
   9.7089475e-03
   3.0188048e-02
   3.3820763e-02
   9.3388148e-03
   1.2313007e-02
   3.7532106e-02
   4.0757708e-02
   1.2949600e-02
   2.2686033e-02
   4.3216165e-02
   5.3795002e-02
   4.5156274e-02
   1.7085319e-02
   6.4131849e-02
   3.1933639e-02
   1.3272129e-02
   1.8793831e-02
   7.1586996e-02
   3.8540550e-02
   9.9900831e-03
   2.6836529e-02
   8.4377833e-02
   5.6679305e-02
   1.3581562e-02
   4.0717129e-02
   7.9168811e-02
   8.6089410e-02
   3.7136372e-02
   2.3939492e-02
   7.8670703e-02
   3.5139497e-02
   2.0433890e-02
   5.0539635e-02
   1.0146797e-01
   3.9120317e-02
   2.5831928e-02
   7.3059253e-02
   1.2946577e-01
   5.0768066e-02
   2.7738482e-02
   9.1174982e-02
   1.2601353e-01
   8.4883757e-02
   1.1858921e-02
   1.8680021e-02
   4.7033433e-02
   3.4317154e-02
   2.2416588e-02
   3.8704611e-02
   5.0486743e-02
   3.8484756e-02
   3.4438204e-02
   4.1806772e-02
   6.5247931e-02
   3.7025526e-02
   3.5433650e-02
   5.2119389e-02
   5.9185639e-02
   4.6012130e-02
   9.5409565e-03
   1.3084344e-02
   2.7073182e-02
   2.8064642e-02
   9.9366698e-03
   1.6012331e-02
   3.6997046e-02
   2.8358230e-02
   1.3225300e-02
   1.9463228e-02
   5.9662919e-02
   3.7344124e-02
   1.7197546e-02
   2.5658965e-02
   3.9384358e-02
   4.3602377e-02
   8.8093458e-03
   1.7228261e-02
   3.5695713e-02
   2.9378144e-02
   8.4404219e-03
   1.2701818e-02
   4.8408408e-02
   2.5606330e-02
   9.7413519e-03
   1.7260669e-02
   6.6645585e-02
   4.3321889e-02
   1.2884494e-02
   2.5919514e-02
   5.0024316e-02
   4.0218018e-02
   6.5363832e-03
   5.1660918e-02
   8.4947914e-02
   3.5363264e-02
   6.1801854e-03
   1.3549364e-02
   5.9927583e-02
   2.0638637e-02
   6.4372732e-03
   3.0672709e-02
   1.1023710e-01
   3.4651756e-02
   7.3535522e-03
   3.2460455e-02
   5.8965523e-02
   3.5966754e-02
   6.8167839e-03
   3.1496894e-02
   5.3282470e-02
   2.4938522e-02
   6.3276920e-03
   9.8582366e-03
   3.4587350e-02
   1.8570023e-02
   5.3443415e-03
   1.9675648e-02
   5.5608716e-02
   2.8904356e-02
   7.9602683e-03
   2.7031101e-02
   4.9602211e-02
   4.5949422e-02
   2.1340512e-02
   2.0239154e-02
   3.9968457e-02
   1.9375319e-02
   8.0517484e-03
   1.0771740e-02
   3.9870195e-02
   2.0435773e-02
   5.9159594e-03
   1.3214894e-02
   3.9439265e-02
   2.6381396e-02
   7.7909739e-03
   2.1607008e-02
   5.5983797e-02
   5.3236719e-02
   8.1670724e-02
   2.5401138e-02
   8.8544838e-02
   2.6676400e-02
   1.4260103e-02
   2.9837478e-02
   1.1815181e-01
   2.8772283e-02
   7.9810163e-03
   3.7302539e-02
   1.2556805e-01
   4.2100817e-02
   1.0111003e-02
   4.5760226e-02
   9.0179272e-02
   6.1788227e-02
   6.7830428e-02
   3.3515319e-02
   1.1794329e-01
   3.3867151e-02
   2.4811137e-02
   8.2049005e-02
   1.7270653e-01
   3.1534996e-02
   3.4832351e-02
   1.1391271e-01
   2.0132329e-01
   4.4376522e-02
   3.6204461e-02
   1.2019742e-01
   1.5126315e-01
   6.1647981e-02
   1.4766135e-02
   2.9183604e-02
   7.0846446e-02
   2.5906410e-02
   2.8543836e-02
   6.5740392e-02
   8.2808040e-02
   3.0734988e-02
   4.8056774e-02
   6.3295804e-02
   9.1383629e-02
   3.1341419e-02
   4.7687910e-02
   6.5846592e-02
   7.1729429e-02
   3.9675746e-02
   7.1474807e-03
   1.7780753e-02
   3.5208575e-02
   2.1032877e-02
   9.7184498e-03
   2.6589239e-02
   5.1835164e-02
   2.0058973e-02
   1.3613958e-02
   3.2635190e-02
   8.2831308e-02
   2.8550750e-02
   1.4393685e-02
   2.7594341e-02
   4.9592115e-02
   4.2481858e-02
   7.1296007e-03
   3.1031424e-02
   5.1850237e-02
   2.6391702e-02
   5.9771822e-03
   1.7447205e-02
   4.6946008e-02
   2.0114688e-02
   6.0030315e-03
   2.5173476e-02
   6.9431715e-02
   3.3395234e-02
   7.3281322e-03
   2.8641967e-02
   5.2113228e-02
   3.4251932e-02
   1.0247033e-02
   7.4891418e-02
   1.0292415e-01
   4.3460682e-02
   5.8704675e-03
   2.3031656e-02
   1.0725307e-01
   1.8477067e-02
   3.8218212e-03
   3.3395302e-02
   1.1413498e-01
   3.4276988e-02
   5.8579608e-03
   2.0231003e-02
   6.0033411e-02
   4.7309380e-02
   1.2366384e-02
   4.4681963e-02
   8.0612041e-02
   3.0716000e-02
   6.4123417e-03
   1.3634332e-02
   5.1884312e-02
   1.5458056e-02
   3.0425237e-03
   1.9358033e-02
   5.0260454e-02
   2.1241767e-02
   4.4434229e-03
   2.1602338e-02
   3.8904767e-02
   4.3906149e-02
   2.9717738e-02
   3.0953858e-02
   6.5764137e-02
   2.2028508e-02
   8.6823804e-03
   1.0087850e-02
   3.8326729e-02
   1.3954633e-02
   4.4554905e-03
   1.3710497e-02
   3.1879723e-02
   1.8936252e-02
   6.1345864e-03
   2.1128267e-02
   6.1896097e-02
   5.1696461e-02
   1.0344242e-01
   3.9291695e-02
   1.0181334e-01
   3.5346955e-02
   1.6124785e-02
   2.8644333e-02
   1.0955548e-01
   2.3217034e-02
   8.5466783e-03
   5.1974650e-02
   1.7424738e-01
   4.7433816e-02
   1.0014534e-02
   4.8760738e-02
   1.2163237e-01
   6.3629746e-02
   8.7308966e-02
   5.1919661e-02
   1.3614802e-01
   3.6980640e-02
   2.8833641e-02
   8.4019467e-02
   1.5395506e-01
   2.7175827e-02
   4.5164764e-02
   1.5206790e-01
   2.7917865e-01
   5.1030349e-02
   4.5130052e-02
   1.4489678e-01
   2.2688955e-01
   8.7071382e-02
   2.4020974e-02
   4.4540714e-02
   8.8047400e-02
   3.0004609e-02
   3.5713114e-02
   7.1206033e-02
   7.9113849e-02
   2.3784434e-02
   6.1644502e-02
   7.7254310e-02
   9.6087545e-02
   1.9669406e-02
   5.9636910e-02
   7.5802408e-02
   8.7974943e-02
   4.7991779e-02
   1.0735086e-02
   2.8703846e-02
   5.2566476e-02
   1.9644080e-02
   1.1138160e-02
   3.1145964e-02
   3.9192822e-02
   1.8429440e-02
   1.4963656e-02
   2.6259923e-02
   5.1792864e-02
   2.6958568e-02
   1.6754545e-02
   2.4068153e-02
   5.4374497e-02
   5.5754654e-02
   1.0671820e-02
   4.8942450e-02
   6.3565902e-02
   2.9318981e-02
   5.1096799e-03
   2.3808680e-02
   6.2480699e-02
   1.5005471e-02
   3.8542990e-03
   2.4646385e-02
   5.9540272e-02
   3.4928013e-02
   4.2609232e-03
   2.0839173e-02
   5.1396120e-02
   3.7043471e-02
