   2.0863792e-02
   9.0784440e-03
   9.0947058e-03
   2.8878734e-02
   1.4827241e-02
   8.6437035e-03
   9.9835126e-03
   2.7457925e-02
   1.7104724e-02
   6.8182265e-03
   1.5634514e-02
   2.7333975e-02
   2.3889881e-02
   1.0686012e-02
   1.5355469e-02
   2.5720820e-02
   1.9540412e-02
   7.8625288e-03
   9.1726519e-03
   2.8431915e-02
   1.3946284e-02
   7.3835310e-03
   9.0028597e-03
   2.7115814e-02
   1.6110294e-02
   5.7152221e-03
   1.1716850e-02
   2.7386026e-02
   2.2301191e-02
   9.6607478e-03
   1.3312835e-02
   2.4190567e-02
   1.9763973e-02
   6.8763890e-03
   9.1428850e-03
   3.1102760e-02
   1.4070832e-02
   6.7614093e-03
   8.7627470e-03
   2.9363910e-02
   1.6053462e-02
   5.5124476e-03
   1.1677129e-02
   3.0825336e-02
   2.2194931e-02
   9.8580765e-03
   1.3931062e-02
   2.7227111e-02
   2.1861264e-02
   8.9447163e-03
   1.1290457e-02
   3.8187418e-02
   1.5853355e-02
   9.1486787e-03
   1.0574717e-02
   3.5415255e-02
   1.7712599e-02
   5.9217159e-03
   1.3793836e-02
   3.6563355e-02
   2.4475504e-02
   1.1654691e-02
   1.8549515e-02
   2.8416291e-02
   2.3660352e-02
   8.4328940e-03
   1.6307831e-02
   4.3995235e-02
   1.7934397e-02
   1.4118034e-02
   1.4347213e-02
   3.9230905e-02
   1.9151153e-02
   8.5523734e-03
   1.3425974e-02
   3.9665818e-02
   2.6840162e-02
   1.6766867e-02
   1.8487856e-02
   2.7926371e-02
   2.1723853e-02
   6.8655331e-03
   1.3880414e-02
   3.8510222e-02
   1.5936643e-02
   9.2809610e-03
   1.2663900e-02
   3.3645220e-02
   1.7848670e-02
   8.5994266e-03
   1.1293513e-02
   3.2846507e-02
   2.4894912e-02
   1.5574783e-02
   1.4669875e-02
   2.5078703e-02
   1.9633660e-02
   6.5297731e-03
   9.2607820e-03
   3.0877359e-02
   1.4131759e-02
   6.6985944e-03
   9.4586900e-03
   2.7937626e-02
   1.6775362e-02
   7.5300890e-03
   1.0653764e-02
   2.6810987e-02
   2.3254497e-02
   1.0611135e-02
   1.3360487e-02
   2.3001755e-02
   1.9499412e-02
   7.7942414e-03
   8.7246969e-03
   2.8363306e-02
   1.4017478e-02
   6.9438973e-03
   9.0140449e-03
   2.6662467e-02
   1.6179878e-02
   6.5462072e-03
   1.3047431e-02
   2.5892654e-02
   2.2552233e-02
   1.0526231e-02
   1.4462510e-02
   2.4415387e-02
   2.0604527e-02
   1.1482837e-02
   1.0615453e-02
   3.4786075e-02
   1.4624070e-02
   1.0927460e-02
   1.2677151e-02
   3.5432514e-02
   1.6909789e-02
   8.4973732e-03
   2.3756867e-02
   3.5192020e-02
   2.3280624e-02
   1.2644704e-02
   2.0358797e-02
   3.1142708e-02
   1.9741815e-02
   9.3724830e-03
   1.0616313e-02
   3.5740513e-02
   1.4262478e-02
   8.9546079e-03
   1.1101566e-02
   3.6827318e-02
   1.6479222e-02
   6.7969696e-03
   1.6407976e-02
   3.8119856e-02
   2.2289246e-02
   1.1122711e-02
   1.6549474e-02
   2.9738579e-02
   2.0091875e-02
   8.6168218e-03
   1.0969041e-02
   4.1052036e-02
   1.4621296e-02
   7.9467129e-03
   1.0570054e-02
   4.1810207e-02
   1.6607648e-02
   6.2643196e-03
   1.6329465e-02
   4.5128763e-02
   2.2246877e-02
   1.1232610e-02
   1.7883696e-02
   3.6963232e-02
   2.1038719e-02
   1.2690309e-02
   1.4117777e-02
   5.0901152e-02
   1.6137375e-02
   1.1394123e-02
   1.3017843e-02
   5.0609458e-02
   1.7553210e-02
   6.9889897e-03
   1.9866528e-02
   5.2193675e-02
   2.3107972e-02
   1.3425054e-02
   2.7139537e-02
   3.5503726e-02
   2.1566691e-02
   1.0772451e-02
   2.1327373e-02
   5.9220586e-02
   1.8178305e-02
   1.9224465e-02
   1.8578747e-02
   5.5438817e-02
   1.8366231e-02
   1.1448422e-02
   1.8725762e-02
   5.5258516e-02
   2.4475947e-02
   2.2118049e-02
   2.5405746e-02
   3.1029668e-02
   2.0472873e-02
   7.6373178e-03
   1.7875673e-02
   5.2293681e-02
   1.6085543e-02
   1.1746000e-02
   1.5287670e-02
   4.6769176e-02
   1.7867060e-02
   1.1001884e-02
   1.4199127e-02
   4.4123944e-02
   2.4016939e-02
   1.9902337e-02
   1.7290270e-02
   2.8055526e-02
   1.9609539e-02
   7.2243870e-03
   1.1709388e-02
   4.1476086e-02
   1.4574778e-02
   7.9620471e-03
   1.1239023e-02
   3.8231790e-02
   1.8160814e-02
   9.0899104e-03
   1.4041902e-02
   3.4833457e-02
   2.4730578e-02
   1.2539948e-02
   1.6670328e-02
   2.7021619e-02
   1.9801382e-02
   8.9462437e-03
   1.0670689e-02
   3.6104135e-02
   1.4318971e-02
   8.3893780e-03
   1.0838710e-02
   3.5191741e-02
   1.6843710e-02
   8.2250750e-03
   1.9987348e-02
   3.2825153e-02
   2.3241250e-02
   1.2873781e-02
   2.0084301e-02
   3.0969869e-02
   1.6088547e-02
   1.5323951e-02
   1.2836249e-02
   3.8557660e-02
   1.1607139e-02
   1.4513354e-02
   1.6204439e-02
   4.2506799e-02
   1.3525172e-02
   1.0585043e-02
   3.4422293e-02
   4.3185465e-02
   1.7599672e-02
   1.5102522e-02
   2.9274590e-02
   3.8884945e-02
   1.5689502e-02
   1.1165923e-02
   1.2294518e-02
   3.9640751e-02
   1.1688674e-02
   1.0795881e-02
   1.3064680e-02
   4.3543253e-02
   1.3374973e-02
   7.7226651e-03
   2.2528877e-02
   4.7097139e-02
   1.7395981e-02
   1.2234868e-02
   2.0731179e-02
   3.6543284e-02
   1.6620176e-02
   9.2029711e-03
   1.2836153e-02
   4.3007676e-02
   1.2177738e-02
   8.8050254e-03
   1.1639821e-02
   4.6923976e-02
   1.3574959e-02
   6.6577168e-03
   2.2770900e-02
   5.1558055e-02
   1.7572301e-02
   1.1497863e-02
   2.2442881e-02
   4.7501735e-02
   1.6760211e-02
   1.2318594e-02
   1.6446212e-02
   4.9603041e-02
   1.3644936e-02
   1.3822796e-02
   1.4824275e-02
   5.2037332e-02
   1.3813829e-02
   8.1240516e-03
   2.9064374e-02
   5.4267030e-02
   1.7692661e-02
   1.4893848e-02
   3.7650086e-02
   4.0665284e-02
   1.6416656e-02
   1.0439284e-02
   2.5168573e-02
   5.7212923e-02
   1.6915055e-02
   2.5679337e-02
   2.2274094e-02
   5.6470204e-02
   1.4345914e-02
   1.5346422e-02
   2.6704421e-02
   5.6597434e-02
   1.8338675e-02
   2.9061284e-02
   3.5026945e-02
   2.9907005e-02
   1.5765971e-02
   7.6247621e-03
   2.1405522e-02
   5.3131673e-02
   1.3724222e-02
   1.4255332e-02
   1.7648917e-02
   5.0536662e-02
   1.5015741e-02
   1.4676035e-02
   1.8796848e-02
   4.7874697e-02
   1.9383540e-02
   2.5681119e-02
   2.0746686e-02
   2.7252177e-02
   1.5491788e-02
   7.4257310e-03
   1.4042343e-02
   4.6681583e-02
   1.1888693e-02
   8.5977037e-03
   1.2703951e-02
   4.4021118e-02
   1.6826181e-02
   1.1691688e-02
   1.9318853e-02
   4.0427011e-02
   2.4113949e-02
   1.4196645e-02
   2.0963000e-02
   2.9055715e-02
   1.5537189e-02
   1.0121997e-02
   1.2846271e-02
   4.1601781e-02
   1.1579569e-02
   9.9048447e-03
   1.2726008e-02
   4.1599702e-02
   1.4556793e-02
   1.0651286e-02
   2.9964365e-02
   3.9600022e-02
   1.9911138e-02
   1.5446277e-02
   2.9215354e-02
   3.7458673e-02
   1.1101291e-02
   2.1005021e-02
   1.5908428e-02
   3.2952603e-02
   8.2033146e-03
   1.9290334e-02
   1.9998945e-02
   3.5065103e-02
   9.6354214e-03
   1.2417275e-02
   4.5480173e-02
   4.0503185e-02
   1.2136841e-02
   1.9262705e-02
   4.4031139e-02
   5.2313272e-02
   1.1221482e-02
   1.3921250e-02
   1.4554764e-02
   3.2504417e-02
   8.1933727e-03
   1.3713183e-02
   1.4636931e-02
   3.4907974e-02
   9.3749538e-03
   8.5012773e-03
   3.0420009e-02
   4.1808527e-02
   1.1922909e-02
   1.3450069e-02
   2.8638165e-02
   4.7103580e-02
   1.2609746e-02
   9.9973250e-03
   1.5096156e-02
   3.3883162e-02
   8.8909408e-03
   9.8480284e-03
   1.1087420e-02
   3.4744531e-02
   9.7949356e-03
   7.6832366e-03
   3.2938603e-02
   4.2782307e-02
   1.2216703e-02
   1.1822895e-02
   2.9728834e-02
   5.7075191e-02
   1.2414875e-02
   1.3247485e-02
   1.9589586e-02
   3.7771299e-02
   1.1571946e-02
   1.8131193e-02
   1.5653500e-02
   3.8731258e-02
   1.0143016e-02
   1.0207118e-02
   4.0132247e-02
   4.2812042e-02
   1.2256032e-02
   1.8291358e-02
   5.0764907e-02
   4.5025475e-02
   1.1732309e-02
   1.1140645e-02
   3.1892154e-02
   4.5746617e-02
   1.6177131e-02
   3.7057985e-02
   2.6065191e-02
   4.3817408e-02
   1.0864345e-02
   2.1339234e-02
   3.6054496e-02
   4.7681671e-02
   1.2261610e-02
   4.2314194e-02
   4.7154237e-02
   2.9550923e-02
   1.1116267e-02
   7.8869481e-03
   2.7732475e-02
   4.2414941e-02
   1.1295405e-02
   1.8843075e-02
   2.0043401e-02
   3.9271552e-02
   1.2250625e-02
   2.0838687e-02
   2.6787492e-02
   3.9733067e-02
   1.5980985e-02
   3.7060548e-02
   2.7487148e-02
   2.6394892e-02
   1.1214823e-02
   7.5976234e-03
   1.6985498e-02
   3.8996369e-02
   8.6327568e-03
   9.3693808e-03
   1.3526941e-02
   3.5468835e-02
   1.6113326e-02
   1.6060727e-02
   2.8412437e-02
   3.7703618e-02
   2.7122432e-02
   1.7597260e-02
   2.8448280e-02
   3.1734098e-02
   1.1331861e-02
   1.2168845e-02
   1.5940946e-02
   3.6061052e-02
   8.3221989e-03
   1.1897647e-02
   1.4221016e-02
   3.4957398e-02
   1.1839316e-02
   1.4446032e-02
   4.2098541e-02
   3.8465220e-02
   1.8117499e-02
   1.9511288e-02
   4.2452887e-02
   4.5363266e-02
