   3.5293933e-02
   3.5673361e-02
   4.2312201e-02
   1.9250996e-02
   6.7455396e-02
   6.2794156e-02
   5.1971201e-02
   2.1285236e-02
   9.0805702e-02
   1.5743966e-01
   9.9992819e-02
   1.1897704e-02
   3.6244381e-02
   9.5306061e-02
   8.9430854e-02
   1.9134989e-02
   6.1959375e-02
   4.1427888e-02
   3.7426427e-02
   1.9501232e-02
   9.4663799e-02
   9.8086298e-02
   3.4067132e-02
   1.6389802e-02
   4.9663447e-02
   8.0063723e-02
   4.5182347e-02
   1.2091071e-02
   3.2841269e-02
   4.7663566e-02
   4.4076171e-02
   1.2948712e-02
   1.0945361e-01
   8.7089658e-02
   3.3746596e-02
   1.9566474e-02
   5.8055878e-02
   1.2353618e-01
   2.7724596e-02
   1.7340286e-02
   4.0124271e-02
   4.6226513e-02
   1.5073767e-02
   1.1311125e-02
   3.2347180e-02
   2.3917058e-02
   2.0258410e-02
   1.0725312e-02
   6.7597672e-02
   1.1314615e-01
   3.6851559e-02
   2.1929042e-02
   4.2785902e-02
   9.4665200e-02
   3.2205824e-02
   1.7060429e-02
   4.1126516e-02
   5.9170797e-02
   2.5181949e-02
   1.2382304e-02
   3.4388587e-02
   2.7343117e-02
   3.7049536e-02
   1.1056532e-02
   3.7885260e-02
   5.9364222e-02
   5.6862347e-02
   2.2586318e-02
   4.8671849e-02
   7.9929404e-02
   4.8117746e-02
   1.7083114e-02
   5.0895531e-02
   7.7102713e-02
   4.9210139e-02
   1.4595059e-02
   4.3404315e-02
   4.7310501e-02
   4.7269132e-02
   1.1600411e-02
   3.2312516e-02
   4.0395286e-02
   6.4581074e-02
   2.2014359e-02
   4.1366652e-02
   6.0968507e-02
   3.9067477e-02
   1.4754090e-02
   4.2754561e-02
   7.8651763e-02
   2.4985449e-02
   1.2026132e-02
   6.3232183e-02
   8.1389755e-02
   2.2865159e-02
   9.2019448e-03
   3.1794846e-02
   4.1216992e-02
   4.1270606e-02
   2.2560433e-02
   3.6617152e-02
   4.9157348e-02
   3.1548657e-02
   1.7154962e-02
   4.7900766e-02
   9.6648067e-02
   1.9446868e-02
   1.0964992e-02
   1.1825516e-01
   7.7563807e-02
   1.7363288e-02
   8.7382933e-03
   3.2442391e-02
   3.5275120e-02
   3.7250545e-02
   2.0511616e-02
   3.9401859e-02
   4.8506178e-02
   3.9239813e-02
   2.7515970e-02
   9.1193512e-02
   1.2833877e-01
   4.7843833e-02
   1.0968310e-02
   7.8519978e-02
   5.7516910e-02
   4.2356912e-02
   1.1596425e-02
   4.4380017e-02
   4.2385213e-02
   4.1333396e-02
   1.5145477e-02
   1.0060177e-01
   8.1252694e-02
   5.6196570e-02
   2.0324901e-02
   1.3855635e-01
   1.9153613e-01
   1.2796856e-01
   8.3760163e-03
   4.1970458e-02
   1.2922940e-01
   1.3028175e-01
   2.9587485e-02
   9.5496997e-02
   5.3224690e-02
   3.3617117e-02
   1.4504734e-02
   1.4737849e-01
   1.3498640e-01
   3.8212381e-02
   9.6078590e-03
   5.5379078e-02
   9.5166601e-02
   5.6034878e-02
   9.9382289e-03
   3.5331324e-02
   6.1217576e-02
   6.3599125e-02
   1.6196081e-02
   1.7451666e-01
   1.0706484e-01
   2.8596796e-02
   1.6430335e-02
   8.3870128e-02
   1.6211344e-01
   3.0514551e-02
   8.4351115e-03
   3.9969590e-02
   5.2681420e-02
   1.3793799e-02
   8.5511245e-03
   3.6399242e-02
   2.8680982e-02
   2.5128396e-02
   1.0624361e-02
   1.0890603e-01
   1.2240962e-01
   3.1313304e-02
   1.8001594e-02
   5.1413864e-02
   9.7510636e-02
   3.8703829e-02
   9.3611116e-03
   4.4424642e-02
   6.5743662e-02
   3.0832859e-02
   9.4769634e-03
   3.7673321e-02
   3.8102224e-02
   5.1019229e-02
   1.0716426e-02
   4.8228994e-02
   6.1506219e-02
   5.8427282e-02
   1.6105914e-02
   5.8198076e-02
   8.2850173e-02
   6.4391188e-02
   1.0764190e-02
   5.9405424e-02
   7.3480569e-02
   6.6051215e-02
   1.2752518e-02
   5.3470034e-02
   6.7142628e-02
   6.5830782e-02
   1.1404028e-02
   3.7620839e-02
   4.9911857e-02
   7.0806265e-02
   1.5318918e-02
   4.6542332e-02
   6.9934130e-02
   5.0333120e-02
   9.6202660e-03
   5.1576003e-02
   7.6501392e-02
   2.9465400e-02
   9.1025941e-03
   9.5029950e-02
   1.1103746e-01
   2.8615188e-02
   7.2689098e-03
   3.4478199e-02
   5.3759348e-02
   4.4687565e-02
   1.8181849e-02
   3.9185587e-02
   5.8196768e-02
   3.7446879e-02
   1.4084049e-02
   7.1470022e-02
   1.1523115e-01
   1.5576779e-02
   7.3478301e-03
   2.0040429e-01
   1.0766664e-01
   2.0631645e-02
   6.4029181e-03
   3.5071608e-02
   4.2716477e-02
   3.9239813e-02
   1.7142832e-02
   4.6958864e-02
   6.1418895e-02
   4.7239307e-02
   2.9757058e-02
   1.5026426e-01
   1.6036178e-01
   5.8772735e-02
   7.2573679e-03
   1.2543058e-01
   7.9179153e-02
   5.8135528e-02
   1.3893600e-02
   7.7555239e-02
   5.2965596e-02
   5.4841347e-02
   1.3442748e-02
   1.6272534e-01
   7.4743934e-02
   6.7220092e-02
   2.8725345e-02
   2.0614472e-01
   1.1006004e-01
   3.3585746e-02
   5.7167830e-03
   6.9222398e-02
   1.8478560e-01
   1.6706312e-01
   5.1313978e-02
   1.6558218e-01
   5.5073433e-02
   3.9059721e-02
   1.1130276e-02
   2.3897099e-01
   1.1413438e-01
   4.7011558e-02
   7.4129757e-03
   9.2039064e-02
   6.2991455e-02
   2.0162767e-02
   7.9674078e-03
   5.5797890e-02
   9.0390816e-02
   8.1459597e-02
   2.3396311e-02
   2.8557199e-01
   6.4435333e-02
   3.1895060e-02
   1.1175329e-02
   1.4791727e-01
   1.1099735e-01
   3.7646830e-02
   6.3615055e-03
   6.2811159e-02
   5.0744206e-02
   1.3160161e-02
   7.0929425e-03
   5.7795271e-02
   3.6061529e-02
   2.8198885e-02
   1.2199766e-02
   1.5797605e-01
   7.2381295e-02
   3.5971608e-02
   1.1953167e-02
   7.6733992e-02
   6.7297056e-02
   5.6134801e-02
   6.6199652e-03
   6.4235799e-02
   5.5646732e-02
   3.9893895e-02
   8.2234219e-03
   5.8934785e-02
   4.4106841e-02
   6.2362727e-02
   1.2155432e-02
   7.2846308e-02
   6.1482683e-02
   7.6250508e-02
   1.1996759e-02
   7.1506046e-02
   8.7913744e-02
   9.0844959e-02
   1.0325717e-02
   7.0711233e-02
   6.6795804e-02
   8.7514408e-02
   1.3359513e-02
   7.4626364e-02
   7.7242494e-02
   8.0000572e-02
   1.2703944e-02
   6.8030901e-02
   5.5988673e-02
   1.0618280e-01
   1.1264978e-02
   7.0807129e-02
   6.3422009e-02
   6.5322332e-02
   7.9966746e-03
   7.4661665e-02
   5.7460282e-02
   4.0707182e-02
   7.3337294e-03
   1.2955199e-01
   8.5557520e-02
   3.2929089e-02
   8.2508102e-03
   6.0402960e-02
   6.8622455e-02
   6.2780619e-02
   1.2491245e-02
   5.9322238e-02
   6.1029822e-02
   4.8096813e-02
   1.6457802e-02
   1.1243401e-01
   9.4316058e-02
   1.2977105e-02
   5.3319018e-03
   2.9034710e-01
   7.1271054e-02
   2.3090499e-02
   7.1306378e-03
   5.7508800e-02
   6.1820686e-02
   5.7613920e-02
   1.2485950e-02
   8.0125399e-02
   5.1669434e-02
   6.2654622e-02
   4.2488489e-02
   2.2369881e-01
   1.2504515e-01
   2.1330317e-02
   5.1704794e-03
   1.9481698e-01
   9.3299486e-02
   7.4314527e-02
   2.1876462e-02
   8.9396454e-02
   5.6605652e-02
   6.2142346e-02
   1.5976708e-02
   1.8295608e-01
   3.6775690e-02
   6.8871044e-02
   5.1845092e-02
   1.9832341e-01
   5.9641674e-02
   2.6950913e-02
   5.1960871e-03
   8.2805373e-02
   7.5761110e-02
   5.8831874e-02
   1.5124847e-02
   1.2575516e-01
   6.1230101e-02
   5.4148909e-02
   1.0442320e-02
   2.1390872e-01
   5.1906772e-02
   6.4001113e-02
   9.8354304e-03
   9.8761797e-02
   3.2002397e-02
   1.7760623e-02
   6.1639561e-03
   5.7085469e-02
   5.5446401e-02
   4.0027004e-02
   1.4260000e-02
   1.5160120e-01
   7.2096348e-02
   4.6960257e-02
   9.7351829e-03
   1.2249723e-01
   6.3004173e-02
   5.9315953e-02
   5.9990613e-03
   9.0207443e-02
   3.0714842e-02
   1.5208786e-02
   7.7166706e-03
   6.2651277e-02
   3.3766665e-02
   2.9880384e-02
   1.6987275e-02
   7.4971505e-02
   7.8022510e-02
   5.5134773e-02
   9.8166382e-03
   6.3056044e-02
   5.2660063e-02
   7.8848280e-02
   7.9161227e-03
   7.2230056e-02
   3.5092171e-02
   6.0836602e-02
   1.3035093e-02
   7.2478443e-02
   2.8863993e-02
   6.4591363e-02
   1.7886113e-02
   7.2275810e-02
   7.1518138e-02
   8.5210532e-02
   1.5687905e-02
   9.8732494e-02
   6.8855353e-02
   1.1306615e-01
   1.5756089e-02
   1.0416876e-01
   5.5963375e-02
   1.2831752e-01
   2.0383624e-02
   8.9258924e-02
   6.6965945e-02
   1.0107169e-01
   1.9736934e-02
   6.5152645e-02
   6.4570718e-02
   1.0487382e-01
   1.3550919e-02
   7.2387472e-02
   4.1108437e-02
   8.7368988e-02
   1.0882559e-02
   7.1723334e-02
   4.1635659e-02
   6.6375308e-02
   1.0397205e-02
   9.8206513e-02
   9.3380794e-02
   4.4473521e-02
   1.0740246e-02
   7.5602569e-02
   8.2493864e-02
   7.8764290e-02
   8.8484623e-03
   7.7670373e-02
   4.1141756e-02
   8.9087263e-02
   2.8129660e-02
   1.1406008e-01
   4.6315670e-02
   1.7196650e-02
   5.0194082e-03
   1.7843698e-01
   6.2149405e-02
   2.2397893e-02
   8.0220681e-03
   5.9379056e-02
   8.2680732e-02
   7.4816845e-02
   1.0793076e-02
   9.1508538e-02
   3.4945481e-02
   9.5707014e-02
   7.6550543e-02
   1.9646062e-01
   6.4083621e-02
   1.9206993e-02
   5.6268428e-03
   1.5764475e-01
   4.4209152e-02
   3.0164516e-02
   1.0251282e-02
