   1.0498433e-02
   2.2425737e-02
   5.5994585e-02
   4.6878517e-02
   9.1794096e-03
   2.2404147e-02
   5.4092560e-02
   6.2906466e-02
   9.3414588e-03
   2.7703987e-02
   7.5278565e-02
   5.1995885e-02
   1.0276136e-02
   2.9656468e-02
   8.5407265e-02
   5.2021675e-02
   1.0386867e-02
   1.7161569e-02
   4.2117670e-02
   4.7665063e-02
   9.1009755e-03
   1.6326470e-02
   3.8867895e-02
   5.3028621e-02
   9.5165856e-03
   1.8786678e-02
   5.3372625e-02
   5.2488595e-02
   1.0519074e-02
   2.5359923e-02
   5.4345664e-02
   5.2029740e-02
   1.0920760e-02
   1.4793378e-02
   3.4141183e-02
   4.9141005e-02
   9.1186799e-03
   1.4960006e-02
   3.1570144e-02
   5.5704340e-02
   9.5857838e-03
   1.3564668e-02
   4.1123398e-02
   5.3631019e-02
   9.8241493e-03
   1.9881221e-02
   3.3099711e-02
   5.8303319e-02
   1.5851032e-02
   3.1118464e-02
   6.5275781e-02
   5.8122583e-02
   1.4320729e-02
   3.3665493e-02
   6.6090904e-02
   6.2725410e-02
   1.4622774e-02
   3.0523475e-02
   6.7740843e-02
   6.0833205e-02
   1.4494095e-02
   2.8698441e-02
   5.1635772e-02
   6.7348853e-02
   2.5050828e-02
   6.2197063e-02
   1.2848847e-01
   7.8180820e-02
   2.4170155e-02
   6.6420272e-02
   1.3422677e-01
   7.9144657e-02
   2.5301607e-02
   6.2711842e-02
   1.2203045e-01
   8.1412837e-02
   2.3444453e-02
   5.5369493e-02
   9.1395430e-02
   8.9835182e-02
   1.4374981e-02
   3.1708457e-02
   7.0317075e-02
   6.0853284e-02
   1.3844670e-02
   3.3745170e-02
   7.1368493e-02
   6.0056813e-02
   1.4003752e-02
   2.9663514e-02
   6.4863794e-02
   6.1454132e-02
   1.4418658e-02
   2.9471947e-02
   4.7122918e-02
   6.7250282e-02
   1.0726830e-02
   1.6974300e-02
   3.5946641e-02
   5.0796401e-02
   9.2303008e-03
   1.6126592e-02
   3.3212438e-02
   4.8903715e-02
   8.8361837e-03
   1.2188532e-02
   3.3955324e-02
   5.0481897e-02
   1.0174217e-02
   1.9563183e-02
   2.9270347e-02
   5.1786780e-02
   1.0543848e-02
   1.9725358e-02
   4.6387717e-02
   4.7102872e-02
   9.2377979e-03
   1.8172422e-02
   4.0128626e-02
   5.5286739e-02
   9.3718292e-03
   1.7004095e-02
   4.7254384e-02
   5.1687140e-02
   9.9037644e-03
   2.4565293e-02
   4.4603731e-02
   5.2270439e-02
   6.7417230e-03
   2.4984915e-02
   6.7730322e-02
   3.2448445e-02
   5.6132306e-03
   2.3013800e-02
   5.1188648e-02
   4.1607954e-02
   5.7992539e-03
   1.9754194e-02
   5.7433624e-02
   3.2022987e-02
   6.6783945e-03
   2.4641573e-02
   7.4759461e-02
   3.1416845e-02
   6.5430347e-03
   1.9706843e-02
   5.2799404e-02
   3.0771310e-02
   5.8663702e-03
   1.7414296e-02
   4.6134897e-02
   3.6936507e-02
   5.6294212e-03
   1.5409080e-02
   5.1071245e-02
   3.2181922e-02
   6.4245388e-03
   1.9758971e-02
   4.7021687e-02
   3.2935150e-02
   6.9859615e-03
   1.7055927e-02
   4.5135915e-02
   3.4246933e-02
   6.7592780e-03
   1.7669605e-02
   4.1447543e-02
   4.0273353e-02
   5.6662718e-03
   1.4210841e-02
   5.5580303e-02
   3.3779897e-02
   6.3906247e-03
   1.6263885e-02
   3.5879176e-02
   3.6420353e-02
   1.5088323e-02
   3.6848843e-02
   7.2172970e-02
   3.8468957e-02
   1.5078475e-02
   3.7180413e-02
   7.1624994e-02
   4.5670349e-02
   1.4254807e-02
   3.7754372e-02
   8.0587409e-02
   4.1343320e-02
   1.3478543e-02
   3.2749657e-02
   6.0688704e-02
   4.6271242e-02
   3.0127404e-02
   8.4492318e-02
   1.4612034e-01
   5.5437014e-02
   3.0303052e-02
   7.8333341e-02
   1.4980555e-01
   5.7882596e-02
   3.0223086e-02
   7.5273417e-02
   1.4435069e-01
   6.7455538e-02
   2.6965259e-02
   6.7124903e-02
   1.0196968e-01
   7.3576242e-02
   1.3409282e-02
   3.9808840e-02
   8.4836699e-02
   4.4805307e-02
   1.3518027e-02
   3.7658360e-02
   7.7824689e-02
   4.1032925e-02
   1.3063431e-02
   3.4178738e-02
   7.2776765e-02
   4.1075084e-02
   1.2834758e-02
   3.2136098e-02
   5.0375409e-02
   4.9442507e-02
   6.8937675e-03
   2.0263011e-02
   4.5973919e-02
   3.7740696e-02
   6.0126111e-03
   1.8319577e-02
   4.2501532e-02
   3.2616887e-02
   5.4442869e-03
   1.1262133e-02
   3.8384341e-02
   2.8824644e-02
   6.4031910e-03
   1.4998261e-02
   2.8650032e-02
   3.4186009e-02
   6.2697474e-03
   2.0112013e-02
   5.2081954e-02
   3.4114979e-02
   5.6011933e-03
   1.8450487e-02
   4.5829479e-02
   3.5493270e-02
   5.3571542e-03
   1.3190238e-02
   4.3125164e-02
   2.7556136e-02
   6.3598664e-03
   1.5426476e-02
   4.2280145e-02
   3.0509597e-02
   4.4455980e-03
   2.6753219e-02
   7.6050676e-02
   2.6057333e-02
   4.4737067e-03
   2.1087052e-02
   4.6565805e-02
   3.4919437e-02
   4.0338556e-03
   1.5862379e-02
   5.6603227e-02
   1.9862520e-02
   4.3606255e-03
   2.4630336e-02
   7.0825987e-02
   2.1773053e-02
   5.0684335e-03
   2.2837751e-02
   5.4463852e-02
   2.5820354e-02
   4.2988709e-03
   1.8202193e-02
   5.0591867e-02
   3.2570813e-02
   3.4832112e-03
   1.4544570e-02
   5.5890758e-02
   2.0616516e-02
   4.7388198e-03
   2.3163414e-02
   4.3200199e-02
   2.1377195e-02
   5.2409377e-03
   1.7318226e-02
   4.7890220e-02
   3.0736536e-02
   5.2029905e-03
   1.9934477e-02
   5.3427689e-02
   3.7424196e-02
   3.8531956e-03
   1.7603034e-02
   6.3468970e-02
   2.1912454e-02
   4.6511614e-03
   2.2547865e-02
   4.0495627e-02
   2.5336368e-02
   1.8606411e-02
   3.8009726e-02
   7.9682343e-02
   3.3075828e-02
   1.9032644e-02
   3.6834672e-02
   7.2878644e-02
   4.0926099e-02
   1.7708074e-02
   4.4047192e-02
   8.3029240e-02
   2.8280729e-02
   1.7293243e-02
   3.7986640e-02
   6.9467343e-02
   2.7984949e-02
   4.1081749e-02
   9.1659077e-02
   1.6451091e-01
   3.4088325e-02
   4.3198574e-02
   8.5640579e-02
   1.4102322e-01
   4.0408451e-02
   4.0934864e-02
   8.6594477e-02
   1.4442873e-01
   4.9065534e-02
   3.9151337e-02
   6.7732312e-02
   1.2147841e-01
   5.0596662e-02
   1.5638320e-02
   3.9943825e-02
   9.0502314e-02
   2.8835595e-02
   1.6665976e-02
   3.7043706e-02
   7.2126187e-02
   3.0443611e-02
   1.5724858e-02
   3.8453531e-02
   6.8767257e-02
   2.6194090e-02
   1.5531654e-02
   3.5344418e-02
   5.6091245e-02
   3.1321824e-02
   4.3254527e-03
   2.2352822e-02
   5.7129942e-02
   3.6779121e-02
   4.7442690e-03
   1.6526189e-02
   5.1555376e-02
   2.5221212e-02
   3.8658539e-03
   1.3826903e-02
   3.7317827e-02
   1.8850135e-02
   4.9416870e-03
   1.5800750e-02
   3.3388212e-02
   2.0949747e-02
   4.1157031e-03
   2.3235826e-02
   5.7923343e-02
   2.9720914e-02
   4.1429941e-03
   1.6570054e-02
   4.6270948e-02
   2.5144342e-02
   3.6319983e-03
   1.1899333e-02
   4.6559151e-02
   2.1226661e-02
   4.3712775e-03
   1.4542582e-02
   4.3185964e-02
   1.8931471e-02
   2.8938097e-03
   1.7279793e-02
   7.5853847e-02
   3.4295075e-02
   3.6071802e-03
   1.6970359e-02
   4.9626753e-02
   3.9547093e-02
   3.2535822e-03
   1.7214825e-02
   7.0156515e-02
   2.2944488e-02
   4.3399944e-03
   2.8619785e-02
   6.2174231e-02
   1.8154968e-02
   3.0736765e-03
   1.7171226e-02
   4.8817582e-02
   2.7087044e-02
   4.7499440e-03
   1.6890271e-02
   4.9367405e-02
   2.6564049e-02
   3.2140240e-03
   1.5407076e-02
   4.8493389e-02
   1.7006669e-02
   3.9963317e-03
   2.1981319e-02
   3.2083783e-02
   1.5083549e-02
   4.0913355e-03
   1.6635571e-02
   4.2396512e-02
   2.5972461e-02
   5.8979685e-03
   1.4469312e-02
   4.8018292e-02
   2.9388361e-02
   3.9639189e-03
   1.1839129e-02
   4.4538632e-02
   1.8130742e-02
   4.7013746e-03
   2.0505177e-02
   3.1391632e-02
   2.1588158e-02
   2.2991868e-02
   4.2775877e-02
   8.5325219e-02
   2.6976783e-02
   2.4888584e-02
   3.4241881e-02
   8.4305689e-02
   3.6018994e-02
   2.1656210e-02
   4.8624873e-02
   7.9169750e-02
   2.9289350e-02
   2.1011228e-02
   4.9487781e-02
   7.8372948e-02
   2.8471466e-02
   5.4089386e-02
   1.0260323e-01
   2.0349017e-01
   4.0396273e-02
   5.8389988e-02
   9.0155937e-02
   1.6483080e-01
   4.2760450e-02
   5.4213129e-02
   9.3549371e-02
   1.5784688e-01
   5.3039100e-02
   5.0369814e-02
   9.8014839e-02
   1.3449940e-01
   5.1295701e-02
   1.9681396e-02
   4.3008275e-02
   9.8728791e-02
   3.1327195e-02
   2.1557789e-02
   3.9250363e-02
   8.1878744e-02
   2.5495492e-02
   1.9788811e-02
   3.8464841e-02
   7.1292311e-02
   2.8890610e-02
   1.8712733e-02
   4.3161213e-02
   5.7480928e-02
   3.2420430e-02
   3.7598088e-03
   1.9183028e-02
   5.8032576e-02
   3.4476139e-02
   5.7217679e-03
   1.5987087e-02
   5.4282550e-02
   2.5073020e-02
   3.7850924e-03
   1.5003737e-02
   3.4647100e-02
   1.4341278e-02
   4.5132367e-03
   1.3107594e-02
   2.6146678e-02
   1.4693805e-02
   2.4927820e-03
   1.6199296e-02
   5.7213243e-02
   3.2886773e-02
   3.9560739e-03
   1.3394815e-02
   4.4182770e-02
   2.8970305e-02
   4.2214980e-03
   1.2331520e-02
   4.3996509e-02
   1.8157855e-02
   4.5031025e-03
   1.5174405e-02
   4.0496092e-02
   1.5570628e-02
