   5.4340396e-02
   5.1833224e-02
   6.8683982e-02
   2.4422880e-02
   8.5991882e-02
   6.5661617e-02
   5.8254514e-02
   2.7271932e-02
   4.5977656e-02
   4.6608865e-02
   5.9392001e-02
   2.3642376e-02
   4.4049840e-02
   5.8871090e-02
   5.4891847e-02
   2.3167735e-02
   2.5809452e-02
   2.6708521e-02
   3.5185013e-02
   1.7447693e-02
   3.8936216e-02
   3.4261629e-02
   3.1696286e-02
   1.8258994e-02
   2.2424852e-02
   2.4654644e-02
   3.4496516e-02
   1.6270289e-02
   2.2979017e-02
   3.1292971e-02
   3.4411859e-02
   1.7550867e-02
   1.0115864e-02
   1.3584539e-02
   1.6569149e-02
   1.3955656e-02
   1.2065697e-02
   1.5292019e-02
   1.5467212e-02
   1.4247090e-02
   8.2112607e-03
   1.1962544e-02
   1.9925090e-02
   1.3281302e-02
   1.0619228e-02
   1.2658468e-02
   1.8490149e-02
   1.4059809e-02
   1.6657798e-02
   2.5129881e-02
   2.0912526e-02
   2.0961994e-02
   1.8754300e-02
   2.6086574e-02
   2.0516155e-02
   1.8569442e-02
   1.5186539e-02
   2.3398340e-02
   2.5867853e-02
   2.0407651e-02
   1.9174756e-02
   2.2470379e-02
   2.8577680e-02
   2.2135049e-02
   3.2420669e-02
   4.6231672e-02
   3.2953497e-02
   3.9538078e-02
   3.5448734e-02
   5.0406881e-02
   3.1937186e-02
   3.4914903e-02
   3.1819865e-02
   4.7528513e-02
   3.7132818e-02
   3.5401057e-02
   3.7255708e-02
   4.5373678e-02
   5.3186927e-02
   4.1525166e-02
   1.8015372e-02
   2.5090644e-02
   2.2933261e-02
   2.3328340e-02
   2.0973977e-02
   2.7596477e-02
   2.1310266e-02
   2.1243412e-02
   1.7783476e-02
   2.5935126e-02
   2.4436887e-02
   2.0182814e-02
   2.3754478e-02
   2.7625360e-02
   3.1428218e-02
   2.1947339e-02
   9.4454698e-03
   1.3275711e-02
   1.7278774e-02
   1.5342375e-02
   1.1690072e-02
   1.5059631e-02
   1.5782245e-02
   1.4264651e-02
   8.7899705e-03
   1.2201130e-02
   1.8136768e-02
   1.3196308e-02
   1.5794655e-02
   1.5982904e-02
   1.9918386e-02
   1.3251361e-02
   2.3437377e-02
   2.5928492e-02
   3.3786602e-02
   1.7976427e-02
   3.5007875e-02
   3.1543940e-02
   2.9274588e-02
   1.8398484e-02
   1.9829752e-02
   2.2489293e-02
   3.1407300e-02
   1.5686506e-02
   2.1418804e-02
   2.8535111e-02
   3.3291318e-02
   1.5388740e-02
   8.3407663e-02
   7.6534107e-02
   7.9210803e-02
   2.9345531e-02
   1.2486163e-01
   8.9754395e-02
   7.7939868e-02
   3.1264778e-02
   6.7602135e-02
   6.9369331e-02
   8.3891675e-02
   3.1561688e-02
   6.9645487e-02
   8.5457958e-02
   6.0472801e-02
   2.6135162e-02
   3.6965333e-02
   4.0582631e-02
   3.9669350e-02
   1.9164467e-02
   5.5253688e-02
   4.8958048e-02
   3.8762480e-02
   2.0181827e-02
   3.1730510e-02
   3.5464361e-02
   4.4389084e-02
   1.8954929e-02
   3.3703174e-02
   4.3014426e-02
   3.5811711e-02
   1.7488144e-02
   1.1612925e-02
   1.7839793e-02
   1.8297648e-02
   1.3952057e-02
   1.4434190e-02
   2.1256121e-02
   1.4918990e-02
   1.3705840e-02
   1.0588432e-02
   1.5170653e-02
   1.9981755e-02
   1.3386733e-02
   1.1890743e-02
   1.4021106e-02
   2.0020207e-02
   1.2407458e-02
   2.4841433e-02
   3.3069968e-02
   2.3631481e-02
   2.4629898e-02
   2.4441851e-02
   3.2668702e-02
   2.0356366e-02
   2.2854788e-02
   2.4145346e-02
   3.1146294e-02
   2.8597526e-02
   2.5950378e-02
   2.6168916e-02
   3.2312118e-02
   3.9247088e-02
   3.2816365e-02
   5.5978701e-02
   6.1985645e-02
   3.6281023e-02
   5.0717533e-02
   5.6664873e-02
   6.6098936e-02
   3.4980875e-02
   5.0321355e-02
   5.8873471e-02
   7.2000079e-02
   4.6245638e-02
   5.1939651e-02
   6.2224425e-02
   7.5480133e-02
   8.4020525e-02
   7.2378308e-02
   2.8922886e-02
   3.2389186e-02
   2.8333861e-02
   2.7828757e-02
   2.8394150e-02
   3.4884203e-02
   2.1375123e-02
   2.7968191e-02
   3.0070012e-02
   3.7638977e-02
   3.1076765e-02
   2.7695382e-02
   3.4211788e-02
   4.3357633e-02
   4.4421889e-02
   3.2158688e-02
   1.0405907e-02
   1.6208742e-02
   1.8630302e-02
   1.6044492e-02
   1.3360046e-02
   2.0352293e-02
   1.5449516e-02
   1.5647389e-02
   1.2289812e-02
   1.6060228e-02
   1.8796962e-02
   1.3761980e-02
   1.7751703e-02
   2.0253979e-02
   2.1146787e-02
   1.0277593e-02
   3.2623161e-02
   3.7502464e-02
   3.8550958e-02
   1.9150503e-02
   4.8660811e-02
   4.2152051e-02
   3.6296654e-02
   2.0379553e-02
   2.8070116e-02
   3.2216389e-02
   3.6525700e-02
   1.7391611e-02
   2.8732229e-02
   3.6655132e-02
   3.2432158e-02
   1.3557941e-02
   1.2188456e-01
   1.0722115e-01
   1.1708421e-01
   4.9211137e-02
   2.0602474e-01
   1.4115225e-01
   1.2760295e-01
   4.9675688e-02
   1.3485493e-01
   1.1947868e-01
   1.3305871e-01
   5.2142978e-02
   9.5074512e-02
   1.0304157e-01
   6.6508666e-02
   3.7176751e-02
   5.0936900e-02
   5.5607248e-02
   5.5983581e-02
   2.9351410e-02
   8.9296229e-02
   7.2800584e-02
   5.9646290e-02
   2.7389081e-02
   6.2088914e-02
   6.0165368e-02
   6.4231284e-02
   3.0286690e-02
   4.2861074e-02
   5.1828746e-02
   3.8983658e-02
   2.2953695e-02
   1.5784133e-02
   2.8811265e-02
   2.3385517e-02
   2.1190606e-02
   2.0463400e-02
   3.2069221e-02
   1.8064106e-02
   2.1068290e-02
   1.5512149e-02
   2.3448206e-02
   2.2517268e-02
   1.9831855e-02
   1.3007117e-02
   1.9142460e-02
   2.3808289e-02
   1.7952234e-02
   3.6180422e-02
   5.7047054e-02
   3.2445699e-02
   4.4827323e-02
   3.4707218e-02
   5.3034771e-02
   2.5582125e-02
   4.0962685e-02
   3.7765209e-02
   4.9016856e-02
   3.6156163e-02
   4.7282487e-02
   3.9023392e-02
   4.2709172e-02
   5.0230641e-02
   5.4120071e-02
   8.8011220e-02
   1.0658365e-01
   5.0926879e-02
   9.7401917e-02
   9.1586702e-02
   1.1032909e-01
   4.7540117e-02
   1.0028898e-01
   9.6108630e-02
   1.1323227e-01
   5.9106845e-02
   1.0511735e-01
   1.0070192e-01
   1.0324928e-01
   1.0963501e-01
   1.2575266e-01
   4.2628013e-02
   5.6530863e-02
   3.8598504e-02
   4.8358057e-02
   4.2475186e-02
   5.5976078e-02
   2.7987691e-02
   4.8807565e-02
   4.7648665e-02
   5.6071941e-02
   4.1746438e-02
   4.7417633e-02
   5.2508105e-02
   5.7531592e-02
   5.2759964e-02
   5.2242488e-02
   1.5269934e-02
   3.0571304e-02
   2.4416236e-02
   2.4036027e-02
   2.0234862e-02
   3.1383906e-02
   1.6889375e-02
   2.2778036e-02
   1.8382005e-02
   2.3606308e-02
   2.3040690e-02
   2.3587177e-02
   2.6166771e-02
   2.8035717e-02
   2.1423476e-02
   1.3896391e-02
   4.6796724e-02
   5.7255574e-02
   5.1297437e-02
   3.0415377e-02
   7.5467765e-02
   6.6565320e-02
   5.4001171e-02
   3.0035362e-02
   5.0384313e-02
   5.4048169e-02
   5.2995447e-02
   2.6754037e-02
   3.9922897e-02
   4.3553818e-02
   3.3313051e-02
   1.8624127e-02
   1.9793561e-01
   1.7327902e-01
   1.9896457e-01
   7.1145050e-02
   2.2864985e-01
   1.9647223e-01
   2.2097915e-01
   8.1064731e-02
   1.9541816e-01
   2.0284137e-01
   2.4991867e-01
   1.0345291e-01
   1.3645022e-01
   1.3505487e-01
   1.2157655e-01
   7.3588192e-02
   8.1400618e-02
   7.7756971e-02
   9.2225552e-02
   3.7313517e-02
   9.8123439e-02
   9.4937898e-02
   1.0419428e-01
   4.1506454e-02
   8.7824613e-02
   9.7364448e-02
   1.1675537e-01
   5.7531193e-02
   6.1695565e-02
   7.4675992e-02
   6.0607262e-02
   4.1767325e-02
   2.1535991e-02
   3.9432723e-02
   3.5232123e-02
   3.7032139e-02
   2.1055682e-02
   3.9896607e-02
   2.2922847e-02
   4.2354736e-02
   2.1110378e-02
   3.8432904e-02
   2.9772205e-02
   3.5692900e-02
   1.4241104e-02
   2.1971686e-02
   3.0307744e-02
   2.5982307e-02
   4.2241078e-02
   7.6472946e-02
   4.3146901e-02
   7.0663951e-02
   4.1375861e-02
   7.8288488e-02
   3.4109708e-02
   6.7106321e-02
   4.5090187e-02
   7.0965551e-02
   4.8777379e-02
   7.7028453e-02
   4.8819724e-02
   4.7654763e-02
   5.7383265e-02
   6.1796952e-02
   1.0311563e-01
   1.6834162e-01
   7.0349805e-02
   1.6202350e-01
   1.1422801e-01
   1.7761475e-01
   8.0948420e-02
   1.7195068e-01
   1.1975211e-01
   1.8163897e-01
   8.6112350e-02
   1.7525882e-01
   1.2477834e-01
   1.1400619e-01
   1.3060991e-01
   1.4261143e-01
   4.8952673e-02
   8.7492578e-02
   4.3860845e-02
   7.8794368e-02
   5.0635725e-02
   7.7310756e-02
   3.9310228e-02
   7.9196721e-02
   5.6852061e-02
   8.6371787e-02
   4.8086751e-02
   6.9279566e-02
   6.7193039e-02
   6.8320371e-02
   6.3750818e-02
   6.0393479e-02
   2.4363806e-02
   3.8504593e-02
   3.1904519e-02
   4.5454860e-02
   2.5215778e-02
   3.5705876e-02
   2.7812432e-02
   4.2325638e-02
   2.6406640e-02
   2.4144709e-02
   2.7832795e-02
   4.4865977e-02
   3.3570271e-02
   3.7141982e-02
   2.9336357e-02
   2.3751449e-02
   7.7024199e-02
   8.6844087e-02
   8.3111674e-02
   3.8456406e-02
   8.4122568e-02
   7.7450126e-02
   9.0553090e-02
   3.8025081e-02
   7.0640154e-02
   8.2978509e-02
   9.4620720e-02
   5.3087063e-02
   5.1508199e-02
   5.5008590e-02
   5.4849382e-02
   3.5601135e-02
