   3.2654855e-02
   4.1995239e-02
   5.0447777e-02
   3.0833362e-02
   3.0840779e-02
   1.7015858e-02
   2.5058350e-02
   4.1071244e-02
   2.5404902e-02
   3.2432631e-02
   1.1344714e-02
   3.3091947e-02
   2.1546999e-02
   2.8010927e-02
   1.3394518e-02
   3.0354837e-02
   2.9870637e-02
   4.1625440e-02
   4.1475888e-02
   3.2393672e-02
   2.8901244e-02
   1.7896419e-02
   2.2790514e-02
   3.8981166e-02
   2.4575680e-02
   2.7098179e-02
   1.1198757e-02
   3.4123816e-02
   2.0633984e-02
   2.3886198e-02
   1.2914195e-02
   3.0655425e-02
   2.9492918e-02
   4.9164642e-02
   4.3786719e-02
   4.4436831e-02
   2.9243348e-02
   1.7736482e-02
   2.4704825e-02
   5.3381309e-02
   2.3698624e-02
   2.4034519e-02
   1.1782607e-02
   4.4741325e-02
   2.1695219e-02
   2.2353167e-02
   1.3955086e-02
   3.7024077e-02
   3.1374387e-02
   4.9248867e-02
   6.5675013e-02
   5.9620850e-02
   3.1024393e-02
   1.7960982e-02
   4.1008350e-02
   8.7098360e-02
   2.6882432e-02
   2.4791425e-02
   2.2116370e-02
   7.8696787e-02
   2.3280347e-02
   2.6618125e-02
   2.3210421e-02
   6.9040559e-02
   4.3284301e-02
   6.7918278e-02
   5.8025245e-02
   3.9945066e-02
   7.4849665e-02
   3.3508431e-02
   5.0133955e-02
   5.8625769e-02
   8.5145622e-02
   2.8661791e-02
   3.0323315e-02
   5.6439470e-02
   7.0547022e-02
   3.4439683e-02
   3.1730454e-02
   5.8443815e-02
   1.0197693e-01
   8.0802813e-02
   4.0516905e-02
   3.3941936e-02
   1.5176170e-01
   4.4797935e-02
   3.5440896e-02
   4.5889888e-02
   1.5291296e-01
   2.9298544e-02
   1.6062867e-02
   3.4072544e-02
   1.1108551e-01
   3.3376783e-02
   1.8922111e-02
   3.3263873e-02
   8.7774210e-02
   4.8090901e-02
   3.6371592e-02
   2.9189466e-02
   7.4939340e-02
   2.2239950e-02
   2.4812629e-02
   4.0732827e-02
   5.9924774e-02
   2.8148880e-02
   1.1007351e-02
   3.0835362e-02
   4.0304955e-02
   2.7000405e-02
   1.3287885e-02
   3.1197637e-02
   3.7367269e-02
   3.7362773e-02
   4.1789498e-02
   2.8393935e-02
   3.0532779e-02
   1.6345983e-02
   2.3635628e-02
   3.8860310e-02
   2.6510386e-02
   3.0475874e-02
   1.0888574e-02
   3.1412508e-02
   2.1885481e-02
   2.6302148e-02
   1.2114096e-02
   3.0149514e-02
   3.4275092e-02
   4.7972769e-02
   5.0756961e-02
   2.1853961e-02
   3.1877335e-02
   1.8813279e-02
   2.8720614e-02
   3.0911570e-02
   2.4713453e-02
   3.7325714e-02
   1.0108488e-02
   2.7286535e-02
   1.9661343e-02
   3.5435759e-02
   1.1678590e-02
   2.3200663e-02
   3.2350175e-02
   4.2985570e-02
   4.1086424e-02
   2.3729287e-02
   2.9946951e-02
   1.6047968e-02
   2.2353092e-02
   2.9959174e-02
   2.3354173e-02
   2.8510850e-02
   9.7628888e-03
   2.9731719e-02
   1.8179780e-02
   2.4915943e-02
   9.9312421e-03
   2.4907241e-02
   3.4199607e-02
   6.0814731e-02
   4.4419181e-02
   4.7432911e-02
   3.1466641e-02
   2.1611592e-02
   2.8864432e-02
   5.9661791e-02
   2.3994977e-02
   2.1868266e-02
   9.7296825e-03
   4.2934544e-02
   2.1690371e-02
   2.3405254e-02
   1.2042880e-02
   3.2740012e-02
   3.7862312e-02
   6.2573925e-02
   7.0533611e-02
   6.8846397e-02
   3.9043915e-02
   2.2103038e-02
   4.5961820e-02
   1.1243763e-01
   3.5292111e-02
   2.1744302e-02
   2.4765173e-02
   9.4561927e-02
   2.9571192e-02
   2.9600427e-02
   2.7320353e-02
   7.9801761e-02
   6.7334175e-02
   7.1128629e-02
   6.2491398e-02
   4.1409522e-02
   1.0094328e-01
   2.7618021e-02
   4.5453496e-02
   6.0323805e-02
   1.2083647e-01
   2.5992127e-02
   3.5189446e-02
   5.9880637e-02
   1.0620345e-01
   3.8416684e-02
   4.2210005e-02
   6.0904853e-02
   1.8321405e-01
   9.4740376e-02
   4.2802040e-02
   3.0007254e-02
   2.2383089e-01
   3.4449719e-02
   3.5842158e-02
   3.6498673e-02
   2.2598203e-01
   2.6696403e-02
   1.4618352e-02
   2.9752528e-02
   1.6547439e-01
   3.5923406e-02
   1.7448016e-02
   2.8655687e-02
   1.5204249e-01
   5.4778393e-02
   3.3738714e-02
   2.1656116e-02
   1.1765455e-01
   1.9053396e-02
   2.7221505e-02
   3.0160774e-02
   9.3134068e-02
   2.3456991e-02
   9.5173391e-03
   2.6359789e-02
   5.9776187e-02
   3.1100009e-02
   1.0613954e-02
   2.2815965e-02
   5.0750382e-02
   4.3973241e-02
   3.5664115e-02
   2.1421356e-02
   3.7417516e-02
   1.6947323e-02
   2.4781754e-02
   2.8597979e-02
   2.9326109e-02
   3.0869691e-02
   9.1538429e-03
   2.5665134e-02
   2.2459915e-02
   3.3563625e-02
   1.0256356e-02
   2.0192541e-02
   4.9666222e-02
   6.1425418e-02
   6.6333249e-02
   2.1483447e-02
   5.2222416e-02
   1.8810423e-02
   2.7307885e-02
   3.1357542e-02
   3.5569962e-02
   3.4951381e-02
   1.2167570e-02
   2.6375748e-02
   2.5789583e-02
   3.3534508e-02
   1.2296650e-02
   1.8609138e-02
   5.0973117e-02
   6.2863126e-02
   5.8353804e-02
   2.2066737e-02
   4.6877671e-02
   1.9478407e-02
   2.3472030e-02
   2.8755035e-02
   3.1941421e-02
   2.5817407e-02
   8.7327836e-03
   2.5357196e-02
   2.3118848e-02
   2.7977359e-02
   9.1184564e-03
   1.9717945e-02
   6.0123235e-02
   8.1901312e-02
   6.5463968e-02
   4.2151731e-02
   4.9281470e-02
   2.4113635e-02
   4.1793093e-02
   5.2166730e-02
   3.4246478e-02
   2.0027265e-02
   8.4808990e-03
   4.1614499e-02
   3.2042671e-02
   2.4577806e-02
   1.0048147e-02
   3.0969540e-02
   5.5732924e-02
   7.3497251e-02
   1.0420278e-01
   5.6747947e-02
   6.2483516e-02
   2.9249305e-02
   7.0377328e-02
   1.0799289e-01
   5.4136068e-02
   2.1373017e-02
   2.8866731e-02
   1.1337166e-01
   4.4218611e-02
   2.4407454e-02
   3.0223014e-02
   9.3579210e-02
   8.8242576e-02
   6.5282419e-02
   8.5766681e-02
   4.5700476e-02
   1.3017078e-01
   3.8311578e-02
   5.0981421e-02
   5.8615826e-02
   1.2819679e-01
   2.6648048e-02
   4.2584330e-02
   6.6782437e-02
   8.3287217e-02
   3.0984007e-02
   5.0426759e-02
   6.8352461e-02
   2.7802682e-01
   6.9677502e-02
   5.0410125e-02
   3.5722256e-02
   3.2077950e-01
   4.7198188e-02
   2.9355284e-02
   3.3246659e-02
   2.7093652e-01
   3.0239772e-02
   1.5424434e-02
   3.1356398e-02
   1.2862834e-01
   2.8064013e-02
   2.0787096e-02
   2.4708007e-02
   2.5661755e-01
   4.4638053e-02
   4.0254250e-02
   2.1697732e-02
   1.7695731e-01
   1.9732352e-02
   2.3343069e-02
   2.7614575e-02
   1.2357025e-01
   2.4619989e-02
   8.0845477e-03
   2.4585055e-02
   6.5737978e-02
   2.8865706e-02
   8.7881498e-03
   2.0347640e-02
   8.6183742e-02
   4.9539167e-02
   4.5581050e-02
   1.9383242e-02
   6.1780013e-02
   1.7211441e-02
   2.0752760e-02
   2.6099710e-02
   4.1440681e-02
   3.0647425e-02
   8.9254128e-03
   2.5772972e-02
   3.6542464e-02
   3.1720478e-02
   9.0181092e-03
   1.7349893e-02
   5.3825062e-02
   6.7174248e-02
   1.0500060e-01
   3.0744629e-02
   5.9950624e-02
   1.7311253e-02
   4.2534754e-02
   2.7132323e-02
   3.7120223e-02
   2.5959494e-02
   1.4602534e-02
   2.6868820e-02
   2.9700216e-02
   3.9362907e-02
   1.2836926e-02
   2.0392412e-02
   6.3531682e-02
   9.1262169e-02
   9.7959392e-02
   3.2377493e-02
   6.8665326e-02
   1.8052191e-02
   4.0461365e-02
   2.3056889e-02
   3.5813186e-02
   1.9397315e-02
   1.1172504e-02
   2.0320844e-02
   3.2712732e-02
   3.5817899e-02
   9.2922756e-03
   1.8431243e-02
   8.5751645e-02
   1.0872986e-01
   9.5481418e-02
   7.7113263e-02
   6.1200116e-02
   2.9249992e-02
   6.8563454e-02
   6.7702748e-02
   3.5569172e-02
   2.1483323e-02
   1.1146489e-02
   5.5883031e-02
   4.5365188e-02
   2.2722004e-02
   1.1188230e-02
   3.5564035e-02
   6.5737873e-02
   9.2804611e-02
   1.4166656e-01
   8.1637688e-02
   7.2527558e-02
   3.7322856e-02
   1.1575019e-01
   1.6923253e-01
   5.5312749e-02
   2.5535787e-02
   3.7069883e-02
   1.7109033e-01
   6.5253168e-02
   2.5316948e-02
   3.9337300e-02
   1.2274975e-01
   6.2124979e-02
   9.2768185e-02
   1.1427011e-01
   7.0401989e-02
   7.0553109e-02
   5.3367220e-02
   8.0040336e-02
   9.5693052e-02
   7.4353650e-02
   4.2970020e-02
   4.6733573e-02
   9.0497404e-02
   9.7472765e-02
   4.6788096e-02
   6.3551493e-02
   1.0079346e-01
   1.6641748e-01
   8.7115385e-02
   6.1092846e-02
   5.4624915e-02
   1.2536231e-01
   6.6772051e-02
   4.0942401e-02
   3.6040924e-02
   1.3564923e-01
   5.0425950e-02
   1.7474588e-02
   3.0188624e-02
   1.4103426e-01
   3.4814458e-02
   2.8213928e-02
   3.1709433e-02
   1.9815794e-01
   5.6064095e-02
   4.7950998e-02
   3.0187633e-02
   9.8182172e-02
   2.2794168e-02
   3.0564995e-02
   2.1598412e-02
   7.8726590e-02
   2.4299515e-02
   8.6308829e-03
   2.3858955e-02
   6.4053386e-02
   3.1084470e-02
   8.0549996e-03
   2.1019539e-02
   9.0372190e-02
   5.7079282e-02
   6.3434228e-02
   2.3470281e-02
   6.0402729e-02
   1.4440611e-02
   3.0100308e-02
   2.1010363e-02
   4.7457840e-02
   2.5838144e-02
   1.1079269e-02
   2.0629358e-02
   4.1811682e-02
   3.9412014e-02
   6.7135454e-03
   1.7490644e-02
