   9.3437573e-03
   7.9005687e-03
   1.3995184e-02
   2.3458313e-02
   8.0648316e-03
   8.7014213e-03
   1.8315827e-02
   2.7962796e-02
   8.1184739e-03
   8.0901859e-03
   1.6974233e-02
   2.3923945e-02
   9.6800523e-03
   6.8538226e-03
   1.2281250e-02
   2.2417644e-02
   9.0391459e-03
   6.9125695e-03
   9.9729244e-03
   2.1123225e-02
   7.8023090e-03
   6.8215737e-03
   1.1736480e-02
   2.3985077e-02
   7.8783846e-03
   6.5118861e-03
   1.2873556e-02
   2.2962626e-02
   9.3010049e-03
   6.7233518e-03
   1.1454989e-02
   2.3544833e-02
   9.4788410e-03
   7.2525013e-03
   9.6652154e-03
   2.2250224e-02
   8.1795044e-03
   6.5418407e-03
   9.6933860e-03
   2.4539823e-02
   8.2254484e-03
   6.1968458e-03
   1.1153206e-02
   2.5383914e-02
   9.6476246e-03
   7.0929509e-03
   1.1101710e-02
   2.7934415e-02
   1.1372033e-02
   1.1561861e-02
   1.7446371e-02
   3.0128248e-02
   9.9751139e-03
   1.1003309e-02
   1.6070748e-02
   3.2153640e-02
   9.8439623e-03
   1.0714943e-02
   1.6692558e-02
   3.4167066e-02
   1.1135483e-02
   1.1971125e-02
   1.8775372e-02
   3.7916727e-02
   1.3739256e-02
   2.0298963e-02
   3.3812698e-02
   4.3751933e-02
   1.2699866e-02
   1.9843539e-02
   3.0438416e-02
   4.2567778e-02
   1.2142982e-02
   1.9868970e-02
   2.8775442e-02
   4.2003017e-02
   1.3075219e-02
   2.1038879e-02
   3.2873590e-02
   4.7234770e-02
   1.1087546e-02
   1.1781376e-02
   1.9021729e-02
   3.6270380e-02
   9.8690940e-03
   1.1112896e-02
   1.7550306e-02
   3.4503967e-02
   9.6686315e-03
   1.0739463e-02
   1.6365854e-02
   3.1496331e-02
   1.1099971e-02
   1.1798055e-02
   1.8197613e-02
   3.2375053e-02
   9.3563767e-03
   7.6174620e-03
   1.0619077e-02
   2.6927156e-02
   8.1836907e-03
   6.7666164e-03
   1.0417965e-02
   2.5978683e-02
   8.1673283e-03
   6.2529277e-03
   9.9191787e-03
   2.3014508e-02
   9.6052177e-03
   6.9155246e-03
   1.0200555e-02
   2.2309059e-02
   9.0128379e-03
   7.3845764e-03
   1.1904296e-02
   2.3261866e-02
   7.7984817e-03
   7.0466385e-03
   1.2765544e-02
   2.4736093e-02
   7.8241155e-03
   6.4820787e-03
   1.1384552e-02
   2.1571714e-02
   9.2473477e-03
   6.3377353e-03
   9.8314853e-03
   2.0842258e-02
   1.0442777e-02
   1.0634888e-02
   2.0637795e-02
   3.2216772e-02
   9.1611706e-03
   1.2990646e-02
   3.1342350e-02
   4.2066950e-02
   9.0783136e-03
   1.1523345e-02
   2.7077883e-02
   3.4154087e-02
   1.0858242e-02
   9.0636173e-03
   1.8360501e-02
   3.0425685e-02
   1.0461958e-02
   8.9740902e-03
   1.3669174e-02
   2.8169060e-02
   9.0875970e-03
   9.5032891e-03
   1.8143211e-02
   3.4829490e-02
   9.1322614e-03
   8.8561894e-03
   1.9689674e-02
   3.3639953e-02
   1.0663721e-02
   8.9262426e-03
   1.7398166e-02
   3.4058679e-02
   1.0849665e-02
   9.2067774e-03
   1.2570151e-02
   3.0007003e-02
   9.4896052e-03
   8.4648365e-03
   1.3051412e-02
   3.5157021e-02
   9.6067162e-03
   7.8416374e-03
   1.5229329e-02
   3.7220880e-02
   1.1089208e-02
   9.0116430e-03
   1.5446385e-02
   4.1094147e-02
   1.3239381e-02
   1.5721820e-02
   2.4771104e-02
   4.1771926e-02
   1.1992134e-02
   1.5284385e-02
   2.2990957e-02
   4.6461415e-02
   1.1585218e-02
   1.4837502e-02
   2.4237353e-02
   4.9224202e-02
   1.2537384e-02
   1.6505897e-02
   2.6940668e-02
   5.3806927e-02
   1.6999956e-02
   2.8603449e-02
   5.0946910e-02
   6.3681863e-02
   1.6641099e-02
   2.8523920e-02
   4.5740966e-02
   6.3301049e-02
   1.4924961e-02
   2.9200749e-02
   4.3813430e-02
   6.0905259e-02
   1.4950596e-02
   3.0626671e-02
   4.8878469e-02
   6.7503788e-02
   1.2788518e-02
   1.5905218e-02
   2.7219955e-02
   5.2435935e-02
   1.1818802e-02
   1.5359858e-02
   2.5419736e-02
   5.1026408e-02
   1.1229640e-02
   1.5011338e-02
   2.3931645e-02
   4.5691788e-02
   1.2311629e-02
   1.6125597e-02
   2.6065430e-02
   4.5302093e-02
   1.0734950e-02
   9.7096013e-03
   1.4003807e-02
   3.9632559e-02
   9.5141949e-03
   8.8402350e-03
   1.4379164e-02
   3.8683303e-02
   9.4592292e-03
   7.8641754e-03
   1.3424429e-02
   3.3307634e-02
   1.0895750e-02
   8.9187650e-03
   1.3835213e-02
   3.0265093e-02
   1.0269771e-02
   9.9472450e-03
   1.7483320e-02
   3.3703569e-02
   9.0856487e-03
   9.9532176e-03
   2.0237558e-02
   3.6963984e-02
   9.0594450e-03
   8.8512227e-03
   1.6910298e-02
   3.0546151e-02
   1.0688698e-02
   8.3033787e-03
   1.3761391e-02
   2.7726628e-02
   9.3320124e-03
   1.2498737e-02
   2.6110997e-02
   3.7492227e-02
   8.1837084e-03
   1.6983202e-02
   4.3757234e-02
   5.2524962e-02
   8.1775021e-03
   1.4424982e-02
   3.7001763e-02
   4.0802479e-02
   9.7666038e-03
   1.0285764e-02
   2.2668568e-02
   3.4758836e-02
   9.3773762e-03
   1.0180325e-02
   1.6595254e-02
   3.2179099e-02
   8.2637183e-03
   1.1598436e-02
   2.3784900e-02
   4.1417461e-02
   8.3585968e-03
   1.0471219e-02
   2.6049364e-02
   3.9255917e-02
   9.6549774e-03
   1.0462293e-02
   2.1856356e-02
   3.9240666e-02
   9.6709477e-03
   1.0094642e-02
   1.4737668e-02
   3.4172766e-02
   8.7111685e-03
   9.6612498e-03
   1.5392985e-02
   3.9739028e-02
   8.6652096e-03
   8.5611958e-03
   1.8977478e-02
   4.0202904e-02
   9.8856129e-03
   9.7154016e-03
   1.8809052e-02
   4.3402739e-02
   1.2072002e-02
   1.9647533e-02
   3.2841273e-02
   4.7642063e-02
   1.1604922e-02
   2.0148933e-02
   3.2308038e-02
   5.1315196e-02
   1.1635056e-02
   1.9507689e-02
   3.3545453e-02
   5.1808167e-02
   1.1701200e-02
   2.0380719e-02
   3.6197435e-02
   5.3538688e-02
   1.6804269e-02
   3.7929434e-02
   7.0080273e-02
   7.2350904e-02
   1.7480258e-02
   3.9642747e-02
   6.7923337e-02
   7.1559317e-02
   1.7100433e-02
   4.0984537e-02
   6.2946998e-02
   6.6613331e-02
   1.5374511e-02
   3.9800622e-02
   6.9156013e-02
   7.3679328e-02
   1.1630828e-02
   1.9887125e-02
   3.6697093e-02
   5.4532416e-02
   1.1107372e-02
   2.0295668e-02
   3.6383361e-02
   5.4247707e-02
   1.1119803e-02
   1.9856848e-02
   3.3406798e-02
   5.0150279e-02
   1.1190372e-02
   1.9486297e-02
   3.5756279e-02
   4.9481966e-02
   9.3839737e-03
   1.0540222e-02
   1.6666289e-02
   4.3293066e-02
   8.6077256e-03
   1.0014942e-02
   1.7242080e-02
   4.1669562e-02
   8.5740844e-03
   8.4733274e-03
   1.6338691e-02
   3.7186209e-02
   9.7261155e-03
   9.4861090e-03
   1.6308593e-02
   3.3068888e-02
   9.2843650e-03
   1.1337029e-02
   2.2095479e-02
   3.9089173e-02
   8.1857089e-03
   1.1927734e-02
   2.6125232e-02
   4.3767180e-02
   8.1008822e-03
   1.0332854e-02
   2.1884222e-02
   3.5357047e-02
   9.6390639e-03
   8.8106589e-03
   1.5951579e-02
   3.0965053e-02
   7.1029714e-03
   1.4996738e-02
   3.3703469e-02
   3.7466187e-02
   6.5523870e-03
   2.0515541e-02
   5.1974360e-02
   5.2999549e-02
   6.4777974e-03
   1.8888781e-02
   5.0002437e-02
   3.9192714e-02
   7.3196124e-03
   1.0951418e-02
   2.9100984e-02
   3.1402793e-02
   7.1991314e-03
   1.1514594e-02
   2.1257671e-02
   3.1372130e-02
   6.6992221e-03
   1.3591665e-02
   2.8148316e-02
   4.0871944e-02
   6.4644357e-03
   1.2632197e-02
   3.6128715e-02
   3.6234066e-02
   7.1870396e-03
   1.1812719e-02
   2.8788349e-02
   3.5652157e-02
   7.6241684e-03
   1.1075281e-02
   1.7897915e-02
   3.2706540e-02
   6.9862301e-03
   1.1076838e-02
   1.8487893e-02
   3.8032237e-02
   7.0198351e-03
   9.6741337e-03
   2.6079880e-02
   3.4786969e-02
   7.7066491e-03
   1.0521279e-02
   2.3455562e-02
   3.6545385e-02
   1.1532582e-02
   2.6292613e-02
   4.3553058e-02
   4.8496384e-02
   1.1918346e-02
   2.8747188e-02
   4.4430383e-02
   5.0212931e-02
   1.3159757e-02
   2.8138585e-02
   4.7657523e-02
   4.6805684e-02
   1.2082544e-02
   2.8026940e-02
   4.6983719e-02
   4.5034539e-02
   1.8627586e-02
   5.3480055e-02
   9.3351848e-02
   7.9518609e-02
   2.0841945e-02
   5.9750997e-02
   9.5436543e-02
   7.3778510e-02
   2.3765793e-02
   6.1921604e-02
   9.1480561e-02
   6.8682738e-02
   1.9532068e-02
   5.9265077e-02
   9.2572927e-02
   7.3606052e-02
   1.0343032e-02
   2.6694164e-02
   4.8598155e-02
   5.3650867e-02
   1.1134152e-02
   2.9282136e-02
   5.0705865e-02
   4.9732547e-02
   1.2002374e-02
   2.8250352e-02
   4.7577765e-02
   4.5858379e-02
   1.0884793e-02
   2.6492981e-02
   4.6936247e-02
   4.5617107e-02
   7.2605400e-03
   1.1903442e-02
   2.1169240e-02
   3.7624728e-02
   7.0004589e-03
   1.1789485e-02
   2.1249091e-02
   3.4443453e-02
   6.7415726e-03
   9.5008053e-03
   2.1347640e-02
   3.1720746e-02
   7.4615059e-03
   9.2948116e-03
   1.9186541e-02
   2.7738141e-02
   7.2137895e-03
   1.3509256e-02
   2.8377971e-02
   3.6857888e-02
   6.6862120e-03
   1.3967142e-02
   3.0793907e-02
   3.9889522e-02
   6.4766426e-03
   1.2632161e-02
   2.8956303e-02
   3.2469884e-02
   7.3582903e-03
   8.4381178e-03
   1.8854976e-02
   2.7069118e-02
