   2.0918235e-02
   5.8951480e-03
   1.3453986e-02
   2.8313816e-02
   1.8778300e-02
   9.6021974e-03
   1.0352767e-02
   3.0459778e-02
   1.8293716e-02
   1.2021694e-02
   1.1990007e-02
   3.6576211e-02
   1.6897496e-02
   1.6721940e-02
   1.8326858e-02
   3.3100870e-02
   1.9420316e-02
   4.4921120e-03
   1.1534111e-02
   2.7443176e-02
   1.7666463e-02
   9.1754589e-03
   9.9945674e-03
   2.9438481e-02
   1.7036775e-02
   1.1033044e-02
   1.1237989e-02
   3.4686387e-02
   1.5962832e-02
   1.1496054e-02
   1.4329660e-02
   3.0386409e-02
   1.9371117e-02
   4.0445444e-03
   1.1366740e-02
   2.9710600e-02
   1.7873155e-02
   9.1833156e-03
   1.0145810e-02
   3.0333273e-02
   1.7195435e-02
   1.1061043e-02
   1.1341148e-02
   3.5372112e-02
   1.6476594e-02
   9.5521268e-03
   1.2442229e-02
   3.0293679e-02
   2.1473000e-02
   4.4672857e-03
   1.4368667e-02
   3.6924709e-02
   1.9829130e-02
   9.8864706e-03
   1.3167445e-02
   3.4934778e-02
   1.8953510e-02
   1.2128148e-02
   1.4159868e-02
   3.9498363e-02
   1.7632198e-02
   9.9324770e-03
   1.3622662e-02
   3.3647563e-02
   2.3274478e-02
   4.5887139e-03
   1.7135549e-02
   4.0311057e-02
   2.1471817e-02
   1.0404038e-02
   1.5956225e-02
   3.6646686e-02
   2.0725332e-02
   1.2771461e-02
   1.6967643e-02
   4.2930357e-02
   1.9066352e-02
   9.7542554e-03
   1.6418470e-02
   3.6376193e-02
   2.1500029e-02
   4.3714293e-03
   1.3022097e-02
   3.5748728e-02
   1.9919625e-02
   1.0182787e-02
   1.1580719e-02
   3.3301406e-02
   1.8941181e-02
   1.2120206e-02
   1.3290895e-02
   3.9226286e-02
   1.7347671e-02
   9.2056189e-03
   1.4830342e-02
   3.3678107e-02
   1.9509450e-02
   4.1209552e-03
   1.1295475e-02
   2.9434631e-02
   1.7865943e-02
   9.3983188e-03
   9.9784639e-03
   2.9485099e-02
   1.6991606e-02
   1.1170260e-02
   1.1372507e-02
   3.5248030e-02
   1.5585697e-02
   9.0045379e-03
   1.2204533e-02
   3.0418338e-02
   1.9445002e-02
   4.3246932e-03
   1.1663863e-02
   2.7417419e-02
   1.7758837e-02
   9.1433134e-03
   9.8287053e-03
   2.9114401e-02
   1.6913857e-02
   1.1097174e-02
   1.1141155e-02
   3.4842141e-02
   1.5803872e-02
   1.1579381e-02
   1.3490723e-02
   2.9988062e-02
   2.0624949e-02
   6.1004842e-03
   1.4971598e-02
   3.1732854e-02
   1.8692093e-02
   1.0832825e-02
   1.0995897e-02
   3.0725004e-02
   1.8567845e-02
   1.3086706e-02
   1.3149748e-02
   3.7364427e-02
   1.6385453e-02
   2.5824994e-02
   2.6973724e-02
   3.5707392e-02
   1.9795628e-02
   4.8350580e-03
   1.2880963e-02
   3.1415660e-02
   1.8172868e-02
   1.0686144e-02
   1.0988298e-02
   3.0766452e-02
   1.7652612e-02
   1.2159593e-02
   1.2395578e-02
   3.5924748e-02
   1.6311957e-02
   1.5109233e-02
   1.8169278e-02
   3.2043725e-02
   1.9540781e-02
   4.4854842e-03
   1.2540606e-02
   3.5678003e-02
   1.8319443e-02
   1.0575191e-02
   1.1223428e-02
   3.2755122e-02
   1.7897803e-02
   1.2258098e-02
   1.2559181e-02
   3.6889229e-02
   1.7684078e-02
   1.0903974e-02
   1.3762299e-02
   3.1301081e-02
   2.0784676e-02
   4.8885485e-03
   1.5609211e-02
   4.5376480e-02
   1.9758629e-02
   1.0956183e-02
   1.4545563e-02
   3.7615165e-02
   1.8851314e-02
   1.3033231e-02
   1.5493813e-02
   3.9249405e-02
   1.7124226e-02
   1.1310973e-02
   1.4513304e-02
   3.3451527e-02
   2.1675054e-02
   4.9931016e-03
   1.8563552e-02
   4.7259361e-02
   2.0678690e-02
   1.1569316e-02
   1.7599003e-02
   3.7246130e-02
   2.0044373e-02
   1.3658872e-02
   1.8658204e-02
   4.0777877e-02
   1.7306469e-02
   1.0766976e-02
   1.8293500e-02
   3.4440253e-02
   2.0868022e-02
   4.7686351e-03
   1.4060410e-02
   4.3141186e-02
   2.0003522e-02
   1.1745115e-02
   1.2589672e-02
   3.4234680e-02
   1.8841794e-02
   1.3081008e-02
   1.4542967e-02
   3.8950760e-02
   1.6525915e-02
   1.0005343e-02
   1.6351746e-02
   3.3438351e-02
   1.9838607e-02
   4.5289155e-03
   1.2680599e-02
   3.6331013e-02
   1.8723356e-02
   1.1100271e-02
   1.1035352e-02
   3.1322200e-02
   1.7448731e-02
   1.2335635e-02
   1.2744037e-02
   3.6634993e-02
   1.5705708e-02
   1.0051661e-02
   1.3368210e-02
   3.1821594e-02
   1.9720973e-02
   4.6753711e-03
   1.3197359e-02
   3.2390013e-02
   1.8427450e-02
   1.0639584e-02
   1.0842397e-02
   3.0394096e-02
   1.7501589e-02
   1.2325561e-02
   1.2286043e-02
   3.6145039e-02
   1.5832897e-02
   1.5549577e-02
   1.6656956e-02
   3.1080889e-02
   1.5803523e-02
   5.9430841e-03
   1.4177152e-02
   3.1060033e-02
   1.5026174e-02
   1.0505704e-02
   1.0571556e-02
   2.7602410e-02
   1.5747091e-02
   1.2831619e-02
   1.3697909e-02
   3.3925317e-02
   1.2523486e-02
   3.8601194e-02
   3.6861561e-02
   3.5629280e-02
   1.5815087e-02
   4.6597426e-03
   1.2222691e-02
   3.0714180e-02
   1.4885982e-02
   1.0481754e-02
   1.0756687e-02
   2.8206803e-02
   1.4594906e-02
   1.1400538e-02
   1.2174899e-02
   3.2172486e-02
   1.3569443e-02
   1.9718409e-02
   2.1475248e-02
   2.9510923e-02
   1.5799653e-02
   4.3454226e-03
   1.1605805e-02
   3.6385428e-02
   1.5071733e-02
   1.0221819e-02
   1.1116347e-02
   3.1044856e-02
   1.4609181e-02
   1.1184745e-02
   1.2003220e-02
   3.3187017e-02
   1.6759554e-02
   1.1277349e-02
   1.2915348e-02
   2.7338175e-02
   1.6232740e-02
   4.6329917e-03
   1.5453588e-02
   4.8027091e-02
   1.5556364e-02
   1.0448627e-02
   1.5030867e-02
   3.7871175e-02
   1.5090182e-02
   1.1661194e-02
   1.5732126e-02
   3.4189250e-02
   1.4330411e-02
   1.1597672e-02
   1.3623415e-02
   2.8555576e-02
   1.6809449e-02
   4.6268012e-03
   1.8935308e-02
   4.3135487e-02
   1.6310437e-02
   1.1136848e-02
   1.8725047e-02
   3.3763692e-02
   1.5988130e-02
   1.1833617e-02
   1.9550690e-02
   3.4999009e-02
   1.3288567e-02
   1.0666771e-02
   1.9545024e-02
   2.9150063e-02
   1.6591948e-02
   4.3860571e-03
   1.3302602e-02
   3.9081164e-02
   1.6312806e-02
   1.1780558e-02
   1.2330808e-02
   3.0497279e-02
   1.5261223e-02
   1.1536804e-02
   1.4250131e-02
   3.4302525e-02
   1.2907051e-02
   9.4414912e-03
   1.6469274e-02
   3.0023849e-02
   1.5961140e-02
   4.3189283e-03
   1.2020584e-02
   3.5308503e-02
   1.5681162e-02
   1.1400337e-02
   1.1012802e-02
   2.8744094e-02
   1.4482341e-02
   1.1221680e-02
   1.2012585e-02
   3.2873038e-02
   1.2459612e-02
   9.5715029e-03
   1.2365401e-02
   3.0335020e-02
   1.5527534e-02
   4.5515425e-03
   1.2608353e-02
   3.1767506e-02
   1.5107648e-02
   1.0552713e-02
   1.0541700e-02
   2.7519910e-02
   1.4642410e-02
   1.1588416e-02
   1.2180840e-02
   3.2567415e-02
   1.2384658e-02
   2.1277947e-02
   1.9185793e-02
   2.8613998e-02
   1.1053760e-02
   5.5824090e-03
   1.2559858e-02
   2.4528088e-02
   1.0690859e-02
   9.2000933e-03
   9.0379845e-03
   2.3220502e-02
   1.2366015e-02
   1.1615283e-02
   1.3435384e-02
   2.9644303e-02
   8.8409400e-03
   4.4432353e-02
   2.9837210e-02
   3.5006784e-02
   1.1015919e-02
   4.1180942e-03
   1.0854927e-02
   2.3540743e-02
   1.0714285e-02
   9.1901273e-03
   9.0791453e-03
   2.3070676e-02
   1.0555144e-02
   9.4142472e-03
   1.0847049e-02
   2.6596420e-02
   1.1595116e-02
   2.1345053e-02
   1.7276557e-02
   2.6280349e-02
   1.1392478e-02
   3.7513368e-03
   1.0331132e-02
   3.3224065e-02
   1.0988809e-02
   9.2134690e-03
   9.5681828e-03
   2.8525421e-02
   1.0412035e-02
   8.8413553e-03
   1.0085479e-02
   2.6242599e-02
   1.8411871e-02
   1.1025578e-02
   9.6897753e-03
   2.1353353e-02
   1.1722794e-02
   4.0382654e-03
   1.6315082e-02
   5.0078887e-02
   1.1235624e-02
   9.7465469e-03
   1.5863340e-02
   4.0274076e-02
   1.0698640e-02
   9.2913397e-03
   1.5685709e-02
   2.6871422e-02
   1.2860253e-02
   1.2742760e-02
   1.1980649e-02
   2.2055078e-02
   1.2310856e-02
   4.0741018e-03
   2.1310855e-02
   3.6295563e-02
   1.1798221e-02
   1.0931634e-02
   2.1141939e-02
   2.9796872e-02
   1.1680770e-02
   9.5063234e-03
   2.1324100e-02
   2.6598824e-02
   9.8082479e-03
   1.1649223e-02
   2.1355474e-02
   2.2694888e-02
   1.2540313e-02
   3.7315188e-03
   1.2323481e-02
   2.8589351e-02
   1.1843150e-02
   1.1541289e-02
   1.1700631e-02
   2.4197692e-02
   1.0869829e-02
   9.1593359e-03
   1.3557814e-02
   2.5715433e-02
   9.1200238e-03
   9.6453223e-03
   1.7359970e-02
   2.6444541e-02
   1.1807035e-02
   3.7859937e-03
   1.0160180e-02
   2.6619660e-02
   1.1236284e-02
   1.1083200e-02
   9.4737178e-03
   2.3064682e-02
   1.0228714e-02
   8.8004190e-03
   1.0638397e-02
   2.5510056e-02
   8.9805536e-03
   9.1292299e-03
   9.8415511e-03
   2.9129114e-02
   1.0900696e-02
   4.0318021e-03
   1.1078809e-02
   2.4588346e-02
   1.0588633e-02
   9.8198336e-03
   8.9918468e-03
   2.2740567e-02
   1.0504537e-02
   9.6841808e-03
   1.1056628e-02
   2.6558543e-02
   8.6164046e-03
   2.1849118e-02
   1.5120951e-02
   2.5817787e-02
