   3.1297188e-02
   2.7609084e-02
   3.7550513e-02
   1.1442836e-02
   2.7765293e-02
   1.4237709e-02
   4.4545364e-02
   1.0228960e-02
   2.1197421e-02
   6.1005219e-03
   3.2204758e-02
   9.9911140e-03
   2.6171133e-02
   6.5904665e-03
   2.5018414e-02
   1.0451816e-02
   2.9784216e-02
   2.5072049e-02
   3.4711134e-02
   1.0832502e-02
   2.6444506e-02
   1.2213782e-02
   4.1990235e-02
   9.8564783e-03
   2.1152047e-02
   4.8685740e-03
   2.8564027e-02
   1.0704953e-02
   2.4637349e-02
   5.8218939e-03
   2.3932604e-02
   1.0589527e-02
   3.2036420e-02
   2.6394093e-02
   3.3510260e-02
   1.1381302e-02
   2.6634883e-02
   1.1767169e-02
   3.7581239e-02
   9.4302939e-03
   2.3271285e-02
   4.5527075e-03
   2.8427700e-02
   9.7311465e-03
   2.4488943e-02
   5.8642123e-03
   2.5396060e-02
   1.1412523e-02
   8.5150003e-02
   4.1536458e-02
   3.6855720e-02
   1.1977290e-02
   7.7036284e-02
   2.3786575e-02
   3.8848888e-02
   9.9381888e-03
   7.8188375e-02
   6.0011945e-03
   3.1953551e-02
   9.7445268e-03
   7.7711932e-02
   6.8730242e-03
   3.1166332e-02
   1.1342923e-02
   1.8767747e-01
   6.5583751e-02
   5.8766887e-02
   1.3745717e-02
   1.7764772e-01
   4.4708095e-02
   4.4284049e-02
   1.2338339e-02
   1.9086374e-01
   8.6828293e-03
   3.8369808e-02
   1.1266232e-02
   1.8718663e-01
   8.2890876e-03
   3.8168367e-02
   1.2939968e-02
   8.3988279e-02
   3.9114386e-02
   5.0599352e-02
   1.3155347e-02
   7.7327721e-02
   2.7781101e-02
   3.8274225e-02
   1.0606932e-02
   8.2047671e-02
   5.9567951e-03
   3.2488786e-02
   9.3326131e-03
   8.3496675e-02
   6.6907136e-03
   2.8135205e-02
   1.0091053e-02
   3.1457838e-02
   2.6313294e-02
   3.3844803e-02
   1.3566894e-02
   2.5501765e-02
   1.3387548e-02
   3.5903364e-02
   1.0634606e-02
   2.1883525e-02
   4.3636533e-03
   2.9586080e-02
   9.1747502e-03
   2.6419418e-02
   5.9048645e-03
   2.1977831e-02
   9.6291676e-03
   3.0286176e-02
   2.5303196e-02
   3.5172321e-02
   1.1971696e-02
   2.5055248e-02
   1.2940659e-02
   3.8714219e-02
   1.0648883e-02
   2.0662593e-02
   5.0255116e-03
   2.8907502e-02
   9.5092626e-03
   2.5574626e-02
   6.1101331e-03
   2.2827990e-02
   1.0284600e-02
   3.0384893e-02
   2.6584214e-02
   3.5905451e-02
   8.9057619e-03
   2.6293268e-02
   1.6465139e-02
   4.3082993e-02
   7.0325271e-03
   1.7794995e-02
   6.9364700e-03
   3.7075922e-02
   7.5717671e-03
   2.4726888e-02
   5.6201811e-03
   3.2036602e-02
   6.8136533e-03
   2.8513545e-02
   2.4047894e-02
   3.3400994e-02
   6.5890257e-03
   2.4342995e-02
   1.4042861e-02
   3.9443091e-02
   6.1280103e-03
   1.6747007e-02
   5.1075076e-03
   3.1308949e-02
   7.4307173e-03
   2.3895063e-02
   4.2830668e-03
   2.9078102e-02
   6.6898237e-03
   3.7839573e-02
   2.8142825e-02
   3.0804103e-02
   7.6232408e-03
   2.9968612e-02
   1.3118313e-02
   3.4490127e-02
   6.2661371e-03
   2.2723267e-02
   4.4947066e-03
   3.0922944e-02
   7.3467493e-03
   2.7187424e-02
   4.3513882e-03
   2.8320080e-02
   7.0621627e-03
   1.1602862e-01
   3.9629150e-02
   4.0045749e-02
   8.7388186e-03
   1.1086284e-01
   2.1377785e-02
   3.9775576e-02
   7.6486073e-03
   1.1526504e-01
   6.4059980e-03
   4.1265868e-02
   8.6134700e-03
   1.1395741e-01
   5.9708036e-03
   3.8589988e-02
   8.7611005e-03
   2.4566777e-01
   6.2643245e-02
   7.3755123e-02
   1.2414916e-02
   2.5088796e-01
   4.4622909e-02
   4.7383677e-02
   1.1349955e-02
   2.8065729e-01
   1.0150441e-02
   5.4863758e-02
   1.0961065e-02
   2.7102676e-01
   8.0595259e-03
   5.5493545e-02
   1.0742049e-02
   1.1427768e-01
   3.9252508e-02
   6.3796014e-02
   9.9062184e-03
   1.0975783e-01
   3.0618219e-02
   4.1069958e-02
   8.4952014e-03
   1.2163565e-01
   5.7091424e-03
   3.6183000e-02
   6.8662651e-03
   1.2400056e-01
   5.5780481e-03
   3.6906272e-02
   7.2305943e-03
   3.5846688e-02
   2.6962087e-02
   3.5979174e-02
   1.0278582e-02
   2.9558187e-02
   1.4444050e-02
   3.6317620e-02
   7.3296633e-03
   2.3435695e-02
   4.0532672e-03
   3.1195605e-02
   5.5327332e-03
   2.9185899e-02
   4.6323156e-03
   2.8434228e-02
   6.2336288e-03
   3.0518461e-02
   2.6045637e-02
   3.3790410e-02
   9.5688365e-03
   2.4127366e-02
   1.3749310e-02
   3.5289444e-02
   7.4082264e-03
   1.8875873e-02
   5.3679962e-03
   3.2899633e-02
   6.2799030e-03
   2.4522947e-02
   4.8076226e-03
   2.6441656e-02
   6.5365941e-03
   3.9408807e-02
   3.1852733e-02
   3.7003528e-02
   9.1153951e-03
   3.5048734e-02
   2.5312986e-02
   4.6788942e-02
   6.6823242e-03
   2.1880204e-02
   8.4791314e-03
   5.1680092e-02
   7.5710942e-03
   2.7451640e-02
   6.4685941e-03
   4.3119743e-02
   6.5293154e-03
   3.4266800e-02
   3.2858104e-02
   3.4954384e-02
   7.1426248e-03
   2.8658764e-02
   2.1380590e-02
   5.1840495e-02
   5.2090613e-03
   1.9580262e-02
   5.7008085e-03
   4.3125726e-02
   7.0393076e-03
   3.1765293e-02
   4.4968086e-03
   3.9457183e-02
   5.6599174e-03
   5.6545556e-02
   3.5010390e-02
   3.2275677e-02
   5.9136897e-03
   3.7363935e-02
   1.7949725e-02
   5.4615255e-02
   5.6293337e-03
   2.6288832e-02
   4.6973806e-03
   4.0367622e-02
   6.7402665e-03
   3.9592691e-02
   4.7362042e-03
   3.5946079e-02
   6.3151303e-03
   9.7022384e-02
   5.0302271e-02
   4.9160376e-02
   8.4348237e-03
   9.8212279e-02
   3.5432372e-02
   5.0381329e-02
   8.5936822e-03
   1.0350411e-01
   1.1390047e-02
   5.2959062e-02
   9.9958945e-03
   1.1027300e-01
   8.9137265e-03
   4.5689687e-02
   9.1165276e-03
   1.8159445e-01
   9.1570929e-02
   8.5063331e-02
   1.4811286e-02
   2.0213085e-01
   7.5064875e-02
   5.8058288e-02
   1.3875195e-02
   2.4562831e-01
   2.2821430e-02
   7.0472643e-02
   1.5634255e-02
   2.3531932e-01
   1.5487853e-02
   7.3381998e-02
   1.2875806e-02
   1.0372762e-01
   4.7175668e-02
   7.4943364e-02
   1.0667470e-02
   9.8576777e-02
   4.8868664e-02
   4.5810986e-02
   8.9275902e-03
   1.0725005e-01
   9.6904626e-03
   4.8015114e-02
   7.9297209e-03
   1.1774889e-01
   8.8130450e-03
   4.8273053e-02
   7.4102259e-03
   5.1399127e-02
   2.7598398e-02
   4.3817271e-02
   1.0447448e-02
   3.9963756e-02
   2.2396829e-02
   5.2192878e-02
   7.9562142e-03
   2.5998628e-02
   4.7491807e-03
   4.1999437e-02
   4.7915438e-03
   3.7982419e-02
   4.9915211e-03
   4.1038800e-02
   4.8736953e-03
   4.2085387e-02
   2.9287625e-02
   3.6606651e-02
   1.0085581e-02
   2.5964208e-02
   2.1139501e-02
   4.3452937e-02
   7.4771517e-03
   2.0334283e-02
   5.9679868e-03
   4.5881741e-02
   5.6085158e-03
   3.2969374e-02
   4.8570964e-03
   4.1105628e-02
   5.9343483e-03
   4.0950701e-02
   4.3936867e-02
   4.7597770e-02
   1.3888136e-02
   5.0664794e-02
   3.9121535e-02
   7.6020740e-02
   1.1413273e-02
   2.8409939e-02
   1.2200129e-02
   8.9832895e-02
   1.3040146e-02
   2.9615043e-02
   1.1790133e-02
   7.3124617e-02
   1.1732602e-02
   3.8103852e-02
   4.6947487e-02
   4.8141092e-02
   1.0560880e-02
   3.3364028e-02
   3.5204493e-02
   7.7417590e-02
   8.0649490e-03
   1.9145146e-02
   1.0041604e-02
   6.8770841e-02
   1.1721366e-02
   4.1600049e-02
   6.9992123e-03
   6.5477878e-02
   9.1497023e-03
   6.4464338e-02
   4.2274430e-02
   4.2302143e-02
   7.3497351e-03
   2.5517881e-02
   2.9299444e-02
   7.9559721e-02
   7.4351961e-03
   1.4801922e-02
   7.7304840e-03
   4.9123850e-02
   1.0012730e-02
   4.1956853e-02
   6.8881689e-03
   6.0228445e-02
   8.1109283e-03
   4.4187415e-02
   6.3625000e-02
   6.6338040e-02
   1.2466299e-02
   4.5488711e-02
   5.3938586e-02
   6.8791352e-02
   1.3707240e-02
   4.7653224e-02
   2.2519292e-02
   7.5322859e-02
   1.4514025e-02
   6.5983705e-02
   1.7676964e-02
   6.0400289e-02
   1.2420209e-02
   6.7426354e-02
   1.2350915e-01
   1.2808891e-01
   2.6110124e-02
   6.3743763e-02
   1.0027517e-01
   9.0303712e-02
   2.1418864e-02
   9.9509493e-02
   4.4263948e-02
   1.1014381e-01
   2.7813431e-02
   1.1228020e-01
   3.5490762e-02
   1.0260053e-01
   2.3119694e-02
   5.7248078e-02
   5.8129705e-02
   7.8369610e-02
   1.6284481e-02
   4.3215241e-02
   7.1150601e-02
   6.6990271e-02
   1.4354998e-02
   4.9432520e-02
   2.0616438e-02
   6.9356129e-02
   1.2961945e-02
   5.4883748e-02
   1.6628822e-02
   6.1903466e-02
   1.0747807e-02
   4.6593778e-02
   3.6319040e-02
   5.3322513e-02
   1.4027620e-02
   2.4602953e-02
   3.4292731e-02
   7.8846358e-02
   1.1859061e-02
   1.8111754e-02
   7.3560062e-03
   6.1268017e-02
   7.4571497e-03
   4.1422855e-02
   7.5329910e-03
   4.9727518e-02
   5.6590750e-03
   4.8529789e-02
   3.1966459e-02
   3.9873078e-02
   1.5791522e-02
   2.4250319e-02
   3.7593603e-02
   6.8678983e-02
   1.0877480e-02
   2.1556707e-02
   9.3912827e-03
   7.8045510e-02
   8.4980493e-03
   4.8636127e-02
   8.2732579e-03
   5.4269154e-02
   8.5052475e-03
