   4.3266606e-02
   4.1702874e-02
   3.5610612e-02
   1.5177086e-02
   7.6335236e-02
   9.8729454e-02
   7.9260409e-02
   4.1314311e-02
   7.1159437e-02
   4.0062338e-02
   6.8015188e-02
   5.4960765e-02
   5.7478391e-02
   5.5744424e-02
   5.6303278e-02
   5.4573871e-02
   3.8360573e-02
   2.7959742e-02
   2.2699378e-02
   1.3046291e-02
   5.1996276e-02
   4.5464344e-02
   3.5665631e-02
   2.7656205e-02
   3.0749187e-02
   2.0692961e-02
   2.9879646e-02
   3.0604146e-02
   2.5266228e-02
   2.2647129e-02
   2.3045518e-02
   2.5359165e-02
   5.6373190e-02
   2.3340963e-02
   1.8346207e-02
   1.4254117e-02
   5.1989142e-02
   1.8631052e-02
   1.5324146e-02
   2.0455355e-02
   1.2788939e-02
   9.0038516e-03
   1.0348580e-02
   2.0665646e-02
   1.1945895e-02
   7.7205277e-03
   8.7348940e-03
   1.2468969e-02
   1.8168709e-01
   3.0557925e-02
   2.4564184e-02
   1.6949333e-02
   1.0814404e-01
   2.0659110e-02
   1.4749657e-02
   2.3533128e-02
   1.1347711e-02
   9.2024701e-03
   1.2428945e-02
   2.4814071e-02
   1.0701288e-02
   7.7302852e-03
   8.9103337e-03
   1.4594315e-02
   1.2359624e-01
   3.5728596e-02
   2.8640099e-02
   1.6238241e-02
   7.2610132e-02
   2.1831041e-02
   1.6559375e-02
   2.1275800e-02
   1.3457647e-02
   1.0827853e-02
   1.6669575e-02
   1.9447993e-02
   1.0783876e-02
   8.5141091e-03
   9.3212733e-03
   1.3222468e-02
   3.8616531e-02
   2.8233271e-02
   2.0953385e-02
   1.4711306e-02
   3.1933434e-02
   1.6795857e-02
   1.5034809e-02
   1.9026330e-02
   1.4988924e-02
   9.8979697e-03
   1.1941371e-02
   1.7467501e-02
   1.1090863e-02
   8.7808017e-03
   8.5302526e-03
   1.2389148e-02
   4.4701371e-02
   2.2973850e-02
   1.7938411e-02
   1.2616140e-02
   3.4781802e-02
   1.8186327e-02
   1.5249817e-02
   1.7771536e-02
   1.3180629e-02
   1.0171587e-02
   1.0806408e-02
   1.7329149e-02
   1.2249501e-02
   8.6842841e-03
   8.6415699e-03
   1.3344229e-02
   4.2872474e-02
   3.1432528e-02
   2.5308227e-02
   1.2760399e-02
   5.5014800e-02
   5.3684641e-02
   4.2129662e-02
   2.8092550e-02
   3.5361540e-02
   2.3350012e-02
   3.2575652e-02
   3.2659937e-02
   2.9227784e-02
   2.6713803e-02
   2.6164681e-02
   2.8235072e-02
   2.4822492e-02
   5.6428421e-02
   4.5743577e-02
   1.5687924e-02
   1.0148328e-01
   1.4211212e-01
   1.3021488e-01
   5.7574667e-02
   1.1376102e-01
   5.3093970e-02
   1.0395903e-01
   7.5512558e-02
   9.1488771e-02
   9.0214245e-02
   8.8287294e-02
   8.0901735e-02
   2.8801445e-02
   3.7430268e-02
   2.5912635e-02
   1.1474506e-02
   5.3938929e-02
   5.9982046e-02
   5.1638354e-02
   3.4905370e-02
   4.3270368e-02
   2.6985271e-02
   4.2441197e-02
   4.1910626e-02
   3.3765480e-02
   3.2997858e-02
   3.4160126e-02
   3.3771705e-02
   8.1131428e-02
   2.8673137e-02
   1.9746291e-02
   1.3122193e-02
   6.9616392e-02
   2.2650125e-02
   1.9593855e-02
   2.4240345e-02
   1.1522679e-02
   1.1729423e-02
   1.2004730e-02
   2.7492896e-02
   8.9702616e-03
   7.3211207e-03
   8.6203245e-03
   1.1231855e-02
   2.5231311e-01
   3.0313456e-02
   3.1591516e-02
   1.8077374e-02
   1.4623307e-01
   2.6365994e-02
   1.6386351e-02
   2.7002105e-02
   1.0267139e-02
   1.0190077e-02
   1.4384661e-02
   3.2596305e-02
   7.2163129e-03
   6.1593973e-03
   7.4081039e-03
   1.3093514e-02
   1.6890064e-01
   3.7192810e-02
   3.3953246e-02
   1.4999170e-02
   9.4584219e-02
   2.6329432e-02
   1.8073497e-02
   2.3477143e-02
   1.3774327e-02
   1.0216913e-02
   1.8910345e-02
   2.5887841e-02
   8.8819452e-03
   6.9357362e-03
   6.9936770e-03
   1.1983036e-02
   4.3724313e-02
   3.1542618e-02
   2.3757532e-02
   1.1634662e-02
   3.9699316e-02
   1.9775102e-02
   1.7230377e-02
   2.0305101e-02
   1.5301703e-02
   1.1015934e-02
   1.3232535e-02
   1.9367669e-02
   9.5231254e-03
   7.6425099e-03
   7.3528178e-03
   1.0607051e-02
   2.6807956e-02
   2.7295221e-02
   2.0847205e-02
   9.2980238e-03
   3.2296594e-02
   2.2833522e-02
   2.0085242e-02
   1.9152142e-02
   1.3086455e-02
   1.2818689e-02
   1.3483257e-02
   1.8756812e-02
   1.1558739e-02
   8.1482716e-03
   8.3073732e-03
   1.1473940e-02
   2.4406329e-02
   4.2421196e-02
   3.0572312e-02
   1.1201951e-02
   5.7575837e-02
   7.4578792e-02
   6.5580174e-02
   3.7680481e-02
   5.3184766e-02
   3.0068262e-02
   5.0316229e-02
   4.2974442e-02
   4.3182753e-02
   4.0971551e-02
   3.8931973e-02
   3.9694969e-02
   3.3717111e-02
   5.5271599e-02
   6.0913447e-02
   2.4809534e-02
   1.6216727e-01
   1.7474115e-01
   1.9262782e-01
   8.2723491e-02
   1.6963258e-01
   9.3610346e-02
   1.6460001e-01
   1.0713628e-01
   1.5904528e-01
   1.5857586e-01
   1.5074335e-01
   1.3247815e-01
   4.0038683e-02
   3.9895095e-02
   3.4920435e-02
   1.6264673e-02
   6.9342464e-02
   7.5713657e-02
   6.7591801e-02
   4.6160672e-02
   6.1510455e-02
   4.0433139e-02
   6.6604175e-02
   6.8868957e-02
   5.4817148e-02
   5.4412555e-02
   5.6266300e-02
   5.5999763e-02
   8.4171705e-02
   3.9988849e-02
   2.7021848e-02
   1.8342676e-02
   5.6932755e-02
   2.7206492e-02
   2.0047512e-02
   2.8107233e-02
   1.4761424e-02
   1.5488693e-02
   1.6150353e-02
   4.6910170e-02
   1.0964462e-02
   8.9423209e-03
   1.1505879e-02
   1.8542843e-02
   2.0292591e-01
   3.9934117e-02
   4.7035329e-02
   2.5239669e-02
   1.1846682e-01
   3.5351589e-02
   1.9362248e-02
   3.9165739e-02
   1.3115613e-02
   1.3462399e-02
   1.8421199e-02
   5.3260252e-02
   7.9541588e-03
   6.6629653e-03
   7.9198182e-03
   1.6569629e-02
   1.3272087e-01
   4.9281649e-02
   4.5328863e-02
   2.0719023e-02
   7.3562987e-02
   3.5914134e-02
   2.2541491e-02
   3.2519963e-02
   1.8110769e-02
   1.5359393e-02
   2.3776704e-02
   4.4394296e-02
   8.7904409e-03
   7.1197930e-03
   7.0090471e-03
   1.6033806e-02
   6.1855089e-02
   4.1778959e-02
   3.2641944e-02
   1.4862024e-02
   4.5741461e-02
   2.6144173e-02
   2.2818340e-02
   2.7568908e-02
   2.2157736e-02
   1.7074374e-02
   1.8182633e-02
   3.3749722e-02
   9.5849335e-03
   6.6118138e-03
   7.8404313e-03
   1.2966174e-02
   4.0056672e-02
   3.8763467e-02
   2.8352471e-02
   1.0840455e-02
   2.9274467e-02
   3.0709371e-02
   2.8555222e-02
   2.9206987e-02
   1.9058997e-02
   1.9056613e-02
   2.1100672e-02
   3.1007916e-02
   1.2412208e-02
   8.1254495e-03
   1.1636511e-02
   1.5676321e-02
   2.9713720e-02
   4.1726615e-02
   4.1059256e-02
   1.5170469e-02
   8.0903992e-02
   8.9415029e-02
   9.1227941e-02
   5.2952994e-02
   8.1936009e-02
   4.8707109e-02
   7.4369110e-02
   6.7569844e-02
   7.0098199e-02
   6.9366351e-02
   6.5305077e-02
   6.6784777e-02
   4.0452246e-02
   7.2560288e-02
   1.0636305e-01
   5.0672911e-02
   1.9596313e-01
   1.2034704e-01
   1.5923135e-01
   7.0136137e-02
   2.6157057e-01
   1.4111367e-01
   2.5402853e-01
   1.5757415e-01
   2.3243210e-01
   2.4130361e-01
   2.4084350e-01
   2.0076011e-01
   4.6973146e-02
   5.5580534e-02
   5.2912757e-02
   2.9652547e-02
   7.6201893e-02
   5.5185605e-02
   6.4669065e-02
   4.7852680e-02
   1.0039446e-01
   6.0744897e-02
   1.1405670e-01
   1.1254482e-01
   8.0500670e-02
   8.2968138e-02
   8.5138932e-02
   9.4580926e-02
   6.8055838e-02
   4.9729086e-02
   3.7706841e-02
   3.5036445e-02
   3.5744220e-02
   3.5636608e-02
   2.9958015e-02
   3.8183682e-02
   2.5079459e-02
   2.4204856e-02
   2.6778162e-02
   6.4759620e-02
   1.0884357e-02
   8.2876775e-03
   1.2046718e-02
   3.2647308e-02
   1.0204644e-01
   5.0508164e-02
   7.0009902e-02
   4.1828755e-02
   4.1168589e-02
   5.0093058e-02
   2.4145041e-02
   7.7584483e-02
   1.8679541e-02
   1.8188328e-02
   2.0883784e-02
   9.6569687e-02
   9.3710460e-03
   5.8289189e-03
   1.0438208e-02
   2.9609438e-02
   7.6800443e-02
   6.6103123e-02
   5.7454135e-02
   3.0590354e-02
   3.7919801e-02
   4.2175062e-02
   2.7820485e-02
   4.0894303e-02
   2.4500119e-02
   1.7429000e-02
   2.6833961e-02
   5.8334295e-02
   1.0425040e-02
   6.9872593e-03
   8.8402266e-03
   2.1722170e-02
   5.5380821e-02
   5.4911029e-02
   4.6141904e-02
   2.1065522e-02
   3.2377187e-02
   3.3028301e-02
   2.6748091e-02
   2.6599467e-02
   3.1050200e-02
   2.2632936e-02
   2.0352071e-02
   5.0107777e-02
   8.8592032e-03
   6.4529665e-03
   1.1380886e-02
   1.9443229e-02
   5.4517105e-02
   4.0982518e-02
   3.0308997e-02
   1.4214707e-02
   3.2975916e-02
   3.7587162e-02
   3.2217748e-02
   2.0533286e-02
   2.7028771e-02
   2.7066559e-02
   3.2411557e-02
   4.4249631e-02
   1.1606378e-02
   7.9170475e-03
   1.3701630e-02
   2.6651368e-02
   2.7469762e-02
   5.0028656e-02
   6.4698257e-02
   2.7745886e-02
   9.9967487e-02
   7.1663737e-02
   8.4817618e-02
   4.9851306e-02
   1.3711375e-01
   7.7137001e-02
   1.1892033e-01
   1.0792581e-01
   9.9777721e-02
   1.0249589e-01
   9.9974044e-02
   1.0901615e-01
