   8.3395541e-02
   9.8568916e-02
   1.1959463e-01
   1.5900558e-02
   7.9120524e-02
   1.1539846e-01
   6.7290448e-02
   5.7661152e-03
   7.9164311e-02
   9.6309654e-02
   6.1313782e-02
   8.2344636e-03
   5.8280047e-02
   1.1056346e-01
   7.5963691e-02
   1.2630304e-02
   5.2095350e-02
   4.7337871e-02
   5.6461155e-02
   8.6914031e-03
   7.8359745e-02
   5.0213996e-02
   3.2177605e-02
   5.2243215e-03
   4.1435529e-02
   4.0885892e-02
   3.2808222e-02
   8.2214288e-03
   3.6753424e-02
   4.6758961e-02
   3.8213287e-02
   1.1523221e-02
   3.9506685e-02
   1.5396392e-02
   1.8098272e-02
   5.6592892e-03
   3.9934319e-02
   8.3357021e-03
   1.0571486e-02
   5.4496755e-03
   2.5768140e-02
   8.1124492e-03
   1.3976940e-02
   7.6667746e-03
   2.6169911e-02
   1.0804752e-02
   1.5836207e-02
   1.1384374e-02
   2.2780456e-02
   2.2614621e-02
   1.9613247e-02
   6.2052989e-03
   3.0688893e-02
   6.7048748e-03
   1.4631426e-02
   7.2138221e-03
   2.7839918e-02
   7.5220703e-03
   1.7798344e-02
   9.4932234e-03
   2.8358752e-02
   1.0958355e-02
   2.1488227e-02
   1.2738374e-02
   1.5291942e-02
   1.7746758e-02
   2.9412610e-02
   8.8752536e-03
   3.5328373e-02
   6.6278703e-03
   2.5139011e-02
   9.8800818e-03
   3.3022348e-02
   7.7750483e-03
   2.9931463e-02
   1.3306165e-02
   3.3626869e-02
   1.2419170e-02
   3.2611944e-02
   1.6175335e-02
   1.2411875e-02
   1.1260762e-02
   3.1903878e-02
   1.0741549e-02
   3.0057907e-02
   6.4578704e-03
   1.7420055e-02
   7.0550507e-03
   2.8299965e-02
   7.7144001e-03
   1.9322196e-02
   8.9728702e-03
   4.6411604e-02
   1.1936830e-02
   2.1905525e-02
   1.2316912e-02
   1.3398870e-02
   1.1397192e-02
   2.5616327e-02
   1.0298603e-02
   2.8940290e-02
   7.9331612e-03
   1.0660266e-02
   5.4277102e-03
   3.1723030e-02
   8.3413292e-03
   1.3288547e-02
   7.5406027e-03
   6.9045164e-02
   1.1278188e-02
   1.4955622e-02
   1.1200542e-02
   3.6256090e-02
   4.0216587e-02
   5.4023273e-02
   9.7280992e-03
   4.0846866e-02
   4.3577377e-02
   2.8584909e-02
   6.0780984e-03
   6.3616693e-02
   3.6706470e-02
   2.9073721e-02
   7.2737392e-03
   5.9922993e-02
   4.3583535e-02
   3.5327662e-02
   1.1475764e-02
   1.1499520e-01
   1.2925936e-01
   1.4691006e-01
   2.4554590e-02
   1.1011228e-01
   1.5096214e-01
   8.4766015e-02
   5.6089559e-03
   1.1865163e-01
   1.6513973e-01
   9.5986620e-02
   8.1026712e-03
   8.1396066e-02
   1.6936928e-01
   9.8793842e-02
   1.1118430e-02
   7.0279300e-02
   6.3537218e-02
   7.2714634e-02
   1.2018897e-02
   1.1446811e-01
   6.7359135e-02
   4.6218757e-02
   3.8436409e-03
   5.7233784e-02
   6.9854453e-02
   5.3938571e-02
   6.6854842e-03
   5.1937331e-02
   6.9942519e-02
   5.2233208e-02
   7.7497135e-03
   5.1059626e-02
   2.2470361e-02
   2.5339765e-02
   6.8888753e-03
   5.3337384e-02
   9.3003269e-03
   1.6831966e-02
   3.3368380e-03
   2.6938334e-02
   9.1721984e-03
   2.5777785e-02
   5.2802358e-03
   3.0204985e-02
   1.1542171e-02
   2.2910221e-02
   7.0969686e-03
   2.8367905e-02
   3.4547210e-02
   2.3856338e-02
   7.5969314e-03
   3.4436099e-02
   6.1218794e-03
   2.3739994e-02
   5.3935768e-03
   3.0254923e-02
   7.0114583e-03
   2.8744949e-02
   7.0681046e-03
   3.2649554e-02
   1.0458906e-02
   3.0927893e-02
   9.3502970e-03
   1.9502958e-02
   2.5261074e-02
   4.0006474e-02
   1.0743340e-02
   4.0268287e-02
   6.4047026e-03
   4.8701506e-02
   8.8004265e-03
   3.8612556e-02
   7.3324991e-03
   5.4838244e-02
   1.1716905e-02
   4.0005043e-02
   1.1481727e-02
   5.0194778e-02
   1.3262638e-02
   1.4365426e-02
   1.3871526e-02
   4.8843119e-02
   1.5666494e-02
   3.0724665e-02
   6.0338452e-03
   2.8216358e-02
   5.7512037e-03
   3.3587620e-02
   7.3445225e-03
   2.9391067e-02
   6.9395239e-03
   6.7833878e-02
   1.1688277e-02
   3.0268224e-02
   8.8336580e-03
   1.7966861e-02
   1.4495924e-02
   3.7402090e-02
   1.4631913e-02
   2.6740583e-02
   9.1377767e-03
   1.6147202e-02
   4.0115179e-03
   4.5882154e-02
   8.6445920e-03
   2.1103637e-02
   4.6680062e-03
   1.0084479e-01
   1.2319232e-02
   2.1291062e-02
   6.2885433e-03
   4.8631351e-02
   5.1587615e-02
   6.4797945e-02
   1.4063296e-02
   4.7969211e-02
   5.4380309e-02
   3.7260327e-02
   4.9356888e-03
   9.8012604e-02
   6.0493495e-02
   4.4353850e-02
   5.1764962e-03
   8.6537108e-02
   6.5197393e-02
   4.5209777e-02
   6.9098137e-03
   1.6199616e-01
   1.9719678e-01
   1.9137739e-01
   5.0048836e-02
   1.9801702e-01
   3.2169402e-01
   1.8387499e-01
   1.0029647e-02
   2.1108562e-01
   3.6853099e-01
   2.1367866e-01
   1.3817861e-02
   1.6079733e-01
   3.1135201e-01
   1.8237224e-01
   1.8802823e-02
   1.0082866e-01
   9.2945576e-02
   9.1831788e-02
   2.3604251e-02
   1.8101668e-01
   1.4044243e-01
   9.9227943e-02
   5.1490208e-03
   1.1247408e-01
   1.5290403e-01
   1.1806932e-01
   7.5840657e-03
   1.0000858e-01
   1.2950274e-01
   1.0056165e-01
   1.0194032e-02
   7.8787632e-02
   3.4676470e-02
   2.8056540e-02
   1.2221684e-02
   7.9064637e-02
   1.3959426e-02
   2.9123496e-02
   2.7101587e-03
   4.8290901e-02
   1.3437053e-02
   4.4460807e-02
   5.2003413e-03
   5.2481018e-02
   1.4854017e-02
   4.2646892e-02
   5.4638251e-03
   4.1422255e-02
   5.6347530e-02
   2.8601220e-02
   1.2893483e-02
   5.3347487e-02
   9.0008685e-03
   3.6457524e-02
   5.6013633e-03
   4.6130050e-02
   7.9648700e-03
   3.6704008e-02
   8.3612408e-03
   4.9608305e-02
   1.0427559e-02
   4.0728603e-02
   8.8523170e-03
   3.1573467e-02
   3.7780717e-02
   4.9527504e-02
   1.7666722e-02
   5.9361923e-02
   9.5827486e-03
   8.1900686e-02
   1.0525555e-02
   6.3413620e-02
   8.1122881e-03
   8.3796494e-02
   1.3509572e-02
   5.8815639e-02
   1.1219295e-02
   7.6221578e-02
   1.5445615e-02
   2.0609103e-02
   1.9957257e-02
   7.1697518e-02
   3.3072643e-02
   4.0448502e-02
   7.8096758e-03
   3.8200013e-02
   6.3203294e-03
   4.8965786e-02
   7.9403603e-03
   3.6773253e-02
   6.4196647e-03
   9.9071197e-02
   1.1103880e-02
   3.7538245e-02
   8.0626849e-03
   2.6604885e-02
   1.7599253e-02
   5.3887114e-02
   2.9733352e-02
   4.0656313e-02
   1.3488918e-02
   1.9315753e-02
   3.5620651e-03
   8.5096583e-02
   1.1445618e-02
   2.9318638e-02
   3.3222961e-03
   1.7091413e-01
   1.3792809e-02
   3.2500256e-02
   4.6018539e-03
   6.6212736e-02
   7.6236300e-02
   7.9517126e-02
   2.4863739e-02
   9.1668360e-02
   1.0929516e-01
   6.7622423e-02
   5.2140858e-03
   1.7698759e-01
   1.3102473e-01
   7.7744029e-02
   5.6431415e-03
   1.4932586e-01
   1.1480471e-01
   7.9297364e-02
   8.1733977e-03
   2.7578637e-01
   3.0395672e-01
   2.6847365e-01
   8.6015575e-02
   2.2218639e-01
   3.2171652e-01
   1.8875116e-01
   1.2377252e-02
   2.2539391e-01
   2.9936850e-01
   1.6779329e-01
   1.1597239e-02
   1.5804407e-01
   3.1492111e-01
   1.8687838e-01
   2.1047316e-02
   1.4900075e-01
   1.4491285e-01
   1.2186299e-01
   3.9761629e-02
   1.8860631e-01
   1.3962993e-01
   9.5885046e-02
   6.7288708e-03
   1.1006492e-01
   1.2449043e-01
   8.6920410e-02
   6.7109643e-03
   1.1100238e-01
   1.3387261e-01
   1.0207886e-01
   1.3200774e-02
   8.2880646e-02
   4.6211381e-02
   3.5389811e-02
   2.0779857e-02
   8.5676827e-02
   1.4252291e-02
   1.7204281e-02
   3.5136200e-03
   5.9977893e-02
   1.3561764e-02
   2.0113159e-02
   5.5292523e-03
   6.2408268e-02
   1.9727418e-02
   3.7899375e-02
   6.7165359e-03
   4.7937114e-02
   7.7542081e-02
   3.0802600e-02
   2.3700979e-02
   5.6335069e-02
   1.3539542e-02
   5.3182032e-02
   1.1247396e-02
   5.6489378e-02
   9.2834728e-03
   4.2851649e-02
   1.3445668e-02
   6.5425567e-02
   1.6151018e-02
   4.7637507e-02
   1.2770974e-02
   4.0602267e-02
   5.7955436e-02
   5.3862851e-02
   3.3547875e-02
   8.7176435e-02
   1.3339060e-02
   1.1292062e-01
   1.9969461e-02
   1.0133716e-01
   7.9512103e-03
   1.0553984e-01
   2.1741036e-02
   8.5519195e-02
   1.6633159e-02
   9.1918327e-02
   2.0745434e-02
   2.4832323e-02
   2.5653191e-02
   8.6129777e-02
   5.4801662e-02
   5.0405405e-02
   9.5706610e-03
   5.0144967e-02
   9.0196487e-03
   5.4099813e-02
   9.0644155e-03
   4.5246754e-02
   9.5565291e-03
   7.6666035e-02
   1.8518314e-02
   4.8161209e-02
   1.0158793e-02
   3.1713933e-02
   2.0783722e-02
   6.7660071e-02
   4.7029413e-02
   6.3649662e-02
   1.6169747e-02
   1.3406429e-02
   3.7496996e-03
   8.7155335e-02
   1.2572914e-02
   1.4572146e-02
   3.3477172e-03
   1.2565218e-01
   1.9304102e-02
   2.5755920e-02
   5.1441165e-03
   1.1291192e-01
   1.0262484e-01
   1.0971296e-01
   3.6027703e-02
   1.0435560e-01
   1.0881525e-01
   6.9299027e-02
   5.8672028e-03
   1.9476818e-01
   1.0629037e-01
   5.8104720e-02
   4.5022969e-03
   1.4826451e-01
   1.2050856e-01
   7.3758394e-02
   9.7303055e-03
