   1.1020587e-02
   2.0279916e-02
   2.0267744e-02
   4.6670198e-02
   8.3918925e-03
   1.2239681e-02
   1.1077849e-02
   5.6765646e-02
   8.5893376e-03
   1.0433363e-02
   2.1348633e-02
   7.2205342e-02
   9.9343415e-03
   1.1301319e-02
   3.4496032e-02
   8.0460876e-02
   1.1095759e-02
   1.5690126e-02
   2.2091232e-02
   4.7533847e-02
   8.8088969e-03
   1.1687658e-02
   1.0922429e-02
   5.7851028e-02
   8.4222555e-03
   9.9450154e-03
   2.2817230e-02
   8.4580787e-02
   9.2178239e-03
   1.0777140e-02
   3.7128519e-02
   8.0773212e-02
   1.2110904e-02
   1.4652185e-02
   2.3494659e-02
   4.9383897e-02
   8.9339176e-03
   1.2156460e-02
   1.0347961e-02
   5.9737153e-02
   8.4670577e-03
   9.8517351e-03
   2.7611077e-02
   9.6517712e-02
   9.5042232e-03
   1.0547661e-02
   3.3254743e-02
   7.9649374e-02
   1.2602226e-02
   1.6471591e-02
   2.5802173e-02
   4.9632385e-02
   9.4629051e-03
   1.2236235e-02
   1.0191122e-02
   6.3051999e-02
   9.2818514e-03
   1.0025882e-02
   2.7646784e-02
   1.0011917e-01
   9.6903211e-03
   1.1051312e-02
   2.8035160e-02
   7.2750323e-02
   1.3364324e-02
   1.8073041e-02
   2.7490607e-02
   5.3415090e-02
   1.0342791e-02
   1.2064391e-02
   1.0921006e-02
   6.9416024e-02
   1.0063668e-02
   9.7400844e-03
   2.3143299e-02
   8.2418427e-02
   1.0266506e-02
   1.1765605e-02
   2.8058179e-02
   6.6481180e-02
   1.1233892e-02
   1.5417525e-02
   1.9359061e-02
   5.2997831e-02
   8.5099805e-03
   1.2036440e-02
   1.0997154e-02
   6.7941763e-02
   7.9918047e-03
   9.0631340e-03
   2.0585082e-02
   7.4633256e-02
   8.6204922e-03
   1.0417026e-02
   2.5231384e-02
   7.1862891e-02
   1.0244778e-02
   1.3891683e-02
   1.6010899e-02
   5.1768322e-02
   7.8288317e-03
   1.1422238e-02
   1.1247769e-02
   6.4687297e-02
   8.1073949e-03
   9.3210442e-03
   2.0140039e-02
   7.2262943e-02
   8.3650276e-03
   9.9599976e-03
   2.7533645e-02
   8.2105838e-02
   1.0345693e-02
   1.5247264e-02
   1.8010030e-02
   4.8498500e-02
   8.2066646e-03
   1.1677199e-02
   1.1110119e-02
   5.6765251e-02
   8.3734449e-03
   9.9244351e-03
   2.0364830e-02
   6.9776826e-02
   9.3060452e-03
   1.0396797e-02
   3.0298790e-02
   8.0551036e-02
   8.6142505e-03
   2.7068749e-02
   2.9529566e-02
   5.7449676e-02
   6.1018891e-03
   9.1807842e-03
   8.1007052e-03
   6.5105386e-02
   6.7285714e-03
   7.5785015e-03
   1.5550519e-02
   6.8320550e-02
   8.1676785e-03
   9.1500413e-03
   3.6740519e-02
   7.2288200e-02
   7.8133363e-03
   1.7157434e-02
   3.0375017e-02
   5.8794506e-02
   6.5677906e-03
   8.4632048e-03
   7.1162097e-03
   6.3475467e-02
   5.9752176e-03
   7.5751035e-03
   1.7722473e-02
   7.8916728e-02
   7.5718942e-03
   8.8982442e-03
   3.5261057e-02
   7.4123502e-02
   8.6359279e-03
   1.3532776e-02
   3.1706698e-02
   6.4767063e-02
   7.1038399e-03
   9.1735236e-03
   7.2022718e-03
   6.2911272e-02
   6.1862026e-03
   7.3999125e-03
   2.6143894e-02
   1.0121118e-01
   6.8588885e-03
   8.1771966e-03
   3.1919975e-02
   6.5965131e-02
   1.0410680e-02
   1.4691362e-02
   3.4995455e-02
   6.2441673e-02
   8.6754411e-03
   9.6499175e-03
   7.2149457e-03
   7.2359256e-02
   7.2075296e-03
   7.3119448e-03
   3.0276412e-02
   1.1661614e-01
   7.8500174e-03
   9.1669913e-03
   2.7431430e-02
   5.5813655e-02
   1.2232128e-02
   1.7217616e-02
   3.9439913e-02
   7.2837234e-02
   1.0233456e-02
   1.0267667e-02
   8.1691602e-03
   8.0499448e-02
   9.2357537e-03
   7.1226023e-03
   2.2155548e-02
   9.8699421e-02
   9.0074353e-03
   9.6491827e-03
   2.7735423e-02
   5.1623315e-02
   8.4834620e-03
   1.3791800e-02
   2.5602324e-02
   6.7554899e-02
   7.1402485e-03
   9.4579430e-03
   8.9349560e-03
   7.9352878e-02
   6.0563888e-03
   6.3243923e-03
   1.7359819e-02
   7.8390405e-02
   6.1724694e-03
   8.2839951e-03
   2.1338601e-02
   5.5324517e-02
   7.1380665e-03
   1.2847349e-02
   1.8877821e-02
   6.4881116e-02
   5.4843100e-03
   8.5098585e-03
   8.4266681e-03
   7.7344961e-02
   5.2619856e-03
   6.9397981e-03
   1.4424642e-02
   7.7811785e-02
   5.9073940e-03
   7.8071053e-03
   2.3309864e-02
   6.5984480e-02
   7.7037825e-03
   1.7906537e-02
   2.3971086e-02
   5.8329187e-02
   6.2028361e-03
   8.4996317e-03
   7.4956845e-03
   6.3470587e-02
   6.1154799e-03
   6.8969717e-03
   1.4740735e-02
   7.2509684e-02
   7.1720681e-03
   8.1753498e-03
   2.9268093e-02
   6.0317967e-02
   7.7192443e-03
   4.3028478e-02
   4.3115437e-02
   6.5133885e-02
   4.9818414e-03
   9.5398994e-03
   6.1703487e-03
   6.7857996e-02
   5.4310230e-03
   6.6977479e-03
   1.5890256e-02
   7.2086625e-02
   7.1867434e-03
   7.4902400e-03
   3.4718867e-02
   5.6872647e-02
   7.0271087e-03
   2.3861868e-02
   4.4629715e-02
   7.2505452e-02
   5.8170035e-03
   7.3588775e-03
   5.5809934e-03
   6.3385241e-02
   4.8811883e-03
   5.8480082e-03
   2.0161118e-02
   8.6142220e-02
   7.6442184e-03
   7.6969257e-03
   5.0097112e-02
   7.3148102e-02
   6.5651382e-03
   1.4447547e-02
   4.0378101e-02
   7.7853009e-02
   5.6531518e-03
   6.8998910e-03
   5.0255563e-03
   6.6048980e-02
   5.4479586e-03
   6.1365040e-03
   3.9260987e-02
   1.1018998e-01
   7.2580320e-03
   7.3167505e-03
   4.8673205e-02
   6.7793064e-02
   9.2665115e-03
   1.5546509e-02
   4.6373818e-02
   6.7520104e-02
   8.9896731e-03
   8.5570533e-03
   5.4220166e-03
   7.8699954e-02
   7.4228947e-03
   6.0968841e-03
   5.1352274e-02
   1.2833288e-01
   7.7586961e-03
   8.5437233e-03
   3.7069436e-02
   5.5154700e-02
   1.3476678e-02
   1.9948183e-02
   4.6861149e-02
   8.3041258e-02
   1.3290068e-02
   8.9655658e-03
   6.1153513e-03
   7.9751238e-02
   1.0544032e-02
   6.7794863e-03
   3.5433155e-02
   1.0802704e-01
   9.9076526e-03
   9.5158992e-03
   3.5739690e-02
   5.3084377e-02
   6.9628130e-03
   1.4604337e-02
   3.0491231e-02
   8.9501746e-02
   6.8329102e-03
   7.9392865e-03
   6.9502117e-03
   8.6277507e-02
   5.5890772e-03
   5.1826425e-03
   2.3235459e-02
   7.4367069e-02
   5.4434901e-03
   7.2451481e-03
   2.4061654e-02
   6.1038502e-02
   5.1342710e-03
   1.4120208e-02
   2.6696704e-02
   9.3987092e-02
   4.1154814e-03
   7.2852215e-03
   6.7827767e-03
   6.8816207e-02
   3.8713145e-03
   5.4166690e-03
   1.5091559e-02
   6.5737270e-02
   4.4475081e-03
   6.6188425e-03
   2.4495531e-02
   7.0589252e-02
   5.7317480e-03
   2.5127362e-02
   3.6297940e-02
   6.9288701e-02
   4.7065276e-03
   7.6642348e-03
   5.6184577e-03
   6.0199622e-02
   4.6362607e-03
   5.8889431e-03
   1.4389610e-02
   5.9113801e-02
   6.1698048e-03
   6.7758909e-03
   2.3002792e-02
   5.3741906e-02
   6.4919661e-03
   4.1450232e-02
   4.9209613e-02
   7.2555639e-02
   4.2318362e-03
   1.2746776e-02
   7.1764058e-03
   4.8928909e-02
   4.0964587e-03
   6.4384472e-03
   1.8130828e-02
   5.7053693e-02
   7.2906399e-03
   6.6682361e-03
   4.7315285e-02
   5.8288239e-02
   5.8251699e-03
   2.4600856e-02
   4.5105755e-02
   6.7472741e-02
   4.2884788e-03
   7.9926103e-03
   6.1992700e-03
   4.2058934e-02
   3.9740661e-03
   4.6599624e-03
   2.6111919e-02
   7.3971502e-02
   6.3163335e-03
   7.2105518e-03
   7.7813596e-02
   7.4799269e-02
   5.2026599e-03
   1.5653018e-02
   4.6697639e-02
   6.8048239e-02
   4.4659590e-03
   6.6846656e-03
   5.8011319e-03
   6.1609916e-02
   4.9530459e-03
   5.1579238e-03
   5.4389700e-02
   8.7192990e-02
   6.6721663e-03
   7.1139066e-03
   8.4754653e-02
   7.8732111e-02
   1.0174576e-02
   1.7294928e-02
   5.5847205e-02
   8.1742212e-02
   9.9488990e-03
   8.4045883e-03
   7.3512658e-03
   6.7218505e-02
   9.8217661e-03
   5.6136656e-03
   5.8672346e-02
   9.8699018e-02
   9.5726624e-03
   9.6007846e-03
   5.3924318e-02
   6.8166718e-02
   1.8564615e-02
   2.5065102e-02
   6.1974104e-02
   7.9948522e-02
   1.8309098e-02
   9.6312370e-03
   7.2204820e-03
   8.8786662e-02
   1.7361419e-02
   5.6384453e-03
   4.8091762e-02
   7.9987541e-02
   1.5145909e-02
   1.3315908e-02
   5.1549822e-02
   6.8694144e-02
   7.8768376e-03
   2.0896297e-02
   4.9023565e-02
   8.2166620e-02
   8.3625754e-03
   7.2861528e-03
   7.8455238e-03
   7.8654334e-02
   7.6779062e-03
   4.1847047e-03
   3.4404080e-02
   5.6029148e-02
   7.0692315e-03
   1.0219605e-02
   3.3379864e-02
   7.0355423e-02
   4.8108036e-03
   2.0160275e-02
   3.4767095e-02
   8.3607621e-02
   3.1380143e-03
   5.5817668e-03
   6.6737137e-03
   5.6067042e-02
   3.2544322e-03
   3.3919502e-03
   1.9744441e-02
   4.4001069e-02
   4.1745319e-03
   5.7435292e-03
   3.3742167e-02
   8.3807997e-02
   5.3186021e-03
   2.5643816e-02
   4.7724213e-02
   7.5061649e-02
   3.1124225e-03
   8.3010765e-03
   6.2893508e-03
   5.5625644e-02
   3.9047869e-03
   6.0855947e-03
   1.6487986e-02
   4.5375098e-02
   6.4383121e-03
   5.2625486e-03
   2.7336616e-02
   5.7173137e-02
