   3.9054941e-02
   2.7145980e-02
   2.5973488e-02
   1.4584945e-02
   3.3792552e-02
   2.9550666e-02
   2.8456314e-02
   9.0336837e-03
   3.2768767e-02
   3.2984346e-02
   4.1157287e-02
   7.7636419e-03
   3.2156914e-02
   3.0309893e-02
   4.7662795e-02
   8.6874925e-03
   3.7219927e-02
   2.3901369e-02
   2.5032043e-02
   1.4595008e-02
   3.1957980e-02
   2.5929591e-02
   2.6148494e-02
   9.6245166e-03
   3.2587733e-02
   3.1294726e-02
   2.9541690e-02
   7.8650238e-03
   3.5196405e-02
   2.9090341e-02
   3.7180390e-02
   9.1321981e-03
   5.6131534e-02
   2.3717239e-02
   2.7897429e-02
   1.4688613e-02
   5.8992017e-02
   2.7972167e-02
   2.9431470e-02
   1.0065490e-02
   6.9356509e-02
   3.9203599e-02
   2.6315698e-02
   8.2215872e-03
   8.1092291e-02
   4.6857599e-02
   3.5343856e-02
   1.0036313e-02
   1.6806298e-01
   3.2486096e-02
   3.9879788e-02
   1.5487010e-02
   1.6759074e-01
   6.4342692e-02
   3.9177731e-02
   1.0686809e-02
   1.3726377e-01
   9.9425927e-02
   3.8918622e-02
   1.0937560e-02
   1.0939341e-01
   1.2349144e-01
   4.6396200e-02
   1.8067900e-02
   1.2697022e-01
   3.4787998e-02
   6.2715039e-02
   2.3863465e-02
   9.9268571e-02
   6.4629719e-02
   5.7639059e-02
   2.0279150e-02
   7.1632549e-02
   8.8147752e-02
   5.3211246e-02
   1.5337834e-02
   4.9518902e-02
   8.9879364e-02
   6.4249992e-02
   1.7966855e-02
   4.0549181e-02
   2.4541063e-02
   4.5999430e-02
   2.4287766e-02
   3.0614881e-02
   3.2944676e-02
   4.5498352e-02
   2.1289635e-02
   3.3494439e-02
   4.7000054e-02
   3.7919290e-02
   1.3742265e-02
   3.4384612e-02
   3.7812557e-02
   4.8431538e-02
   9.8960334e-03
   4.1968796e-02
   2.4647096e-02
   2.8366461e-02
   1.4028221e-02
   3.2693516e-02
   2.9118376e-02
   2.8951433e-02
   1.0008695e-02
   3.0799691e-02
   4.3389983e-02
   2.4389304e-02
   8.4394030e-03
   3.0669576e-02
   3.1641040e-02
   3.3556689e-02
   9.2933420e-03
   4.0910397e-02
   2.5165075e-02
   2.6773462e-02
   1.4288747e-02
   3.3870101e-02
   2.8228702e-02
   2.8017484e-02
   8.8118175e-03
   3.2134783e-02
   3.3828095e-02
   3.0908080e-02
   7.4551445e-03
   3.1134296e-02
   3.0148836e-02
   3.8292442e-02
   8.4313825e-03
   2.8419260e-02
   2.9544758e-02
   2.1859085e-02
   8.8566514e-03
   2.5023423e-02
   2.5876408e-02
   2.6298234e-02
   4.9392460e-03
   3.5738725e-02
   3.1635348e-02
   5.1138349e-02
   5.4538371e-03
   3.5327464e-02
   3.4918241e-02
   5.3781681e-02
   5.1679653e-03
   3.2908790e-02
   2.3232143e-02
   1.9829251e-02
   8.0457097e-03
   2.8510476e-02
   2.2769498e-02
   2.4792010e-02
   5.2362718e-03
   4.1565381e-02
   3.1895261e-02
   3.5068680e-02
   5.2058119e-03
   4.8129961e-02
   3.5395425e-02
   3.8844466e-02
   4.8442059e-03
   7.9389252e-02
   2.1021705e-02
   1.9639518e-02
   8.9754974e-03
   9.2699111e-02
   2.5146896e-02
   2.4384905e-02
   5.7984702e-03
   1.1650098e-01
   3.8291246e-02
   3.1320482e-02
   6.1357925e-03
   1.3112375e-01
   5.3333912e-02
   3.6477532e-02
   7.9173408e-03
   2.3203871e-01
   3.1445105e-02
   3.1451691e-02
   1.1031771e-02
   2.6185811e-01
   4.7302287e-02
   3.1843860e-02
   7.6923934e-03
   2.3374949e-01
   7.6132111e-02
   4.7945421e-02
   1.1208797e-02
   1.8327840e-01
   1.1594744e-01
   5.1580206e-02
   2.4217863e-02
   1.6770075e-01
   3.4382269e-02
   8.4835291e-02
   2.7988754e-02
   1.4833026e-01
   5.2501883e-02
   6.7284189e-02
   2.4858883e-02
   1.1858194e-01
   6.9949865e-02
   6.7996338e-02
   2.0230280e-02
   7.6247193e-02
   8.1536271e-02
   7.6579198e-02
   2.4352629e-02
   4.3761376e-02
   2.3498809e-02
   5.8953069e-02
   3.0316731e-02
   3.4445439e-02
   2.8661886e-02
   5.8454748e-02
   2.9513804e-02
   4.5253810e-02
   5.3128209e-02
   5.2395210e-02
   1.8081630e-02
   4.3603063e-02
   4.5189954e-02
   5.6431022e-02
   8.0553126e-03
   2.8522262e-02
   2.2385709e-02
   2.2639308e-02
   1.1772310e-02
   2.3969378e-02
   2.3146782e-02
   2.8726101e-02
   8.8486429e-03
   3.6233947e-02
   4.4989917e-02
   3.0248839e-02
   6.9622351e-03
   3.8099092e-02
   3.7725728e-02
   3.8209427e-02
   5.6874705e-03
   2.6858978e-02
   2.4616886e-02
   2.2570441e-02
   8.6326273e-03
   2.2330940e-02
   2.4756163e-02
   2.4825465e-02
   4.6718339e-03
   3.3991132e-02
   3.4612104e-02
   3.6553774e-02
   5.0154878e-03
   3.6307666e-02
   3.0089693e-02
   4.3513767e-02
   4.8758811e-03
   3.8475253e-02
   2.8925383e-02
   1.6742740e-02
   7.2265067e-03
   3.1607646e-02
   2.8278669e-02
   2.2234922e-02
   3.5595186e-03
   5.1341411e-02
   3.9330736e-02
   6.5584630e-02
   6.9529368e-03
   5.5042841e-02
   4.2761054e-02
   6.0395431e-02
   4.2973203e-03
   4.2647772e-02
   2.3894429e-02
   1.5045391e-02
   5.8715325e-03
   3.9289400e-02
   2.2337595e-02
   2.0043196e-02
   3.0350899e-03
   6.5437861e-02
   3.4593232e-02
   4.5998182e-02
   6.0168989e-03
   7.7471159e-02
   4.3873087e-02
   4.5214746e-02
   3.9921929e-03
   7.9107612e-02
   2.0966265e-02
   1.7145909e-02
   6.8671717e-03
   1.0768210e-01
   2.3928028e-02
   2.2694385e-02
   3.8832612e-03
   1.5116480e-01
   3.3639096e-02
   4.2339511e-02
   7.9755541e-03
   2.0227261e-01
   3.7678089e-02
   4.7032226e-02
   9.4624516e-03
   1.6859052e-01
   4.2980436e-02
   3.0394891e-02
   1.0703046e-02
   2.4368736e-01
   6.1140295e-02
   3.4068126e-02
   8.8541498e-03
   2.5307238e-01
   7.0436671e-02
   6.2663496e-02
   1.5975296e-02
   2.6953498e-01
   6.1677143e-02
   6.5573022e-02
   4.0292464e-02
   1.2441313e-01
   4.7248069e-02
   9.4902679e-02
   4.0179692e-02
   1.1742757e-01
   6.3914843e-02
   8.1607886e-02
   4.0793002e-02
   1.1203849e-01
   7.3746964e-02
   8.7520748e-02
   3.2879252e-02
   9.8374479e-02
   6.0789898e-02
   1.0301577e-01
   4.2101219e-02
   5.7632904e-02
   2.3876186e-02
   6.4300604e-02
   4.6394680e-02
   4.9046472e-02
   2.8246278e-02
   7.3760688e-02
   5.0660450e-02
   6.7593366e-02
   5.0317146e-02
   8.3409667e-02
   2.8686136e-02
   6.9691435e-02
   4.1973513e-02
   6.8180844e-02
   1.0220286e-02
   3.9651234e-02
   2.0814070e-02
   2.1086242e-02
   1.4188859e-02
   3.2706484e-02
   2.5802279e-02
   3.4223199e-02
   1.1738440e-02
   5.8297552e-02
   4.6356872e-02
   4.9689922e-02
   9.8457793e-03
   6.3602000e-02
   4.1080162e-02
   4.1015636e-02
   4.8268614e-03
   3.0112887e-02
   2.5485020e-02
   1.8307224e-02
   6.7156553e-03
   3.3320908e-02
   2.8442640e-02
   2.3443006e-02
   3.1005016e-03
   4.8954919e-02
   4.6538156e-02
   5.5044409e-02
   5.4998533e-03
   5.2356854e-02
   3.7161961e-02
   4.9207266e-02
   3.5923100e-03
   4.6827886e-02
   2.6232794e-02
   1.7623942e-02
   1.1980802e-02
   4.1092779e-02
   2.2855623e-02
   2.1567618e-02
   3.9039410e-03
   7.4145079e-02
   4.9677759e-02
   9.6691243e-02
   1.4206342e-02
   7.3151842e-02
   4.3916192e-02
   5.2448165e-02
   4.7828322e-03
   5.7128403e-02
   2.8332837e-02
   1.5639242e-02
   8.0325957e-03
   4.6667069e-02
   1.5856596e-02
   2.0896193e-02
   2.9885545e-03
   5.8762729e-02
   4.5290057e-02
   6.7191206e-02
   1.1630586e-02
   9.8994620e-02
   5.1244784e-02
   4.7814503e-02
   4.1972683e-03
   5.5447109e-02
   2.1285854e-02
   1.7235123e-02
   8.6081382e-03
   5.9217885e-02
   1.9871283e-02
   3.0753940e-02
   3.6907196e-03
   9.2810564e-02
   4.5003548e-02
   6.1646271e-02
   1.4924342e-02
   1.7158417e-01
   4.2197738e-02
   5.5843227e-02
   1.4988837e-02
   7.4669555e-02
   6.6355385e-02
   2.6199132e-02
   1.4106547e-02
   6.2141493e-02
   8.8911749e-02
   5.6824066e-02
   1.4292083e-02
   1.0606897e-01
   9.1032878e-02
   1.0299659e-01
   2.6686188e-02
   1.6657171e-01
   7.5499311e-02
   9.2988193e-02
   6.7656249e-02
   7.3770113e-02
   7.7097826e-02
   6.1729215e-02
   6.2397849e-02
   3.5144683e-02
   9.8930798e-02
   9.4803266e-02
   7.7633664e-02
   5.6086209e-02
   8.7539434e-02
   1.3229427e-01
   5.5436675e-02
   6.6731885e-02
   7.7866063e-02
   1.4410505e-01
   7.6311953e-02
   5.1970627e-02
   2.8170427e-02
   4.2880949e-02
   7.5052097e-02
   5.1454380e-02
   3.3853307e-02
   7.1289912e-02
   9.4087183e-02
   7.2068200e-02
   5.7876814e-02
   1.2281507e-01
   4.2892214e-02
   8.3408885e-02
   3.8753618e-02
   9.3860477e-02
   1.7855279e-02
   4.5272037e-02
   2.3212228e-02
   1.7957652e-02
   2.0452483e-02
   3.5301175e-02
   1.6836042e-02
   3.9537054e-02
   2.1056416e-02
   5.9717789e-02
   4.9434066e-02
   7.7894375e-02
   1.5381516e-02
   7.8569762e-02
   3.3665039e-02
   5.2879784e-02
   7.5779678e-03
   3.0970722e-02
   2.3947675e-02
   1.7234435e-02
   8.6177485e-03
   3.6651030e-02
   2.0221319e-02
   2.7878806e-02
   3.7561036e-03
   6.1836317e-02
   5.9946842e-02
   7.7937298e-02
   9.3172900e-03
   7.9204418e-02
   4.0454444e-02
   5.5892088e-02
   4.8393244e-03
