   7.8494646e-02
   7.7725053e-02
   1.2708926e-01
   3.9925024e-02
   7.5446777e-02
   9.5134676e-02
   7.1613066e-02
   1.2157231e-02
   8.6020596e-02
   1.4822517e-01
   7.4337237e-02
   1.1681644e-02
   3.5441831e-02
   6.8560511e-02
   3.8448934e-02
   1.2912953e-02
   4.8499167e-02
   3.8287874e-02
   5.4568365e-02
   2.2224551e-02
   5.9240915e-02
   4.6613712e-02
   3.2694723e-02
   9.5163723e-03
   4.6623606e-02
   7.0604980e-02
   3.9321776e-02
   1.0531963e-02
   3.0821342e-02
   4.5167744e-02
   2.3956398e-02
   1.2774907e-02
   3.6256619e-02
   1.9387262e-02
   1.2085355e-02
   1.1293000e-02
   3.0954270e-02
   1.4921366e-02
   1.2195704e-02
   8.8952854e-03
   3.7411515e-02
   2.7838577e-02
   1.8248100e-02
   9.4359778e-03
   3.0861814e-02
   3.2628860e-02
   1.8480515e-02
   1.3160706e-02
   2.7489793e-02
   2.1776857e-02
   1.1528460e-02
   1.3964486e-02
   2.4379186e-02
   1.5502729e-02
   1.4724299e-02
   1.7568115e-02
   4.2931203e-02
   3.1557400e-02
   2.0852434e-02
   1.5434823e-02
   3.4513071e-02
   4.2243883e-02
   3.3877697e-02
   1.8743725e-02
   1.4168937e-02
   1.3800284e-02
   1.4916751e-02
   2.0955207e-02
   2.6405528e-02
   1.3098846e-02
   2.1263143e-02
   3.8688648e-02
   5.5800725e-02
   3.6973517e-02
   3.5408571e-02
   3.1189334e-02
   4.3385312e-02
   6.9770277e-02
   5.0136343e-02
   3.2305922e-02
   1.2499113e-02
   1.0750146e-02
   1.5483375e-02
   2.3460887e-02
   2.3255015e-02
   1.1692056e-02
   1.8433146e-02
   2.2610931e-02
   4.4198859e-02
   3.5355352e-02
   1.8946208e-02
   1.8514704e-02
   6.3712582e-02
   1.2015960e-01
   2.5170239e-02
   1.9948261e-02
   1.3229844e-02
   9.2274295e-03
   1.3579442e-02
   3.5781074e-02
   2.1643899e-02
   1.2100352e-02
   1.6503343e-02
   1.3023858e-02
   4.8492856e-02
   4.3432269e-02
   1.3758923e-02
   1.0395562e-02
   1.0055053e-01
   9.1410674e-02
   1.5603785e-02
   1.2560901e-02
   3.3659339e-02
   3.1604730e-02
   5.1544391e-02
   2.8409941e-02
   3.6769163e-02
   3.9270781e-02
   3.3519279e-02
   1.2004848e-02
   8.4848441e-02
   8.5419200e-02
   3.2833584e-02
   1.0160083e-02
   6.4794153e-02
   5.5684224e-02
   2.2142502e-02
   1.2795581e-02
   1.1200655e-01
   1.0073569e-01
   1.6835755e-01
   5.0432455e-02
   1.1009271e-01
   1.2424642e-01
   9.4236895e-02
   1.2721103e-02
   1.3122606e-01
   2.8410470e-01
   1.6455704e-01
   1.0874017e-02
   4.6268255e-02
   7.9199210e-02
   4.5911927e-02
   8.7697590e-03
   6.7512020e-02
   5.1736966e-02
   7.4283347e-02
   2.8251912e-02
   7.8950457e-02
   5.9206288e-02
   4.4825155e-02
   9.1586644e-03
   5.8868345e-02
   1.3195428e-01
   8.3312593e-02
   8.1620775e-03
   3.4040876e-02
   5.2836474e-02
   2.7518537e-02
   8.1968419e-03
   5.3912405e-02
   3.2317195e-02
   1.5730480e-02
   1.2047701e-02
   3.6321886e-02
   1.9684341e-02
   1.8297484e-02
   7.4527222e-03
   4.4344414e-02
   3.7257861e-02
   2.5432214e-02
   7.0024389e-03
   3.3954632e-02
   4.0314909e-02
   2.3432262e-02
   9.3214307e-03
   4.2992756e-02
   3.4844495e-02
   1.2821735e-02
   1.5769985e-02
   3.0514788e-02
   2.1479564e-02
   2.2668313e-02
   1.9614486e-02
   5.3965587e-02
   4.3331679e-02
   2.5870495e-02
   1.8112909e-02
   4.1532982e-02
   5.0806608e-02
   4.2978834e-02
   2.0215012e-02
   1.8201424e-02
   1.9135322e-02
   1.8470557e-02
   2.3204742e-02
   3.2047089e-02
   1.7273540e-02
   3.2681335e-02
   4.5680650e-02
   7.0356563e-02
   4.0962238e-02
   5.4369252e-02
   4.0960427e-02
   5.1337298e-02
   7.6605909e-02
   5.9371732e-02
   4.0440161e-02
   1.3201425e-02
   1.2685661e-02
   2.0705359e-02
   2.5656901e-02
   2.8511267e-02
   1.5868181e-02
   2.9882761e-02
   2.6770325e-02
   6.0262356e-02
   4.8655000e-02
   2.4167584e-02
   2.1426307e-02
   9.7773634e-02
   1.0073222e-01
   2.8923575e-02
   2.0687995e-02
   1.5041442e-02
   1.0557063e-02
   1.7808387e-02
   4.2130373e-02
   2.4258344e-02
   1.7709011e-02
   2.5852127e-02
   1.3970623e-02
   7.5691693e-02
   6.9491282e-02
   1.4972315e-02
   7.5271060e-03
   1.6372667e-01
   9.6451238e-02
   1.7774301e-02
   7.9330290e-03
   4.4559289e-02
   4.1275181e-02
   6.8838663e-02
   3.6430877e-02
   4.5999624e-02
   5.0358947e-02
   4.4757981e-02
   1.1431268e-02
   1.3326867e-01
   1.5310317e-01
   5.9416968e-02
   7.1851150e-03
   1.0313785e-01
   6.8460539e-02
   2.5269188e-02
   8.1215510e-03
   1.5042862e-01
   1.4462078e-01
   2.0437080e-01
   9.1780074e-02
   1.6704962e-01
   1.6794394e-01
   1.3257091e-01
   1.8760592e-02
   1.8822701e-01
   1.7143810e-01
   8.6099230e-02
   6.9283070e-03
   8.3099812e-02
   7.3196396e-02
   4.1147545e-02
   6.1674109e-03
   8.8813558e-02
   7.6183110e-02
   8.7647177e-02
   4.9521074e-02
   1.0424006e-01
   7.5102612e-02
   6.4382136e-02
   1.1965364e-02
   9.5203787e-02
   8.3935201e-02
   4.1421883e-02
   5.3841490e-03
   6.1442941e-02
   5.7001177e-02
   2.7470225e-02
   6.7858575e-03
   6.1758716e-02
   4.2931344e-02
   2.2423815e-02
   1.5892180e-02
   5.2031238e-02
   2.3203213e-02
   2.6992457e-02
   8.1034275e-03
   6.6980124e-02
   4.3804344e-02
   1.1374971e-02
   5.8318321e-03
   5.9131157e-02
   5.2024506e-02
   2.8765250e-02
   8.3895465e-03
   5.6722146e-02
   4.5809586e-02
   1.8382492e-02
   1.6361253e-02
   4.5124128e-02
   2.7990066e-02
   3.0942891e-02
   2.4308911e-02
   7.6765455e-02
   4.6218667e-02
   3.4944415e-02
   2.4931723e-02
   7.1547583e-02
   5.4210626e-02
   6.3560925e-02
   2.6806872e-02
   2.9348087e-02
   2.2559626e-02
   2.8123483e-02
   2.8746277e-02
   4.0264517e-02
   2.2080820e-02
   4.6193972e-02
   5.7966322e-02
   8.3823763e-02
   5.3639729e-02
   7.7069588e-02
   6.0397662e-02
   7.6555818e-02
   9.4310611e-02
   9.2175201e-02
   5.9817735e-02
   2.0910600e-02
   1.7872276e-02
   3.0044291e-02
   4.0129889e-02
   4.0570017e-02
   1.7630028e-02
   4.4154882e-02
   3.2347642e-02
   8.6094685e-02
   3.7356585e-02
   3.3255965e-02
   2.7218278e-02
   1.3238607e-01
   5.7945270e-02
   3.7814107e-02
   2.6191436e-02
   2.3171354e-02
   1.7073108e-02
   2.5159167e-02
   7.6534808e-02
   3.4897599e-02
   1.7296813e-02
   4.1969594e-02
   1.8755712e-02
   1.1994191e-01
   5.8626544e-02
   8.8941269e-03
   6.0078516e-03
   2.5641939e-01
   4.4926167e-02
   1.7812198e-02
   6.1193695e-03
   6.1125845e-02
   6.1406631e-02
   8.2825787e-02
   6.7459218e-02
   6.9390386e-02
   5.8895428e-02
   6.3578784e-02
   1.5063484e-02
   2.0586911e-01
   1.1186641e-01
   3.1705506e-02
   4.5242682e-03
   1.7317322e-01
   5.2910335e-02
   2.3893654e-02
   6.3224821e-03
   2.1345390e-01
   2.2144322e-01
   2.7982962e-01
   1.5009980e-01
   2.3581439e-01
   1.8171658e-01
   1.5707584e-01
   2.9063251e-02
   1.7245586e-01
   4.7297560e-02
   1.2157751e-02
   5.7703666e-03
   1.0306080e-01
   4.7087725e-02
   3.5947539e-02
   5.3495052e-03
   1.1919534e-01
   1.1587120e-01
   1.1099193e-01
   8.3502308e-02
   1.1985075e-01
   7.7124104e-02
   7.9047941e-02
   1.8422199e-02
   1.0453904e-01
   2.6981805e-02
   1.1751450e-02
   4.7135162e-03
   8.9215495e-02
   4.9690180e-02
   2.9537804e-02
   6.5368130e-03
   7.0117712e-02
   7.0538841e-02
   2.4336459e-02
   2.6336139e-02
   6.9691189e-02
   2.8853979e-02
   3.4686089e-02
   9.2423698e-03
   8.8159345e-02
   2.4228426e-02
   1.4839780e-02
   7.0659742e-03
   7.9265438e-02
   4.3556657e-02
   4.1796632e-02
   8.4897093e-03
   6.4204365e-02
   7.6422334e-02
   2.3687400e-02
   2.3078613e-02
   5.9715129e-02
   3.7401255e-02
   3.8054176e-02
   3.0718625e-02
   8.1922986e-02
   3.1007430e-02
   5.2162044e-02
   3.5890851e-02
   6.4811185e-02
   5.6165390e-02
   8.9156806e-02
   3.9873783e-02
   4.9494509e-02
   3.2215044e-02
   4.4079203e-02
   3.9822713e-02
   4.7464766e-02
   2.3549769e-02
   5.5683918e-02
   6.6316798e-02
   9.6627727e-02
   5.4195918e-02
   1.0332371e-01
   8.9637302e-02
   9.4780207e-02
   1.0138965e-01
   1.1628176e-01
   9.4181709e-02
   3.1408716e-02
   3.1235592e-02
   4.3516193e-02
   6.2301032e-02
   4.9912166e-02
   1.9251553e-02
   5.6600213e-02
   3.6722220e-02
   7.2524577e-02
   2.5152223e-02
   4.6445087e-02
   3.7996642e-02
   7.6778919e-02
   5.8286037e-02
   4.5231514e-02
   3.7372530e-02
   3.4667339e-02
   2.9648233e-02
   2.9871566e-02
   1.3544859e-01
   4.2424560e-02
   1.4402202e-02
   5.8593348e-02
   2.8562339e-02
   9.8844633e-02
   2.7745957e-02
   1.1046025e-02
   6.3891956e-03
   1.4265764e-01
   3.3488397e-02
   2.0260198e-02
   5.7025957e-03
   8.8465787e-02
   8.0393322e-02
   1.1384307e-01
   1.1676614e-01
   9.2292957e-02
   6.5905847e-02
   7.8646764e-02
   2.0539254e-02
   1.8256918e-01
   4.9685922e-02
   1.1548450e-02
   4.4365367e-03
   1.3592063e-01
   3.4451287e-02
   2.4374990e-02
   6.2017483e-03
