   4.6529669e-02
   6.7555502e-02
   6.5761000e-02
   2.6166394e-02
   4.6644222e-02
   7.0803717e-02
   6.9526434e-02
   2.4575122e-02
   5.1678669e-02
   6.7037672e-02
   5.6457423e-02
   2.5235338e-02
   4.0390126e-02
   4.7274325e-02
   4.5342185e-02
   2.6080633e-02
   3.5198599e-02
   3.1701449e-02
   3.4471184e-02
   2.1627432e-02
   3.3394270e-02
   3.4517776e-02
   3.6602203e-02
   2.3559630e-02
   3.3687361e-02
   3.3670221e-02
   3.4275565e-02
   2.4108989e-02
   3.0415449e-02
   2.5797691e-02
   3.0272452e-02
   2.5852632e-02
   3.1091468e-02
   1.4428359e-02
   2.1699972e-02
   1.9485371e-02
   2.5967455e-02
   1.3648071e-02
   1.9283582e-02
   2.4104655e-02
   2.4058543e-02
   1.3812917e-02
   1.8902423e-02
   2.6188195e-02
   2.4549209e-02
   1.2356389e-02
   1.9506410e-02
   3.0765466e-02
   5.9744313e-02
   2.8779197e-02
   4.0976390e-02
   2.1580771e-02
   5.7866871e-02
   2.6463669e-02
   3.0247314e-02
   2.5124410e-02
   5.3364422e-02
   2.4284814e-02
   3.0245520e-02
   3.1709377e-02
   5.3582631e-02
   2.6834873e-02
   3.3332676e-02
   3.5777126e-02
   1.2579688e-01
   5.7739113e-02
   8.0310665e-02
   2.5315320e-02
   1.3257089e-01
   5.3435586e-02
   5.5818439e-02
   2.9033953e-02
   1.2199787e-01
   4.8117865e-02
   5.2422173e-02
   3.7831854e-02
   1.2400647e-01
   5.6847967e-02
   6.0915031e-02
   3.1896539e-02
   6.0166612e-02
   2.9730428e-02
   4.3337081e-02
   2.6701028e-02
   6.2694527e-02
   2.6249571e-02
   3.2944981e-02
   2.7724918e-02
   5.8385380e-02
   2.7172791e-02
   2.9800767e-02
   3.2487813e-02
   5.9787471e-02
   2.8490273e-02
   3.3018168e-02
   2.9353326e-02
   2.8214905e-02
   1.3985058e-02
   2.0987181e-02
   3.7783090e-02
   2.5485022e-02
   1.3419908e-02
   2.0641232e-02
   2.5735294e-02
   2.4629079e-02
   1.4437959e-02
   1.7676869e-02
   2.5683409e-02
   2.5080349e-02
   1.2547050e-02
   1.7599894e-02
   2.5836065e-02
   3.4889404e-02
   3.1292025e-02
   3.4138083e-02
   2.6612777e-02
   3.2414559e-02
   3.2287024e-02
   3.5780177e-02
   2.4392098e-02
   3.2360155e-02
   3.1967629e-02
   3.0129356e-02
   2.4337482e-02
   2.9154351e-02
   2.3457851e-02
   2.5477517e-02
   2.4868686e-02
   5.1813070e-02
   9.1638118e-02
   8.4015012e-02
   2.7028479e-02
   6.2741771e-02
   1.1104687e-01
   8.7910309e-02
   1.5246727e-02
   7.1400210e-02
   1.1350331e-01
   8.5972644e-02
   1.4728436e-02
   4.2124499e-02
   6.6641219e-02
   6.0017522e-02
   1.5301158e-02
   3.5552263e-02
   4.0720440e-02
   4.0822756e-02
   1.7670110e-02
   3.6156997e-02
   5.4460969e-02
   4.4729188e-02
   1.4502449e-02
   4.0304560e-02
   5.5567704e-02
   4.8437271e-02
   1.5668344e-02
   2.9190306e-02
   3.5291944e-02
   3.5440613e-02
   1.6253041e-02
   3.0602265e-02
   1.7398247e-02
   2.3284711e-02
   1.3787998e-02
   2.2407843e-02
   1.7986499e-02
   2.1704294e-02
   1.5262003e-02
   2.3077024e-02
   2.0491594e-02
   2.1216091e-02
   1.8330969e-02
   2.1880167e-02
   1.5325587e-02
   2.0364266e-02
   2.4853224e-02
   8.5260801e-02
   4.3026425e-02
   6.0582403e-02
   1.5706670e-02
   8.1220634e-02
   3.7566327e-02
   3.9716695e-02
   1.6179169e-02
   7.6263569e-02
   3.4846369e-02
   4.0815059e-02
   2.0793879e-02
   7.7854052e-02
   3.7158102e-02
   5.0412618e-02
   2.9607715e-02
   1.9646567e-01
   9.3580447e-02
   1.3056462e-01
   1.9443445e-02
   2.0875101e-01
   8.0840476e-02
   7.8182705e-02
   1.9353164e-02
   2.0046815e-01
   7.4237660e-02
   7.7904940e-02
   2.7871208e-02
   1.9925061e-01
   8.3538041e-02
   1.0392996e-01
   2.2858573e-02
   8.7618172e-02
   4.5217983e-02
   6.2175922e-02
   2.2711122e-02
   8.9226089e-02
   3.7516322e-02
   4.2629246e-02
   1.6312251e-02
   8.9864805e-02
   4.0758651e-02
   3.9478246e-02
   2.3010438e-02
   8.9907914e-02
   4.0968943e-02
   5.0860137e-02
   1.8237896e-02
   2.7282611e-02
   1.7185746e-02
   2.2816144e-02
   3.6582854e-02
   2.2597151e-02
   1.8198365e-02
   2.3290927e-02
   1.5866185e-02
   2.6650678e-02
   2.1321910e-02
   2.0470006e-02
   1.7342454e-02
   2.5683451e-02
   1.4700476e-02
   1.8929183e-02
   1.5769523e-02
   3.3727493e-02
   3.9305836e-02
   4.0179167e-02
   2.5529580e-02
   3.2971222e-02
   4.8697364e-02
   4.3591209e-02
   1.3404309e-02
   3.6321718e-02
   5.1380452e-02
   3.9619837e-02
   1.4556063e-02
   2.8264860e-02
   2.9645493e-02
   3.0508982e-02
   1.4120080e-02
   8.4925897e-02
   1.4421496e-01
   1.2821479e-01
   4.2228941e-02
   8.8656023e-02
   1.6057487e-01
   1.5806870e-01
   1.1668643e-02
   1.0150018e-01
   1.5946229e-01
   1.3273200e-01
   1.1836465e-02
   6.6011898e-02
   9.9540889e-02
   9.4690256e-02
   1.1353359e-02
   5.5585835e-02
   6.3359782e-02
   5.4977626e-02
   2.3217326e-02
   4.9494207e-02
   7.8480586e-02
   7.6346241e-02
   1.1123816e-02
   5.4982420e-02
   7.5767338e-02
   7.2097421e-02
   1.2551361e-02
   4.6101429e-02
   5.3034145e-02
   5.4866701e-02
   1.1413243e-02
   4.2950273e-02
   2.4642127e-02
   2.6920732e-02
   1.2470737e-02
   2.7657980e-02
   2.3253823e-02
   3.2517012e-02
   1.1490927e-02
   2.9706199e-02
   2.9599311e-02
   2.7471704e-02
   1.2160951e-02
   3.0355057e-02
   2.3597088e-02
   2.8625447e-02
   2.1392498e-02
   1.1482754e-01
   5.7816390e-02
   7.4749030e-02
   1.3811741e-02
   1.0516609e-01
   6.5350503e-02
   5.8704089e-02
   1.1690877e-02
   9.5897265e-02
   6.1709587e-02
   5.5293299e-02
   1.4504464e-02
   9.8804012e-02
   6.1865184e-02
   7.4295275e-02
   2.8039690e-02
   2.4872647e-01
   1.3315995e-01
   1.7724253e-01
   2.4329115e-02
   2.7520829e-01
   1.5614884e-01
   1.2723866e-01
   1.5750775e-02
   2.6364306e-01
   1.3964686e-01
   1.2931086e-01
   1.7652377e-02
   2.5451356e-01
   1.4289543e-01
   1.5708852e-01
   2.0951070e-02
   1.1116526e-01
   6.0726203e-02
   8.0267377e-02
   3.0882969e-02
   1.1380488e-01
   6.5741226e-02
   6.3069239e-02
   1.1859497e-02
   1.1577291e-01
   7.1824007e-02
   6.2435295e-02
   1.4655961e-02
   1.1580485e-01
   6.6302091e-02
   7.3077984e-02
   1.3704669e-02
   3.9884858e-02
   2.5287697e-02
   2.5537327e-02
   5.3760562e-02
   2.8243300e-02
   2.7164144e-02
   3.3982888e-02
   1.2120348e-02
   3.1642679e-02
   2.8565465e-02
   2.9901918e-02
   1.1149094e-02
   3.3947438e-02
   1.9706858e-02
   2.7722314e-02
   1.1812641e-02
   4.9821090e-02
   5.7958920e-02
   5.4688528e-02
   3.8769428e-02
   4.3300033e-02
   6.7320570e-02
   7.3683374e-02
   9.8292157e-03
   5.0126087e-02
   7.0618577e-02
   5.7813231e-02
   9.6358415e-03
   4.2039298e-02
   4.4370372e-02
   4.4366207e-02
   1.1380773e-02
   1.0479906e-01
   1.9741237e-01
   1.8569997e-01
   6.9482610e-02
   9.9403888e-02
   2.0718391e-01
   2.6608655e-01
   1.7543737e-02
   1.0591502e-01
   2.2030827e-01
   2.5248468e-01
   1.4231661e-02
   9.8195456e-02
   1.6512892e-01
   1.9314639e-01
   1.4213949e-02
   6.9418550e-02
   9.1109484e-02
   7.4526899e-02
   3.5324000e-02
   5.8685832e-02
   9.5351487e-02
   1.2868148e-01
   1.2324315e-02
   6.4060539e-02
   9.4613940e-02
   1.3475138e-01
   1.2688337e-02
   7.3513441e-02
   8.1459202e-02
   1.0448906e-01
   1.5634218e-02
   6.0955189e-02
   3.4682363e-02
   3.3345494e-02
   1.8671919e-02
   3.2087781e-02
   2.9196510e-02
   4.4364493e-02
   1.2926743e-02
   2.9346269e-02
   2.6529007e-02
   3.6747728e-02
   1.0410626e-02
   3.9512284e-02
   3.0917227e-02
   3.6822803e-02
   2.3998369e-02
   7.8467570e-02
   6.6275097e-02
   7.2905175e-02
   2.4156040e-02
   7.4904993e-02
   7.4163944e-02
   6.3848794e-02
   1.6195225e-02
   7.5515941e-02
   7.1212366e-02
   6.0348339e-02
   1.5257880e-02
   8.4686428e-02
   7.7341557e-02
   7.6959901e-02
   3.2380596e-02
   1.6199386e-01
   1.5244505e-01
   1.7064779e-01
   4.8224062e-02
   1.8474723e-01
   1.8768263e-01
   1.4222459e-01
   2.6319779e-02
   1.9935648e-01
   1.8602289e-01
   1.4172420e-01
   2.8633595e-02
   1.9977747e-01
   1.7321093e-01
   1.6764417e-01
   3.2340366e-02
   7.9317331e-02
   5.9688099e-02
   7.8347795e-02
   5.2582819e-02
   8.2586877e-02
   8.2327478e-02
   6.7055307e-02
   1.5630933e-02
   8.6662829e-02
   7.8151390e-02
   6.3626617e-02
   1.4726803e-02
   9.4833486e-02
   7.7717200e-02
   7.6108783e-02
   1.9469874e-02
   5.7801120e-02
   3.2056727e-02
   3.8289621e-02
   8.8810660e-02
   3.5057008e-02
   3.7805971e-02
   4.1331317e-02
   1.2206885e-02
   2.8354594e-02
   2.8777163e-02
   3.7819214e-02
   1.0512413e-02
   4.2722639e-02
   2.6131352e-02
   3.7987914e-02
   1.1866451e-02
   7.1977340e-02
   7.3310718e-02
   7.7026300e-02
   6.2936932e-02
   5.0681472e-02
   8.1175081e-02
   1.1970273e-01
   1.1225427e-02
   5.5349879e-02
   8.2788140e-02
   1.1100285e-01
   1.3153187e-02
   6.2889263e-02
   7.0555277e-02
   8.0505155e-02
   1.5728230e-02
