   2.6866125e-02
   3.7969440e-02
   5.7700645e-02
   1.3480819e-02
   2.5653321e-02
   1.2321299e-02
   4.0132966e-02
   1.1845719e-02
   2.4270583e-02
   9.2074331e-03
   3.5611469e-02
   1.2149337e-02
   2.0812824e-02
   7.1790288e-03
   3.0534649e-02
   1.2305454e-02
   2.5929689e-02
   3.6446426e-02
   5.3191606e-02
   1.2633338e-02
   2.5295654e-02
   1.0745222e-02
   3.8647190e-02
   1.1096150e-02
   2.1571821e-02
   6.7988196e-03
   3.3350240e-02
   1.2273806e-02
   2.0097990e-02
   6.7103156e-03
   2.8597381e-02
   1.2937445e-02
   2.7582934e-02
   3.4578830e-02
   4.8451100e-02
   1.2684979e-02
   2.6866257e-02
   1.1483744e-02
   3.5981413e-02
   1.0215321e-02
   2.0799316e-02
   5.5503407e-03
   3.3049684e-02
   1.1102497e-02
   2.0308532e-02
   6.5435073e-03
   2.9667912e-02
   1.3742892e-02
   8.0439463e-02
   4.1849039e-02
   5.2897807e-02
   1.3050963e-02
   8.0679730e-02
   1.6482800e-02
   3.7099656e-02
   1.0733898e-02
   6.6300429e-02
   8.1160963e-03
   3.7228465e-02
   1.1567024e-02
   6.2450230e-02
   7.7323248e-03
   3.5739988e-02
   1.4323464e-02
   1.8936607e-01
   5.3466283e-02
   7.9662010e-02
   1.5774406e-02
   1.8349144e-01
   2.7881270e-02
   4.3877222e-02
   1.2709901e-02
   1.5768319e-01
   1.2999446e-02
   4.2048417e-02
   1.3605385e-02
   1.5280740e-01
   8.8270167e-03
   4.0353265e-02
   1.5430842e-02
   8.0850229e-02
   4.2351808e-02
   6.6887230e-02
   1.4194231e-02
   8.1100442e-02
   2.1126393e-02
   4.2377777e-02
   1.1609595e-02
   6.9261447e-02
   9.5711071e-03
   3.4366705e-02
   1.1857135e-02
   6.6585451e-02
   7.4367626e-03
   3.1628173e-02
   1.2549311e-02
   2.8274151e-02
   3.4594372e-02
   4.9982350e-02
   1.4371734e-02
   2.7008638e-02
   1.2320943e-02
   3.7504949e-02
   1.1724080e-02
   2.1202940e-02
   5.8527905e-03
   3.4455694e-02
   1.1216289e-02
   2.1191364e-02
   6.3410606e-03
   2.7217312e-02
   1.2496606e-02
   2.7418613e-02
   3.2899648e-02
   5.5198058e-02
   1.4030594e-02
   2.5943929e-02
   1.1404787e-02
   3.7294019e-02
   1.2061366e-02
   2.1707470e-02
   6.8824054e-03
   3.3572510e-02
   1.1239705e-02
   2.1118809e-02
   6.4361552e-03
   2.8735666e-02
   1.2901487e-02
   2.2861933e-02
   3.5340872e-02
   4.6203744e-02
   9.7801406e-03
   2.3153197e-02
   1.1815426e-02
   3.4652703e-02
   8.1592817e-03
   2.5397127e-02
   1.2162331e-02
   4.2222701e-02
   9.4974879e-03
   1.6842751e-02
   7.4582761e-03
   3.3172376e-02
   8.1401942e-03
   2.2035195e-02
   3.3579566e-02
   4.4330020e-02
   8.0918390e-03
   2.5154293e-02
   1.0776921e-02
   3.2120433e-02
   6.8834783e-03
   2.3462521e-02
   7.9747206e-03
   3.5758961e-02
   8.6403014e-03
   1.7087642e-02
   5.4625086e-03
   2.7619474e-02
   8.9293849e-03
   2.6009554e-02
   3.4920543e-02
   4.4368535e-02
   8.1995009e-03
   2.7897295e-02
   1.0964868e-02
   3.1732421e-02
   6.8810973e-03
   2.5600791e-02
   6.1101909e-03
   3.4407452e-02
   7.9563018e-03
   1.9636717e-02
   5.3314934e-03
   2.8773339e-02
   9.8701017e-03
   1.0921177e-01
   4.1659035e-02
   5.2950237e-02
   9.1522634e-03
   1.1141180e-01
   1.6179034e-02
   3.4096945e-02
   8.2585206e-03
   1.0085023e-01
   9.8126344e-03
   4.3441620e-02
   9.4983708e-03
   9.4305977e-02
   6.8463292e-03
   4.1471753e-02
   1.1598346e-02
   2.6275715e-01
   6.0843863e-02
   9.2769474e-02
   1.4166948e-02
   2.5259310e-01
   3.3922631e-02
   4.6494763e-02
   1.0048027e-02
   2.3422579e-01
   1.7479775e-02
   5.5205397e-02
   1.2311053e-02
   2.3006706e-01
   8.1667798e-03
   4.9263950e-02
   1.3530117e-02
   1.1259029e-01
   4.3918341e-02
   7.7958472e-02
   1.1274379e-02
   1.1443608e-01
   2.6714459e-02
   5.0267402e-02
   8.5817007e-03
   1.0302611e-01
   1.2541270e-02
   3.7625339e-02
   9.6056638e-03
   1.0197667e-01
   6.4561660e-03
   3.5402756e-02
   8.7975310e-03
   2.6179405e-02
   3.4031283e-02
   4.8739206e-02
   1.0260702e-02
   2.8463250e-02
   1.2859173e-02
   3.9190151e-02
   7.9669822e-03
   2.6688814e-02
   6.7957463e-03
   3.5002504e-02
   8.0945790e-03
   2.0867096e-02
   5.3541865e-03
   2.7890494e-02
   7.8926841e-03
   2.2858119e-02
   3.2843988e-02
   4.6744183e-02
   1.0117173e-02
   2.5063295e-02
   1.0843553e-02
   3.1359579e-02
   8.4225545e-03
   2.3403041e-02
   8.1099290e-03
   3.6725249e-02
   7.9337610e-03
   1.6302759e-02
   6.0096970e-03
   2.8705494e-02
   7.4752718e-03
   2.4516813e-02
   4.5499902e-02
   4.8020117e-02
   1.1194091e-02
   2.2545280e-02
   1.6089661e-02
   4.0606488e-02
   1.0026816e-02
   3.6668614e-02
   1.6609501e-02
   5.2124895e-02
   8.7390533e-03
   2.1032881e-02
   8.4376698e-03
   4.9943704e-02
   9.4519835e-03
   2.4957599e-02
   4.2370077e-02
   4.4243153e-02
   8.9875413e-03
   3.4387309e-02
   1.5144625e-02
   4.2527519e-02
   7.4263765e-03
   3.5691675e-02
   1.0908060e-02
   4.6121892e-02
   7.6663750e-03
   2.0587211e-02
   6.3456283e-03
   4.0991176e-02
   9.9068107e-03
   3.1433318e-02
   3.9501183e-02
   4.0099792e-02
   7.3809801e-03
   3.2536596e-02
   1.3260709e-02
   4.0821146e-02
   6.4444910e-03
   4.1448284e-02
   8.1273699e-03
   4.9002405e-02
   7.2418856e-03
   2.6176183e-02
   5.6560035e-03
   3.6095556e-02
   1.0378432e-02
   9.2790730e-02
   4.6364065e-02
   5.6113973e-02
   9.8575810e-03
   1.0094297e-01
   2.1382002e-02
   4.6977762e-02
   8.0428282e-03
   1.0335209e-01
   1.4000168e-02
   5.5845235e-02
   1.0806977e-02
   9.6529774e-02
   7.9195639e-03
   5.3014908e-02
   1.1975992e-02
   2.1485758e-01
   6.8569288e-02
   1.1132037e-01
   1.7003119e-02
   2.1134730e-01
   5.1852208e-02
   5.9687201e-02
   1.2110946e-02
   2.1987902e-01
   2.4861850e-02
   7.8854471e-02
   1.6084000e-02
   2.2982202e-01
   9.5572714e-03
   6.3829750e-02
   1.5132443e-02
   9.7596884e-02
   4.8082188e-02
   9.4836071e-02
   1.1968080e-02
   1.0149100e-01
   4.1326478e-02
   6.4238988e-02
   8.4699029e-03
   1.0462800e-01
   1.8126106e-02
   5.2245930e-02
   9.8021924e-03
   1.0243226e-01
   6.8862531e-03
   4.7705315e-02
   8.5015502e-03
   3.1754158e-02
   3.5081726e-02
   4.8119273e-02
   1.1282983e-02
   3.8309015e-02
   1.8405179e-02
   5.3913143e-02
   8.1768129e-03
   3.9144173e-02
   1.0096380e-02
   4.6892386e-02
   7.7558644e-03
   2.9134452e-02
   6.5032733e-03
   4.1405410e-02
   6.4582909e-03
   2.9169941e-02
   3.7496436e-02
   4.6235945e-02
   9.9291913e-03
   3.1326134e-02
   1.3370019e-02
   3.8064256e-02
   1.0240844e-02
   3.4764972e-02
   1.1042056e-02
   4.6164878e-02
   7.5708614e-03
   1.8640846e-02
   7.0336666e-03
   4.4383671e-02
   7.1226805e-03
   2.8216699e-02
   5.3299401e-02
   5.6842752e-02
   1.3749202e-02
   2.1959469e-02
   2.9057529e-02
   6.5564610e-02
   1.3889729e-02
   5.0653014e-02
   2.3062227e-02
   7.4007750e-02
   1.5052307e-02
   1.9676892e-02
   1.2230388e-02
   6.4844579e-02
   1.6655285e-02
   3.0710742e-02
   5.8889084e-02
   5.1865883e-02
   1.0747114e-02
   4.7606513e-02
   2.7530899e-02
   6.8973988e-02
   1.0190144e-02
   3.5979383e-02
   1.8704440e-02
   6.7269549e-02
   1.2417863e-02
   2.5423411e-02
   1.0829909e-02
   6.1973851e-02
   1.5898295e-02
   3.7278391e-02
   4.7587529e-02
   4.3016408e-02
   8.0319420e-03
   3.8411230e-02
   2.6949568e-02
   6.2973529e-02
   1.0040035e-02
   4.5763124e-02
   1.3648823e-02
   6.1854694e-02
   1.0063364e-02
   3.1010974e-02
   7.3218346e-03
   5.2996319e-02
   1.6786451e-02
   5.7339441e-02
   5.8232021e-02
   5.8110543e-02
   1.2782837e-02
   4.5596391e-02
   3.7372634e-02
   6.2383842e-02
   1.2335956e-02
   7.7882528e-02
   2.0541541e-02
   7.6986223e-02
   1.9434934e-02
   6.0935203e-02
   1.0919227e-02
   6.6789992e-02
   1.9185118e-02
   9.7817428e-02
   9.2861548e-02
   1.1028511e-01
   3.1558558e-02
   9.3820356e-02
   8.7540261e-02
   7.6689489e-02
   2.1683302e-02
   1.1269324e-01
   3.6487237e-02
   1.1522698e-01
   2.9787909e-02
   1.2505370e-01
   1.3761962e-02
   7.9906963e-02
   2.8399747e-02
   6.1308581e-02
   5.1437709e-02
   8.0120571e-02
   2.0251729e-02
   5.4280993e-02
   6.4705983e-02
   6.9830388e-02
   1.4033547e-02
   6.6659465e-02
   2.6394146e-02
   7.7766433e-02
   1.3566611e-02
   5.5692572e-02
   9.4073657e-03
   5.5127133e-02
   1.4676655e-02
   3.8013905e-02
   3.4903497e-02
   6.6711359e-02
   1.5291939e-02
   3.2970626e-02
   3.2054532e-02
   7.7862874e-02
   1.4212462e-02
   3.0509790e-02
   1.2983429e-02
   6.2808208e-02
   1.0269168e-02
   3.2511223e-02
   9.4483579e-03
   6.9277830e-02
   1.0111707e-02
   3.9749298e-02
   3.9828792e-02
   5.2021142e-02
   1.1995521e-02
   2.6843783e-02
   2.4453640e-02
   5.8829486e-02
   1.5180750e-02
   5.6422349e-02
   1.9467730e-02
   7.3491558e-02
   1.0485168e-02
   1.9546360e-02
   1.2742729e-02
   6.7451805e-02
   1.0670095e-02
