   2.1649444e-02
   6.7890584e-02
   6.0934771e-02
   2.5174955e-02
   3.2970682e-02
   4.5558516e-02
   8.1393853e-02
   5.0876971e-02
   2.6173731e-02
   3.6132559e-02
   3.5086621e-02
   3.2370515e-02
   3.3819236e-02
   9.1668740e-02
   8.1983797e-02
   4.2105619e-02
   2.0710353e-02
   6.4399377e-02
   6.0339704e-02
   2.3375060e-02
   2.4933400e-02
   5.3167298e-02
   8.1425600e-02
   5.1853415e-02
   2.5594385e-02
   2.7727667e-02
   3.0755380e-02
   3.3547327e-02
   3.4221109e-02
   8.8919617e-02
   7.8475386e-02
   4.2633221e-02
   2.1165706e-02
   5.4132756e-02
   5.8257699e-02
   2.5248814e-02
   2.0723613e-02
   5.4876633e-02
   7.3703632e-02
   5.2494429e-02
   2.5082778e-02
   2.5465598e-02
   2.3021536e-02
   4.1592993e-02
   3.2429446e-02
   9.0999804e-02
   7.1227953e-02
   4.5042504e-02
   2.4400767e-02
   4.7175378e-02
   6.0081113e-02
   3.1420358e-02
   2.4514614e-02
   5.4209888e-02
   6.5515846e-02
   5.5164210e-02
   2.5173474e-02
   3.3553354e-02
   2.6730893e-02
   5.1772553e-02
   3.2309152e-02
   9.0049237e-02
   6.7659818e-02
   5.6574371e-02
   2.9285144e-02
   6.6035688e-02
   6.6779822e-02
   3.0494262e-02
   3.4970265e-02
   5.7617612e-02
   6.7431048e-02
   6.1572544e-02
   6.1790843e-02
   3.2142792e-02
   3.6242265e-02
   4.7304783e-02
   6.4139724e-02
   9.4242916e-02
   7.2045259e-02
   6.0184073e-02
   6.1423212e-02
   7.2103307e-02
   6.0009867e-02
   3.1819720e-02
   5.8448218e-02
   5.0614022e-02
   7.1273975e-02
   6.0889568e-02
   1.1633526e-01
   3.0424254e-02
   3.3903897e-02
   4.1526109e-02
   9.2318483e-02
   9.7436331e-02
   6.8472289e-02
   4.8909970e-02
   5.5581626e-02
   5.6856517e-02
   5.9117801e-02
   2.8160928e-02
   3.8069695e-02
   4.1278236e-02
   7.6056734e-02
   4.9716361e-02
   4.9098961e-02
   3.0971307e-02
   2.9773712e-02
   3.5588920e-02
   4.4221807e-02
   9.2486233e-02
   7.0325255e-02
   4.1485775e-02
   2.5324788e-02
   6.6750459e-02
   6.2535860e-02
   2.4609203e-02
   2.4991266e-02
   4.8513584e-02
   7.9533122e-02
   5.0144907e-02
   2.5043277e-02
   3.2203864e-02
   3.1096058e-02
   3.4010518e-02
   3.1117715e-02
   9.2609204e-02
   7.5850002e-02
   4.2074241e-02
   2.3539793e-02
   8.7511778e-02
   5.8283363e-02
   2.3155592e-02
   4.4559404e-02
   3.5379063e-02
   7.7229530e-02
   4.7277920e-02
   2.0996846e-02
   3.8299996e-02
   3.9502520e-02
   2.7060973e-02
   3.3131287e-02
   8.0192350e-02
   8.8038944e-02
   3.6626730e-02
   2.3044230e-02
   6.4647295e-02
   6.1488595e-02
   2.0205753e-02
   2.9790914e-02
   4.1547004e-02
   7.0047662e-02
   4.7018301e-02
   1.9560894e-02
   2.8316148e-02
   3.8656797e-02
   2.7572226e-02
   3.4569684e-02
   8.1738934e-02
   8.2947478e-02
   3.5454929e-02
   2.3710214e-02
   4.8763931e-02
   5.1775523e-02
   2.3735734e-02
   2.3028415e-02
   3.9737809e-02
   5.9742495e-02
   4.5663800e-02
   2.1314628e-02
   3.0321311e-02
   2.8311638e-02
   4.2101629e-02
   3.3098824e-02
   8.6594097e-02
   7.1078718e-02
   3.4959540e-02
   2.8909072e-02
   4.0556919e-02
   5.6945145e-02
   3.1421419e-02
   3.2416571e-02
   4.2889342e-02
   5.6888007e-02
   4.5247708e-02
   3.0344134e-02
   4.5567594e-02
   3.6731556e-02
   5.8895670e-02
   3.9803889e-02
   8.5939385e-02
   7.1267620e-02
   4.6926305e-02
   4.1433349e-02
   5.6469090e-02
   7.2230130e-02
   2.9075095e-02
   5.8309834e-02
   4.9111918e-02
   6.2655829e-02
   5.5039603e-02
   9.4607122e-02
   4.2917799e-02
   5.3661644e-02
   4.9564138e-02
   9.6668459e-02
   9.8678574e-02
   7.5322129e-02
   4.9854953e-02
   1.1126945e-01
   6.1071690e-02
   5.8976255e-02
   3.3997037e-02
   9.1216020e-02
   4.0971205e-02
   6.3401498e-02
   5.5595040e-02
   1.8072689e-01
   3.5948906e-02
   4.4658598e-02
   3.3068124e-02
   1.3214204e-01
   9.4730102e-02
   6.3558497e-02
   3.8961709e-02
   9.6263491e-02
   5.1697355e-02
   5.2180741e-02
   2.9854717e-02
   5.5337455e-02
   3.2445062e-02
   6.6147178e-02
   4.2122189e-02
   7.5580120e-02
   3.6918703e-02
   3.5372570e-02
   2.6597375e-02
   5.8605626e-02
   8.3783418e-02
   6.6808984e-02
   3.2632515e-02
   3.3629268e-02
   7.4748069e-02
   5.5868804e-02
   2.1652265e-02
   3.2832716e-02
   3.5485279e-02
   7.3976621e-02
   4.3035526e-02
   2.4193356e-02
   3.6028780e-02
   3.4367714e-02
   2.5129648e-02
   3.1011837e-02
   8.2471505e-02
   7.9767294e-02
   3.2046612e-02
   3.7215441e-02
   9.8991185e-02
   6.8008184e-02
   2.7613990e-02
   7.1820572e-02
   3.8474604e-02
   6.3465200e-02
   4.8088949e-02
   2.8872030e-02
   5.8406297e-02
   5.4699961e-02
   3.0655075e-02
   3.3117682e-02
   6.4645223e-02
   7.2636083e-02
   4.2393956e-02
   3.6646832e-02
   7.0371509e-02
   6.0018182e-02
   2.2016503e-02
   5.0273582e-02
   3.7546977e-02
   5.8740627e-02
   5.1539257e-02
   2.9774796e-02
   3.5836499e-02
   5.2588604e-02
   2.7454033e-02
   2.9756308e-02
   6.9125526e-02
   6.9357611e-02
   3.5154093e-02
   4.0094662e-02
   4.7023639e-02
   6.2473767e-02
   3.1096201e-02
   3.7096176e-02
   4.1250553e-02
   4.7745559e-02
   4.9472459e-02
   3.3656709e-02
   4.0977914e-02
   3.9964560e-02
   4.5209166e-02
   4.2780288e-02
   7.2744980e-02
   6.0802989e-02
   3.1867091e-02
   4.8572652e-02
   3.7781771e-02
   7.3860183e-02
   4.3637883e-02
   5.3272661e-02
   4.4390555e-02
   5.1299199e-02
   4.7847517e-02
   4.8567407e-02
   6.5427966e-02
   5.1056113e-02
   5.6562398e-02
   5.7108447e-02
   7.4230179e-02
   7.2118223e-02
   4.3296501e-02
   6.6836305e-02
   4.3914896e-02
   9.8449402e-02
   3.5123948e-02
   7.8178212e-02
   4.4428658e-02
   5.9465051e-02
   6.1059438e-02
   8.4297292e-02
   6.0709361e-02
   7.0453860e-02
   4.3380216e-02
   9.3041025e-02
   9.1643281e-02
   9.0524130e-02
   4.9337223e-02
   2.0222501e-01
   4.2363860e-02
   8.2895778e-02
   3.5063427e-02
   1.4062004e-01
   3.4837302e-02
   7.0549004e-02
   5.9674948e-02
   1.5575287e-01
   4.8375890e-02
   5.7618305e-02
   3.4202676e-02
   1.3121551e-01
   9.5074028e-02
   6.3507922e-02
   3.9859187e-02
   1.8013887e-01
   4.8515145e-02
   6.1997540e-02
   3.1820048e-02
   9.6299924e-02
   3.1063687e-02
   5.8646049e-02
   4.0469401e-02
   7.9641707e-02
   4.6926219e-02
   4.3101158e-02
   2.5835074e-02
   6.6372715e-02
   8.2530625e-02
   5.6366280e-02
   3.0729551e-02
   6.1091952e-02
   7.2621211e-02
   5.8485389e-02
   2.3110393e-02
   5.9942342e-02
   3.2183535e-02
   6.1818436e-02
   4.4635322e-02
   3.6014017e-02
   4.7408406e-02
   4.2786080e-02
   2.5150228e-02
   3.4231838e-02
   7.6123990e-02
   6.2859327e-02
   3.0519467e-02
   4.8808090e-02
   6.5737508e-02
   6.8679363e-02
   3.3650167e-02
   9.6448705e-02
   4.8304614e-02
   7.6472752e-02
   6.2565930e-02
   3.5543311e-02
   4.4630326e-02
   7.5510405e-02
   4.4243224e-02
   3.3115752e-02
   4.2034812e-02
   7.3367819e-02
   5.7786420e-02
   6.0166478e-02
   4.4475254e-02
   7.2164789e-02
   2.8857540e-02
   8.2632639e-02
   4.4569518e-02
   7.1748808e-02
   6.8450861e-02
   2.9742209e-02
   3.5653047e-02
   6.6123314e-02
   3.2642402e-02
   3.1591922e-02
   5.1024094e-02
   5.7493676e-02
   3.4792010e-02
   6.3393660e-02
   5.1902406e-02
   6.5445617e-02
   4.2355940e-02
   6.6771686e-02
   3.6547784e-02
   4.8620664e-02
   6.6527471e-02
   4.9346402e-02
   4.7006931e-02
   5.3494617e-02
   5.1092289e-02
   4.9299952e-02
   5.2770324e-02
   4.5064785e-02
   4.4245332e-02
   7.2438262e-02
   4.6664678e-02
   9.6462533e-02
   5.4227829e-02
   6.9812134e-02
   4.9150299e-02
   4.2027768e-02
   5.8626425e-02
   5.6317750e-02
   8.5135095e-02
   7.5455427e-02
   5.7299640e-02
   5.6331165e-02
   6.0536727e-02
   8.2694031e-02
   5.5175558e-02
   8.0633558e-02
   6.3817404e-02
   1.1828091e-01
   4.3498274e-02
   7.3755778e-02
   5.1645614e-02
   6.7070320e-02
   5.5451959e-02
   7.7268295e-02
   7.7614583e-02
   9.6415289e-02
   5.3912740e-02
   9.3816251e-02
   8.5564859e-02
   1.1235860e-01
   5.9405785e-02
   2.0284109e-01
   6.1774027e-02
   8.2859278e-02
   3.9229367e-02
   1.1666476e-01
   4.0613871e-02
   7.2769143e-02
   6.0948506e-02
   1.4849460e-01
   5.4701731e-02
   7.8098349e-02
   4.8772302e-02
   1.2253729e-01
   7.7321425e-02
   6.8224952e-02
   4.6992190e-02
   1.9361171e-01
   5.9222430e-02
   7.2052494e-02
   3.1817921e-02
   1.0559521e-01
   3.3773411e-02
   5.7240952e-02
   4.4475850e-02
   7.0782684e-02
   5.7686903e-02
   5.7079710e-02
   2.8565852e-02
   6.7002773e-02
   8.4295616e-02
   5.8117509e-02
   3.1173516e-02
   7.7216230e-02
   4.2458735e-02
   6.2001318e-02
   2.7478749e-02
   7.8508057e-02
   3.2559630e-02
   6.1389219e-02
   5.0293811e-02
   4.5473322e-02
   4.1021332e-02
   5.7147305e-02
   4.0206809e-02
   3.9990515e-02
   6.2644042e-02
   6.9358431e-02
   3.6701266e-02
