   4.1971207e-02
   1.0088267e-01
   1.1813466e-01
   4.0015884e-02
   4.5179322e-02
   9.6382767e-02
   8.0514781e-02
   2.9253991e-02
   5.1339451e-02
   9.0880454e-02
   6.8263017e-02
   2.6693083e-02
   5.7035305e-02
   7.0343286e-02
   5.5848263e-02
   1.9660581e-02
   4.1569848e-02
   5.9337750e-02
   5.8987465e-02
   3.4096088e-02
   4.5052890e-02
   4.9538277e-02
   3.7569776e-02
   2.9007308e-02
   4.8290189e-02
   4.6431232e-02
   4.0630709e-02
   2.6546272e-02
   4.2950273e-02
   3.8275465e-02
   3.3081476e-02
   1.9860191e-02
   4.0976621e-02
   3.7905015e-02
   2.8437043e-02
   3.8441475e-02
   4.6024386e-02
   2.3186795e-02
   1.8178660e-02
   3.2158367e-02
   4.0834721e-02
   2.0810600e-02
   2.5727207e-02
   2.8349670e-02
   3.3540390e-02
   2.0913824e-02
   1.9871991e-02
   1.9329004e-02
   4.1510109e-02
   4.3502234e-02
   3.4311581e-02
   5.0336067e-02
   4.5345258e-02
   2.7630761e-02
   3.4716364e-02
   3.9554738e-02
   3.6166266e-02
   2.4778863e-02
   4.1638780e-02
   3.4474902e-02
   3.0583356e-02
   2.5370238e-02
   3.4381110e-02
   2.1068618e-02
   5.2671205e-02
   9.6159175e-02
   4.2717405e-02
   6.0737967e-02
   7.8255624e-02
   5.8103509e-02
   5.7000909e-02
   5.8843397e-02
   8.2557209e-02
   5.5375092e-02
   6.0599390e-02
   3.5366636e-02
   7.4011862e-02
   4.9791552e-02
   4.5792572e-02
   2.3790207e-02
   1.2329160e-01
   1.3520209e-01
   3.0629598e-02
   5.3190079e-02
   1.5983853e-01
   6.1320934e-02
   3.3456419e-02
   4.9950995e-02
   1.5707658e-01
   4.8351586e-02
   3.5185989e-02
   3.4428053e-02
   1.1538126e-01
   4.1026756e-02
   2.4758285e-02
   2.9720478e-02
   9.8790646e-02
   5.4365311e-02
   2.9705435e-02
   3.0177791e-02
   8.6215198e-02
   2.6207957e-02
   1.8267436e-02
   2.8917516e-02
   6.8876125e-02
   2.0962426e-02
   2.4182869e-02
   2.9183973e-02
   4.4661909e-02
   2.1241482e-02
   1.8382246e-02
   2.6086375e-02
   4.4507995e-02
   5.6366399e-02
   6.2873997e-02
   3.2772612e-02
   4.4932410e-02
   4.5296963e-02
   3.8238667e-02
   2.8736655e-02
   4.4596083e-02
   4.2096496e-02
   3.7502084e-02
   2.7715059e-02
   3.8954690e-02
   3.5374653e-02
   2.9374402e-02
   2.0427801e-02
   2.9005554e-02
   1.3991863e-01
   1.4678371e-01
   3.6540534e-02
   3.0209916e-02
   1.1328893e-01
   1.0067783e-01
   1.6850660e-02
   4.1619733e-02
   1.0726598e-01
   8.3398543e-02
   1.5858460e-02
   6.1078638e-02
   1.0265701e-01
   8.5532315e-02
   1.8384039e-02
   2.9124854e-02
   6.9678284e-02
   6.6863038e-02
   2.7547976e-02
   2.9895896e-02
   5.3970426e-02
   4.5210537e-02
   1.8490644e-02
   3.2106929e-02
   5.1176630e-02
   4.9362101e-02
   1.7256819e-02
   3.6960442e-02
   5.3950839e-02
   4.6989754e-02
   1.4730535e-02
   3.0576926e-02
   3.4893118e-02
   2.9514709e-02
   3.5758700e-02
   3.1160207e-02
   2.2139138e-02
   2.0970175e-02
   2.5653876e-02
   2.5947368e-02
   1.9322103e-02
   2.6887773e-02
   1.8742232e-02
   2.0627964e-02
   2.1034181e-02
   2.2401305e-02
   1.2754026e-02
   3.3507943e-02
   5.1568083e-02
   3.9382037e-02
   5.2023232e-02
   3.9343067e-02
   3.2513756e-02
   4.9954120e-02
   3.0452382e-02
   3.1273816e-02
   3.1728808e-02
   6.0310815e-02
   2.2515710e-02
   2.6392397e-02
   2.9834671e-02
   5.2058201e-02
   1.5081997e-02
   6.2364310e-02
   1.1381842e-01
   5.0857365e-02
   6.2782399e-02
   1.0985616e-01
   8.3492443e-02
   8.2242735e-02
   4.0738888e-02
   1.2313413e-01
   9.1764487e-02
   9.2826381e-02
   2.2202330e-02
   1.1513074e-01
   8.0227844e-02
   6.9927275e-02
   1.9473093e-02
   1.9527069e-01
   1.5485372e-01
   2.9662451e-02
   5.1977299e-02
   2.5003651e-01
   9.0482898e-02
   4.3682415e-02
   3.1315397e-02
   2.5412813e-01
   7.8818537e-02
   4.1446134e-02
   2.1446044e-02
   1.8918015e-01
   6.4639121e-02
   3.0016080e-02
   2.6444409e-02
   1.4933017e-01
   6.6286683e-02
   3.0841693e-02
   2.3665834e-02
   1.2078013e-01
   3.4316503e-02
   2.1770811e-02
   1.7681040e-02
   9.4620176e-02
   2.7452495e-02
   2.4904521e-02
   1.6816519e-02
   5.9680328e-02
   2.5890868e-02
   1.8586608e-02
   2.3129642e-02
   3.8208108e-02
   7.5900882e-02
   7.5462125e-02
   2.6214758e-02
   3.1654142e-02
   5.0196622e-02
   4.6073653e-02
   1.6361905e-02
   3.4128632e-02
   4.5861173e-02
   4.2656437e-02
   1.4484574e-02
   3.3493388e-02
   4.6130590e-02
   3.7975565e-02
   1.4019391e-02
   3.4225345e-02
   2.4503790e-01
   2.7177855e-01
   5.2288432e-02
   3.4472547e-02
   1.6109955e-01
   1.4716800e-01
   1.4690720e-02
   5.8369230e-02
   1.8328796e-01
   1.6297363e-01
   1.3533302e-02
   8.1572309e-02
   1.2581638e-01
   1.2622350e-01
   2.4308838e-02
   3.6224555e-02
   1.1715280e-01
   1.1080436e-01
   3.5322268e-02
   3.5540417e-02
   7.7642784e-02
   6.4554803e-02
   1.4264307e-02
   4.1992687e-02
   8.3201282e-02
   8.7335236e-02
   1.3579027e-02
   4.7537535e-02
   6.4957619e-02
   6.8276785e-02
   1.5696457e-02
   4.3765832e-02
   3.8205661e-02
   3.3312853e-02
   5.2226234e-02
   4.1745868e-02
   2.6637467e-02
   2.7655296e-02
   1.8355709e-02
   3.1293735e-02
   2.5007101e-02
   3.8857404e-02
   1.4637846e-02
   2.4718758e-02
   2.7220698e-02
   3.2173134e-02
   1.1341820e-02
   4.7711894e-02
   4.9419060e-02
   4.4741765e-02
   7.0537239e-02
   4.9406715e-02
   3.7044119e-02
   6.2547147e-02
   2.5756950e-02
   4.5147069e-02
   3.9576262e-02
   8.0432661e-02
   1.7051239e-02
   3.8322374e-02
   4.1101839e-02
   8.1830256e-02
   1.5319133e-02
   8.1739210e-02
   9.6207619e-02
   6.4558655e-02
   7.2513692e-02
   1.0913783e-01
   8.6789526e-02
   9.7550757e-02
   3.6087200e-02
   1.3768834e-01
   1.2835556e-01
   1.2586990e-01
   1.8043617e-02
   1.5104742e-01
   1.2601723e-01
   1.0987643e-01
   2.3759807e-02
   2.7090967e-01
   9.2682645e-02
   3.2460388e-02
   6.0562089e-02
   2.8027776e-01
   8.2438007e-02
   5.6246579e-02
   2.6280280e-02
   2.8782627e-01
   1.0728307e-01
   4.9098641e-02
   1.7418634e-02
   2.4073258e-01
   9.8021060e-02
   4.2963777e-02
   4.2475700e-02
   2.2086406e-01
   4.5464527e-02
   3.5022117e-02
   2.2894362e-02
   1.5319635e-01
   3.9066911e-02
   2.7243618e-02
   1.3082754e-02
   1.1654978e-01
   3.5112631e-02
   3.5548162e-02
   1.3541332e-02
   7.6694489e-02
   3.6528286e-02
   2.2494756e-02
   3.7641667e-02
   5.7364732e-02
   1.1360802e-01
   1.2475237e-01
   3.5391819e-02
   4.3727390e-02
   7.1045086e-02
   6.5173708e-02
   1.3699452e-02
   4.8290938e-02
   7.2093122e-02
   7.3426776e-02
   1.1589305e-02
   4.5982532e-02
   5.3834341e-02
   5.3854492e-02
   2.0445896e-02
   3.9780382e-02
   6.2305667e-02
   1.2036395e-01
   5.5358544e-02
   6.0101174e-02
   2.3369907e-01
   2.1413292e-01
   1.6045585e-02
   7.8236200e-02
   2.4114220e-01
   2.3489136e-01
   1.2123333e-02
   9.7497858e-02
   2.0581426e-01
   2.4009129e-01
   3.7087135e-02
   4.7343511e-02
   4.1258130e-02
   6.3096091e-02
   3.5561681e-02
   5.1454771e-02
   1.1139675e-01
   9.3966849e-02
   1.3891508e-02
   6.0044605e-02
   1.0294998e-01
   1.3567464e-01
   8.3762091e-03
   6.4864211e-02
   9.2179753e-02
   1.2586863e-01
   2.3812251e-02
   6.1954334e-02
   2.5976239e-02
   2.7212705e-02
   6.1044045e-02
   5.2961983e-02
   3.1061793e-02
   3.5676572e-02
   1.4079838e-02
   4.7763471e-02
   2.3407642e-02
   5.0886620e-02
   1.1386077e-02
   3.6013305e-02
   2.9410645e-02
   4.1177683e-02
   1.7725229e-02
   5.7566401e-02
   4.8390541e-02
   5.7664167e-02
   8.5838512e-02
   6.9035582e-02
   4.8600659e-02
   6.3497193e-02
   1.9454658e-02
   5.8926683e-02
   3.8444676e-02
   8.1336424e-02
   1.4233971e-02
   3.7941098e-02
   5.0396696e-02
   8.4126145e-02
   3.0211003e-02
   5.7500217e-02
   9.7055547e-02
   9.9512033e-02
   8.8981606e-02
   6.8833508e-02
   9.8308146e-02
   1.0213494e-01
   3.5443909e-02
   7.6872461e-02
   1.5451798e-01
   1.1880173e-01
   1.9544901e-02
   1.0425657e-01
   1.5870185e-01
   1.1920425e-01
   4.8324037e-02
   1.7346682e-01
   9.2664443e-02
   5.4431602e-02
   9.0752222e-02
   1.3192977e-01
   9.6625455e-02
   6.2316712e-02
   3.2362726e-02
   1.3708180e-01
   1.2242846e-01
   4.1617192e-02
   1.6116746e-02
   1.3127261e-01
   1.1052227e-01
   5.0397430e-02
   7.7078752e-02
   1.7793328e-01
   2.6797956e-02
   3.3462435e-02
   3.3429872e-02
   1.0380902e-01
   3.8352508e-02
   3.0595757e-02
   1.1783498e-02
   7.2783113e-02
   3.6942106e-02
   3.8893405e-02
   1.5491308e-02
   5.5475164e-02
   4.2188264e-02
   3.2380559e-02
   6.5082952e-02
   6.6233709e-02
   3.8113818e-02
   6.8271011e-02
   3.9182078e-02
   4.9640261e-02
   9.2145465e-02
   9.4175220e-02
   1.1820978e-02
   5.5161018e-02
   9.2806719e-02
   1.0349166e-01
   1.0618433e-02
   6.3606068e-02
   7.6627851e-02
   1.0148486e-01
   3.5306606e-02
