   4.2969905e-02
   1.3382691e-01
   1.0668762e-01
   3.5630036e-02
   4.4741072e-02
   1.0884044e-01
   1.0622908e-01
   3.6327485e-02
   4.4850644e-02
   9.8582342e-02
   8.4028587e-02
   4.7176823e-02
   5.5422880e-02
   7.2411068e-02
   6.8743579e-02
   3.2291800e-02
   4.2612400e-02
   5.8587257e-02
   4.7409914e-02
   3.3945084e-02
   4.4611007e-02
   5.1430829e-02
   4.8498340e-02
   2.2557992e-02
   4.1909609e-02
   4.9104419e-02
   4.3380674e-02
   2.9865975e-02
   4.1777644e-02
   3.9808083e-02
   3.9236706e-02
   2.1617457e-02
   4.6529282e-02
   2.7057350e-02
   2.1741234e-02
   3.3151425e-02
   4.4035729e-02
   2.1789636e-02
   2.1893201e-02
   1.8696317e-02
   4.0164199e-02
   2.2651281e-02
   2.1673307e-02
   1.8175945e-02
   3.3647586e-02
   2.2629702e-02
   2.2322791e-02
   1.5255175e-02
   5.0635699e-02
   2.8328622e-02
   2.5884403e-02
   3.2471776e-02
   4.5566756e-02
   2.4367295e-02
   3.7419904e-02
   2.2816688e-02
   3.5755429e-02
   2.7512074e-02
   3.5673946e-02
   2.1605333e-02
   3.3622753e-02
   2.7666384e-02
   4.2561874e-02
   1.9555748e-02
   5.3952057e-02
   3.1581443e-02
   3.1230768e-02
   3.3078112e-02
   7.3291346e-02
   5.4453120e-02
   5.5850994e-02
   2.0155339e-02
   8.1088103e-02
   5.6157291e-02
   4.5742914e-02
   2.0347688e-02
   7.6411135e-02
   6.0127620e-02
   6.0266424e-02
   1.9327497e-02
   8.0854021e-02
   3.5358679e-02
   2.6411803e-02
   3.3324275e-02
   1.5924715e-01
   6.5508015e-02
   3.1345643e-02
   1.7467717e-02
   1.6207896e-01
   4.7734119e-02
   2.5363971e-02
   1.8318316e-02
   1.2060705e-01
   4.6903770e-02
   3.1958535e-02
   1.4490379e-02
   7.7307053e-02
   2.9514834e-02
   2.2795558e-02
   3.1977799e-02
   9.2742853e-02
   2.7533554e-02
   2.1129709e-02
   1.6641829e-02
   7.1342789e-02
   2.1873983e-02
   1.9963576e-02
   1.7742390e-02
   4.8208442e-02
   2.0545948e-02
   2.3920983e-02
   1.4718497e-02
   4.5371559e-02
   6.1177135e-02
   5.1101603e-02
   3.4247074e-02
   4.5289394e-02
   4.9946200e-02
   4.9042288e-02
   2.2024121e-02
   3.9855901e-02
   4.6901416e-02
   4.1936208e-02
   2.6692957e-02
   4.1024666e-02
   3.5519999e-02
   3.5786100e-02
   1.9562734e-02
   3.8776029e-02
   1.6959755e-01
   1.3859631e-01
   2.4654705e-02
   3.3257812e-02
   1.4495106e-01
   1.5142059e-01
   5.2883886e-02
   3.4591485e-02
   1.1762500e-01
   9.9175595e-02
   5.6799378e-02
   4.9995936e-02
   8.9911349e-02
   8.2646959e-02
   4.1356828e-02
   3.9406836e-02
   6.8676129e-02
   5.5418734e-02
   1.8101126e-02
   3.3808544e-02
   6.3836552e-02
   6.3509494e-02
   2.6360998e-02
   2.7592080e-02
   5.7080690e-02
   4.8716657e-02
   3.1779692e-02
   3.1071870e-02
   4.6719905e-02
   4.3881103e-02
   2.3188721e-02
   3.8691465e-02
   2.0263277e-02
   1.7063029e-02
   1.7804040e-02
   3.3037871e-02
   1.7919568e-02
   2.2363564e-02
   1.8369572e-02
   2.3723260e-02
   2.2623030e-02
   2.5402604e-02
   1.9411227e-02
   2.2224998e-02
   2.0390468e-02
   2.6576061e-02
   1.5350749e-02
   4.4274520e-02
   2.1404708e-02
   1.9630849e-02
   1.9138869e-02
   4.1648012e-02
   2.6789138e-02
   4.7233332e-02
   2.5507169e-02
   3.1530995e-02
   3.3504155e-02
   5.2988090e-02
   2.4907354e-02
   2.9995766e-02
   3.1329244e-02
   6.7161374e-02
   2.2534747e-02
   5.7369538e-02
   2.5828205e-02
   3.7078723e-02
   2.0464417e-02
   1.0363132e-01
   7.1340688e-02
   7.4628189e-02
   2.0582378e-02
   1.2203462e-01
   8.2277842e-02
   7.0691921e-02
   2.2532497e-02
   1.2063352e-01
   8.8946335e-02
   9.7584575e-02
   2.0564938e-02
   1.1183462e-01
   2.9285252e-02
   2.6342992e-02
   1.9012522e-02
   2.4794316e-01
   8.8100456e-02
   3.4842923e-02
   1.8434012e-02
   2.6738736e-01
   7.0098028e-02
   3.0037524e-02
   1.9079078e-02
   1.9812638e-01
   7.0721969e-02
   3.8659550e-02
   1.1150708e-02
   1.0884655e-01
   2.5825573e-02
   2.3305012e-02
   1.7002707e-02
   1.3492413e-01
   3.4071695e-02
   2.1134069e-02
   1.4689094e-02
   1.0500260e-01
   2.7765045e-02
   2.1244926e-02
   1.7045584e-02
   6.6380955e-02
   2.4539737e-02
   2.2779794e-02
   1.0635794e-02
   4.5627732e-02
   7.7912956e-02
   6.6641018e-02
   1.9624585e-02
   3.5511550e-02
   6.6040672e-02
   6.5909892e-02
   2.5847429e-02
   3.2485269e-02
   5.3942733e-02
   4.6615418e-02
   2.7734384e-02
   3.3333626e-02
   4.1423816e-02
   4.0011756e-02
   1.8599419e-02
   4.2769942e-02
   3.4160116e-01
   2.8711781e-01
   3.3369277e-02
   4.3922953e-02
   2.5048247e-01
   2.4102651e-01
   1.0513282e-01
   4.7578394e-02
   2.0872593e-01
   1.9989353e-01
   1.1495084e-01
   7.0859931e-02
   1.4746316e-01
   1.3505165e-01
   7.4945584e-02
   4.8308849e-02
   1.2962535e-01
   1.0717282e-01
   1.6606260e-02
   4.1561425e-02
   1.0866280e-01
   9.7770736e-02
   4.6481926e-02
   3.7713777e-02
   9.0962693e-02
   9.0042599e-02
   5.7716642e-02
   4.3613181e-02
   6.7807935e-02
   6.5393262e-02
   3.9246738e-02
   4.8462152e-02
   1.8068405e-02
   1.4516419e-02
   1.2998486e-02
   4.5661263e-02
   2.1196600e-02
   2.1382628e-02
   2.2531278e-02
   3.3514328e-02
   2.6753718e-02
   3.9095197e-02
   3.1964313e-02
   3.0339170e-02
   2.6907224e-02
   3.6731981e-02
   2.3473790e-02
   5.5912919e-02
   2.2179618e-02
   1.7662710e-02
   1.5344188e-02
   5.8172066e-02
   2.9905269e-02
   5.2521519e-02
   3.1855557e-02
   4.4223744e-02
   4.6618614e-02
   7.4340060e-02
   3.6336813e-02
   4.0392362e-02
   4.4807542e-02
   1.0065805e-01
   3.0032597e-02
   7.0244841e-02
   2.5334537e-02
   5.1199812e-02
   1.7116202e-02
   1.1120486e-01
   6.1438199e-02
   8.7152891e-02
   2.6138877e-02
   1.2828867e-01
   1.1580215e-01
   1.0112035e-01
   3.1273991e-02
   1.5251675e-01
   1.3402146e-01
   1.4363083e-01
   2.8554223e-02
   1.5157175e-01
   2.1613028e-02
   3.3567071e-02
   1.3567643e-02
   2.7885538e-01
   5.8689296e-02
   3.7352294e-02
   2.4071924e-02
   2.9651117e-01
   9.3433022e-02
   4.0258348e-02
   2.7052304e-02
   2.3962399e-01
   1.0299339e-01
   5.0531827e-02
   1.4604110e-02
   1.5151115e-01
   2.8113635e-02
   2.3345977e-02
   9.8655717e-03
   1.7266817e-01
   2.8692191e-02
   2.3263451e-02
   1.8996136e-02
   1.2763715e-01
   3.8935695e-02
   2.8461421e-02
   2.2797484e-02
   8.5311443e-02
   3.2033373e-02
   2.7734175e-02
   1.4434997e-02
   6.2314987e-02
   1.5684612e-01
   1.3062866e-01
   1.7102463e-02
   4.6311807e-02
   1.0967980e-01
   9.9053554e-02
   4.6424471e-02
   4.6849027e-02
   8.6943038e-02
   7.8025371e-02
   4.9095366e-02
   4.9753319e-02
   6.0063981e-02
   5.6226324e-02
   3.1244157e-02
   4.7417499e-02
   8.5359789e-02
   6.1115641e-02
   1.8576205e-02
   6.7796379e-02
   2.2078659e-01
   2.0432892e-01
   1.6094282e-01
   6.9657512e-02
   2.8083849e-01
   3.0144852e-01
   1.8654114e-01
   9.8871522e-02
   2.1539307e-01
   2.2917399e-01
   1.4053217e-01
   6.0153663e-02
   3.6742613e-02
   2.4022108e-02
   1.0601910e-02
   6.5981358e-02
   1.0154159e-01
   8.4624186e-02
   7.6450691e-02
   5.4511573e-02
   1.2380724e-01
   1.3650547e-01
   9.8811127e-02
   6.3825376e-02
   9.3378596e-02
   1.0244355e-01
   7.2807021e-02
   5.5195581e-02
   1.1314707e-02
   1.1158732e-02
   8.1864456e-03
   5.5242423e-02
   2.1987056e-02
   2.2354541e-02
   2.2846680e-02
   4.8118997e-02
   2.7520414e-02
   3.8679119e-02
   3.4200173e-02
   5.4206315e-02
   2.9505873e-02
   3.8870152e-02
   3.2218799e-02
   6.0482789e-02
   2.8621184e-02
   2.0883691e-02
   1.4746434e-02
   7.2263315e-02
   3.5339117e-02
   6.3890472e-02
   3.2037422e-02
   4.7065925e-02
   5.4179471e-02
   8.3396174e-02
   3.8465027e-02
   4.6755411e-02
   5.0022412e-02
   1.0432493e-01
   5.0521355e-02
   6.7111909e-02
   3.1070992e-02
   6.9549225e-02
   2.4936343e-02
   8.0285184e-02
   6.8840951e-02
   9.4504513e-02
   3.2696653e-02
   7.0256665e-02
   1.3160440e-01
   1.1687922e-01
   3.8660523e-02
   1.0507985e-01
   1.5989369e-01
   1.4613312e-01
   5.6449603e-02
   1.2685838e-01
   1.3414949e-02
   4.8076235e-02
   1.7040553e-02
   1.2398921e-01
   6.6606738e-02
   3.9093290e-02
   3.7598651e-02
   1.3806175e-01
   9.7701065e-02
   3.9271519e-02
   4.1490912e-02
   1.3410147e-01
   1.2044705e-01
   5.2707039e-02
   2.1529527e-02
   1.3209234e-01
   1.5145340e-02
   1.0968015e-02
   6.4838957e-03
   1.0779653e-01
   3.2454103e-02
   2.3030471e-02
   2.4469154e-02
   7.7236928e-02
   3.7256993e-02
   2.8614396e-02
   2.7348015e-02
   7.8588009e-02
   3.2378446e-02
   3.5196315e-02
   2.3443772e-02
   7.4276708e-02
   4.4545129e-02
   2.9388014e-02
   1.1719092e-02
   5.3851929e-02
   9.7622633e-02
   8.3257407e-02
   7.5578161e-02
   5.6937687e-02
   1.1029790e-01
   1.1631105e-01
   7.8109637e-02
   7.0109434e-02
   7.9939783e-02
   8.7365150e-02
   5.6817934e-02
