   1.3434847e-02
   9.1810543e-03
   9.0411920e-03
   2.9332116e-02
   1.1974974e-02
   9.9034384e-03
   1.1001552e-02
   2.6764983e-02
   1.8564733e-02
   1.8427232e-02
   4.6845421e-02
   5.0944526e-02
   1.7166102e-02
   2.0183176e-02
   5.7370193e-02
   5.8333103e-02
   1.2417835e-02
   9.1700312e-03
   8.9899385e-03
   2.9435838e-02
   1.1599608e-02
   9.0470612e-03
   1.0994717e-02
   2.7234141e-02
   1.4111679e-02
   1.2547187e-02
   3.4822017e-02
   4.1681293e-02
   1.7621024e-02
   1.6701896e-02
   4.3364216e-02
   6.1817475e-02
   1.3067868e-02
   9.1820816e-03
   9.7258277e-03
   2.9835084e-02
   1.1974161e-02
   8.4787486e-03
   1.1163984e-02
   2.5024908e-02
   1.1240393e-02
   9.2282137e-03
   3.1990148e-02
   3.5994381e-02
   1.8118311e-02
   1.5821047e-02
   4.0243603e-02
   6.1336029e-02
   1.2997216e-02
   8.9494996e-03
   1.0209956e-02
   2.9129600e-02
   1.1563514e-02
   8.6360238e-03
   1.1455029e-02
   2.5086282e-02
   1.1464693e-02
   1.9048721e-02
   6.9011420e-02
   3.8056098e-02
   1.7246805e-02
   2.7809795e-02
   7.8751527e-02
   7.5618632e-02
   1.3095877e-02
   8.8102371e-03
   1.9872844e-02
   3.0250978e-02
   1.2309203e-02
   9.1321655e-03
   2.0999653e-02
   2.6275931e-02
   1.9335909e-02
   4.5044433e-02
   1.0496645e-01
   3.9034851e-02
   2.7610185e-02
   5.7630487e-02
   1.2185969e-01
   7.6385319e-02
   1.2739808e-02
   8.6443052e-03
   1.8688966e-02
   3.0384429e-02
   1.1342413e-02
   9.0781106e-03
   2.0964712e-02
   2.5698181e-02
   2.0244014e-02
   2.7355958e-02
   5.3111266e-02
   3.7749458e-02
   2.8895890e-02
   3.4741841e-02
   5.9643421e-02
   5.9734650e-02
   1.2977925e-02
   9.0419259e-03
   9.3249269e-03
   3.0735880e-02
   1.0929070e-02
   9.0115424e-03
   1.0554761e-02
   2.5930021e-02
   1.1799399e-02
   1.0892609e-02
   3.6105838e-02
   3.5202932e-02
   1.8019045e-02
   1.7048143e-02
   3.9178614e-02
   6.0034394e-02
   1.3368262e-02
   9.2903199e-03
   9.5931292e-03
   2.9386763e-02
   1.1453062e-02
   9.3373191e-03
   1.0742706e-02
   2.6278432e-02
   1.3695270e-02
   1.2778068e-02
   4.2322680e-02
   3.8978722e-02
   1.7351823e-02
   1.8032569e-02
   4.7121696e-02
   5.7641577e-02
   7.7728154e-03
   5.8480883e-03
   5.6102276e-03
   1.7600780e-02
   7.0557673e-03
   7.4829753e-03
   6.8150307e-03
   1.5169101e-02
   1.7295644e-02
   2.4349062e-02
   6.3255578e-02
   4.8965015e-02
   9.6838493e-03
   2.3666583e-02
   7.5454630e-02
   3.9740369e-02
   7.2242878e-03
   5.2731480e-03
   5.4363352e-03
   1.6953690e-02
   6.2395516e-03
   7.2355564e-03
   6.1976570e-03
   1.4355185e-02
   1.0877146e-02
   1.6060984e-02
   4.1799456e-02
   2.9980799e-02
   9.6610691e-03
   1.9181451e-02
   5.6666579e-02
   3.9503150e-02
   7.7119907e-03
   5.4358719e-03
   4.5780838e-03
   1.6363133e-02
   6.6365860e-03
   6.5893112e-03
   5.6191040e-03
   1.3604736e-02
   6.5168245e-03
   1.1897952e-02
   3.4362596e-02
   2.2495329e-02
   9.2062056e-03
   1.5277008e-02
   4.8886951e-02
   3.8504157e-02
   8.2074143e-03
   5.9757004e-03
   7.5540296e-03
   1.8296499e-02
   7.0536248e-03
   6.4834584e-03
   9.6064126e-03
   1.5275114e-02
   7.4122581e-03
   2.7358618e-02
   8.3877064e-02
   2.6436679e-02
   1.0575465e-02
   3.1349964e-02
   9.0484731e-02
   5.2009780e-02
   9.1732806e-03
   5.7971459e-03
   2.8820861e-02
   2.0645797e-02
   8.0996789e-03
   6.7456635e-03
   3.0309366e-02
   1.6038023e-02
   2.0097921e-02
   7.1456425e-02
   1.3992360e-01
   2.6377100e-02
   2.8048480e-02
   8.1074171e-02
   1.4299415e-01
   5.3151678e-02
   8.4564593e-03
   5.0631766e-03
   2.6669839e-02
   1.9802239e-02
   7.7309138e-03
   6.7708571e-03
   2.9362589e-02
   1.5134929e-02
   2.1772668e-02
   4.2031981e-02
   6.3765936e-02
   2.3282416e-02
   3.0138044e-02
   4.3169811e-02
   7.0207112e-02
   3.8249597e-02
   7.7437218e-03
   5.3975028e-03
   7.4395281e-03
   1.8084658e-02
   6.9962684e-03
   6.7765331e-03
   8.9970641e-03
   1.3943879e-02
   8.5749710e-03
   1.6935216e-02
   4.8834216e-02
   1.9533498e-02
   1.2432232e-02
   2.0767158e-02
   5.3488158e-02
   3.6609948e-02
   7.3480653e-03
   5.8494834e-03
   5.6327982e-03
   1.5888611e-02
   6.9340207e-03
   6.2440592e-03
   6.2775328e-03
   1.3857678e-02
   1.0107290e-02
   1.7135292e-02
   5.4610558e-02
   2.8953062e-02
   9.6111195e-03
   1.9352093e-02
   5.9826292e-02
   3.5088096e-02
   6.2188222e-03
   4.1904808e-03
   3.9754603e-03
   1.2650346e-02
   8.1251226e-03
   8.7738475e-03
   6.4056572e-03
   1.3673746e-02
   2.0990016e-02
   3.6331449e-02
   7.4043207e-02
   6.9898449e-02
   6.4771986e-03
   2.6134316e-02
   9.0416498e-02
   2.7744640e-02
   5.5341567e-03
   3.9779558e-03
   3.9335573e-03
   1.1239843e-02
   5.3773155e-03
   6.9513828e-03
   5.2762092e-03
   9.8948246e-03
   1.1576898e-02
   1.9441511e-02
   4.1165862e-02
   3.4439411e-02
   6.0122255e-03
   2.1844316e-02
   6.1984807e-02
   2.7512856e-02
   4.7133011e-03
   4.2256294e-03
   3.7513117e-03
   9.1752224e-03
   4.6981922e-03
   6.9200136e-03
   5.1449309e-03
   7.8426329e-03
   4.9318210e-03
   1.3667559e-02
   3.5913650e-02
   1.2642532e-02
   6.8002953e-03
   1.3579194e-02
   5.6711663e-02
   2.8355494e-02
   5.8065858e-03
   4.1209492e-03
   9.7926622e-03
   1.1984612e-02
   6.4021219e-03
   7.2221202e-03
   1.2520881e-02
   1.0166682e-02
   6.7921369e-03
   4.2304981e-02
   1.4571150e-01
   1.8009685e-02
   1.0166670e-02
   3.3590283e-02
   1.0305475e-01
   3.3531394e-02
   9.2248460e-03
   3.7438632e-03
   4.6852514e-02
   1.7107954e-02
   8.6399233e-03
   7.3684463e-03
   5.0327092e-02
   1.3600179e-02
   2.4733976e-02
   1.1118979e-01
   2.4014775e-01
   1.8103145e-02
   3.6942482e-02
   1.0022300e-01
   1.7359108e-01
   3.4710608e-02
   6.2060868e-03
   3.9313696e-03
   4.2813465e-02
   1.2299031e-02
   6.4865556e-03
   6.5757311e-03
   4.8481800e-02
   1.0512272e-02
   2.7386539e-02
   6.4710058e-02
   1.0025767e-01
   1.2813226e-02
   3.9623693e-02
   5.2690357e-02
   7.9412028e-02
   3.1962663e-02
   4.9127382e-03
   3.8580536e-03
   8.7845102e-03
   1.0038664e-02
   4.3792753e-03
   5.9019099e-03
   1.1596705e-02
   8.6365044e-03
   8.6732469e-03
   2.3400672e-02
   5.9326354e-02
   1.2876038e-02
   1.0589779e-02
   2.2874691e-02
   6.5197185e-02
   3.0820580e-02
   5.6269481e-03
   4.1369284e-03
   4.1349349e-03
   1.1136431e-02
   5.4434696e-03
   6.3412664e-03
   5.9037693e-03
   1.0150636e-02
   9.8012397e-03
   2.1595884e-02
   4.9994115e-02
   3.2554559e-02
   6.2072719e-03
   2.2192605e-02
   6.3699163e-02
   2.4369784e-02
   4.7370424e-03
   3.7807496e-03
   3.3272037e-03
   1.1027696e-02
   1.5717279e-02
   1.8216118e-02
   1.2559245e-02
   2.7344860e-02
   2.8912427e-02
   4.6644893e-02
   8.4607318e-02
   9.8133154e-02
   5.5597937e-03
   2.7629280e-02
   9.5441595e-02
   2.5379049e-02
   3.7968839e-03
   3.9093439e-03
   4.0538157e-03
   9.8203188e-03
   8.2569895e-03
   1.2909073e-02
   8.1232237e-03
   1.3410670e-02
   1.5333452e-02
   2.4246193e-02
   4.4142347e-02
   4.3389048e-02
   5.3271581e-03
   2.2153284e-02
   5.6696575e-02
   2.1446781e-02
   3.4843783e-03
   4.2043487e-03
   3.9474741e-03
   7.9302164e-03
   4.9668760e-03
   8.0086673e-03
   5.2932072e-03
   5.0030733e-03
   5.6738774e-03
   1.4372861e-02
   3.1294655e-02
   1.2007941e-02
   5.4070405e-03
   1.5990902e-02
   4.8380323e-02
   1.9024478e-02
   8.6896932e-03
   3.0520991e-03
   1.4029787e-02
   1.5122488e-02
   7.7240751e-03
   7.9238154e-03
   1.7268606e-02
   9.4562117e-03
   7.9381177e-03
   3.9859340e-02
   9.8010391e-02
   2.1167984e-02
   1.0006362e-02
   3.8180586e-02
   1.1829936e-01
   3.2373466e-02
   1.5428925e-02
   3.0723088e-03
   7.2732911e-02
   3.7009411e-02
   1.5202882e-02
   8.7607866e-03
   8.2206450e-02
   1.7370015e-02
   2.9989103e-02
   9.9379271e-02
   1.7066500e-01
   2.3947774e-02
   4.5624238e-02
   1.1560051e-01
   2.1308486e-01
   3.5954278e-02
   6.6235811e-03
   3.8107601e-03
   6.4987160e-02
   2.2413529e-02
   1.0062173e-02
   7.7039097e-03
   8.0397472e-02
   1.1232461e-02
   3.3639200e-02
   5.5715874e-02
   6.8287440e-02
   1.0636696e-02
   4.6347007e-02
   5.8411546e-02
   7.7647619e-02
   2.7098723e-02
   3.3419346e-03
   3.6307743e-03
   1.1935794e-02
   7.3862467e-03
   5.1811263e-03
   8.2860189e-03
   1.7123146e-02
   6.2592602e-03
   9.7374329e-03
   1.9217957e-02
   3.7143867e-02
   1.1596319e-02
   1.0120378e-02
   1.5515717e-02
   5.3192470e-02
   2.9259132e-02
   4.7517158e-03
   3.9659957e-03
   4.7940081e-03
   9.6033448e-03
   7.2813430e-03
   1.0857807e-02
   9.4071925e-03
   1.2730681e-02
   1.1695399e-02
   2.8297495e-02
   4.5448922e-02
   4.1693039e-02
   3.6985870e-03
   2.0053057e-02
   5.8840446e-02
   2.3962677e-02
