   2.8027251e-02
   1.2078537e-02
   2.2083862e-02
   5.9324417e-02
   1.8360080e-02
   5.4749623e-03
   1.8981107e-02
   4.4637669e-02
   1.7535914e-02
   8.4292237e-03
   1.4160831e-02
   4.4782862e-02
   2.6765687e-02
   1.4491452e-02
   1.4987553e-02
   5.8139838e-02
   2.8823249e-02
   1.1421086e-02
   2.2420062e-02
   5.8632303e-02
   1.8531695e-02
   5.2929549e-03
   1.7442398e-02
   4.1865509e-02
   1.6414952e-02
   8.1362985e-03
   1.3812101e-02
   4.4819616e-02
   2.6712872e-02
   1.5142351e-02
   1.5390030e-02
   5.7784081e-02
   2.7818931e-02
   1.1210601e-02
   2.2240035e-02
   6.8675719e-02
   1.8760638e-02
   5.2819811e-03
   1.6139777e-02
   4.9508732e-02
   1.7342636e-02
   7.9798726e-03
   1.3882781e-02
   4.2706914e-02
   2.6607165e-02
   1.4577362e-02
   1.6094573e-02
   5.8112424e-02
   2.7771626e-02
   1.0815045e-02
   2.9828466e-02
   9.1100022e-02
   1.8212207e-02
   5.7843435e-03
   2.4553679e-02
   6.7100637e-02
   1.8430538e-02
   8.1907157e-03
   2.1754006e-02
   4.4446174e-02
   2.7260570e-02
   1.4713278e-02
   2.4559641e-02
   5.5842083e-02
   2.7686831e-02
   1.0884607e-02
   3.6725171e-02
   6.5490633e-02
   1.8001515e-02
   5.8399825e-03
   3.1999078e-02
   4.6123449e-02
   1.8778769e-02
   8.7203030e-03
   2.8743325e-02
   4.3492187e-02
   2.6457520e-02
   1.4747869e-02
   3.1132676e-02
   5.5920735e-02
   2.9665031e-02
   1.1216724e-02
   2.4347467e-02
   5.7491500e-02
   1.9402282e-02
   5.8720615e-03
   1.9939305e-02
   3.9587058e-02
   1.8264782e-02
   9.3003819e-03
   1.6113037e-02
   4.4113461e-02
   2.5705352e-02
   1.4567121e-02
   1.9341290e-02
   5.5542558e-02
   2.9885193e-02
   1.1768766e-02
   2.1551769e-02
   5.9318949e-02
   1.8695196e-02
   5.1502641e-03
   1.6958311e-02
   3.9774731e-02
   1.7438840e-02
   8.2825944e-03
   1.3359960e-02
   4.4182744e-02
   2.5735246e-02
   1.4465055e-02
   1.6649175e-02
   5.7988312e-02
   2.8332714e-02
   1.2338717e-02
   2.1661472e-02
   5.7164613e-02
   1.8700833e-02
   5.2414094e-03
   1.6680337e-02
   4.1086767e-02
   1.7739637e-02
   7.7727940e-03
   1.3001028e-02
   4.2679705e-02
   2.5759837e-02
   1.4676119e-02
   1.5309662e-02
   5.8140483e-02
   1.5414966e-02
   9.3425009e-03
   1.7131066e-02
   3.3908170e-02
   1.0978876e-02
   4.6993438e-03
   1.5701821e-02
   2.6246516e-02
   1.0029953e-02
   5.6785354e-03
   1.1273001e-02
   2.7138259e-02
   1.4075491e-02
   8.8332463e-03
   1.0890785e-02
   3.0120926e-02
   1.4842838e-02
   7.1809338e-03
   1.4992345e-02
   3.2366034e-02
   1.0006379e-02
   4.6851770e-03
   1.5442648e-02
   2.4469608e-02
   9.7039724e-03
   5.8397059e-03
   1.0669282e-02
   2.7356345e-02
   1.3711100e-02
   9.1907457e-03
   1.0450806e-02
   2.8640639e-02
   1.4114796e-02
   6.5092188e-03
   1.5142943e-02
   5.4519102e-02
   9.5908577e-03
   4.4898377e-03
   1.3571157e-02
   4.0932428e-02
   9.3695987e-03
   5.8246478e-03
   1.0756729e-02
   2.8538529e-02
   1.4573151e-02
   8.5119000e-03
   1.0819156e-02
   2.8071521e-02
   1.5945556e-02
   6.0368902e-03
   3.1406090e-02
   8.9542195e-02
   9.8867603e-03
   5.0739688e-03
   2.9639693e-02
   6.7982048e-02
   1.0691707e-02
   6.0761692e-03
   2.7790245e-02
   2.7368100e-02
   1.4709546e-02
   8.1032142e-03
   2.8198769e-02
   3.0900367e-02
   1.6667275e-02
   6.1228862e-03
   4.4640645e-02
   5.3040504e-02
   1.1722909e-02
   5.1077101e-03
   4.2389870e-02
   3.6817010e-02
   1.2508016e-02
   6.4782156e-03
   3.9423510e-02
   2.6210908e-02
   1.4572144e-02
   8.7058311e-03
   4.1570257e-02
   3.3511017e-02
   1.9383304e-02
   6.7165876e-03
   1.8105902e-02
   3.9819822e-02
   1.4411332e-02
   4.7101746e-03
   1.7211147e-02
   2.5020398e-02
   1.1009612e-02
   7.2255470e-03
   1.4910595e-02
   2.4820827e-02
   1.3971817e-02
   8.2527269e-03
   1.5858233e-02
   3.3165652e-02
   1.8599808e-02
   8.4641203e-03
   1.4631836e-02
   3.3249728e-02
   1.2072512e-02
   4.4139619e-03
   1.2869778e-02
   2.4375694e-02
   9.8974789e-03
   6.3344254e-03
   1.0564114e-02
   2.3899604e-02
   1.3812686e-02
   9.1444449e-03
   1.2435451e-02
   3.0563207e-02
   1.6627792e-02
   8.1204046e-03
   1.5214011e-02
   3.3176240e-02
   1.0170463e-02
   4.4022687e-03
   1.4413713e-02
   2.5792558e-02
   1.0463746e-02
   5.4999203e-03
   1.0134555e-02
   2.4842149e-02
   1.3956057e-02
   9.2295408e-03
   1.1119829e-02
   3.0261863e-02
   1.1391116e-02
   1.0302939e-02
   1.5474100e-02
   1.7160088e-02
   7.2826338e-03
   4.8188521e-03
   1.4618411e-02
   2.0543588e-02
   5.7855528e-03
   6.1264746e-03
   9.8607885e-03
   1.6702313e-02
   7.7441651e-03
   7.0037446e-03
   7.1636755e-03
   1.5777376e-02
   1.1375033e-02
   6.1415099e-03
   1.1820709e-02
   2.0007679e-02
   5.6341067e-03
   4.6378397e-03
   1.3655631e-02
   2.0454893e-02
   6.6117644e-03
   6.5631582e-03
   8.4359888e-03
   1.5834760e-02
   8.1743607e-03
   5.8247494e-03
   6.3603600e-03
   1.9433310e-02
   9.9074794e-03
   4.0293080e-03
   1.5667193e-02
   4.5048054e-02
   5.3521767e-03
   4.7624204e-03
   1.5013742e-02
   3.6980294e-02
   8.0004726e-03
   5.9186355e-03
   9.9086743e-03
   1.9435456e-02
   8.9648664e-03
   5.8929902e-03
   8.6374748e-03
   1.7641883e-02
   1.1065068e-02
   3.6985835e-03
   4.7402307e-02
   8.9587756e-02
   6.2482189e-03
   5.7579130e-03
   4.5564700e-02
   6.7525513e-02
   9.0158219e-03
   6.0552503e-03
   4.3650653e-02
   1.8344088e-02
   9.5387287e-03
   5.8160536e-03
   4.3062307e-02
   1.9251393e-02
   1.1757024e-02
   4.3241298e-03
   7.0334479e-02
   4.6039630e-02
   1.2514681e-02
   5.3060530e-03
   6.8937011e-02
   3.6676604e-02
   1.2843478e-02
   7.0843571e-03
   6.6832691e-02
   1.7485166e-02
   1.1359841e-02
   6.1509982e-03
   6.6589162e-02
   2.2546301e-02
   2.2228576e-02
   6.0174465e-03
   2.0960707e-02
   2.8190432e-02
   2.1756528e-02
   4.2775236e-03
   2.2932068e-02
   1.9597083e-02
   8.1074275e-03
   6.8844701e-03
   2.0788088e-02
   1.7439006e-02
   9.7245565e-03
   5.4786117e-03
   1.8370211e-02
   2.0005090e-02
   1.9058514e-02
   1.0133442e-02
   9.5430799e-03
   2.1133514e-02
   1.3610071e-02
   4.4271569e-03
   1.0762275e-02
   1.8014256e-02
   5.5049346e-03
   6.2738969e-03
   8.6893141e-03
   1.4945100e-02
   7.9602888e-03
   6.0624089e-03
   6.3999621e-03
   1.7387174e-02
   1.1493755e-02
   9.8235738e-03
   1.1992550e-02
   1.7570123e-02
   7.7782124e-03
   4.6604602e-03
   1.3081235e-02
   1.6024053e-02
   5.8863750e-03
   4.9147429e-03
   9.2145996e-03
   1.5792156e-02
   7.0170150e-03
   6.8225423e-03
   6.5999143e-03
   1.6224004e-02
   1.4753085e-02
   1.8719874e-02
   2.0192776e-02
   1.1850918e-02
   4.9619842e-03
   5.8765314e-03
   9.0900259e-03
   1.2518519e-02
   5.0882762e-03
   7.2622178e-03
   9.4084805e-03
   1.2121155e-02
   6.1851535e-03
   9.6719135e-03
   6.2214136e-03
   1.0253377e-02
   1.2226744e-02
   9.6802777e-03
   1.2122290e-02
   1.5355517e-02
   4.9482570e-03
   5.6870901e-03
   1.3322018e-02
   1.6978245e-02
   4.5600184e-03
   7.4229892e-03
   7.6413392e-03
   1.1950756e-02
   5.6364862e-03
   7.5543118e-03
   5.4030144e-03
   1.0799141e-02
   7.1845581e-03
   4.2952988e-03
   1.5292085e-02
   3.9271425e-02
   4.4877985e-03
   5.2708979e-03
   1.8061716e-02
   3.9728668e-02
   6.5067299e-03
   6.1804908e-03
   1.2168925e-02
   1.3780508e-02
   4.9306164e-03
   6.9955396e-03
   1.0098940e-02
   1.2194267e-02
   1.0080762e-02
   3.3501987e-03
   7.6803155e-02
   7.1587056e-02
   8.7645389e-03
   5.9599485e-03
   7.0102543e-02
   6.8017572e-02
   1.3414418e-02
   7.7051292e-03
   7.3127612e-02
   1.7335994e-02
   8.7479521e-03
   7.5789271e-03
   6.9458462e-02
   1.7090432e-02
   1.5067278e-02
   3.7458667e-03
   1.1603886e-01
   3.3565745e-02
   2.6270533e-02
   6.1603966e-03
   1.1146912e-01
   3.2998789e-02
   2.4170725e-02
   8.9791063e-03
   1.1684378e-01
   2.1187495e-02
   1.6884213e-02
   5.1426804e-03
   1.0872205e-01
   2.3471372e-02
   3.9947599e-02
   1.0176117e-02
   3.0045774e-02
   2.6821073e-02
   4.9107149e-02
   5.5000358e-03
   3.3242315e-02
   2.2964269e-02
   1.3415351e-02
   9.0196533e-03
   3.5339262e-02
   1.5313569e-02
   9.6173603e-03
   6.5035233e-03
   2.7691953e-02
   1.6442336e-02
   3.4645244e-02
   2.2383094e-02
   9.7911246e-03
   2.2314630e-02
   2.6581608e-02
   5.0514638e-03
   1.2725988e-02
   1.8224394e-02
   4.7639902e-03
   7.9710130e-03
   1.1607222e-02
   1.0440612e-02
   5.5103214e-03
   7.3084775e-03
   6.1242515e-03
   1.0483902e-02
   1.3162050e-02
   1.8550985e-02
   1.3771464e-02
   1.4185610e-02
   7.4747498e-03
   4.4317483e-03
   9.6720681e-03
   1.1212092e-02
   4.0375199e-03
   6.3245161e-03
   1.0380200e-02
   1.3049275e-02
   4.3099825e-03
   7.0992890e-03
   5.6575644e-03
   1.0022965e-02
