   3.3939432e-02
   3.9037138e-02
   5.2656453e-02
   1.2502038e-02
   6.9947422e-02
   1.0060645e-01
   5.0899334e-02
   1.2246210e-02
   8.2069159e-02
   1.1792316e-01
   7.6977924e-02
   1.0753764e-02
   6.1783474e-02
   1.2407503e-01
   1.1299024e-01
   2.9968230e-02
   6.0904872e-02
   4.4636112e-02
   3.9800797e-02
   1.2621825e-02
   8.7648034e-02
   1.0488213e-01
   2.5634272e-02
   1.1461415e-02
   4.8877992e-02
   6.0450915e-02
   3.4980468e-02
   1.0149140e-02
   3.9638177e-02
   5.3899962e-02
   5.2879315e-02
   1.7093951e-02
   1.0278460e-01
   9.9999256e-02
   3.3398010e-02
   1.2699637e-02
   5.0598942e-02
   1.0551179e-01
   1.4275873e-02
   1.1238118e-02
   4.2235021e-02
   3.8534120e-02
   1.3277266e-02
   1.0137996e-02
   2.8353304e-02
   1.6717970e-02
   2.3451099e-02
   1.0623518e-02
   6.2079482e-02
   1.3973552e-01
   4.0191509e-02
   1.3831422e-02
   4.1734070e-02
   8.4250502e-02
   2.5288356e-02
   1.2818325e-02
   4.4427123e-02
   4.6209514e-02
   2.6168451e-02
   1.2392412e-02
   2.7090413e-02
   1.7279278e-02
   3.8234919e-02
   9.8966341e-03
   3.9362710e-02
   6.9181062e-02
   6.2741011e-02
   1.6446177e-02
   5.1361419e-02
   7.3230751e-02
   5.1074971e-02
   1.6433328e-02
   5.5503178e-02
   5.8136672e-02
   5.0296105e-02
   1.5701655e-02
   3.1670392e-02
   2.8512949e-02
   3.8113832e-02
   1.1846534e-02
   3.3579703e-02
   4.0963639e-02
   5.4132264e-02
   1.7100450e-02
   4.0761948e-02
   5.8492586e-02
   2.7902110e-02
   1.3110871e-02
   4.5584191e-02
   5.2281111e-02
   2.4199734e-02
   1.2028962e-02
   3.9493646e-02
   3.7690844e-02
   2.0685183e-02
   8.7122023e-03
   3.1897940e-02
   3.4154557e-02
   3.7565369e-02
   1.5709953e-02
   3.6205877e-02
   4.7294382e-02
   1.6914079e-02
   1.1799715e-02
   5.2714366e-02
   6.5256812e-02
   1.4575365e-02
   1.0211013e-02
   8.1962712e-02
   2.8472429e-02
   1.6533090e-02
   8.0019264e-03
   3.1553257e-02
   3.5233751e-02
   4.0723730e-02
   1.3109620e-02
   4.0114485e-02
   6.2552102e-02
   2.8345309e-02
   1.1791973e-02
   9.2196219e-02
   1.0138430e-01
   3.6160935e-02
   1.0213424e-02
   7.4216709e-02
   5.5682626e-02
   5.0211396e-02
   1.4618004e-02
   4.2153079e-02
   4.3856226e-02
   6.3685656e-02
   9.0419678e-03
   1.0295235e-01
   1.4104576e-01
   7.4978344e-02
   7.8582466e-03
   1.2228573e-01
   1.6524640e-01
   1.2191182e-01
   8.7534776e-03
   7.3363304e-02
   1.8657053e-01
   1.5398437e-01
   4.5827288e-02
   9.5937572e-02
   5.4044735e-02
   4.4389687e-02
   7.5087883e-03
   1.4009680e-01
   1.4534964e-01
   3.5185859e-02
   7.5624306e-03
   4.8921473e-02
   8.1335515e-02
   5.2821305e-02
   7.6574166e-03
   4.2915441e-02
   7.7723183e-02
   7.4536659e-02
   2.4342917e-02
   1.7130397e-01
   1.1285602e-01
   3.5746846e-02
   7.5063561e-03
   7.5209379e-02
   1.3602178e-01
   1.4327812e-02
   8.2049659e-03
   4.0173825e-02
   4.7775868e-02
   1.2759444e-02
   6.9781207e-03
   2.7994944e-02
   2.1276653e-02
   3.3660144e-02
   1.2813576e-02
   9.9608570e-02
   1.2716979e-01
   4.3531582e-02
   9.0411790e-03
   4.9465235e-02
   9.1900192e-02
   3.1973917e-02
   9.5824124e-03
   4.7987480e-02
   5.3684738e-02
   3.3599284e-02
   9.2106797e-03
   2.7416417e-02
   2.3647724e-02
   6.1916385e-02
   1.0563207e-02
   4.9950294e-02
   7.2167754e-02
   6.9772460e-02
   1.3696006e-02
   5.5807285e-02
   8.4636554e-02
   7.3496357e-02
   1.3835028e-02
   6.5843731e-02
   6.2743701e-02
   7.1814843e-02
   1.3621333e-02
   3.2527525e-02
   4.3209013e-02
   5.9249483e-02
   1.2059389e-02
   3.9853998e-02
   4.9734324e-02
   6.2044844e-02
   1.6006876e-02
   4.3991238e-02
   7.2768711e-02
   3.5662383e-02
   1.0960794e-02
   5.4995134e-02
   6.1917033e-02
   3.1236604e-02
   9.5161228e-03
   5.3079117e-02
   5.7762507e-02
   2.7041394e-02
   7.5891814e-03
   3.3844110e-02
   3.9486960e-02
   4.0627111e-02
   1.4100203e-02
   3.5029799e-02
   5.9093934e-02
   1.7062960e-02
   8.3738659e-03
   7.4964106e-02
   9.2431016e-02
   1.4886091e-02
   7.1750577e-03
   1.3000391e-01
   4.0858276e-02
   2.0161428e-02
   7.8190127e-03
   3.4040008e-02
   3.9092615e-02
   4.7690935e-02
   8.6209206e-03
   4.1338045e-02
   8.3834238e-02
   4.0178895e-02
   8.2296440e-03
   1.4883280e-01
   1.4131407e-01
   5.5306792e-02
   7.3830415e-03
   1.0886482e-01
   8.1448190e-02
   6.7513607e-02
   1.9739952e-02
   7.3845245e-02
   5.0968125e-02
   8.1423275e-02
   9.6430760e-03
   1.6960262e-01
   8.9970484e-02
   4.3618463e-02
   5.3886874e-03
   1.8403076e-01
   1.2378432e-01
   5.0499260e-02
   8.2205236e-03
   1.1946663e-01
   2.9292890e-01
   2.2795878e-01
   8.3571896e-02
   1.6308171e-01
   4.6592910e-02
   5.1627699e-02
   7.6936753e-03
   2.3447070e-01
   1.2466148e-01
   2.8311551e-02
   6.2451456e-03
   8.1324294e-02
   6.6857897e-02
   2.7846515e-02
   6.5933666e-03
   6.9058657e-02
   1.1525640e-01
   1.0778096e-01
   3.9702244e-02
   2.7924731e-01
   6.1918277e-02
   4.3840483e-02
   6.9715516e-03
   1.3065331e-01
   9.7226650e-02
   1.8465286e-02
   6.8893773e-03
   6.2586851e-02
   4.5789968e-02
   1.2649356e-02
   6.0825958e-03
   4.6305988e-02
   2.3289837e-02
   4.6481133e-02
   1.4476595e-02
   1.3659629e-01
   8.2679234e-02
   5.7786152e-02
   9.0256687e-03
   6.8510056e-02
   6.7051046e-02
   4.4471778e-02
   1.0922235e-02
   6.3581541e-02
   5.1029917e-02
   4.7114469e-02
   1.0605761e-02
   4.7534753e-02
   2.7348708e-02
   9.2061274e-02
   1.3594944e-02
   6.3757718e-02
   7.8172274e-02
   9.3752503e-02
   1.6701613e-02
   6.2952995e-02
   9.7009294e-02
   1.0579247e-01
   2.0684764e-02
   7.7983089e-02
   7.1413800e-02
   1.0612357e-01
   1.9503536e-02
   4.8466008e-02
   5.7809200e-02
   8.3720751e-02
   1.8062977e-02
   6.0924888e-02
   4.5280196e-02
   8.2308657e-02
   1.9371932e-02
   6.0071234e-02
   7.0587747e-02
   5.0258301e-02
   1.2100157e-02
   7.6175064e-02
   5.7986140e-02
   4.6460189e-02
   1.0053924e-02
   8.2622953e-02
   7.9534501e-02
   3.5818443e-02
   9.0375161e-03
   5.4841854e-02
   4.2512298e-02
   5.4604314e-02
   1.5255203e-02
   5.3228714e-02
   6.5126382e-02
   1.9064792e-02
   6.6936365e-03
   1.0964485e-01
   7.9310380e-02
   1.3308679e-02
   5.9193578e-03
   2.0732982e-01
   5.3053271e-02
   2.6124738e-02
   8.6585963e-03
   5.8031775e-02
   4.9941208e-02
   6.5552697e-02
   7.9841185e-03
   7.2698548e-02
   5.7792872e-02
   2.9320734e-02
   5.4624383e-03
   2.1562190e-01
   1.2254269e-01
   2.4022352e-02
   6.0502100e-03
   1.7641401e-01
   1.1920025e-01
   9.9581599e-02
   3.4432348e-02
   8.9325264e-02
   5.1432777e-02
   1.1159158e-01
   1.7300606e-02
   1.9896394e-01
   4.1867778e-02
   3.9441507e-02
   4.8027919e-03
   2.0556255e-01
   1.0249484e-01
   6.1219927e-02
   1.0334328e-02
   1.2912394e-01
   1.6698855e-01
   1.5704907e-01
   6.9674812e-02
   1.5078294e-01
   4.5986187e-02
   7.3870264e-02
   8.9461282e-03
   2.4286519e-01
   6.4679727e-02
   2.8403835e-02
   5.6545092e-03
   9.4207361e-02
   5.3511847e-02
   3.5967745e-02
   7.9121096e-03
   9.7079419e-02
   6.9359869e-02
   7.6023445e-02
   3.6355160e-02
   1.7189591e-01
   5.2484259e-02
   6.1763428e-02
   9.5316414e-03
   1.1360444e-01
   4.6320628e-02
   2.8427074e-02
   6.1050132e-03
   7.6662786e-02
   2.9313784e-02
   1.3360482e-02
   5.2285790e-03
   7.4480161e-02
   2.4498675e-02
   5.9274584e-02
   1.8448109e-02
   7.9986930e-02
   9.9602073e-02
   8.9119755e-02
   1.8044502e-02
   6.0461011e-02
   4.3220993e-02
   5.9715532e-02
   2.2291243e-02
   5.8396950e-02
   3.5387743e-02
   5.0471436e-02
   1.9561600e-02
   6.5613367e-02
   2.2161141e-02
   1.1211276e-01
   2.3645734e-02
   7.2558701e-02
   8.5801624e-02
   1.1586187e-01
   3.3419285e-02
   9.0503804e-02
   7.0856847e-02
   1.1244158e-01
   4.5832261e-02
   1.0874102e-01
   6.7057125e-02
   1.0979196e-01
   3.9052084e-02
   6.7536987e-02
   6.2561408e-02
   9.6454300e-02
   4.1773535e-02
   5.8533281e-02
   3.6473047e-02
   1.2389401e-01
   3.2235846e-02
   5.7262044e-02
   4.8124216e-02
   6.2026277e-02
   2.0607229e-02
   7.1547769e-02
   4.6330210e-02
   5.2716613e-02
   2.0279849e-02
   8.2207352e-02
   9.0367727e-02
   3.6243677e-02
   1.8580195e-02
   7.8074649e-02
   3.4221102e-02
   8.7323464e-02
   1.9586628e-02
   7.6809235e-02
   4.7294490e-02
   3.2611560e-02
   5.1382980e-03
   9.2522912e-02
   4.9832396e-02
   1.6589351e-02
   7.1679647e-03
   2.0305537e-01
   5.5390593e-02
   2.8989980e-02
   1.3880954e-02
   7.9949953e-02
   5.8759607e-02
   1.0138618e-01
   1.0752013e-02
   8.7298460e-02
   3.3819165e-02
   3.7514169e-02
   5.3745280e-03
   2.0449665e-01
   7.3799588e-02
   2.7872991e-02
   7.7918340e-03
   1.8524888e-01
   7.0119396e-02
   7.2745375e-02
   3.1167975e-02
