   1.4539838e-02
   1.7637504e-02
   1.8658567e-02
   1.7396180e-02
   1.1065464e-02
   1.7164258e-02
   1.6768396e-02
   2.6464142e-02
   1.0835718e-02
   1.7717389e-02
   1.5360120e-02
   2.4991700e-02
   1.4910266e-02
   1.5026498e-02
   1.5457551e-02
   2.5765933e-02
   1.4135350e-02
   1.6445341e-02
   1.5813693e-02
   1.7305868e-02
   1.1151901e-02
   1.3071341e-02
   1.2005968e-02
   2.3989027e-02
   1.1412992e-02
   1.3769986e-02
   1.3779856e-02
   2.4839159e-02
   1.4315167e-02
   1.4226131e-02
   1.5162384e-02
   2.4646698e-02
   1.3865034e-02
   1.6195346e-02
   1.4362771e-02
   1.6748885e-02
   1.0979185e-02
   1.1660699e-02
   1.0978348e-02
   2.3069115e-02
   1.1881655e-02
   1.2398614e-02
   1.3833961e-02
   2.4709558e-02
   1.4399281e-02
   1.4625880e-02
   1.5227801e-02
   2.3764353e-02
   1.5466823e-02
   1.8562561e-02
   1.5586561e-02
   1.8035013e-02
   1.1256950e-02
   1.4990029e-02
   1.3507544e-02
   2.4385704e-02
   1.2443529e-02
   1.4199729e-02
   1.4004701e-02
   2.7706044e-02
   1.5067429e-02
   1.5577812e-02
   1.6380552e-02
   2.5392944e-02
   1.6797103e-02
   2.1800924e-02
   1.8696098e-02
   1.9941144e-02
   1.3031730e-02
   2.2779102e-02
   1.8359980e-02
   2.4746997e-02
   1.3732008e-02
   1.7686687e-02
   1.4544210e-02
   2.9557223e-02
   1.6144866e-02
   1.5456859e-02
   1.7294886e-02
   2.6407955e-02
   1.5315679e-02
   1.8210396e-02
   1.6658561e-02
   1.9727431e-02
   1.1355749e-02
   1.5596878e-02
   1.4021242e-02
   2.8030472e-02
   1.2290790e-02
   1.4049386e-02
   1.3560995e-02
   2.8290039e-02
   1.5486445e-02
   1.4694462e-02
   1.6464047e-02
   2.4736248e-02
   1.5005568e-02
   1.5923604e-02
   1.7256809e-02
   1.9310622e-02
   1.0809536e-02
   1.1975680e-02
   1.1590857e-02
   3.0154794e-02
   1.1298613e-02
   1.2359336e-02
   1.3815125e-02
   2.7247110e-02
   1.4985553e-02
   1.4407859e-02
   1.5572116e-02
   2.4016196e-02
   1.4941746e-02
   1.6665045e-02
   1.7151143e-02
   1.7979641e-02
   1.0592041e-02
   1.3603576e-02
   1.3739449e-02
   2.7646987e-02
   1.1007631e-02
   1.4112911e-02
   1.4265004e-02
   2.5782885e-02
   1.4500132e-02
   1.4355532e-02
   1.5647113e-02
   2.3545014e-02
   1.0090836e-02
   2.1210738e-02
   2.4346869e-02
   1.2830367e-02
   8.3699413e-03
   2.3275737e-02
   2.7537873e-02
   2.7082056e-02
   8.4192073e-03
   1.8757975e-02
   1.5112883e-02
   2.3269599e-02
   1.0401522e-02
   1.1621599e-02
   1.1508562e-02
   1.5596241e-02
   1.0592634e-02
   1.6339222e-02
   1.5783204e-02
   1.2412277e-02
   8.5088471e-03
   1.4966101e-02
   1.5774317e-02
   2.1030335e-02
   9.0317409e-03
   1.3405795e-02
   1.2586339e-02
   2.1337973e-02
   1.0530150e-02
   1.0424436e-02
   1.1153679e-02
   1.4558439e-02
   1.1587823e-02
   1.4633460e-02
   1.2778077e-02
   1.1994218e-02
   8.9407377e-03
   1.0767685e-02
   1.1376436e-02
   1.9995334e-02
   9.2298491e-03
   1.0627426e-02
   1.2585714e-02
   2.3396272e-02
   1.1068843e-02
   1.1162643e-02
   1.1959481e-02
   1.4929520e-02
   1.2275994e-02
   1.8359968e-02
   1.5002075e-02
   1.3149546e-02
   9.9818651e-03
   1.6096283e-02
   1.4474831e-02
   2.2351660e-02
   1.0881276e-02
   1.3500220e-02
   1.1816835e-02
   2.6343916e-02
   1.1559693e-02
   1.1927263e-02
   1.2979756e-02
   1.6810922e-02
   1.4752788e-02
   2.4263682e-02
   1.9594418e-02
   1.5233798e-02
   1.2405100e-02
   2.9042607e-02
   2.1415001e-02
   2.3100348e-02
   1.2211275e-02
   1.9326335e-02
   1.3251034e-02
   2.8147895e-02
   1.2918427e-02
   1.3244651e-02
   1.4133847e-02
   1.7461935e-02
   1.2380724e-02
   1.7317152e-02
   1.5331156e-02
   1.4684245e-02
   9.7042182e-03
   1.7199159e-02
   1.4929638e-02
   2.3730507e-02
   1.0285152e-02
   1.4161126e-02
   1.1633092e-02
   2.6076794e-02
   1.1481497e-02
   1.2597112e-02
   1.2642554e-02
   1.6311141e-02
   1.1799360e-02
   1.5062151e-02
   1.6658770e-02
   1.2580548e-02
   8.0232592e-03
   1.1877387e-02
   1.3512149e-02
   2.9119752e-02
   9.0965908e-03
   1.0292158e-02
   1.2009776e-02
   2.4414528e-02
   1.1315868e-02
   1.1344393e-02
   1.2513337e-02
   1.6220020e-02
   1.0375695e-02
   1.6903287e-02
   1.8484903e-02
   1.2366689e-02
   8.1558907e-03
   1.5606365e-02
   1.8175669e-02
   2.8875681e-02
   8.2713384e-03
   1.3251726e-02
   1.3533252e-02
   2.1779750e-02
   1.0445250e-02
   1.0523061e-02
   1.1796881e-02
   1.4621647e-02
   8.3849244e-03
   2.7524000e-02
   3.7384458e-02
   9.4232420e-03
   7.3290905e-03
   3.5860028e-02
   5.1284898e-02
   3.0395791e-02
   6.5398468e-03
   1.8791493e-02
   1.7533159e-02
   2.8220745e-02
   8.1045199e-03
   8.7078065e-03
   1.0230999e-02
   1.2115510e-02
   8.0154510e-03
   1.6867904e-02
   1.8790066e-02
   8.6054876e-03
   9.1075627e-03
   1.9885015e-02
   2.3343787e-02
   2.1257045e-02
   6.7002471e-03
   1.3747528e-02
   1.2945521e-02
   2.5127575e-02
   7.7371518e-03
   7.5647337e-03
   1.0838199e-02
   1.0243756e-02
   7.9646707e-03
   1.4938604e-02
   1.3621387e-02
   8.7940190e-03
   9.0112016e-03
   1.2011112e-02
   1.3698072e-02
   2.0567674e-02
   7.5213900e-03
   1.1431403e-02
   1.2766096e-02
   2.4496583e-02
   8.0374787e-03
   8.8718720e-03
   9.3773399e-03
   1.0886136e-02
   9.1867046e-03
   2.1895651e-02
   1.5402686e-02
   1.0030591e-02
   9.2044733e-03
   2.0381838e-02
   1.7319148e-02
   2.1945594e-02
   9.1025252e-03
   1.4390721e-02
   1.0533758e-02
   2.9434893e-02
   8.8263052e-03
   1.0465352e-02
   9.7642867e-03
   1.2961389e-02
   1.1239526e-02
   3.2946378e-02
   2.2987302e-02
   1.1880111e-02
   1.1485915e-02
   4.3103997e-02
   3.1589527e-02
   2.6124515e-02
   1.1851427e-02
   2.4725974e-02
   1.2776856e-02
   3.2522868e-02
   1.1242196e-02
   1.2904469e-02
   1.2724548e-02
   1.5493233e-02
   9.5406072e-03
   1.9970208e-02
   1.6432272e-02
   1.0479572e-02
   7.9864087e-03
   2.0993900e-02
   1.9293802e-02
   2.3934461e-02
   1.0530275e-02
   1.4722329e-02
   1.0829645e-02
   2.4979385e-02
   9.7489581e-03
   9.7543932e-03
   1.0622559e-02
   1.0940679e-02
   9.4435094e-03
   1.5119648e-02
   1.6719462e-02
   9.2838714e-03
   7.2314562e-03
   1.1633464e-02
   1.6852118e-02
   2.3862718e-02
   8.9654271e-03
   1.1618713e-02
   1.1822954e-02
   2.1049198e-02
   8.8503119e-03
   7.8678010e-03
   1.0442166e-02
   1.0491990e-02
   8.6087156e-03
   1.7630532e-02
   2.2381525e-02
   8.6674374e-03
   7.1886126e-03
   1.9084137e-02
   2.8534727e-02
   2.2523159e-02
   7.2951410e-03
   1.4340407e-02
   1.6697448e-02
   2.2348106e-02
   7.1422388e-03
   7.5009195e-03
   9.7274464e-03
   1.1275273e-02
   5.4071164e-03
   2.5616974e-02
   3.6334153e-02
   1.0386074e-02
   6.5871109e-03
   3.8188953e-02
   6.2449507e-02
   2.7083009e-02
   6.5692998e-03
   2.4116764e-02
   2.2057705e-02
   3.3922508e-02
   8.9854682e-03
   8.2494561e-03
   8.3553167e-03
   1.1315024e-02
   5.3986404e-03
   1.5506276e-02
   2.2279082e-02
   9.8114982e-03
   5.8444510e-03
   1.7893281e-02
   2.6279490e-02
   2.1671105e-02
   5.0799251e-03
   1.5244373e-02
   1.5020525e-02
   2.6768504e-02
   6.8630544e-03
   5.1749651e-03
   1.0930174e-02
   9.3267700e-03
   8.4487209e-03
   1.5483648e-02
   1.5393905e-02
   8.4771076e-03
   6.0758069e-03
   1.0388508e-02
   1.3814346e-02
   2.2906324e-02
   6.1870003e-03
   1.2022512e-02
   1.3861283e-02
   2.0008786e-02
   7.6816306e-03
   6.9238720e-03
   7.8196786e-03
   7.8218002e-03
   9.5773796e-03
   2.3747558e-02
   1.2766096e-02
   9.5451670e-03
   8.9153079e-03
   2.5793925e-02
   1.7913757e-02
   2.7191954e-02
   8.8991309e-03
   2.1218911e-02
   1.3041923e-02
   3.4031149e-02
   9.0944357e-03
   8.2742684e-03
   9.3492307e-03
   1.2321884e-02
   1.2403939e-02
   4.0134151e-02
   2.4105052e-02
   1.4837870e-02
   1.5620706e-02
   6.7805611e-02
   3.5905089e-02
   4.7128830e-02
   1.5986102e-02
   3.8525391e-02
   1.9881960e-02
   4.6185572e-02
   1.5690975e-02
   9.0421159e-03
   1.1077655e-02
   1.6903173e-02
   9.0541160e-03
   2.2959407e-02
   1.5800351e-02
   9.0129320e-03
   8.4446212e-03
   3.0713761e-02
   1.9895257e-02
   3.3026945e-02
   9.0778321e-03
   2.0709906e-02
   1.3917048e-02
   3.1006489e-02
   9.3823159e-03
   9.6854847e-03
   7.2919233e-03
   1.0888482e-02
   8.8110166e-03
   1.5674923e-02
   1.6397282e-02
   7.6459805e-03
   5.6293160e-03
   7.4151373e-03
   1.4623157e-02
   2.2143496e-02
   5.7399864e-03
   9.5930109e-03
   1.1306847e-02
   2.6585992e-02
   6.6768108e-03
   7.5839441e-03
   7.1862410e-03
   9.4957976e-03
   7.0682629e-03
   1.6195618e-02
   2.0870561e-02
   6.6883867e-03
   6.4278091e-03
   2.0651395e-02
   3.3378143e-02
   1.7585944e-02
   7.1984618e-03
   1.4186058e-02
   1.8921526e-02
   2.9019719e-02
   7.3653124e-03
   5.6309705e-03
   6.7023761e-03
   1.0260090e-02
