   3.3635784e-02
   4.7412235e-02
   3.1372771e-02
   1.7271232e-02
   3.1983312e-02
   4.1994449e-02
   5.2632391e-02
   1.7853593e-02
   2.9151207e-02
   1.7702416e-02
   3.7171464e-02
   1.8024154e-02
   3.2822143e-02
   2.5696723e-02
   2.0193212e-02
   1.7753959e-02
   3.2275513e-02
   4.2788815e-02
   2.9532859e-02
   1.7127264e-02
   3.0624332e-02
   3.8578860e-02
   4.1105323e-02
   1.6998086e-02
   2.7514255e-02
   1.7081210e-02
   2.7582439e-02
   1.6686596e-02
   3.3284675e-02
   2.1057684e-02
   1.8389119e-02
   1.6055323e-02
   3.2932058e-02
   4.1698862e-02
   2.6752174e-02
   1.7458038e-02
   2.8674183e-02
   3.8704213e-02
   3.5045698e-02
   1.8769011e-02
   2.7663594e-02
   1.8709984e-02
   2.5260130e-02
   1.7097717e-02
   3.4971036e-02
   1.9201731e-02
   1.8820584e-02
   1.7470231e-02
   3.7303060e-02
   4.9289580e-02
   4.0090919e-02
   1.8868631e-02
   3.0977694e-02
   4.4296231e-02
   4.8457604e-02
   2.2861501e-02
   3.1100817e-02
   2.2538641e-02
   4.1404270e-02
   2.4769703e-02
   3.6554985e-02
   2.1508629e-02
   3.0902898e-02
   2.6127130e-02
   4.9664464e-02
   1.0524815e-01
   4.8263948e-02
   2.5883043e-02
   6.9918588e-02
   8.1383832e-02
   5.5827077e-02
   2.2890812e-02
   9.6219547e-02
   4.8444238e-02
   5.2159138e-02
   2.7964745e-02
   1.2680362e-01
   3.6674805e-02
   4.2965367e-02
   2.7830843e-02
   1.0701334e-01
   1.4312361e-01
   3.3099085e-02
   2.7488397e-02
   1.4027128e-01
   9.8346643e-02
   4.1341078e-02
   2.8159421e-02
   1.6308038e-01
   5.1374111e-02
   3.5543021e-02
   2.7024638e-02
   1.6879129e-01
   3.5433240e-02
   2.6365535e-02
   2.8230518e-02
   8.5681222e-02
   6.0858943e-02
   2.4645485e-02
   2.0321047e-02
   7.3380135e-02
   4.7178026e-02
   3.6709335e-02
   2.3518298e-02
   6.3896433e-02
   2.2074459e-02
   2.4278374e-02
   2.0094100e-02
   5.5146847e-02
   2.4147592e-02
   1.8193252e-02
   2.3670459e-02
   3.7086278e-02
   4.3121647e-02
   2.5811924e-02
   1.8732453e-02
   3.2224834e-02
   3.9696719e-02
   4.0536512e-02
   1.9396788e-02
   3.1488299e-02
   1.8502431e-02
   2.6831331e-02
   1.7289819e-02
   3.2170817e-02
   2.4661897e-02
   1.7777391e-02
   1.6604945e-02
   3.7439164e-02
   4.9567953e-02
   3.3685468e-02
   1.0697454e-02
   3.5534918e-02
   4.4476394e-02
   4.5895204e-02
   1.5797043e-02
   3.2060005e-02
   1.8513791e-02
   4.2121682e-02
   1.4209918e-02
   2.9502342e-02
   3.1164156e-02
   2.4700839e-02
   1.5139144e-02
   3.6260355e-02
   4.2665843e-02
   3.0091353e-02
   1.1515449e-02
   3.3695288e-02
   3.9447758e-02
   4.1359376e-02
   1.4772790e-02
   2.9140657e-02
   1.7868124e-02
   3.1272564e-02
   1.3436996e-02
   2.6100768e-02
   2.4809014e-02
   2.0337202e-02
   1.3325066e-02
   4.0309485e-02
   4.2977042e-02
   3.0702073e-02
   1.1587587e-02
   3.4382001e-02
   4.3049708e-02
   3.5569921e-02
   1.8177304e-02
   3.2452639e-02
   1.8812288e-02
   2.9760186e-02
   1.4528965e-02
   2.7640022e-02
   2.0943725e-02
   1.7223634e-02
   1.5646955e-02
   4.6621591e-02
   5.0070137e-02
   5.0766665e-02
   1.3057945e-02
   4.2994849e-02
   4.8652530e-02
   5.7882391e-02
   2.1590021e-02
   4.3396801e-02
   2.4368700e-02
   4.9974132e-02
   2.6631733e-02
   4.3485329e-02
   2.3044692e-02
   3.8524847e-02
   2.7629750e-02
   7.7314228e-02
   8.9499414e-02
   5.8837883e-02
   2.4393953e-02
   1.1038630e-01
   6.9044009e-02
   7.3824726e-02
   1.9304663e-02
   1.4807013e-01
   4.2862281e-02
   5.3671323e-02
   3.2789715e-02
   1.6813627e-01
   4.1634526e-02
   5.6567922e-02
   3.1880800e-02
   1.7625532e-01
   1.2495476e-01
   3.6857463e-02
   2.5727147e-02
   2.3458333e-01
   7.7320166e-02
   5.3088564e-02
   2.2389110e-02
   2.5775945e-01
   4.4029940e-02
   3.9187957e-02
   2.9442163e-02
   2.3233381e-01
   3.8849831e-02
   2.7560594e-02
   3.3919562e-02
   1.3591091e-01
   6.3532472e-02
   2.5193902e-02
   1.4039854e-02
   1.2332896e-01
   4.5624789e-02
   3.8180348e-02
   2.0659721e-02
   1.0296049e-01
   2.1419901e-02
   2.8077804e-02
   1.9321563e-02
   8.1881627e-02
   2.3334164e-02
   1.9081889e-02
   2.7850622e-02
   5.1176313e-02
   4.8611231e-02
   2.7042164e-02
   1.1048681e-02
   4.2712785e-02
   4.2511806e-02
   3.9436154e-02
   1.8650763e-02
   3.8102236e-02
   1.7747147e-02
   3.2554094e-02
   1.3817682e-02
   3.2874860e-02
   2.7322860e-02
   1.9149743e-02
   1.4905905e-02
   5.9901398e-02
   4.6050534e-02
   3.7442867e-02
   8.4775006e-03
   5.0062682e-02
   5.1452935e-02
   5.5489209e-02
   1.1963820e-02
   4.8594769e-02
   2.3125790e-02
   4.5727309e-02
   1.4437336e-02
   3.8638715e-02
   3.6944617e-02
   2.7848689e-02
   1.8513393e-02
   5.4666176e-02
   3.9436419e-02
   3.8701545e-02
   8.6757997e-03
   5.2533168e-02
   4.9507264e-02
   5.9547704e-02
   1.1987185e-02
   4.6394926e-02
   2.2469049e-02
   3.8317975e-02
   1.4272726e-02
   3.2224681e-02
   3.1540882e-02
   2.4165478e-02
   1.6415318e-02
   6.7389920e-02
   4.2992454e-02
   4.2608749e-02
   1.0434310e-02
   5.5515263e-02
   5.3605106e-02
   4.3832690e-02
   1.4772221e-02
   4.9222361e-02
   2.2485841e-02
   4.9014609e-02
   1.8876679e-02
   4.3198962e-02
   2.2060074e-02
   1.9328989e-02
   1.9145820e-02
   6.9669612e-02
   4.6322204e-02
   7.7171281e-02
   1.2507338e-02
   6.9468625e-02
   5.4805953e-02
   8.1549935e-02
   1.7008301e-02
   6.3333392e-02
   2.9920518e-02
   6.9745563e-02
   3.9064985e-02
   5.6481913e-02
   2.4301376e-02
   4.8570585e-02
   3.7937336e-02
   1.0204995e-01
   8.0478527e-02
   9.2037149e-02
   3.1134345e-02
   1.0529134e-01
   7.3879652e-02
   1.0770606e-01
   1.6137810e-02
   1.1468729e-01
   6.1438490e-02
   6.8407506e-02
   4.1909359e-02
   1.2076455e-01
   5.7265777e-02
   7.9025462e-02
   4.3363843e-02
   2.5788766e-01
   7.1737930e-02
   4.9710184e-02
   2.9735988e-02
   2.5977564e-01
   7.3514558e-02
   6.8529367e-02
   1.4021237e-02
   2.3544531e-01
   5.8145426e-02
   5.0550144e-02
   2.5640715e-02
   1.7053327e-01
   5.0291982e-02
   3.7518576e-02
   5.1644463e-02
   2.1516797e-01
   3.8381595e-02
   2.9110482e-02
   1.2513980e-02
   1.6301695e-01
   4.5712754e-02
   4.9711291e-02
   1.2742575e-02
   1.1541318e-01
   1.9754775e-02
   3.0193409e-02
   1.8954668e-02
   8.3979338e-02
   2.5026683e-02
   2.4886407e-02
   4.3071952e-02
   8.6381488e-02
   3.8981292e-02
   3.2286610e-02
   8.2636261e-03
   7.0463687e-02
   4.8629370e-02
   4.3889467e-02
   1.4138813e-02
   5.3262051e-02
   2.1667583e-02
   3.6983680e-02
   1.4622211e-02
   4.6342496e-02
   3.1350698e-02
   2.2008222e-02
   1.9396115e-02
   7.6354340e-02
   4.0640965e-02
   4.1317247e-02
   8.5065272e-03
   5.8716487e-02
   5.9031054e-02
   6.7150220e-02
   9.5754638e-03
   5.3683702e-02
   2.8069900e-02
   7.1444288e-02
   1.5131637e-02
   5.2654624e-02
   2.3629269e-02
   3.9898198e-02
   3.2254115e-02
   7.3168881e-02
   3.4957543e-02
   5.4422975e-02
   9.1553954e-03
   8.1730627e-02
   6.3890740e-02
   6.3654408e-02
   9.6353376e-03
   4.8693202e-02
   3.4397766e-02
   7.0737854e-02
   1.7968699e-02
   3.2846481e-02
   2.9022690e-02
   3.0608861e-02
   1.8725645e-02
   8.6172089e-02
   3.1039922e-02
   7.1609348e-02
   1.0352328e-02
   6.9752209e-02
   6.2767282e-02
   6.9043197e-02
   9.9162189e-03
   4.6558585e-02
   3.3050764e-02
   6.5195277e-02
   2.4708590e-02
   5.3663991e-02
   2.2133088e-02
   3.4341726e-02
   2.6673466e-02
   8.5880764e-02
   4.0183995e-02
   1.2422292e-01
   1.5289417e-02
   7.0409864e-02
   7.0216648e-02
   1.0820905e-01
   1.5569466e-02
   5.3193361e-02
   3.1737536e-02
   1.0603559e-01
   4.8214622e-02
   6.4906850e-02
   2.6954759e-02
   6.2104929e-02
   6.4683035e-02
   7.1534552e-02
   9.1281973e-02
   1.2643822e-01
   4.8803125e-02
   5.4328129e-02
   1.0331553e-01
   1.4324921e-01
   1.8946702e-02
   3.8290575e-02
   9.5094226e-02
   1.1527649e-01
   5.3542856e-02
   6.7813136e-02
   8.8867821e-02
   9.9091820e-02
   7.1767367e-02
   1.6726445e-01
   8.0410615e-02
   6.8914972e-02
   4.1336671e-02
   1.0964762e-01
   8.9991681e-02
   8.9338288e-02
   1.1067564e-02
   6.5293089e-02
   9.3292452e-02
   7.3896788e-02
   2.6177390e-02
   7.3498964e-02
   7.1905233e-02
   4.4571672e-02
   7.4239604e-02
   1.8196142e-01
   3.7333615e-02
   3.8877152e-02
   1.1268350e-02
   1.0665886e-01
   6.1561011e-02
   5.8258794e-02
   9.4080260e-03
   6.5190621e-02
   2.5749678e-02
   4.5083206e-02
   2.2670578e-02
   6.6505268e-02
   2.5725702e-02
   3.4916695e-02
   6.7776971e-02
   9.4626188e-02
   3.9274246e-02
   2.7167581e-02
   8.9129275e-03
   7.2645374e-02
   6.7797735e-02
   5.2619662e-02
   1.0904803e-02
   6.1699212e-02
   2.2466512e-02
   5.2598294e-02
   1.6365469e-02
   5.9681904e-02
   2.0597728e-02
   3.4656905e-02
   2.9378854e-02
