   1.6894381e-02
   1.2890424e-01
   1.5467711e-01
   7.4981369e-02
   9.2974631e-03
   1.6500114e-02
   1.7821154e-02
   3.0483847e-02
   9.7500710e-03
   3.9229351e-03
   1.7341547e-02
   3.1275123e-02
   2.6403459e-02
   1.2731533e-02
   2.5186008e-02
   5.7066541e-02
   1.6127514e-02
   8.8726327e-02
   7.3342003e-02
   5.0601300e-02
   9.0853935e-03
   8.7894453e-03
   1.4389245e-02
   3.0546995e-02
   1.0000562e-02
   3.5962632e-03
   1.6087675e-02
   3.0475914e-02
   2.9633649e-02
   1.3097911e-02
   2.3748387e-02
   5.4330837e-02
   1.5399178e-02
   6.1302770e-02
   4.1618422e-02
   4.0456459e-02
   9.3635079e-03
   4.9145236e-03
   1.3412961e-02
   3.1246703e-02
   1.0270155e-02
   3.5978623e-03
   1.4763074e-02
   2.9403817e-02
   4.7897000e-02
   1.2003384e-02
   2.3515150e-02
   5.3802669e-02
   2.5994377e-02
   7.6402098e-02
   4.8109155e-02
   4.0250454e-02
   9.2998473e-03
   5.4175439e-03
   1.3856414e-02
   2.9895954e-02
   9.8957364e-03
   4.0185871e-03
   1.6653370e-02
   3.0584341e-02
   3.6805127e-02
   1.1546778e-02
   2.5136877e-02
   5.8803342e-02
   2.5051385e-02
   8.9320064e-02
   7.3082939e-02
   4.3289933e-02
   9.3357032e-03
   5.2824873e-03
   2.2906849e-02
   3.0591233e-02
   9.7092688e-03
   4.0967385e-03
   2.8420161e-02
   3.1576399e-02
   2.5952246e-02
   1.1705238e-02
   3.6553383e-02
   6.0768940e-02
   1.6131824e-02
   5.6446895e-02
   5.3557180e-02
   4.5350108e-02
   9.2389993e-03
   4.6971040e-03
   2.0835975e-02
   3.0358655e-02
   9.6148998e-03
   3.8038539e-03
   2.4124682e-02
   5.0191320e-02
   2.4685789e-02
   1.1298032e-02
   3.1907577e-02
   8.2180239e-02
   1.7595667e-02
   7.6847501e-02
   3.9697457e-02
   4.0285964e-02
   9.2943218e-03
   4.9551455e-03
   1.4020384e-02
   3.2065544e-02
   9.7291106e-03
   3.6181533e-03
   1.7195728e-02
   4.5319539e-02
   2.4422264e-02
   1.1331028e-02
   2.3507124e-02
   7.4811608e-02
   1.6533820e-02
   9.9386469e-02
   7.8842796e-02
   5.1980585e-02
   9.3676951e-03
   9.4879121e-03
   1.5767716e-02
   3.1249288e-02
   9.3708718e-03
   3.5836799e-03
   1.7523820e-02
   3.2114606e-02
   2.5466077e-02
   1.1633589e-02
   2.3584995e-02
   5.6253292e-02
   9.5987311e-03
   1.3797951e-01
   1.9657758e-01
   6.3411586e-02
   5.6739477e-03
   1.9266494e-02
   2.0760909e-02
   1.8509859e-02
   6.9515626e-03
   2.9623692e-03
   1.9696491e-02
   1.7513497e-02
   1.6272400e-02
   8.3610388e-03
   1.8222285e-02
   3.8395502e-02
   8.1642168e-03
   9.9208653e-02
   8.3984092e-02
   3.4875546e-02
   5.2869758e-03
   9.3706725e-03
   1.3642981e-02
   1.8064793e-02
   6.6976482e-03
   2.8509772e-03
   1.7200127e-02
   1.6972005e-02
   1.9477395e-02
   9.3053607e-03
   1.5674448e-02
   3.1125864e-02
   1.1039873e-02
   6.9219850e-02
   4.5846418e-02
   2.2613510e-02
   5.7877176e-03
   4.7601964e-03
   1.0742832e-02
   1.7994516e-02
   7.8700325e-03
   2.7193148e-03
   1.3710834e-02
   1.8772975e-02
   3.6192235e-02
   8.1413500e-03
   1.4689704e-02
   3.0913942e-02
   2.8899606e-02
   8.6543597e-02
   4.4161521e-02
   2.5176665e-02
   5.5974084e-03
   4.4979360e-03
   1.1866632e-02
   1.8485939e-02
   6.8142428e-03
   2.6875539e-03
   1.6814858e-02
   1.8425060e-02
   2.5518201e-02
   6.7786057e-03
   1.7622525e-02
   3.4129113e-02
   2.7335608e-02
   1.0942188e-01
   8.6749896e-02
   3.0851796e-02
   6.5983944e-03
   4.0915180e-03
   3.2911222e-02
   2.0471361e-02
   6.5925824e-03
   2.7584985e-03
   4.0641688e-02
   2.1307660e-02
   1.5564728e-02
   6.5987092e-03
   4.0842868e-02
   4.0667631e-02
   9.3214763e-03
   5.4427247e-02
   5.7109501e-02
   3.2237358e-02
   6.0601709e-03
   3.3648065e-03
   2.7602332e-02
   1.8911682e-02
   6.0350937e-03
   2.4491171e-03
   3.2694239e-02
   5.1941801e-02
   1.4775762e-02
   6.3401922e-03
   3.1394538e-02
   7.0905596e-02
   7.2496748e-03
   8.3036445e-02
   3.6969922e-02
   2.6680402e-02
   5.9174621e-03
   3.6329273e-03
   1.2307596e-02
   1.8510897e-02
   6.0336641e-03
   2.4412724e-03
   1.5274080e-02
   4.2896178e-02
   1.4854337e-02
   6.1178757e-03
   1.5092139e-02
   6.1450113e-02
   8.2553616e-03
   1.0838763e-01
   9.2689365e-02
   4.0387690e-02
   5.8015902e-03
   1.0278926e-02
   1.6104015e-02
   1.7765945e-02
   5.9061171e-03
   2.4301973e-03
   1.7652223e-02
   1.9562997e-02
   1.6109206e-02
   6.4020283e-03
   1.6647067e-02
   3.6044523e-02
   7.6458305e-03
   1.1841407e-01
   2.0843212e-01
   5.4389458e-02
   5.4783300e-03
   3.1498197e-02
   2.5215654e-02
   1.4705102e-02
   5.0962861e-03
   2.8338162e-03
   1.8435162e-02
   1.2914627e-02
   1.0283065e-02
   8.5561555e-03
   1.3828529e-02
   2.0644607e-02
   6.0411463e-03
   7.7750981e-02
   8.5467987e-02
   3.0458562e-02
   4.6172463e-03
   1.4006516e-02
   1.2914452e-02
   1.3054128e-02
   5.9761293e-03
   2.5801756e-03
   1.6986649e-02
   1.2383940e-02
   1.9869918e-02
   1.1702791e-02
   1.1507775e-02
   1.8902235e-02
   1.0260089e-02
   3.7379079e-02
   3.5162728e-02
   2.3221314e-02
   4.6718041e-03
   5.5044824e-03
   8.7113138e-03
   1.2902841e-02
   9.8323328e-03
   1.9885646e-03
   1.5646981e-02
   1.4235036e-02
   4.6557255e-02
   8.8866586e-03
   9.5231999e-03
   1.9161627e-02
   2.9926587e-02
   6.8773553e-02
   3.6311138e-02
   2.4115117e-02
   5.5706608e-03
   4.6741758e-03
   1.5677674e-02
   1.3440296e-02
   8.4562385e-03
   2.3329896e-03
   2.3374746e-02
   1.4005685e-02
   2.7921749e-02
   4.1952380e-03
   1.9067813e-02
   2.5330039e-02
   2.9778086e-02
   9.4703332e-02
   1.0152437e-01
   3.2399148e-02
   7.4372403e-03
   3.5727986e-03
   5.3858127e-02
   1.7211378e-02
   5.2598016e-03
   2.7209267e-03
   6.6161066e-02
   1.8159317e-02
   1.0905027e-02
   4.6784421e-03
   6.3900225e-02
   3.3245403e-02
   8.0153896e-03
   3.8087536e-02
   6.4961150e-02
   3.0699940e-02
   5.8065993e-03
   3.0661877e-03
   4.5529652e-02
   1.3682302e-02
   5.3509618e-03
   2.1605953e-03
   5.1438082e-02
   4.9541179e-02
   1.0261331e-02
   4.5910091e-03
   4.7558449e-02
   6.6964522e-02
   5.9174458e-03
   6.3669637e-02
   2.8102618e-02
   2.3986079e-02
   4.8082191e-03
   4.3586153e-03
   1.6189957e-02
   1.2131808e-02
   3.6828972e-03
   1.9195105e-03
   2.0156750e-02
   3.9634001e-02
   1.1378568e-02
   3.9393320e-03
   1.4549952e-02
   5.4648113e-02
   5.4231826e-03
   9.1729946e-02
   1.0045093e-01
   3.4791652e-02
   5.5510341e-03
   1.5840737e-02
   1.8131441e-02
   1.2275518e-02
   4.2476533e-03
   1.9531599e-03
   1.7320165e-02
   1.5352615e-02
   1.1568847e-02
   4.7868742e-03
   1.2459681e-02
   2.2182666e-02
   1.1985180e-02
   7.6103456e-02
   7.8700192e-02
   6.6269152e-02
   8.4390352e-03
   4.7981136e-02
   4.1958150e-02
   2.3610795e-02
   7.2035431e-03
   4.4075395e-03
   1.8658971e-02
   1.2602543e-02
   1.2208856e-02
   1.3849791e-02
   1.8103724e-02
   1.5074651e-02
   8.6925477e-03
   3.8474910e-02
   4.3617737e-02
   3.9204687e-02
   6.1400710e-03
   2.1905981e-02
   1.6323518e-02
   1.1938784e-02
   1.1445138e-02
   3.4498589e-03
   1.6488828e-02
   1.3883381e-02
   3.8943838e-02
   2.4764145e-02
   1.3397948e-02
   1.4665172e-02
   1.4828873e-02
   2.5752611e-02
   2.2807602e-02
   2.7095592e-02
   5.4846052e-03
   8.6470246e-03
   1.0844265e-02
   8.2142744e-03
   2.1916695e-02
   2.4561358e-03
   1.9186420e-02
   1.7851047e-02
   9.1435649e-02
   1.8606495e-02
   1.0264394e-02
   1.8888557e-02
   5.0996177e-02
   5.6486893e-02
   2.7207095e-02
   2.9698638e-02
   8.6949170e-03
   7.9003740e-03
   2.5757426e-02
   1.3676405e-02
   1.7437387e-02
   2.5723092e-03
   3.1273440e-02
   1.5608135e-02
   5.1575970e-02
   4.2301542e-03
   2.6861398e-02
   2.1056022e-02
   5.4779321e-02
   6.3582748e-02
   6.4010873e-02
   3.9427161e-02
   1.4079814e-02
   5.8724182e-03
   9.3829386e-02
   2.1808557e-02
   6.7631323e-03
   2.5912302e-03
   1.0896970e-01
   1.7838737e-02
   1.2743885e-02
   3.7384701e-03
   1.0552816e-01
   2.5073718e-02
   1.3392502e-02
   2.3559272e-02
   4.2680349e-02
   3.3805188e-02
   9.5402803e-03
   5.0707418e-03
   7.3904179e-02
   1.5355592e-02
   7.5483499e-03
   1.9026983e-03
   8.1442542e-02
   4.7876850e-02
   1.2696296e-02
   3.7592114e-03
   7.3431104e-02
   6.5927148e-02
   6.8795774e-03
   2.2412749e-02
   3.3569954e-02
   2.6931375e-02
   7.3778671e-03
   6.9106626e-03
   2.2831716e-02
   1.0692295e-02
   5.2139107e-03
   1.7921955e-03
   2.3568491e-02
   4.2890180e-02
   1.2350383e-02
   4.4577774e-03
   1.6711824e-02
   5.1603545e-02
   7.7513526e-03
   3.9623838e-02
   4.4087932e-02
   4.3583177e-02
   8.1750229e-03
   2.3809560e-02
   2.7931781e-02
   1.4282966e-02
   7.1255597e-03
   2.7084893e-03
   1.8009173e-02
   1.6079299e-02
   9.3999719e-03
   6.9758366e-03
   1.3362408e-02
   1.4697498e-02
