   1.6243771e-02
   9.5764315e-03
   2.7144194e-02
   1.4745035e-02
   2.5863428e-02
   1.7676461e-02
   5.7144172e-02
   1.3336846e-02
   3.3677556e-02
   3.2548632e-02
   3.3232268e-02
   1.2375254e-02
   3.7813351e-02
   2.3722393e-02
   4.8570048e-02
   1.1629017e-02
   1.4764471e-02
   9.2257764e-03
   2.7578989e-02
   1.3680417e-02
   2.3756314e-02
   1.6146056e-02
   4.9847268e-02
   1.3199226e-02
   3.1842873e-02
   2.3612019e-02
   2.0861158e-02
   1.1230368e-02
   3.7282523e-02
   1.4961679e-02
   2.7920859e-02
   1.2350775e-02
   2.6469769e-02
   8.9353947e-03
   2.7823398e-02
   1.3470734e-02
   4.6852097e-02
   1.5156590e-02
   4.3003451e-02
   1.4017856e-02
   7.2676659e-02
   2.6749020e-02
   2.1732258e-02
   1.1007329e-02
   8.0254965e-02
   1.0953316e-02
   1.8280465e-02
   1.2409359e-02
   7.9965830e-02
   9.7153569e-03
   3.2216217e-02
   1.4745096e-02
   1.2249612e-01
   1.5281226e-02
   4.4604301e-02
   1.4781510e-02
   1.6040988e-01
   6.5038227e-02
   4.4746693e-02
   1.2152246e-02
   1.1115583e-01
   1.6546542e-02
   3.3876158e-02
   1.6943991e-02
   4.8276074e-02
   9.6571064e-03
   4.0870126e-02
   1.6215701e-02
   6.7707263e-02
   1.5547489e-02
   5.3253639e-02
   1.4750770e-02
   7.7726267e-02
   7.0769109e-02
   6.4631015e-02
   1.3651697e-02
   5.5597600e-02
   2.4909034e-02
   5.0979082e-02
   1.8874098e-02
   1.4809831e-02
   8.6445678e-03
   3.4707505e-02
   1.5283528e-02
   2.3339560e-02
   1.6243553e-02
   4.8025474e-02
   1.3819987e-02
   3.0714791e-02
   3.5297859e-02
   4.3899328e-02
   1.2953009e-02
   4.0946476e-02
   1.7659977e-02
   2.7648086e-02
   1.4070967e-02
   1.5722973e-02
   8.9903213e-03
   2.8248899e-02
   1.3107907e-02
   2.4262087e-02
   1.4710532e-02
   4.8296180e-02
   1.2813365e-02
   3.0720323e-02
   2.2976112e-02
   2.2922479e-02
   1.1030287e-02
   3.5910010e-02
   1.0042379e-02
   1.8085107e-02
   1.2556588e-02
   1.7365478e-02
   9.3948692e-03
   2.7036162e-02
   1.3954342e-02
   2.5765402e-02
   1.5786149e-02
   5.3666383e-02
   1.3296714e-02
   3.2769162e-02
   2.3764608e-02
   2.2241669e-02
   1.1613304e-02
   3.6215033e-02
   1.4468254e-02
   2.7964970e-02
   1.1334716e-02
   9.5156683e-03
   6.8952194e-03
   2.8520314e-02
   1.1901754e-02
   2.3337182e-02
   1.6746171e-02
   5.4486718e-02
   1.0674186e-02
   2.8913597e-02
   4.0433861e-02
   4.2478081e-02
   9.6104685e-03
   3.9875854e-02
   2.6978286e-02
   4.7696818e-02
   7.4300338e-03
   9.2497421e-03
   5.9299334e-03
   2.5572153e-02
   1.0436678e-02
   2.6230598e-02
   1.3794181e-02
   4.4023737e-02
   9.3550701e-03
   3.4433968e-02
   2.8690990e-02
   2.5948811e-02
   8.5804984e-03
   4.6644080e-02
   1.8659987e-02
   2.7584502e-02
   7.2100409e-03
   3.8926359e-02
   6.4747343e-03
   3.0305499e-02
   1.0807416e-02
   7.9247199e-02
   1.3258856e-02
   3.5725541e-02
   9.0443706e-03
   1.2354591e-01
   2.9038848e-02
   2.0366095e-02
   7.9792505e-03
   1.2962554e-01
   1.5735606e-02
   2.0141084e-02
   8.6304769e-03
   1.3355078e-01
   7.2348611e-03
   4.0920179e-02
   1.2549262e-02
   2.0249587e-01
   1.4208825e-02
   4.3348815e-02
   1.0884355e-02
   2.6773509e-01
   7.0405178e-02
   4.7961038e-02
   1.0214906e-02
   1.7989837e-01
   2.2526467e-02
   4.0510349e-02
   1.7931260e-02
   7.9253450e-02
   7.1626753e-03
   5.1560517e-02
   1.5257534e-02
   1.1001047e-01
   1.3789380e-02
   5.8698580e-02
   1.2304193e-02
   1.2308999e-01
   7.1500629e-02
   6.5329410e-02
   1.2152404e-02
   8.6500198e-02
   3.7285730e-02
   5.9453093e-02
   2.0037180e-02
   1.4848464e-02
   6.2991278e-03
   4.3655016e-02
   1.2495848e-02
   3.0140297e-02
   1.3265200e-02
   4.8297290e-02
   1.0597236e-02
   3.9255999e-02
   3.3408038e-02
   3.4629304e-02
   1.0303763e-02
   5.1270001e-02
   2.6824424e-02
   2.8732691e-02
   1.0443602e-02
   9.4286436e-03
   6.1980900e-03
   3.0874504e-02
   9.7562429e-03
   2.1343749e-02
   1.4205224e-02
   4.1657891e-02
   9.4616935e-03
   2.9068705e-02
   2.1490544e-02
   1.9392526e-02
   7.7757360e-03
   4.5050964e-02
   1.3697134e-02
   1.8877303e-02
   8.0034398e-03
   9.0945121e-03
   6.5102866e-03
   2.7466793e-02
   1.0333349e-02
   2.1381922e-02
   1.5674390e-02
   4.4731401e-02
   1.0178462e-02
   2.7191175e-02
   2.7085831e-02
   2.6692944e-02
   7.9278052e-03
   4.0686525e-02
   1.9671256e-02
   2.7696138e-02
   6.9689886e-03
   9.3890699e-03
   5.9140595e-03
   4.7632791e-02
   1.5084431e-02
   3.0460633e-02
   1.8228145e-02
   6.4797476e-02
   1.3158649e-02
   4.3116782e-02
   5.0699245e-02
   5.7725295e-02
   1.0283643e-02
   6.0040500e-02
   3.2720506e-02
   4.4912703e-02
   5.6301267e-03
   8.3706127e-03
   6.1163702e-03
   4.5459524e-02
   1.2168578e-02
   4.1087143e-02
   1.3398953e-02
   5.4920617e-02
   9.8128207e-03
   5.5138335e-02
   3.2588407e-02
   3.8280908e-02
   8.2106255e-03
   7.6704502e-02
   2.4018485e-02
   2.9169934e-02
   5.7003517e-03
   5.7441335e-02
   6.3367654e-03
   3.7607096e-02
   1.1763700e-02
   1.1035385e-01
   1.3631935e-02
   4.2220280e-02
   6.9273179e-03
   1.7361087e-01
   2.5520634e-02
   2.5310911e-02
   7.9424828e-03
   2.0967451e-01
   1.8972570e-02
   2.1191915e-02
   7.6781735e-03
   1.9313252e-01
   6.2650815e-03
   5.0649773e-02
   1.3443017e-02
   2.6367602e-01
   2.0200513e-02
   5.0193012e-02
   1.0393276e-02
   3.1394386e-01
   5.4400150e-02
   5.8884405e-02
   1.2286663e-02
   2.5824270e-01
   2.6735611e-02
   5.0962828e-02
   2.3918962e-02
   1.1384650e-01
   6.6363709e-03
   8.1734806e-02
   1.8298749e-02
   1.3645419e-01
   1.7764965e-02
   6.7987248e-02
   1.3025289e-02
   1.2731449e-01
   6.7126229e-02
   6.7778170e-02
   1.4941732e-02
   1.2372355e-01
   5.8228653e-02
   7.0575565e-02
   2.9070489e-02
   2.4533279e-02
   5.4212478e-03
   6.4908981e-02
   1.5236910e-02
   5.0697446e-02
   1.4444974e-02
   5.6579005e-02
   1.0976297e-02
   5.8384158e-02
   3.6444739e-02
   2.9461307e-02
   1.2859516e-02
   7.9160221e-02
   4.1725777e-02
   3.2301631e-02
   1.0238794e-02
   1.0963775e-02
   4.3934975e-03
   4.7534321e-02
   1.1947884e-02
   3.6644753e-02
   1.5211226e-02
   4.5138855e-02
   9.1945650e-03
   5.0692271e-02
   2.7053086e-02
   2.3674808e-02
   7.9333130e-03
   8.0471262e-02
   1.7566234e-02
   2.0878563e-02
   5.0166836e-03
   8.8561121e-03
   5.1441696e-03
   4.5091324e-02
   1.2093711e-02
   3.1283628e-02
   1.6678579e-02
   5.1726919e-02
   1.1227691e-02
   4.2570427e-02
   3.8365498e-02
   3.6433622e-02
   9.3888175e-03
   5.9318058e-02
   2.5583392e-02
   2.7940668e-02
   5.1780762e-03
   1.6409200e-02
   6.4515555e-03
   6.6283338e-02
   2.7219232e-02
   4.4333637e-02
   2.5773881e-02
   7.2076067e-02
   2.3750613e-02
   5.7035483e-02
   4.1851748e-02
   5.9662253e-02
   1.7350972e-02
   8.2036704e-02
   3.8611036e-02
   6.1127491e-02
   7.5001572e-03
   1.3881715e-02
   6.2619429e-03
   6.1611403e-02
   1.6686326e-02
   5.4459393e-02
   1.9959629e-02
   7.5952664e-02
   1.5402123e-02
   6.9483317e-02
   3.3255611e-02
   5.1895980e-02
   9.0291174e-03
   7.9908639e-02
   3.3252995e-02
   4.7124092e-02
   6.4999391e-03
   3.7558917e-02
   5.6902375e-03
   4.6369411e-02
   1.2976099e-02
   7.8922980e-02
   1.8662306e-02
   6.4463101e-02
   1.0090783e-02
   1.1596037e-01
   3.3506826e-02
   3.7149221e-02
   9.5219007e-03
   1.7014617e-01
   2.2935970e-02
   2.8725738e-02
   8.4810806e-03
   1.0962857e-01
   6.3926666e-03
   4.7474276e-02
   2.1069650e-02
   1.4982295e-01
   2.3114327e-02
   8.0256440e-02
   1.8658189e-02
   1.4470239e-01
   7.6046303e-02
   7.9398878e-02
   1.7452473e-02
   1.7292833e-01
   3.5554014e-02
   5.6757178e-02
   3.0384986e-02
   7.6282784e-02
   8.0314586e-03
   8.8558607e-02
   2.6389169e-02
   9.0311095e-02
   2.4247855e-02
   9.1263257e-02
   2.1640243e-02
   6.9763675e-02
   1.1096588e-01
   8.3632186e-02
   2.6193894e-02
   1.0429347e-01
   9.5794670e-02
   7.5692572e-02
   4.0005449e-02
   2.9000085e-02
   6.1914413e-03
   6.9816008e-02
   2.1285139e-02
   6.6335753e-02
   2.3302466e-02
   7.5965703e-02
   1.5150963e-02
   7.6786369e-02
   5.7387747e-02
   4.9461164e-02
   2.1163944e-02
   1.1858302e-01
   7.0373371e-02
   4.0857047e-02
   1.4643266e-02
   1.7636966e-02
   4.8593846e-03
   5.6464341e-02
   1.5550000e-02
   4.8653431e-02
   2.1330731e-02
   6.9932483e-02
   1.4299395e-02
   5.5243097e-02
   2.7361182e-02
   3.5865340e-02
   1.0034555e-02
   1.0033410e-01
   2.2462035e-02
   2.9216213e-02
   4.9896971e-03
   1.3170177e-02
   5.7610329e-03
   5.9805121e-02
   1.6661663e-02
   4.6200041e-02
   1.9273294e-02
   7.3121376e-02
   1.8411003e-02
   5.5570692e-02
   3.0564627e-02
   3.9488718e-02
   1.5456823e-02
   6.5851316e-02
   2.7718922e-02
   3.4874246e-02
   6.2073902e-03
