   3.3582859e-02
   9.3607098e-02
   9.1004208e-02
   1.5357994e-02
   6.6139109e-02
   1.2390217e-01
   8.1324026e-02
   1.6774368e-02
   8.9536384e-02
   9.8764509e-02
   6.1351445e-02
   3.4368198e-02
   3.7008941e-02
   5.2366618e-02
   5.5641606e-02
   4.7023982e-02
   6.4651795e-02
   5.3417064e-02
   4.3342561e-02
   1.4976569e-02
   1.0055784e-01
   1.0300346e-01
   4.1235797e-02
   1.5664173e-02
   4.8475146e-02
   6.1269231e-02
   3.8120627e-02
   3.6511302e-02
   3.2513175e-02
   4.4047531e-02
   5.0839521e-02
   3.9675668e-02
   1.2351027e-01
   5.8963515e-02
   1.6797667e-02
   1.4516263e-02
   6.3773297e-02
   7.6350972e-02
   1.7354606e-02
   1.5518179e-02
   3.8779862e-02
   4.3208472e-02
   1.9339388e-02
   2.4970986e-02
   3.2601461e-02
   3.8936000e-02
   5.1902380e-02
   4.2064324e-02
   7.3603719e-02
   7.3954038e-02
   1.8557357e-02
   2.0176752e-02
   4.6767440e-02
   5.3559296e-02
   1.9586932e-02
   2.1112511e-02
   4.1030560e-02
   5.6233548e-02
   2.4921678e-02
   2.4610493e-02
   3.4546446e-02
   4.0644936e-02
   6.8696000e-02
   3.5078593e-02
   4.2741198e-02
   4.3159388e-02
   3.4350421e-02
   3.9196715e-02
   5.3921968e-02
   4.6307091e-02
   3.4169536e-02
   3.8345370e-02
   5.0777230e-02
   7.4280903e-02
   3.9488461e-02
   4.3071494e-02
   3.9932910e-02
   5.6691539e-02
   6.6322446e-02
   2.5551653e-02
   3.3702288e-02
   2.4457352e-02
   3.5091244e-02
   3.0375188e-02
   4.4804927e-02
   3.6858015e-02
   1.9296177e-02
   3.1359449e-02
   4.4348616e-02
   6.4891279e-02
   2.5000351e-02
   4.8164025e-02
   5.8320314e-02
   1.0945478e-01
   4.8362415e-02
   2.2681257e-02
   3.0904191e-02
   2.1185324e-02
   1.8665720e-02
   1.7651204e-02
   4.0006563e-02
   3.2925844e-02
   1.3626574e-02
   2.0130629e-02
   4.8338413e-02
   7.6147191e-02
   1.9391917e-02
   3.5817493e-02
   1.0860708e-01
   1.0600322e-01
   4.1658022e-02
   2.2280147e-02
   3.1642985e-02
   4.5444813e-02
   4.1329361e-02
   1.5056793e-02
   4.1352540e-02
   6.1227638e-02
   3.5786957e-02
   1.7019970e-02
   8.9184955e-02
   9.3449265e-02
   3.3260453e-02
   3.2214761e-02
   7.4382499e-02
   5.9173502e-02
   4.5437638e-02
   2.8369337e-02
   3.5802782e-02
   1.4380036e-01
   1.2563957e-01
   1.2257992e-02
   9.8451205e-02
   2.3580383e-01
   1.7878392e-01
   1.4317322e-02
   1.3611385e-01
   1.3440557e-01
   8.5750714e-02
   3.7354089e-02
   4.3882575e-02
   5.3817462e-02
   5.8285084e-02
   5.3673234e-02
   9.9250972e-02
   7.6787889e-02
   5.6652069e-02
   1.0640807e-02
   1.6856407e-01
   1.7724121e-01
   8.6958386e-02
   1.2502484e-02
   5.5866215e-02
   7.7463992e-02
   5.2100640e-02
   4.2208709e-02
   3.3865321e-02
   4.1772723e-02
   5.1093198e-02
   4.3626010e-02
   2.0870082e-01
   8.3392985e-02
   1.9174011e-02
   9.4009349e-03
   9.8994926e-02
   1.0759739e-01
   2.3204854e-02
   1.3145748e-02
   4.1682322e-02
   5.2465774e-02
   2.1423314e-02
   2.3826098e-02
   3.0807473e-02
   3.8494110e-02
   5.8380064e-02
   4.7338918e-02
   1.1518453e-01
   1.0815483e-01
   2.2658436e-02
   1.7826129e-02
   5.5980656e-02
   6.6134326e-02
   2.1520443e-02
   2.1287709e-02
   4.6519734e-02
   6.9363266e-02
   2.8087193e-02
   2.0853730e-02
   3.8164526e-02
   4.5389920e-02
   7.6708905e-02
   3.8210724e-02
   4.6645660e-02
   6.3292600e-02
   4.7862135e-02
   4.0561516e-02
   5.7083726e-02
   5.0741225e-02
   4.7116902e-02
   4.0703047e-02
   6.2840961e-02
   7.6011673e-02
   4.8847668e-02
   3.9597955e-02
   4.4843122e-02
   5.9953663e-02
   7.0032880e-02
   2.2641337e-02
   3.5883714e-02
   3.0486003e-02
   5.0735950e-02
   2.7982388e-02
   4.7704492e-02
   4.8092391e-02
   2.2455743e-02
   2.6920239e-02
   5.5074107e-02
   7.7118590e-02
   2.7141355e-02
   4.7973219e-02
   8.9155182e-02
   1.1659410e-01
   4.7280807e-02
   1.9626804e-02
   3.0885918e-02
   2.4407962e-02
   2.2435687e-02
   1.4115914e-02
   3.6689285e-02
   4.4027839e-02
   1.2535360e-02
   1.6427537e-02
   6.9846816e-02
   1.1130750e-01
   2.0356316e-02
   3.8392533e-02
   1.7515703e-01
   1.3057613e-01
   3.9147228e-02
   1.9314507e-02
   2.9771417e-02
   6.2701292e-02
   5.5020407e-02
   1.2327830e-02
   4.1311059e-02
   1.0232391e-01
   6.3751347e-02
   1.3520257e-02
   1.3793218e-01
   1.3607791e-01
   4.2817466e-02
   3.0965963e-02
   1.1632063e-01
   6.3954160e-02
   4.4661153e-02
   2.7578983e-02
   5.4180335e-02
   1.5378924e-01
   1.2549397e-01
   1.2716970e-02
   1.5701580e-01
   1.1695851e-01
   6.9104351e-02
   1.2101081e-02
   2.0921563e-01
   1.0147865e-01
   6.9160394e-02
   3.6041681e-02
   7.5578161e-02
   4.9308594e-02
   5.7700679e-02
   6.1559238e-02
   1.5456437e-01
   7.4313626e-02
   5.9909657e-02
   1.0557828e-02
   2.5527409e-01
   1.1790887e-01
   3.2594558e-02
   1.1299641e-02
   8.7483510e-02
   5.9903324e-02
   5.3339500e-02
   4.2445682e-02
   5.4379310e-02
   4.0461313e-02
   5.9500597e-02
   5.1966071e-02
   3.0577612e-01
   5.3948898e-02
   2.1095363e-02
   8.2306322e-03
   1.4723659e-01
   8.9737475e-02
   9.8342597e-03
   1.0934097e-02
   6.3522890e-02
   5.5771425e-02
   2.2115178e-02
   2.4250401e-02
   5.0663974e-02
   4.3943908e-02
   7.4080475e-02
   4.5450877e-02
   1.5550393e-01
   8.3884999e-02
   2.6611838e-02
   2.0884104e-02
   7.9500325e-02
   4.8861176e-02
   2.5843637e-02
   2.4607588e-02
   7.1727298e-02
   7.1384571e-02
   3.6937293e-02
   2.2538502e-02
   6.1100654e-02
   4.8099551e-02
   9.7360633e-02
   4.2582583e-02
   5.8863971e-02
   6.9118217e-02
   5.6030903e-02
   5.2860476e-02
   6.9293693e-02
   6.4171679e-02
   5.9617538e-02
   4.9902387e-02
   7.7957965e-02
   9.8749287e-02
   6.8173476e-02
   3.6255348e-02
   6.3000597e-02
   6.8669982e-02
   8.0951944e-02
   2.7752144e-02
   4.7874179e-02
   2.9674822e-02
   5.6304965e-02
   3.1285286e-02
   6.5692618e-02
   4.7948617e-02
   2.7931932e-02
   2.5113249e-02
   8.1246637e-02
   7.0604436e-02
   3.2912172e-02
   3.3481058e-02
   1.2565936e-01
   8.8281669e-02
   4.8514429e-02
   2.3778524e-02
   4.5782235e-02
   2.8386930e-02
   2.5309920e-02
   1.3637263e-02
   5.7902347e-02
   5.8695354e-02
   1.1058225e-02
   1.1284390e-02
   1.1217004e-01
   8.7195374e-02
   1.9608157e-02
   2.7077246e-02
   3.0153576e-01
   8.8230669e-02
   3.8138937e-02
   2.2408886e-02
   4.3178290e-02
   7.0974723e-02
   5.6650117e-02
   1.1803417e-02
   6.9529332e-02
   6.2243067e-02
   2.7103830e-02
   1.1589519e-02
   2.2110812e-01
   1.1633425e-01
   3.4256287e-02
   2.5417062e-02
   2.0684463e-01
   4.7981091e-02
   4.6256710e-02
   3.0317361e-02
   6.5583475e-02
   4.8497014e-02
   6.1170980e-02
   1.5735991e-02
   1.7198452e-01
   3.9659563e-02
   2.1947533e-02
   1.0779689e-02
   2.2054878e-01
   4.6936110e-02
   5.7381064e-02
   3.6673356e-02
   9.3888439e-02
   3.5734672e-02
   6.9962442e-02
   6.7445636e-02
   1.3295126e-01
   3.1030875e-02
   3.4230907e-02
   1.1574704e-02
   2.3742053e-01
   5.8122382e-02
   1.1789915e-02
   9.9235093e-03
   8.7223813e-02
   3.8388148e-02
   6.6906527e-02
   3.8183849e-02
   7.6760776e-02
   4.8584007e-02
   8.6013161e-02
   5.5538032e-02
   2.0707291e-01
   5.9058089e-02
   2.2804286e-02
   5.9797941e-03
   1.2770088e-01
   4.1463602e-02
   9.6158059e-03
   9.4344262e-03
   8.1742860e-02
   3.8279936e-02
   3.7849005e-02
   2.4142887e-02
   6.9756739e-02
   4.5155797e-02
   8.5016988e-02
   4.4481739e-02
   1.0472549e-01
   9.0153851e-02
   3.4740251e-02
   3.0575326e-02
   7.3397622e-02
   3.1082887e-02
   3.5411537e-02
   2.9041717e-02
   7.2702348e-02
   5.7695128e-02
   4.7873095e-02
   2.7385212e-02
   6.1597925e-02
   4.4972781e-02
   1.1211469e-01
   4.5669358e-02
   6.2535696e-02
   6.2903076e-02
   6.2696442e-02
   8.1274971e-02
   7.3331863e-02
   5.9225425e-02
   8.2010411e-02
   7.1559280e-02
   8.4723987e-02
   8.5847095e-02
   7.3986724e-02
   3.7752248e-02
   7.4753776e-02
   8.1386454e-02
   9.7480386e-02
   4.0889431e-02
   6.5992512e-02
   2.8833808e-02
   6.5010883e-02
   3.7401117e-02
   6.7621037e-02
   3.5789616e-02
   3.7364498e-02
   3.2502610e-02
   7.5753301e-02
   4.7306158e-02
   3.6705047e-02
   2.9891843e-02
   7.7563353e-02
   1.0202935e-01
   4.8522618e-02
   3.2478102e-02
   7.3147148e-02
   3.1341266e-02
   2.8941510e-02
   1.1888198e-02
   7.7115566e-02
   3.5579607e-02
   1.2331166e-02
   1.1727676e-02
   9.2405662e-02
   3.8275059e-02
   2.2501227e-02
   2.1401335e-02
   1.8738717e-01
   7.8814708e-02
   3.9044306e-02
   2.6407475e-02
   5.5281486e-02
   4.5851056e-02
   3.5137419e-02
   1.1862984e-02
   7.2490185e-02
   2.9989233e-02
   1.9742571e-02
   9.9605713e-03
   2.0586105e-01
   5.8550086e-02
   3.5326812e-02
   2.4257381e-02
   1.8201345e-01
   3.3489481e-02
   4.8605498e-02
   3.3918254e-02
