   5.9925307e-02
   8.5356690e-02
   8.6901613e-02
   9.6611418e-02
   9.9226842e-03
   3.8011242e-02
   5.0226789e-02
   1.3667879e-02
   1.0968121e-02
   3.4122657e-02
   4.4013459e-02
   1.5085027e-02
   9.2725165e-02
   8.5658856e-02
   7.2693266e-02
   8.0574475e-02
   3.3620205e-02
   4.5887850e-02
   4.4879381e-02
   4.7751196e-02
   9.3685500e-03
   2.5923567e-02
   4.3285139e-02
   1.1069827e-02
   7.9796296e-03
   2.1147436e-02
   3.2482076e-02
   1.3653547e-02
   4.9605206e-02
   4.3534130e-02
   4.1915473e-02
   4.6520576e-02
   1.8772775e-02
   2.2262696e-02
   2.4542686e-02
   2.4521168e-02
   7.9589821e-03
   1.5864553e-02
   3.9114323e-02
   1.1003103e-02
   6.9567412e-03
   1.1269096e-02
   2.5576677e-02
   1.1639371e-02
   2.1594994e-02
   1.7050521e-02
   2.2004588e-02
   2.4953468e-02
   2.0385634e-02
   2.5778266e-02
   2.5926702e-02
   2.7095633e-02
   1.6266076e-02
   2.6819738e-02
   4.9208153e-02
   2.2468183e-02
   1.6055113e-02
   2.4769453e-02
   3.9335947e-02
   2.1259228e-02
   2.2583088e-02
   1.7336145e-02
   2.3899231e-02
   2.7194414e-02
   2.4980359e-02
   3.0137530e-02
   2.9753555e-02
   3.1872947e-02
   3.5805773e-02
   5.0636172e-02
   7.6590203e-02
   4.6748713e-02
   3.5238255e-02
   5.1324487e-02
   6.8655349e-02
   4.2300534e-02
   2.6366571e-02
   1.9050706e-02
   2.7578134e-02
   2.9559240e-02
   2.1147715e-02
   2.3178108e-02
   2.6004948e-02
   2.6655616e-02
   1.8504409e-02
   2.8221766e-02
   5.2937176e-02
   2.3346212e-02
   1.7787170e-02
   2.7055705e-02
   4.0059585e-02
   2.1235617e-02
   2.4662085e-02
   1.7000120e-02
   2.3659376e-02
   2.6860435e-02
   1.8091056e-02
   2.0333240e-02
   2.3885962e-02
   2.4326717e-02
   7.7750459e-03
   1.5824301e-02
   3.9550625e-02
   1.2339032e-02
   6.8492349e-03
   1.1314373e-02
   2.4091978e-02
   1.1230900e-02
   2.1725086e-02
   1.6282266e-02
   2.0463636e-02
   2.2956779e-02
   2.9477227e-02
   3.8336333e-02
   4.2908955e-02
   4.5414515e-02
   8.3988169e-03
   2.5889050e-02
   4.1925218e-02
   1.3779894e-02
   8.3832582e-03
   2.1133957e-02
   3.0369857e-02
   1.2448579e-02
   4.3625321e-02
   3.7602399e-02
   3.4769602e-02
   3.9697524e-02
   6.3893139e-02
   9.4606586e-02
   9.7208001e-02
   1.0827973e-01
   7.9852147e-03
   3.4007147e-02
   4.5973375e-02
   1.3955480e-02
   1.2445018e-02
   3.1870350e-02
   5.5737343e-02
   1.2909702e-02
   1.0267009e-01
   9.5440879e-02
   7.9464085e-02
   8.4533565e-02
   3.3242263e-02
   4.9350269e-02
   4.7151186e-02
   5.0059084e-02
   7.6026162e-03
   2.5604550e-02
   3.8941763e-02
   9.1350926e-03
   7.3013832e-03
   2.5418799e-02
   3.9416257e-02
   1.1718214e-02
   5.1561460e-02
   4.8263595e-02
   4.2390484e-02
   4.3942504e-02
   1.4426338e-02
   2.1396117e-02
   1.7055446e-02
   1.7846363e-02
   6.5734880e-03
   1.5879855e-02
   3.1412039e-02
   9.4591351e-03
   5.8433563e-03
   1.5981168e-02
   2.9236482e-02
   1.0212620e-02
   1.6891731e-02
   1.3272544e-02
   1.6540717e-02
   1.5700947e-02
   1.4066910e-02
   2.3342043e-02
   1.9313630e-02
   2.2049872e-02
   1.9017670e-02
   2.8202400e-02
   4.7316693e-02
   2.7723217e-02
   1.8573793e-02
   2.8541565e-02
   4.2186435e-02
   2.4496669e-02
   1.5847882e-02
   1.1483741e-02
   1.7025964e-02
   1.7362094e-02
   1.8214088e-02
   2.8552379e-02
   2.5107009e-02
   2.7297650e-02
   4.7041122e-02
   5.1075064e-02
   8.6259648e-02
   6.4367943e-02
   4.6017602e-02
   5.2223392e-02
   6.8972819e-02
   5.6202337e-02
   1.9020548e-02
   1.3061118e-02
   1.8935228e-02
   1.9367047e-02
   1.4748684e-02
   2.2006748e-02
   2.0342214e-02
   2.0662747e-02
   2.2969551e-02
   2.8797632e-02
   5.1538926e-02
   2.9494852e-02
   2.2469431e-02
   2.7770875e-02
   4.1357361e-02
   2.5903298e-02
   1.7992632e-02
   1.1739030e-02
   1.6279537e-02
   1.7058378e-02
   1.2102670e-02
   1.7183971e-02
   1.8364716e-02
   1.8194299e-02
   6.6676424e-03
   1.7472841e-02
   3.1782594e-02
   1.1744096e-02
   6.2696771e-03
   1.6011776e-02
   2.5549762e-02
   8.9071905e-03
   1.6441166e-02
   1.3269738e-02
   1.7067866e-02
   1.6818272e-02
   2.8818429e-02
   4.0878899e-02
   4.2405039e-02
   4.4340454e-02
   6.2423623e-03
   2.7127778e-02
   3.7130866e-02
   1.3471128e-02
   8.0274604e-03
   2.6215564e-02
   3.4530263e-02
   9.3908934e-03
   4.0548488e-02
   3.7146244e-02
   3.3664584e-02
   3.4600537e-02
   8.9725837e-02
   1.0984376e-01
   1.1541586e-01
   1.2878405e-01
   6.7126225e-03
   2.0801684e-02
   4.4151347e-02
   1.8822616e-02
   2.2413380e-02
   2.9935135e-02
   6.4337261e-02
   1.5847139e-02
   1.5745948e-01
   1.5989617e-01
   1.3190359e-01
   1.3558330e-01
   4.2128608e-02
   6.3573815e-02
   5.3637948e-02
   6.0332227e-02
   6.4062262e-03
   2.5519857e-02
   3.3924345e-02
   1.1048999e-02
   1.2452103e-02
   2.9943556e-02
   4.4670731e-02
   1.4314402e-02
   7.6525725e-02
   7.5782105e-02
   6.7046382e-02
   6.5228857e-02
   1.1758691e-02
   2.6810663e-02
   1.4649920e-02
   1.7372144e-02
   6.3823368e-03
   1.6808974e-02
   2.9313218e-02
   1.3559971e-02
   6.6678682e-03
   1.7771162e-02
   3.5765786e-02
   1.2774113e-02
   1.7368928e-02
   1.2680196e-02
   2.0891989e-02
   1.4289143e-02
   1.4152562e-02
   2.6588144e-02
   2.1617588e-02
   2.1189271e-02
   2.5081217e-02
   2.7832188e-02
   5.9536792e-02
   3.6362786e-02
   2.4612837e-02
   2.6820678e-02
   4.3119151e-02
   3.0028360e-02
   1.7413097e-02
   1.1666589e-02
   1.8234337e-02
   1.4096366e-02
   2.1227684e-02
   2.9288508e-02
   3.2816678e-02
   2.5543058e-02
   6.8646394e-02
   5.1334329e-02
   1.1421618e-01
   8.4750503e-02
   6.4688057e-02
   6.1694596e-02
   6.5909661e-02
   7.0829131e-02
   1.9993268e-02
   1.2316015e-02
   1.9293683e-02
   1.7181261e-02
   1.5282718e-02
   2.3502618e-02
   2.2950482e-02
   1.7992979e-02
   3.2522593e-02
   3.2425176e-02
   6.0165286e-02
   3.7628710e-02
   3.1653155e-02
   3.0185975e-02
   4.5616992e-02
   3.3403192e-02
   1.9163100e-02
   1.3083482e-02
   1.6910257e-02
   1.6910363e-02
   9.5382826e-03
   1.9393662e-02
   1.6697057e-02
   1.9092398e-02
   7.0271506e-03
   2.0530686e-02
   3.0112518e-02
   1.4664983e-02
   8.3767567e-03
   1.9926874e-02
   2.7837250e-02
   1.0395638e-02
   1.6440809e-02
   1.4487383e-02
   1.9844130e-02
   1.7724821e-02
   3.3487555e-02
   4.5021281e-02
   4.5462020e-02
   5.2148126e-02
   5.9057884e-03
   2.7236283e-02
   3.2507841e-02
   1.6219458e-02
   1.1087528e-02
   3.0288544e-02
   4.0076196e-02
   1.0425556e-02
   5.4247152e-02
   5.4178149e-02
   4.7445510e-02
   4.7827795e-02
   1.7601204e-01
   1.5245849e-01
   1.3292135e-01
   1.4148481e-01
   6.7098509e-03
   1.9399147e-02
   3.4581676e-02
   2.1656005e-02
   5.2806277e-02
   4.3284576e-02
   6.4437471e-02
   2.4369828e-02
   2.4595164e-01
   2.4745466e-01
   2.2586843e-01
   2.2180741e-01
   7.7249974e-02
   9.9543326e-02
   5.6833304e-02
   7.0024267e-02
   5.5622300e-03
   1.4182469e-02
   2.9610522e-02
   1.5149525e-02
   2.6689129e-02
   2.2539292e-02
   5.4883022e-02
   2.0150103e-02
   1.1683638e-01
   1.1804128e-01
   1.0649467e-01
   1.0714563e-01
   1.2133091e-02
   3.3467669e-02
   2.0146109e-02
   1.9845320e-02
   5.9220260e-03
   1.2241918e-02
   3.9411023e-02
   1.4970212e-02
   7.9087028e-03
   1.0908712e-02
   3.6931548e-02
   1.5321641e-02
   2.4823034e-02
   1.6039116e-02
   3.1486217e-02
   1.8362733e-02
   1.6079461e-02
   2.7468344e-02
   3.4774628e-02
   3.1210473e-02
   4.3021947e-02
   3.6660261e-02
   7.5253107e-02
   5.6358930e-02
   4.5494363e-02
   3.1381246e-02
   4.6723582e-02
   4.8177708e-02
   2.8713824e-02
   1.6757645e-02
   2.7725818e-02
   2.0347716e-02
   2.9065469e-02
   3.3292651e-02
   4.8570331e-02
   3.6061995e-02
   1.2182993e-01
   6.7520373e-02
   1.4923263e-01
   1.4215118e-01
   1.1998673e-01
   7.5401433e-02
   8.4945612e-02
   1.2026173e-01
   3.0485973e-02
   1.5609735e-02
   2.7720911e-02
   2.4818448e-02
   2.3859194e-02
   2.4348291e-02
   3.1040467e-02
   2.6089489e-02
   5.7962060e-02
   3.6634915e-02
   7.6331355e-02
   6.0383823e-02
   5.7709325e-02
   3.8734555e-02
   5.0779216e-02
   5.5696767e-02
   2.8876819e-02
   1.5032561e-02
   2.8616441e-02
   2.5946021e-02
   1.2314619e-02
   2.0759948e-02
   1.9499730e-02
   2.3578934e-02
   8.5023129e-03
   1.5224705e-02
   2.9699961e-02
   1.8355945e-02
   1.1531991e-02
   1.5841855e-02
   3.1349868e-02
   1.5097976e-02
   2.2604829e-02
   1.5873883e-02
   2.7736956e-02
   2.3081480e-02
   6.2654115e-02
   4.9775112e-02
   5.2787792e-02
   5.8645554e-02
   6.5034935e-03
   1.7414337e-02
   3.4407008e-02
   1.7149098e-02
   2.1909725e-02
   2.1264840e-02
   4.3489229e-02
   1.4045331e-02
   8.2002528e-02
   7.7463701e-02
   7.7056080e-02
   7.7072307e-02
