   3.6459405e-02
   3.2927152e-02
   3.0326046e-02
   1.8762048e-02
   2.8917560e-02
   3.2781061e-02
   4.9245875e-02
   1.6550303e-02
   2.0568745e-02
   4.8065998e-02
   3.9326757e-02
   1.6501794e-02
   1.7048148e-02
   3.4512937e-02
   3.6045801e-02
   1.6282173e-02
   3.3315346e-02
   2.4089124e-02
   2.2306086e-02
   1.7398912e-02
   2.8437421e-02
   3.8198501e-02
   5.0974973e-02
   1.7171785e-02
   1.8430244e-02
   4.9240317e-02
   4.0406011e-02
   1.5910590e-02
   1.9608980e-02
   4.1013055e-02
   4.4361103e-02
   1.6016046e-02
   3.2720264e-02
   1.7757645e-02
   1.8310338e-02
   1.9390870e-02
   2.6746849e-02
   3.9335925e-02
   5.1672310e-02
   2.0933449e-02
   1.6377576e-02
   4.9278986e-02
   3.8445137e-02
   1.5661735e-02
   2.0547027e-02
   4.8604108e-02
   4.5966666e-02
   1.6390655e-02
   3.5905376e-02
   2.4395997e-02
   2.9977109e-02
   2.0895341e-02
   2.7281290e-02
   3.9062813e-02
   5.5127442e-02
   2.3204084e-02
   1.6846543e-02
   4.9344797e-02
   4.4922385e-02
   2.2194114e-02
   1.7412141e-02
   4.1719619e-02
   4.7476493e-02
   2.6466792e-02
   4.6972744e-02
   3.9144114e-02
   5.4713242e-02
   2.0208886e-02
   5.4590818e-02
   4.9408697e-02
   5.8371838e-02
   1.9336047e-02
   4.4237513e-02
   7.8625724e-02
   5.0713114e-02
   2.0101933e-02
   3.3113599e-02
   6.0332850e-02
   5.9716459e-02
   2.4081782e-02
   1.0528487e-01
   3.6703896e-02
   3.5335217e-02
   2.0642133e-02
   1.2940715e-01
   4.5442853e-02
   5.0670225e-02
   1.6818753e-02
   9.0216786e-02
   7.7811696e-02
   3.9475881e-02
   1.5109645e-02
   5.0209712e-02
   5.7727795e-02
   4.5802657e-02
   1.6908061e-02
   8.9384280e-02
   2.2015618e-02
   2.0676501e-02
   2.0288354e-02
   7.1630619e-02
   3.4870990e-02
   5.0909270e-02
   1.6914316e-02
   3.8482409e-02
   5.7710253e-02
   4.0332437e-02
   1.5904475e-02
   2.4265040e-02
   6.8639606e-02
   4.2271364e-02
   1.6721504e-02
   4.1634414e-02
   2.3502456e-02
   2.3612842e-02
   1.9243192e-02
   2.9147459e-02
   3.8560681e-02
   4.9665995e-02
   1.6474038e-02
   1.9854331e-02
   5.6637801e-02
   4.0919989e-02
   1.5902115e-02
   1.7315846e-02
   6.2423680e-02
   4.0774290e-02
   1.6304340e-02
   3.9613247e-02
   3.4217075e-02
   2.7114220e-02
   1.2844018e-02
   2.5875462e-02
   3.0761853e-02
   4.5349598e-02
   1.1579853e-02
   1.9124664e-02
   5.9313353e-02
   4.5073278e-02
   9.1252280e-03
   1.6521448e-02
   4.7335900e-02
   4.0387329e-02
   1.0853885e-02
   3.6279544e-02
   2.9230379e-02
   1.8300323e-02
   1.2453171e-02
   2.5706461e-02
   3.0140575e-02
   4.3495581e-02
   1.2495466e-02
   1.6197272e-02
   5.8442701e-02
   4.1171975e-02
   8.8494103e-03
   2.0541230e-02
   5.1711399e-02
   4.8420001e-02
   1.1177571e-02
   3.7014935e-02
   2.4224686e-02
   1.7837845e-02
   1.4596637e-02
   2.7927035e-02
   2.9396502e-02
   4.5540001e-02
   1.4911044e-02
   1.5064923e-02
   5.5028953e-02
   3.8214013e-02
   1.1613162e-02
   2.3225047e-02
   5.9150729e-02
   5.4466076e-02
   1.4814377e-02
   4.3930456e-02
   3.3541940e-02
   2.7161509e-02
   1.4008840e-02
   3.5099450e-02
   3.0486755e-02
   5.9195265e-02
   1.5590747e-02
   1.9186156e-02
   5.1150799e-02
   5.2689318e-02
   2.3789931e-02
   2.1671349e-02
   5.0263476e-02
   5.7859115e-02
   3.4734435e-02
   6.9849856e-02
   5.3942170e-02
   5.5067487e-02
   1.3059179e-02
   8.9373194e-02
   4.2333733e-02
   6.6925839e-02
   1.2943148e-02
   6.9857039e-02
   8.4153250e-02
   6.5625712e-02
   1.9673420e-02
   4.5859210e-02
   6.3581720e-02
   7.0071355e-02
   3.0888882e-02
   1.7538804e-01
   5.2226022e-02
   3.5967529e-02
   1.3168518e-02
   2.2523794e-01
   4.2006955e-02
   4.5916427e-02
   1.0971251e-02
   1.4942470e-01
   7.8995146e-02
   4.4601366e-02
   1.0349648e-02
   7.6041348e-02
   6.4382359e-02
   5.6011174e-02
   1.3068064e-02
   1.4673246e-01
   3.4185085e-02
   1.7869802e-02
   1.3301044e-02
   1.2436254e-01
   2.7832579e-02
   4.0001951e-02
   1.0392978e-02
   6.4066797e-02
   5.6620326e-02
   4.2131782e-02
   8.7817237e-03
   3.3636212e-02
   7.8225821e-02
   4.8659269e-02
   1.1679930e-02
   5.3679846e-02
   2.7688205e-02
   2.1745201e-02
   1.2441859e-02
   3.2463931e-02
   2.8566279e-02
   3.6715295e-02
   1.0802186e-02
   2.0192586e-02
   6.4975195e-02
   4.3106738e-02
   8.5677318e-03
   1.7440761e-02
   7.3870160e-02
   4.7289677e-02
   1.1218318e-02
   6.1636090e-02
   3.3313900e-02
   2.2128372e-02
   8.2305856e-03
   3.8430788e-02
   3.8965043e-02
   4.9279276e-02
   7.6355473e-03
   2.9089168e-02
   9.0237811e-02
   5.7900988e-02
   9.1165993e-03
   1.5963100e-02
   6.7945048e-02
   5.6385580e-02
   1.3540524e-02
   5.8284219e-02
   3.2855216e-02
   1.6768552e-02
   9.0166628e-03
   3.7529647e-02
   3.0433372e-02
   4.5115635e-02
   9.4676269e-03
   2.5085337e-02
   7.3911905e-02
   5.3133275e-02
   7.9238415e-03
   2.1103950e-02
   5.5350017e-02
   5.8007143e-02
   1.1835708e-02
   6.9336005e-02
   2.7703941e-02
   2.0022862e-02
   1.0696303e-02
   4.4087227e-02
   2.9576333e-02
   5.4536533e-02
   1.0456327e-02
   2.6878875e-02
   6.1739724e-02
   4.7647864e-02
   1.1720601e-02
   2.7175684e-02
   6.1000112e-02
   5.6933198e-02
   1.7374657e-02
   7.3417813e-02
   4.4334359e-02
   3.4898400e-02
   9.3025556e-03
   5.2342031e-02
   3.4630924e-02
   7.4167795e-02
   1.1392073e-02
   3.6600851e-02
   5.6461692e-02
   7.8799024e-02
   3.4120962e-02
   3.2130025e-02
   5.5793989e-02
   6.8540163e-02
   5.3772502e-02
   9.4333366e-02
   6.8098038e-02
   8.0856331e-02
   1.0255056e-02
   1.0780180e-01
   3.8180802e-02
   7.6366246e-02
   1.0324209e-02
   9.5005676e-02
   6.3855380e-02
   1.0039739e-01
   2.6447512e-02
   5.4944750e-02
   6.1926689e-02
   8.3849132e-02
   4.9735628e-02
   2.5815487e-01
   4.4537172e-02
   4.7807530e-02
   9.3850335e-03
   3.0246857e-01
   4.2440683e-02
   5.2002221e-02
   8.1800530e-03
   2.1872380e-01
   6.2991410e-02
   6.5434992e-02
   9.6899504e-03
   9.6624546e-02
   6.0787860e-02
   5.2314274e-02
   1.6414598e-02
   2.4386920e-01
   3.4467816e-02
   1.7443970e-02
   9.1235610e-03
   1.8718255e-01
   3.0761497e-02
   4.5361549e-02
   7.5023556e-03
   1.0048277e-01
   7.0143536e-02
   4.9471553e-02
   6.2511158e-03
   4.8424449e-02
   7.6043248e-02
   4.4297822e-02
   1.1479288e-02
   9.4564229e-02
   2.8580900e-02
   1.9871037e-02
   8.5266382e-03
   5.2760255e-02
   2.9207744e-02
   3.7689649e-02
   7.4611623e-03
   3.2434169e-02
   8.3346866e-02
   4.7708783e-02
   7.2467383e-03
   2.1479340e-02
   7.3749766e-02
   5.1822193e-02
   1.1942482e-02
   8.2216553e-02
   4.2288788e-02
   3.2400709e-02
   7.0871450e-03
   5.2438885e-02
   3.7418824e-02
   4.5924980e-02
   5.5352952e-03
   4.6084799e-02
   1.2299243e-01
   7.5799577e-02
   1.1077431e-02
   2.4664329e-02
   8.5732177e-02
   6.4391166e-02
   2.0191705e-02
   7.9295717e-02
   3.9469890e-02
   2.5205914e-02
   7.2689583e-03
   5.7847556e-02
   3.9717067e-02
   5.3096708e-02
   5.9557627e-03
   4.2276323e-02
   7.9378970e-02
   9.2344701e-02
   1.0411016e-02
   3.2872695e-02
   6.1724868e-02
   6.5689273e-02
   1.9521777e-02
   9.0032719e-02
   3.3012625e-02
   2.9745921e-02
   6.3241739e-03
   5.5763606e-02
   3.5745941e-02
   6.7579202e-02
   8.2476232e-03
   4.3158151e-02
   6.2864028e-02
   8.0653131e-02
   1.4149972e-02
   3.8303170e-02
   5.7919320e-02
   6.0476914e-02
   2.6238127e-02
   9.4847538e-02
   7.8824088e-02
   4.9339511e-02
   8.9298375e-03
   6.8368204e-02
   3.7367955e-02
   1.0283785e-01
   1.2337344e-02
   4.5468681e-02
   5.7861876e-02
   1.2067226e-01
   4.7146235e-02
   3.4702480e-02
   6.2076855e-02
   7.7919148e-02
   7.8466661e-02
   8.6834192e-02
   1.1744906e-01
   1.0813412e-01
   1.2254667e-02
   7.3380068e-02
   4.7846552e-02
   1.1076570e-01
   1.2510839e-02
   7.4013762e-02
   7.4435592e-02
   1.4462550e-01
   3.7011959e-02
   5.9480827e-02
   6.3094713e-02
   9.3225740e-02
   6.9769718e-02
   1.7196721e-01
   6.4783439e-02
   7.1428664e-02
   8.0768382e-03
   1.7546172e-01
   5.9856001e-02
   6.0703743e-02
   7.0360112e-03
   1.5518862e-01
   7.7204950e-02
   8.0603912e-02
   1.0026909e-02
   9.0155050e-02
   6.6943340e-02
   6.2309105e-02
   2.5932729e-02
   2.0017682e-01
   3.6702361e-02
   2.2216415e-02
   7.1101966e-03
   1.2812360e-01
   3.5819154e-02
   5.5494651e-02
   5.9952796e-03
   7.6661028e-02
   7.5575970e-02
   7.7520758e-02
   6.4063906e-03
   5.2621230e-02
   6.9581129e-02
   5.2183472e-02
   1.6715150e-02
   9.0190016e-02
   3.6547825e-02
   2.2506258e-02
   6.9222823e-03
   6.5626293e-02
   3.0604452e-02
   4.0561270e-02
   4.9333018e-03
   4.8407219e-02
   8.7689228e-02
   6.9708139e-02
   9.0303030e-03
   3.5560336e-02
   7.4607179e-02
   5.9093252e-02
   1.6407881e-02
