   3.4619212e-02
   2.7683038e-02
   3.6625728e-02
   4.8967905e-02
   3.1043962e-02
   2.0253990e-02
   2.1821525e-02
   3.6814895e-02
   2.4611464e-02
   3.5078995e-02
   1.3292340e-02
   3.2588787e-02
   2.0705407e-02
   3.1751458e-02
   1.7045697e-02
   3.2444019e-02
   3.2515354e-02
   2.8151337e-02
   3.0691624e-02
   4.9222063e-02
   3.1587381e-02
   1.6958805e-02
   2.0709392e-02
   3.7725180e-02
   2.3505805e-02
   2.8573271e-02
   1.2201428e-02
   3.3775534e-02
   1.9133952e-02
   2.5093520e-02
   1.5928660e-02
   3.5938162e-02
   3.2422256e-02
   3.7590865e-02
   3.3020139e-02
   7.3803142e-02
   3.0613232e-02
   1.6388422e-02
   2.2043657e-02
   4.7788411e-02
   2.2865161e-02
   2.7140738e-02
   1.3896321e-02
   4.1147944e-02
   1.9120999e-02
   2.2181898e-02
   1.6302211e-02
   4.0219728e-02
   3.5351228e-02
   3.8113799e-02
   4.3867957e-02
   8.9109838e-02
   3.3019066e-02
   1.5479466e-02
   3.1636856e-02
   7.1836032e-02
   2.3120863e-02
   2.4793968e-02
   2.3878407e-02
   5.7287533e-02
   2.1245597e-02
   2.3331041e-02
   2.4169927e-02
   4.9899098e-02
   5.0371181e-02
   5.9136301e-02
   5.4516673e-02
   6.1394908e-02
   7.9290301e-02
   2.0086002e-02
   4.1375231e-02
   5.3413231e-02
   6.7886896e-02
   2.9844321e-02
   3.1568758e-02
   4.9426284e-02
   5.4337673e-02
   3.0389965e-02
   3.1240400e-02
   5.1517520e-02
   1.1384365e-01
   7.2999313e-02
   4.0382449e-02
   5.4987367e-02
   1.6992182e-01
   2.4843505e-02
   3.0050643e-02
   4.2954501e-02
   1.3860916e-01
   2.8824855e-02
   1.8019006e-02
   3.7740462e-02
   8.8466495e-02
   3.0500736e-02
   1.9917417e-02
   4.0319726e-02
   8.7659262e-02
   3.9318539e-02
   3.1005859e-02
   4.7861170e-02
   8.1897266e-02
   2.0883678e-02
   2.2286205e-02
   3.6591396e-02
   5.7089876e-02
   2.7933985e-02
   1.2895947e-02
   3.3249144e-02
   3.7733804e-02
   3.1667434e-02
   1.6742077e-02
   3.4804396e-02
   3.7637029e-02
   2.7034938e-02
   3.1256165e-02
   4.7311656e-02
   3.0680085e-02
   2.1290002e-02
   2.1020092e-02
   3.5853777e-02
   2.3781024e-02
   3.2392535e-02
   1.2614617e-02
   3.3225544e-02
   2.1655856e-02
   3.2275163e-02
   1.6891358e-02
   3.2305107e-02
   3.5773069e-02
   2.7754640e-02
   4.1072965e-02
   3.5331801e-02
   2.9042022e-02
   2.1019118e-02
   2.0387691e-02
   2.8347321e-02
   2.4049331e-02
   3.9351773e-02
   1.2079147e-02
   2.7375199e-02
   1.9317850e-02
   4.3465689e-02
   1.8277487e-02
   2.5813445e-02
   3.4046967e-02
   3.0637261e-02
   3.2768834e-02
   3.5554487e-02
   2.7936161e-02
   1.6762283e-02
   1.6552623e-02
   2.9518722e-02
   2.0152830e-02
   2.8790101e-02
   1.0385227e-02
   2.7888812e-02
   1.6903730e-02
   3.0553151e-02
   1.4977988e-02
   2.8918393e-02
   3.6092084e-02
   5.0689872e-02
   3.2429818e-02
   8.6674206e-02
   3.0435957e-02
   1.6574632e-02
   2.5454123e-02
   4.6276756e-02
   2.0115912e-02
   2.1834867e-02
   1.2111315e-02
   3.9150272e-02
   1.9841062e-02
   2.9333219e-02
   1.5386734e-02
   3.2091685e-02
   4.2774454e-02
   4.9721487e-02
   4.1810997e-02
   1.0809854e-01
   3.8758028e-02
   1.5525840e-02
   3.4773681e-02
   8.7304942e-02
   2.9652201e-02
   2.3383152e-02
   2.8133243e-02
   6.6447243e-02
   2.7357507e-02
   2.6080698e-02
   2.9049486e-02
   4.4506475e-02
   7.0065066e-02
   5.4479849e-02
   5.0641727e-02
   5.4329574e-02
   1.1087967e-01
   2.0948736e-02
   3.9084364e-02
   5.3657152e-02
   1.0654664e-01
   3.0453479e-02
   3.9789893e-02
   4.7398593e-02
   8.2907267e-02
   3.3293866e-02
   3.9847698e-02
   4.5150660e-02
   1.7919895e-01
   6.7496911e-02
   3.7233017e-02
   4.5361418e-02
   2.5651911e-01
   2.7246304e-02
   3.1469159e-02
   3.6680579e-02
   2.2611216e-01
   2.9741637e-02
   1.6683368e-02
   3.3718850e-02
   1.3145581e-01
   3.4310523e-02
   2.0810947e-02
   3.4494121e-02
   1.4051870e-01
   3.9420743e-02
   2.8221188e-02
   3.7863515e-02
   1.2611267e-01
   1.8294761e-02
   2.4233341e-02
   3.0062638e-02
   9.3347713e-02
   2.5388516e-02
   1.1500949e-02
   2.6833594e-02
   5.3357199e-02
   4.0358901e-02
   1.7985923e-02
   2.7817087e-02
   4.9454220e-02
   2.7320506e-02
   3.0695986e-02
   3.6014933e-02
   3.3529669e-02
   1.8552678e-02
   2.0556388e-02
   2.6413608e-02
   2.5687195e-02
   3.3016149e-02
   1.0701237e-02
   2.5273040e-02
   2.2882093e-02
   4.6430033e-02
   1.8468263e-02
   2.4224892e-02
   5.2685358e-02
   3.4024533e-02
   5.9898809e-02
   2.9494803e-02
   4.4167783e-02
   2.0060284e-02
   1.3494355e-02
   2.4247201e-02
   3.2627914e-02
   3.6923353e-02
   1.3135149e-02
   2.4050754e-02
   2.1989202e-02
   4.1151699e-02
   1.9001728e-02
   2.0611476e-02
   5.2356046e-02
   4.2035762e-02
   4.7402546e-02
   3.3224881e-02
   4.4530887e-02
   1.8041264e-02
   1.6807629e-02
   2.5574699e-02
   2.7584387e-02
   2.6828814e-02
   9.7083542e-03
   2.1682866e-02
   1.8314691e-02
   3.4406595e-02
   1.6465105e-02
   2.4546387e-02
   6.0724728e-02
   7.2567366e-02
   4.3915238e-02
   7.3314615e-02
   4.3731626e-02
   1.6559636e-02
   3.9094690e-02
   4.3576978e-02
   3.0415963e-02
   2.0363282e-02
   1.0919616e-02
   3.7404895e-02
   2.5455160e-02
   3.3826385e-02
   1.3515639e-02
   2.8260762e-02
   6.6768125e-02
   6.7782931e-02
   4.6299148e-02
   9.0288974e-02
   6.2295653e-02
   1.6352428e-02
   5.2539099e-02
   8.0497555e-02
   4.7241420e-02
   2.1654688e-02
   3.5044771e-02
   6.0308851e-02
   3.6827665e-02
   2.5826810e-02
   3.5842434e-02
   3.5790138e-02
   9.7060837e-02
   6.0028318e-02
   4.7873519e-02
   4.7676530e-02
   1.0882038e-01
   2.5948204e-02
   4.2577330e-02
   4.3808293e-02
   8.3620027e-02
   2.6716953e-02
   5.0059568e-02
   4.4420082e-02
   7.0816308e-02
   3.3611540e-02
   5.6250699e-02
   3.8295478e-02
   2.7469888e-01
   6.8376720e-02
   3.7491225e-02
   4.0330987e-02
   2.7271301e-01
   3.2586746e-02
   2.6569853e-02
   3.4712974e-02
   1.6403112e-01
   2.8279714e-02
   1.8458745e-02
   3.1602997e-02
   1.0485814e-01
   3.7174277e-02
   2.6940648e-02
   3.0577691e-02
   2.3310287e-01
   3.3867892e-02
   3.2760713e-02
   2.8769111e-02
   1.6119103e-01
   1.7495984e-02
   1.9069655e-02
   2.4348341e-02
   9.1888428e-02
   2.6729705e-02
   9.7287111e-03
   2.1211587e-02
   5.6156475e-02
   4.5601204e-02
   1.6960563e-02
   2.5024075e-02
   8.1901662e-02
   3.3088654e-02
   4.1154351e-02
   2.7605435e-02
   5.1266033e-02
   1.9452827e-02
   1.2944140e-02
   2.0180760e-02
   3.8269311e-02
   3.3719257e-02
   8.6464221e-03
   1.8569952e-02
   2.9214662e-02
   4.5598347e-02
   1.8012207e-02
   1.7631864e-02
   6.3413315e-02
   4.5618854e-02
   1.0051034e-01
   2.7859909e-02
   5.5318825e-02
   1.5422544e-02
   1.9465080e-02
   2.0178985e-02
   4.0256541e-02
   2.6029728e-02
   1.2544625e-02
   1.8233420e-02
   2.7534457e-02
   6.0640603e-02
   2.9524362e-02
   1.9727282e-02
   5.8186181e-02
   5.4893050e-02
   7.1446374e-02
   3.7394550e-02
   5.5551682e-02
   1.5858680e-02
   2.3140635e-02
   1.7132109e-02
   3.1554688e-02
   2.2214089e-02
   1.0872567e-02
   2.2551976e-02
   2.6006522e-02
   5.0974037e-02
   2.3689648e-02
   1.7275712e-02
   8.2356341e-02
   8.8412769e-02
   5.3838551e-02
   9.3878150e-02
   6.1489530e-02
   1.8525459e-02
   5.6262348e-02
   5.6927707e-02
   3.9992105e-02
   1.8924197e-02
   1.4676692e-02
   3.4403816e-02
   3.8929667e-02
   3.5907872e-02
   1.8136071e-02
   2.6342940e-02
   7.0392981e-02
   7.5306810e-02
   6.9047295e-02
   1.2645650e-01
   6.9832586e-02
   2.2650106e-02
   7.7447601e-02
   1.0885095e-01
   5.9796080e-02
   2.6412742e-02
   4.1554540e-02
   4.8477046e-02
   3.9440893e-02
   2.8257968e-02
   4.1525021e-02
   3.3303481e-02
   5.9908532e-02
   7.1171567e-02
   7.7839226e-02
   6.0371581e-02
   7.4694738e-02
   4.5733456e-02
   5.7966005e-02
   4.6856210e-02
   8.0386415e-02
   3.5500940e-02
   5.6752753e-02
   3.7665945e-02
   8.3020523e-02
   4.4159710e-02
   6.6581398e-02
   3.4552757e-02
   1.6115908e-01
   7.2304532e-02
   5.8697492e-02
   3.8064707e-02
   1.5450864e-01
   5.4965224e-02
   3.7565943e-02
   3.2338101e-02
   1.3450554e-01
   4.3603785e-02
   2.1025121e-02
   3.0983508e-02
   1.0455677e-01
   4.6819590e-02
   3.2094032e-02
   2.7980750e-02
   1.8656789e-01
   3.8446162e-02
   4.9569976e-02
   2.9043134e-02
   1.0631480e-01
   2.1400439e-02
   2.7268982e-02
   1.9291364e-02
   8.6977050e-02
   3.0428644e-02
   8.2631074e-03
   2.0744186e-02
   6.6535257e-02
   4.8180122e-02
   2.0760359e-02
   1.9839441e-02
   8.2768798e-02
   3.8814109e-02
   6.0278144e-02
   3.5002798e-02
   6.1493244e-02
   1.4495918e-02
   1.6098252e-02
   2.1428594e-02
   5.6998432e-02
   2.8078848e-02
   8.2818903e-03
   1.9173844e-02
   3.8237277e-02
   6.0476087e-02
   2.2299133e-02
   1.3768486e-02
