   3.4953132e-02
   4.4112958e-02
   5.0745111e-02
   1.5149714e-02
   4.6058666e-02
   3.4475792e-02
   3.6769297e-02
   1.8157626e-02
   8.5312255e-02
   9.5898330e-02
   1.0273506e-01
   6.7286246e-02
   4.7812883e-02
   2.9267013e-02
   5.2809276e-02
   5.9591979e-02
   3.2016467e-02
   3.0693613e-02
   3.5626937e-02
   1.2564668e-02
   4.1485429e-02
   2.1149583e-02
   2.1164639e-02
   1.3828952e-02
   3.9662156e-02
   3.9377686e-02
   4.3828677e-02
   3.6169279e-02
   2.8251935e-02
   1.6791046e-02
   2.5757851e-02
   3.0708091e-02
   4.7411781e-02
   2.7825112e-02
   3.1960469e-02
   1.2024565e-02
   7.0816576e-02
   1.6438035e-02
   1.4982152e-02
   1.4436441e-02
   1.8789031e-02
   1.3395460e-02
   1.2913982e-02
   2.1501217e-02
   1.7214261e-02
   1.0335986e-02
   9.8833647e-03
   1.5519176e-02
   1.4361925e-01
   3.1700898e-02
   3.9657172e-02
   1.4556999e-02
   1.9646828e-01
   2.9267604e-02
   2.2671245e-02
   2.5556069e-02
   2.0438315e-02
   1.5655218e-02
   1.2727002e-02
   2.5973834e-02
   1.5774447e-02
   1.1469306e-02
   1.3024433e-02
   1.8520361e-02
   9.6133590e-02
   3.6582623e-02
   4.4203911e-02
   1.3993257e-02
   1.1558309e-01
   3.9644636e-02
   3.5327859e-02
   1.9214690e-02
   1.6860599e-02
   1.5762247e-02
   1.4420161e-02
   2.0837657e-02
   2.0728258e-02
   1.4107329e-02
   1.9654647e-02
   1.6226489e-02
   2.9775130e-02
   3.0739933e-02
   3.6358759e-02
   1.3070565e-02
   3.8358070e-02
   2.4475263e-02
   2.7199989e-02
   1.4350801e-02
   1.3985243e-02
   1.3368669e-02
   1.4141180e-02
   1.7349662e-02
   2.2496670e-02
   1.2361450e-02
   1.3138370e-02
   1.4496736e-02
   3.3084814e-02
   2.5277382e-02
   3.3625904e-02
   1.1006266e-02
   4.1452624e-02
   1.5030273e-02
   1.5521075e-02
   1.1838966e-02
   1.4537589e-02
   1.3318032e-02
   1.3983315e-02
   1.7143313e-02
   1.5788924e-02
   1.0709099e-02
   1.0300557e-02
   1.4318743e-02
   3.4906115e-02
   3.2842912e-02
   4.1747250e-02
   1.1507632e-02
   4.6886083e-02
   2.1291105e-02
   2.1699021e-02
   1.4127776e-02
   3.8548764e-02
   4.3098249e-02
   4.4648454e-02
   3.4831498e-02
   2.5945926e-02
   1.6553864e-02
   2.4839878e-02
   2.9034056e-02
   2.2216065e-02
   5.3699531e-02
   5.5513851e-02
   1.7474208e-02
   3.0400438e-02
   4.1980669e-02
   5.1812001e-02
   2.1142023e-02
   1.2937386e-01
   1.4319935e-01
   1.6572453e-01
   9.8531269e-02
   6.8585694e-02
   3.8016886e-02
   8.3339781e-02
   8.7291121e-02
   2.4828309e-02
   3.6258817e-02
   3.6570001e-02
   1.2790521e-02
   3.3520311e-02
   2.8290698e-02
   2.9403750e-02
   1.3767548e-02
   5.5827089e-02
   5.7240281e-02
   6.6872790e-02
   5.1853813e-02
   3.4766022e-02
   2.0255374e-02
   3.8465098e-02
   3.9685845e-02
   7.0413463e-02
   2.8816640e-02
   3.1103360e-02
   1.1991100e-02
   1.0887472e-01
   2.0238277e-02
   2.0815236e-02
   1.6059561e-02
   2.4140099e-02
   1.2919142e-02
   1.4185556e-02
   2.8269717e-02
   1.5422524e-02
   1.0965984e-02
   1.0969403e-02
   1.2951198e-02
   2.1598960e-01
   2.8875338e-02
   3.9168321e-02
   1.6918579e-02
   3.0541137e-01
   2.9889781e-02
   2.5671791e-02
   3.4385383e-02
   2.5774060e-02
   1.1818890e-02
   1.2719689e-02
   3.2420628e-02
   1.6864821e-02
   1.3115999e-02
   1.5013618e-02
   1.6780712e-02
   1.4341073e-01
   3.5461526e-02
   4.5992672e-02
   1.4548331e-02
   1.7340183e-01
   4.3568157e-02
   3.6183354e-02
   2.1210156e-02
   1.9883348e-02
   1.2827903e-02
   1.4088338e-02
   2.4774343e-02
   2.4619985e-02
   1.4384321e-02
   2.3956757e-02
   1.4627072e-02
   3.5893414e-02
   3.0520109e-02
   3.7340716e-02
   1.1671205e-02
   4.4706281e-02
   3.0776834e-02
   2.4739375e-02
   1.2507227e-02
   1.5011754e-02
   1.3115828e-02
   1.4641849e-02
   1.8031975e-02
   2.7759265e-02
   1.3849474e-02
   1.5641792e-02
   1.1903380e-02
   2.3068201e-02
   2.5525475e-02
   3.2737613e-02
   8.7735709e-03
   2.8000971e-02
   2.0123219e-02
   1.8009843e-02
   9.5984079e-03
   1.4690024e-02
   1.3631943e-02
   1.6811743e-02
   1.8298557e-02
   1.8922821e-02
   1.1622402e-02
   1.2280376e-02
   1.1556845e-02
   2.0320121e-02
   4.1106109e-02
   4.4315588e-02
   1.1526653e-02
   2.8421244e-02
   2.6404070e-02
   3.0338630e-02
   1.3604204e-02
   5.4300968e-02
   6.1628062e-02
   7.0281439e-02
   4.9397137e-02
   3.5660099e-02
   2.0728840e-02
   3.7585400e-02
   3.6880352e-02
   2.7181810e-02
   7.3593669e-02
   7.9131380e-02
   3.0873541e-02
   4.5254987e-02
   5.9696205e-02
   8.2771279e-02
   3.1300917e-02
   2.2251122e-01
   2.2464177e-01
   2.5047764e-01
   1.4619824e-01
   9.4416685e-02
   5.5938676e-02
   1.3534780e-01
   1.3543716e-01
   3.5193928e-02
   5.1600542e-02
   4.3847792e-02
   1.7725989e-02
   5.0310276e-02
   3.7589487e-02
   4.4067614e-02
   1.9226821e-02
   8.7005995e-02
   8.6967371e-02
   9.8136172e-02
   8.8206396e-02
   4.9038354e-02
   2.9352171e-02
   6.3239045e-02
   6.2254295e-02
   8.2408100e-02
   3.4140904e-02
   3.3039082e-02
   1.5694328e-02
   1.2403610e-01
   3.1150062e-02
   2.9413678e-02
   2.3885991e-02
   2.6586641e-02
   1.6313573e-02
   1.8864699e-02
   5.1996503e-02
   2.2417018e-02
   1.7786939e-02
   1.5733650e-02
   2.0926747e-02
   2.0803207e-01
   3.3287257e-02
   4.6864711e-02
   2.4095241e-02
   2.7612427e-01
   3.8900733e-02
   3.2827523e-02
   4.8761033e-02
   3.1081932e-02
   1.3567114e-02
   1.7342776e-02
   5.1823899e-02
   2.3990294e-02
   2.0686824e-02
   2.0880014e-02
   2.7640171e-02
   1.3350822e-01
   4.7845908e-02
   5.6458309e-02
   1.8085716e-02
   1.5073824e-01
   5.7432752e-02
   4.6336196e-02
   2.8794317e-02
   2.4510639e-02
   1.4837421e-02
   1.8793141e-02
   4.2163298e-02
   3.5392009e-02
   2.2864485e-02
   3.5281900e-02
   2.2908945e-02
   5.3221971e-02
   3.9077383e-02
   4.3527111e-02
   1.4607391e-02
   6.5171614e-02
   4.4476237e-02
   3.2536145e-02
   1.5396250e-02
   1.7781597e-02
   1.8303184e-02
   2.2002565e-02
   3.1900298e-02
   4.1504499e-02
   2.1895494e-02
   2.5379544e-02
   1.6480446e-02
   3.4004640e-02
   3.0902673e-02
   3.6152419e-02
   1.1723364e-02
   4.1456480e-02
   2.7856031e-02
   2.6861966e-02
   1.1204354e-02
   1.6822398e-02
   1.8308856e-02
   2.2987068e-02
   3.1103700e-02
   2.9724203e-02
   1.9177284e-02
   1.9090891e-02
   1.5485251e-02
   2.6464714e-02
   5.5312499e-02
   5.4774527e-02
   1.8058805e-02
   4.3460842e-02
   4.1200075e-02
   4.6230152e-02
   1.7948460e-02
   9.1770463e-02
   9.1677018e-02
   1.0211471e-01
   7.3682100e-02
   5.0871767e-02
   3.2115560e-02
   5.9886403e-02
   5.8732923e-02
   3.9697681e-02
   8.1828095e-02
   1.0023581e-01
   5.8567289e-02
   7.7379510e-02
   8.1877083e-02
   1.3358180e-01
   4.8680726e-02
   3.3943665e-01
   2.8045788e-01
   2.3537999e-01
   1.4705443e-01
   1.3145156e-01
   1.0021770e-01
   1.5572955e-01
   1.4441144e-01
   4.9292177e-02
   5.1656287e-02
   5.3101465e-02
   3.2743737e-02
   6.7454755e-02
   5.5884998e-02
   6.4873934e-02
   3.0017151e-02
   1.2783588e-01
   1.0922628e-01
   9.5120743e-02
   1.2239670e-01
   7.2852246e-02
   5.3771775e-02
   8.4837213e-02
   8.0664739e-02
   7.3827885e-02
   3.5986427e-02
   4.0618841e-02
   3.2731269e-02
   8.3460040e-02
   5.5913385e-02
   4.7554482e-02
   4.0259399e-02
   1.8702637e-02
   2.5807723e-02
   2.4181761e-02
   7.9776123e-02
   3.0394757e-02
   2.5719337e-02
   2.1562787e-02
   3.8937613e-02
   1.2284060e-01
   4.3762982e-02
   6.5079905e-02
   4.9362086e-02
   1.1196589e-01
   6.6497996e-02
   4.5843899e-02
   8.6447090e-02
   1.9520789e-02
   2.0951537e-02
   2.1793045e-02
   8.6555645e-02
   3.4969423e-02
   2.4345426e-02
   2.2527862e-02
   4.9296428e-02
   7.9987414e-02
   6.7950860e-02
   6.3711017e-02
   3.3928502e-02
   7.7335745e-02
   8.0370091e-02
   4.7578409e-02
   4.8863184e-02
   1.9023288e-02
   1.8840294e-02
   2.0814989e-02
   6.0869485e-02
   5.4514635e-02
   2.2070600e-02
   3.6085904e-02
   3.8497973e-02
   5.2684873e-02
   5.4216448e-02
   4.7598016e-02
   2.3750341e-02
   6.0829755e-02
   5.7945792e-02
   5.1734868e-02
   1.8516591e-02
   1.6989619e-02
   2.3985337e-02
   2.1687390e-02
   5.2404147e-02
   5.9059028e-02
   2.7992474e-02
   3.4121308e-02
   3.4984086e-02
   4.9473811e-02
   3.4033172e-02
   3.5903189e-02
   1.6542401e-02
   4.7368094e-02
   4.2994834e-02
   4.5163639e-02
   1.3856101e-02
   1.8647708e-02
   2.5183339e-02
   2.9811729e-02
   5.0879277e-02
   3.9639935e-02
   2.5596678e-02
   3.3457182e-02
   2.8900379e-02
   3.1134740e-02
   4.9926236e-02
   5.7837520e-02
   3.2210462e-02
   5.2885633e-02
   6.1085690e-02
   7.2162911e-02
   3.0265303e-02
   1.4193600e-01
   1.2500721e-01
   9.2879400e-02
   9.7220279e-02
   8.3356462e-02
   5.8719724e-02
   7.7206850e-02
   6.8168797e-02
