   3.6359806e-02
   1.5566315e-01
   9.5757730e-02
   1.7704600e-02
   8.0445006e-02
   1.1820637e-01
   6.2987387e-02
   2.5103072e-02
   7.4572653e-02
   3.8332012e-02
   2.0482037e-02
   2.3758559e-02
   3.4271061e-02
   5.2016016e-02
   4.8057433e-02
   2.2758169e-02
   6.4383738e-02
   7.3914692e-02
   4.7805760e-02
   1.6815318e-02
   8.9275755e-02
   7.0809595e-02
   3.6345776e-02
   2.3886561e-02
   4.4623636e-02
   2.7506215e-02
   1.9727234e-02
   2.3782250e-02
   2.9344905e-02
   4.5054369e-02
   4.8448626e-02
   2.3105968e-02
   1.0340533e-01
   2.0194493e-02
   1.5576403e-02
   1.6260430e-02
   5.1257160e-02
   2.8125249e-02
   1.9574547e-02
   2.3241878e-02
   3.9033614e-02
   2.6183356e-02
   2.0305719e-02
   2.2854457e-02
   2.7507754e-02
   3.7183415e-02
   4.9565818e-02
   2.7725400e-02
   6.2362328e-02
   1.8640032e-02
   1.5122449e-02
   1.6806776e-02
   4.6169769e-02
   2.8056780e-02
   2.4703562e-02
   2.1687234e-02
   4.4101402e-02
   3.4484033e-02
   3.0446634e-02
   2.1632789e-02
   2.9892089e-02
   3.3997539e-02
   5.7142310e-02
   2.6837025e-02
   4.3069940e-02
   1.5525859e-02
   2.4213413e-02
   1.8622903e-02
   5.9664153e-02
   3.6127530e-02
   3.7073188e-02
   2.3264192e-02
   5.6259014e-02
   5.0260995e-02
   4.5243237e-02
   2.2732163e-02
   3.7748497e-02
   4.5177530e-02
   5.9928786e-02
   2.5033737e-02
   3.4208655e-02
   1.2778118e-02
   1.9159919e-02
   2.2206390e-02
   4.4913996e-02
   2.7019950e-02
   2.9887887e-02
   2.5165776e-02
   4.9333505e-02
   4.1263264e-02
   2.6621152e-02
   2.3457749e-02
   5.3426247e-02
   6.2162165e-02
   4.9011588e-02
   2.4285497e-02
   3.2729320e-02
   1.3826512e-02
   1.6542917e-02
   2.7329115e-02
   3.8361084e-02
   2.3906298e-02
   2.3542002e-02
   2.5508206e-02
   5.8495253e-02
   4.9087428e-02
   1.7338766e-02
   2.2719974e-02
   9.2480324e-02
   5.5745792e-02
   4.3726027e-02
   2.4979293e-02
   3.2054201e-02
   5.9686966e-02
   4.2863250e-02
   2.0351445e-02
   4.4500805e-02
   5.5692032e-02
   3.3735711e-02
   2.5536835e-02
   9.4332173e-02
   5.0139461e-02
   1.7940726e-02
   2.3309933e-02
   5.7095319e-02
   4.6640065e-02
   4.5427904e-02
   2.3371436e-02
   4.2226348e-02
   1.8766937e-01
   1.2066483e-01
   1.3516012e-02
   1.2260725e-01
   1.4952651e-01
   7.0009202e-02
   1.5963878e-02
   1.1400584e-01
   5.2768946e-02
   2.0982634e-02
   1.5828071e-02
   4.2200886e-02
   6.5029733e-02
   4.7547169e-02
   1.7916333e-02
   9.6166007e-02
   9.6233003e-02
   6.3768871e-02
   1.1725536e-02
   1.4298590e-01
   9.9558398e-02
   4.2851944e-02
   1.3854677e-02
   5.1968534e-02
   3.6687274e-02
   1.9804377e-02
   1.6271574e-02
   3.3261597e-02
   4.8095215e-02
   4.3894313e-02
   1.6707411e-02
   1.6817078e-01
   2.4866652e-02
   2.3662347e-02
   1.1198588e-02
   7.8069620e-02
   3.8870532e-02
   2.5047667e-02
   1.2888468e-02
   4.3832853e-02
   3.4327149e-02
   2.2701317e-02
   1.4740764e-02
   3.0285709e-02
   3.6723725e-02
   5.1069420e-02
   2.2900918e-02
   9.3731567e-02
   2.0362640e-02
   2.0963447e-02
   1.1037393e-02
   5.8617610e-02
   3.5141792e-02
   2.7693411e-02
   1.3896823e-02
   5.2085858e-02
   4.3774541e-02
   3.6252398e-02
   1.3693222e-02
   3.2110959e-02
   3.4486212e-02
   6.5002359e-02
   2.3374239e-02
   5.1962052e-02
   1.9017983e-02
   3.8041364e-02
   1.2258738e-02
   6.8568617e-02
   4.2727765e-02
   4.5729350e-02
   1.5334700e-02
   7.0106439e-02
   5.7375737e-02
   5.5466101e-02
   1.4332249e-02
   4.2787075e-02
   4.5221493e-02
   6.4973295e-02
   1.9468309e-02
   3.9501633e-02
   1.3097986e-02
   2.2609390e-02
   1.7558211e-02
   5.2685831e-02
   3.2692891e-02
   3.8408760e-02
   1.5327107e-02
   6.2458839e-02
   5.0974987e-02
   2.9868122e-02
   1.4598642e-02
   8.4680870e-02
   5.7960153e-02
   4.5914460e-02
   1.9572891e-02
   3.6805388e-02
   1.5984798e-02
   2.0229688e-02
   2.5670653e-02
   4.3860760e-02
   3.1321961e-02
   2.9875984e-02
   1.6097931e-02
   9.1132112e-02
   6.7900859e-02
   2.0345775e-02
   1.5335676e-02
   1.6110855e-01
   5.7501826e-02
   3.9283525e-02
   1.9873675e-02
   3.5708953e-02
   6.8157993e-02
   4.9406983e-02
   1.4815047e-02
   5.2457873e-02
   6.8443440e-02
   3.6462381e-02
   1.6009808e-02
   1.5642583e-01
   7.1174510e-02
   1.9116255e-02
   1.6115516e-02
   9.3138672e-02
   5.4665655e-02
   4.1958522e-02
   1.9708116e-02
   6.8946742e-02
   3.8605368e-01
   2.4501988e-01
   1.3578100e-02
   1.7393956e-01
   2.0509024e-01
   1.1691324e-01
   1.0135120e-02
   1.6702777e-01
   5.5050984e-02
   2.2594128e-02
   1.1500952e-02
   7.3642686e-02
   7.9500198e-02
   5.6274846e-02
   1.5178852e-02
   1.4685944e-01
   1.9433725e-01
   1.2305465e-01
   1.0562682e-02
   1.9942348e-01
   1.3324735e-01
   6.9933318e-02
   8.5505005e-03
   8.6893909e-02
   3.8392596e-02
   2.7818382e-02
   9.5959203e-03
   5.4075222e-02
   5.1747940e-02
   5.1918842e-02
   1.4467875e-02
   2.3560384e-01
   3.0925890e-02
   2.9660404e-02
   9.1294842e-03
   1.1767901e-01
   4.5620218e-02
   2.9163094e-02
   8.8173207e-03
   6.7904994e-02
   3.7643921e-02
   3.0342488e-02
   8.1916163e-03
   5.1603228e-02
   3.8582820e-02
   6.6547938e-02
   2.5125915e-02
   1.3251962e-01
   2.2805402e-02
   2.3746770e-02
   9.4411429e-03
   9.5936142e-02
   4.2204581e-02
   3.1131884e-02
   9.6631208e-03
   7.2152331e-02
   5.2645158e-02
   4.5872215e-02
   9.7133126e-03
   5.1764406e-02
   3.9100271e-02
   8.2683690e-02
   2.6149521e-02
   7.4217834e-02
   3.1098334e-02
   5.3179212e-02
   1.0654344e-02
   7.9693124e-02
   5.8168575e-02
   6.3676611e-02
   1.2750926e-02
   7.0083469e-02
   7.9835720e-02
   7.6283656e-02
   1.3360349e-02
   5.9059054e-02
   4.2351589e-02
   8.0717862e-02
   1.7247727e-02
   6.5724574e-02
   1.8097257e-02
   2.9159358e-02
   2.2763560e-02
   7.5523354e-02
   3.8519677e-02
   4.7646448e-02
   1.0002702e-02
   8.3601944e-02
   5.3459112e-02
   3.6481198e-02
   9.5308032e-03
   1.2415215e-01
   4.3857329e-02
   5.1292874e-02
   1.6227677e-02
   6.2171821e-02
   2.3392364e-02
   2.3101769e-02
   3.7622008e-02
   6.8289332e-02
   3.8484942e-02
   3.2536600e-02
   1.0666673e-02
   1.4596081e-01
   5.9886258e-02
   1.9713331e-02
   8.8189170e-03
   2.5371525e-01
   5.2880593e-02
   4.3676998e-02
   1.6834222e-02
   5.3886339e-02
   1.2960251e-01
   9.0741411e-02
   1.6179170e-02
   8.1537016e-02
   8.9499481e-02
   5.0501019e-02
   1.0317209e-02
   2.4092202e-01
   7.1555100e-02
   2.1378206e-02
   9.4125513e-03
   1.5367942e-01
   5.2250557e-02
   4.6385657e-02
   1.7905414e-02
   9.3304321e-02
   5.4759197e-02
   4.1110363e-02
   1.2749901e-02
   1.7458203e-01
   1.2490604e-01
   7.6035276e-02
   6.4467373e-03
   1.7542832e-01
   5.5659112e-02
   3.3559207e-02
   8.2616713e-03
   9.7290024e-02
   6.2700599e-02
   5.3015713e-02
   1.1226251e-02
   1.2457574e-01
   3.0874958e-02
   2.3025053e-02
   1.1042296e-02
   1.5909839e-01
   7.4758045e-02
   5.2527331e-02
   5.7005128e-03
   1.0126645e-01
   4.0132556e-02
   4.6777036e-02
   8.4149316e-03
   7.0867978e-02
   3.7716296e-02
   6.6949315e-02
   1.5167643e-02
   1.6324691e-01
   2.3705972e-02
   1.2582172e-02
   8.1669847e-03
   1.0637810e-01
   5.1367335e-02
   3.0349160e-02
   6.5836483e-03
   8.6241588e-02
   3.7663404e-02
   4.3733448e-02
   5.8742664e-03
   6.4643376e-02
   3.2289486e-02
   9.1071658e-02
   3.0755583e-02
   8.8918015e-02
   2.0769810e-02
   3.0512746e-02
   9.8187597e-03
   8.6598076e-02
   5.9011638e-02
   4.4206969e-02
   9.4514135e-03
   7.1498282e-02
   6.6456027e-02
   6.8351008e-02
   9.2170332e-03
   6.5983877e-02
   4.4235922e-02
   1.2148341e-01
   3.5830185e-02
   7.9865798e-02
   3.6393903e-02
   7.2714150e-02
   1.4962529e-02
   1.0167718e-01
   8.7996326e-02
   8.2635127e-02
   1.5351216e-02
   1.0575339e-01
   1.2877268e-01
   9.4146229e-02
   1.5161802e-02
   8.0151014e-02
   5.6282278e-02
   9.5943734e-02
   2.2535611e-02
   6.9674976e-02
   1.7975377e-02
   3.9420657e-02
   3.4816552e-02
   6.6472694e-02
   4.9561616e-02
   4.7479596e-02
   9.5745297e-03
   7.2631612e-02
   6.7209892e-02
   4.6260759e-02
   8.5078832e-03
   8.9258127e-02
   6.3089021e-02
   5.9816543e-02
   2.1498943e-02
   7.8724630e-02
   2.0328814e-02
   2.3443229e-02
   5.7454489e-02
   9.6413806e-02
   4.0907141e-02
   3.4672342e-02
   8.8057108e-03
   1.0728946e-01
   4.7921631e-02
   1.9649036e-02
   4.7594127e-03
   1.7504822e-01
   6.7855977e-02
   3.9770942e-02
   1.4734667e-02
   7.4867763e-02
   3.0491587e-02
   2.4383951e-02
   2.2515500e-02
   9.4622277e-02
   6.0432352e-02
   3.7522770e-02
   7.2229817e-03
   2.1590200e-01
   6.3402161e-02
   2.4195869e-02
   6.5438836e-03
   1.3170363e-01
   4.5970272e-02
   4.2253725e-02
   1.2766887e-02
