   3.1695593e-02
   8.7395556e-02
   6.9895402e-02
   3.0380178e-02
   6.4825453e-02
   1.3456358e-01
   8.6947225e-02
   4.2685617e-02
   8.9606717e-02
   7.7782698e-02
   3.9616283e-02
   3.8745042e-02
   3.9401542e-02
   5.1889922e-02
   6.3118145e-02
   5.0144054e-02
   5.7195608e-02
   5.1610198e-02
   3.5237581e-02
   2.1902472e-02
   9.7597361e-02
   1.0440546e-01
   5.1751897e-02
   3.8446318e-02
   4.9969140e-02
   5.3421471e-02
   3.9820034e-02
   4.9943719e-02
   3.4828641e-02
   4.6058200e-02
   5.8205694e-02
   6.5180026e-02
   1.2692721e-01
   7.3589154e-02
   1.3636713e-02
   1.8162355e-02
   6.7786209e-02
   7.9998627e-02
   2.7806250e-02
   2.8924910e-02
   3.8558092e-02
   4.3178484e-02
   3.9168555e-02
   3.9394539e-02
   3.4211166e-02
   4.8582166e-02
   6.5654032e-02
   8.4173307e-02
   8.5813947e-02
   1.1561864e-01
   1.7544236e-02
   2.2790544e-02
   4.5816667e-02
   6.0099375e-02
   2.9580431e-02
   3.0177791e-02
   4.3159455e-02
   5.9083112e-02
   4.0541444e-02
   3.4268122e-02
   3.5786502e-02
   4.8299026e-02
   6.5592751e-02
   6.6497438e-02
   4.0444538e-02
   6.0637638e-02
   3.6429208e-02
   3.3821177e-02
   5.0604772e-02
   5.2335966e-02
   4.2912625e-02
   3.5687655e-02
   5.3583629e-02
   7.8057356e-02
   5.4141819e-02
   3.6038339e-02
   4.2833533e-02
   5.2746486e-02
   5.8808550e-02
   6.1446775e-02
   2.9113490e-02
   2.9325139e-02
   3.1519163e-02
   2.9920155e-02
   4.2152859e-02
   3.9237782e-02
   3.8580198e-02
   3.2117423e-02
   4.4594947e-02
   6.4662755e-02
   4.0604386e-02
   3.4749780e-02
   6.1414972e-02
   6.3371465e-02
   5.0410599e-02
   5.1721923e-02
   2.6699375e-02
   2.3444945e-02
   1.9758988e-02
   2.7081722e-02
   3.9981946e-02
   3.4716923e-02
   3.6381416e-02
   3.0156199e-02
   4.5962200e-02
   7.4181736e-02
   3.1242505e-02
   3.2798305e-02
   1.0680210e-01
   6.9059469e-02
   4.7892328e-02
   4.9740467e-02
   2.7412396e-02
   4.5686781e-02
   3.2804277e-02
   2.5852527e-02
   4.0335000e-02
   6.5548077e-02
   5.3076327e-02
   3.4542970e-02
   8.8802569e-02
   8.5797124e-02
   3.2603242e-02
   3.3419609e-02
   7.5272851e-02
   5.0421722e-02
   5.2682117e-02
   4.8244793e-02
   3.8066756e-02
   1.4172238e-01
   1.0028941e-01
   3.7127718e-02
   9.5156066e-02
   2.2542463e-01
   1.7212212e-01
   4.6967197e-02
   1.3430816e-01
   9.2813842e-02
   3.9989699e-02
   3.9497506e-02
   4.9331971e-02
   5.1483300e-02
   4.8501477e-02
   3.8122959e-02
   9.0363175e-02
   8.1186272e-02
   5.1343039e-02
   2.0888133e-02
   1.6016632e-01
   1.6285831e-01
   9.8475836e-02
   4.9448833e-02
   5.9961502e-02
   5.8177546e-02
   5.0215855e-02
   5.4673228e-02
   3.8887639e-02
   4.5306455e-02
   5.0149631e-02
   5.8465824e-02
   2.1956092e-01
   8.1248790e-02
   1.5485939e-02
   1.2869940e-02
   1.0828198e-01
   1.0380318e-01
   3.9355781e-02
   3.2049853e-02
   3.9461873e-02
   4.5976974e-02
   4.8063442e-02
   4.0416565e-02
   3.5946261e-02
   5.1245227e-02
   5.5775221e-02
   8.4094733e-02
   1.3997035e-01
   1.1327245e-01
   1.8943228e-02
   1.4067209e-02
   6.2356032e-02
   7.2444290e-02
   3.5546921e-02
   3.3916768e-02
   4.9771961e-02
   6.2229462e-02
   4.4267729e-02
   2.8567893e-02
   3.8908571e-02
   5.1131073e-02
   5.6760907e-02
   5.6434289e-02
   5.1428955e-02
   6.9696255e-02
   4.7002476e-02
   2.0682435e-02
   5.9211615e-02
   6.0270488e-02
   5.5064563e-02
   4.2192411e-02
   6.2078703e-02
   7.3967718e-02
   5.7127558e-02
   2.8829062e-02
   4.8586331e-02
   5.4764889e-02
   5.3548299e-02
   4.6994939e-02
   3.5785772e-02
   3.4497134e-02
   4.3449067e-02
   2.0888144e-02
   4.8532065e-02
   5.1403712e-02
   4.9681041e-02
   3.6155868e-02
   5.2341122e-02
   7.0250839e-02
   3.7576828e-02
   2.6879977e-02
   9.5014371e-02
   7.5082764e-02
   4.3880168e-02
   3.8134225e-02
   3.2516535e-02
   2.4539595e-02
   2.9589329e-02
   2.4648545e-02
   4.4538084e-02
   4.6570983e-02
   4.5001511e-02
   2.9626353e-02
   6.2836446e-02
   9.8611027e-02
   2.8562736e-02
   2.4791138e-02
   1.7764805e-01
   8.8332504e-02
   3.7731908e-02
   3.6867555e-02
   3.1586241e-02
   6.3187338e-02
   4.5496363e-02
   2.5322018e-02
   4.6732124e-02
   1.0064423e-01
   8.2152814e-02
   3.1327151e-02
   1.3145301e-01
   1.1566657e-01
   3.3378404e-02
   3.0519526e-02
   1.1666728e-01
   5.5925313e-02
   4.3673493e-02
   3.6943078e-02
   5.9460416e-02
   1.1801665e-01
   9.0654589e-02
   6.2229227e-02
   1.3894492e-01
   9.8139063e-02
   7.8461796e-02
   5.6679152e-02
   2.0279576e-01
   9.3631305e-02
   4.1541040e-02
   3.4476317e-02
   7.6326303e-02
   6.7239471e-02
   4.9157713e-02
   3.5045858e-02
   1.3608530e-01
   6.5234706e-02
   4.6705533e-02
   2.9694723e-02
   2.2674266e-01
   9.1008596e-02
   6.4620703e-02
   6.2775545e-02
   9.7606510e-02
   6.0305953e-02
   6.2167592e-02
   4.6827894e-02
   6.2083822e-02
   6.6022769e-02
   7.1525939e-02
   5.9775874e-02
   2.8710794e-01
   3.8398352e-02
   1.5086279e-02
   1.1243837e-02
   1.5857285e-01
   8.3941981e-02
   3.9561089e-02
   4.5137264e-02
   6.2099673e-02
   4.7983106e-02
   6.4729206e-02
   3.8106237e-02
   5.7941247e-02
   7.4019670e-02
   8.2335018e-02
   8.7259836e-02
   1.6113281e-01
   6.0793888e-02
   2.3876656e-02
   1.2680890e-02
   9.8036043e-02
   5.4973673e-02
   4.3199148e-02
   4.8536520e-02
   7.0058152e-02
   6.6311896e-02
   6.0903396e-02
   3.0041065e-02
   6.0078047e-02
   6.4096645e-02
   7.2164170e-02
   5.3541176e-02
   6.4451367e-02
   5.8765456e-02
   6.1742641e-02
   1.9661028e-02
   8.4121682e-02
   6.1182011e-02
   7.3159024e-02
   5.4590818e-02
   7.0023999e-02
   9.3862884e-02
   7.3039159e-02
   2.6749013e-02
   6.5409161e-02
   5.4950833e-02
   5.6414228e-02
   4.0751744e-02
   5.4341063e-02
   2.8279264e-02
   5.6026999e-02
   1.8404476e-02
   7.7557005e-02
   5.5252280e-02
   6.6314049e-02
   4.7078039e-02
   7.7508859e-02
   6.4489305e-02
   4.3099616e-02
   2.4517216e-02
   1.3474885e-01
   5.9902921e-02
   4.8146997e-02
   3.0230027e-02
   5.2918207e-02
   2.7123407e-02
   3.5141580e-02
   2.3336014e-02
   7.3029481e-02
   6.4410828e-02
   5.4467775e-02
   3.7194852e-02
   1.0727610e-01
   8.2715333e-02
   3.6004230e-02
   2.3642143e-02
   2.9202697e-01
   7.1003832e-02
   3.5527952e-02
   2.6163738e-02
   4.8603479e-02
   6.4128943e-02
   4.4227585e-02
   2.9717814e-02
   7.9930700e-02
   6.0918141e-02
   5.3831432e-02
   4.4475500e-02
   2.1238106e-01
   1.1067504e-01
   3.8971957e-02
   2.5329551e-02
   2.0256704e-01
   5.9938647e-02
   3.9612096e-02
   2.7730199e-02
   8.9337766e-02
   5.8655947e-02
   5.7177983e-02
   9.3860753e-02
   1.3396634e-01
   3.4876060e-02
   5.5027753e-02
   8.0852605e-02
   2.0691596e-01
   7.5540341e-02
   6.7553945e-02
   3.3613045e-02
   8.3895430e-02
   8.8695541e-02
   8.0442153e-02
   3.6567964e-02
   1.1774090e-01
   3.3886597e-02
   3.0157236e-02
   4.2653300e-02
   1.8386112e-01
   4.4782639e-02
   5.9253171e-02
   8.3125114e-02
   1.0550825e-01
   5.0424442e-02
   8.8839293e-02
   5.8721300e-02
   9.5250361e-02
   1.0590526e-01
   1.0660714e-01
   8.5292898e-02
   1.5793233e-01
   3.0168412e-02
   1.5053506e-02
   1.0723594e-02
   1.2939987e-01
   4.3934807e-02
   5.6243043e-02
   7.1700118e-02
   8.8069670e-02
   3.9445151e-02
   8.8195495e-02
   5.1819857e-02
   7.9317644e-02
   9.9404760e-02
   1.2795903e-01
   1.2464508e-01
   7.5690232e-02
   5.9630394e-02
   2.8232396e-02
   1.3517712e-02
   9.0737775e-02
   3.6786292e-02
   5.9715539e-02
   8.4703147e-02
   7.0417061e-02
   5.2318331e-02
   7.9363674e-02
   4.0392142e-02
   6.3645102e-02
   7.9937600e-02
   9.6509434e-02
   6.0362924e-02
   7.0022859e-02
   5.7481065e-02
   8.2103319e-02
   2.2219263e-02
   9.6610904e-02
   4.9393274e-02
   9.2665456e-02
   8.7734424e-02
   9.1800176e-02
   7.7268489e-02
   8.0815792e-02
   3.7626680e-02
   7.8855909e-02
   6.8873510e-02
   7.9384781e-02
   3.7558779e-02
   5.1384017e-02
   2.2977965e-02
   7.3760338e-02
   2.0873820e-02
   7.7829510e-02
   3.5068482e-02
   8.0820195e-02
   6.9987461e-02
   6.4393885e-02
   5.7511438e-02
   4.8434094e-02
   3.1165803e-02
   8.2573742e-02
   7.2172143e-02
   5.9108969e-02
   3.4665916e-02
   6.7244984e-02
   2.2581778e-02
   3.6137722e-02
   2.1645019e-02
   9.4318539e-02
   4.0368468e-02
   6.4322397e-02
   5.6916680e-02
   9.7424291e-02
   4.9225818e-02
   3.6992375e-02
   2.6711069e-02
   1.6277251e-01
   7.9559244e-02
   4.3257874e-02
   3.3144400e-02
   6.2559746e-02
   4.3278690e-02
   3.1106967e-02
   3.9040945e-02
   1.0522299e-01
   3.1856004e-02
   6.8385310e-02
   7.1867138e-02
   1.9494967e-01
   7.3577121e-02
   5.1504862e-02
   1.7943161e-02
   1.5731671e-01
   7.1450725e-02
   5.8811240e-02
   3.8939465e-02
