   2.4556205e-02
   2.2240102e-02
   3.8300622e-02
   9.5785521e-03
   2.5114791e-02
   3.4954075e-02
   2.5321480e-02
   9.2993043e-03
   2.7099129e-02
   2.0590782e-02
   3.3470809e-02
   9.1843940e-03
   3.2435007e-02
   2.0486983e-02
   4.2292688e-02
   9.8895496e-03
   2.3611754e-02
   3.8473107e-02
   4.0141288e-02
   9.8539293e-03
   2.4447871e-02
   3.6965616e-02
   2.2588030e-02
   9.1852210e-03
   2.6319878e-02
   2.9303914e-02
   3.4060221e-02
   9.3570519e-03
   3.1293340e-02
   2.2643724e-02
   3.7729040e-02
   9.9937124e-03
   2.4929311e-02
   4.6962287e-02
   3.9995234e-02
   1.0352924e-02
   2.4692671e-02
   3.8701966e-02
   2.3423990e-02
   9.1871312e-03
   2.6518520e-02
   3.2633077e-02
   3.3185095e-02
   9.3083233e-03
   3.3948701e-02
   2.4006264e-02
   3.9181601e-02
   1.0573222e-02
   7.5303130e-02
   4.3969780e-02
   4.2398039e-02
   1.4495076e-02
   7.4335009e-02
   5.3490110e-02
   3.1387623e-02
   1.2500488e-02
   7.4390605e-02
   2.7552763e-02
   3.8393613e-02
   1.2840813e-02
   8.1378229e-02
   3.2969370e-02
   4.6817683e-02
   1.3973099e-02
   1.7778735e-01
   5.7432506e-02
   4.9499817e-02
   2.2844473e-02
   1.7337562e-01
   9.1553770e-02
   4.6382923e-02
   2.1013653e-02
   1.7743859e-01
   3.5018574e-02
   4.9040616e-02
   2.0727217e-02
   1.8824850e-01
   4.5720909e-02
   5.1771283e-02
   2.2047738e-02
   7.5742453e-02
   4.2081106e-02
   4.1184630e-02
   1.4441576e-02
   7.6447234e-02
   5.9579600e-02
   3.2524381e-02
   1.2842374e-02
   8.1418738e-02
   2.7984317e-02
   3.6863737e-02
   1.1589979e-02
   9.0464480e-02
   2.9646315e-02
   3.8963154e-02
   1.3288797e-02
   2.4206722e-02
   4.4579316e-02
   3.9609399e-02
   1.1300526e-02
   2.4101414e-02
   4.4022545e-02
   2.4006881e-02
   9.4137238e-03
   2.4805378e-02
   3.4016207e-02
   3.1987574e-02
   8.6337412e-03
   3.3781182e-02
   2.1350866e-02
   3.6837783e-02
   1.0022236e-02
   2.3148520e-02
   3.7193868e-02
   3.7589669e-02
   9.9262018e-03
   2.3933847e-02
   3.9169472e-02
   2.4607588e-02
   9.6000051e-03
   2.4486361e-02
   2.9695969e-02
   3.3340834e-02
   9.1288714e-03
   3.1513214e-02
   2.1369698e-02
   4.0776327e-02
   9.4330879e-03
   1.8857423e-02
   2.3316888e-02
   3.6858927e-02
   5.5462043e-03
   2.1735370e-02
   4.3799426e-02
   2.9653955e-02
   5.9021888e-03
   2.8811352e-02
   2.3081455e-02
   3.8328942e-02
   6.0882182e-03
   2.9291477e-02
   2.1996100e-02
   4.4366967e-02
   6.4854417e-03
   1.8974466e-02
   3.0678745e-02
   3.5023376e-02
   5.2416944e-03
   2.4596754e-02
   4.1561607e-02
   2.6147071e-02
   5.1952153e-03
   2.6551066e-02
   2.5367396e-02
   3.3717509e-02
   6.2436312e-03
   2.7993482e-02
   2.2165695e-02
   3.9181139e-02
   6.4879670e-03
   2.3350602e-02
   3.6415044e-02
   3.4369487e-02
   5.6648706e-03
   2.7131140e-02
   4.5552082e-02
   2.3976423e-02
   5.3535425e-03
   3.0481581e-02
   2.7196532e-02
   3.4082301e-02
   6.0647172e-03
   3.1796888e-02
   2.3243628e-02
   3.7339136e-02
   6.5847775e-03
   1.0487676e-01
   4.2904269e-02
   4.2866860e-02
   1.4990420e-02
   1.0847484e-01
   5.2039977e-02
   3.7145309e-02
   1.5096509e-02
   1.0440677e-01
   2.8892329e-02
   4.1341100e-02
   1.5492115e-02
   1.0521982e-01
   3.6276329e-02
   5.6496762e-02
   1.5592312e-02
   2.5096104e-01
   5.1785886e-02
   6.0380261e-02
   3.2530762e-02
   2.4745750e-01
   7.8548774e-02
   6.0607173e-02
   3.2315351e-02
   2.4481519e-01
   3.4633063e-02
   5.6615695e-02
   3.1595733e-02
   2.4167953e-01
   5.2579001e-02
   6.0113907e-02
   3.2145176e-02
   1.0661823e-01
   3.6852576e-02
   4.2619154e-02
   1.4548637e-02
   1.0986216e-01
   5.3873539e-02
   3.8648687e-02
   1.3943492e-02
   1.1590903e-01
   2.7818240e-02
   3.7925098e-02
   1.3109969e-02
   1.1576057e-01
   3.1984162e-02
   3.4254245e-02
   1.4502188e-02
   2.1571357e-02
   3.1750679e-02
   3.7627257e-02
   6.4656241e-03
   2.6381191e-02
   4.6686921e-02
   2.6791990e-02
   5.9364452e-03
   3.0279983e-02
   2.8571803e-02
   3.0017367e-02
   5.2653267e-03
   3.6071409e-02
   2.3336096e-02
   2.8685007e-02
   6.4874412e-03
   1.8626465e-02
   2.7439253e-02
   3.5086621e-02
   5.4490534e-03
   2.2753585e-02
   4.6836097e-02
   2.6726939e-02
   6.0311300e-03
   2.5883202e-02
   2.6070951e-02
   3.1976134e-02
   5.5114669e-03
   2.7801571e-02
   2.1207619e-02
   3.6353908e-02
   6.1427043e-03
   2.1540597e-02
   3.1771693e-02
   4.8900288e-02
   4.7157994e-03
   2.1772861e-02
   7.4792713e-02
   4.2842209e-02
   5.5652703e-03
   4.1528713e-02
   3.5114471e-02
   4.4369835e-02
   4.9722921e-03
   3.2962844e-02
   1.8983256e-02
   5.8310583e-02
   4.6582450e-03
   2.1154458e-02
   2.7711950e-02
   4.3429680e-02
   3.8863427e-03
   3.5141245e-02
   5.9218343e-02
   4.3311957e-02
   4.6493053e-03
   3.5063211e-02
   2.6226835e-02
   4.2246655e-02
   4.1667344e-03
   3.5076953e-02
   1.7427884e-02
   4.6450488e-02
   4.9324213e-03
   2.9697577e-02
   2.8279044e-02
   4.2209651e-02
   4.4518765e-03
   3.2944158e-02
   5.4747600e-02
   3.5963845e-02
   4.5590708e-03
   4.4381216e-02
   2.2998523e-02
   4.2182088e-02
   4.7985059e-03
   4.2560972e-02
   2.2878580e-02
   4.3852787e-02
   5.7591866e-03
   9.3194678e-02
   4.3347217e-02
   5.6694500e-02
   2.2615319e-02
   9.6833132e-02
   4.3852210e-02
   5.2928720e-02
   2.3299085e-02
   9.4128966e-02
   3.3323094e-02
   5.7045884e-02
   2.3006972e-02
   9.0114251e-02
   4.1343745e-02
   6.7963853e-02
   2.3621235e-02
   2.2677997e-01
   4.1696530e-02
   7.2635226e-02
   5.4312631e-02
   2.0422827e-01
   5.7157688e-02
   8.6786538e-02
   5.5009313e-02
   1.9690132e-01
   3.7795402e-02
   7.9910643e-02
   5.3621463e-02
   1.8137474e-01
   7.2747670e-02
   6.8468668e-02
   5.5573717e-02
   9.9222936e-02
   3.8878646e-02
   4.7430951e-02
   2.1143455e-02
   9.7292498e-02
   5.0108094e-02
   5.4751493e-02
   2.1190723e-02
   1.0275570e-01
   3.2942135e-02
   4.7063932e-02
   1.9887334e-02
   9.2080519e-02
   3.8427316e-02
   4.1223392e-02
   2.1670662e-02
   2.6512336e-02
   2.9439621e-02
   4.3859266e-02
   5.0173849e-03
   3.6764387e-02
   6.2053673e-02
   4.2832874e-02
   5.4330616e-03
   4.0584553e-02
   2.6370985e-02
   3.8635325e-02
   4.1264878e-03
   4.7398992e-02
   2.2935359e-02
   3.1607322e-02
   4.9991854e-03
   2.2360945e-02
   2.3637516e-02
   4.2329337e-02
   4.5370506e-03
   3.1320013e-02
   6.5584637e-02
   4.2768288e-02
   5.5486676e-03
   3.7257120e-02
   2.8459847e-02
   3.9333161e-02
   3.9630421e-03
   3.0984266e-02
   2.2602946e-02
   4.5467861e-02
   4.2298599e-03
   2.1117881e-02
   4.3996174e-02
   8.9526251e-02
   6.5726629e-03
   2.5736522e-02
   9.7850084e-02
   7.2101340e-02
   7.6828720e-03
   5.4557215e-02
   4.6432029e-02
   7.2705179e-02
   6.2437663e-03
   2.2990258e-02
   2.5268465e-02
   6.8771861e-02
   5.4576644e-03
   2.0008268e-02
   2.9159497e-02
   6.6401981e-02
   4.7510853e-03
   5.3444494e-02
   6.7467235e-02
   7.2426714e-02
   6.5550841e-03
   3.5786025e-02
   2.7915046e-02
   7.4431263e-02
   5.1847370e-03
   3.1102922e-02
   2.0317180e-02
   4.6906572e-02
   5.7547493e-03
   2.8930655e-02
   2.5687357e-02
   5.9971236e-02
   5.4607349e-03
   3.3747792e-02
   4.7231607e-02
   6.2547773e-02
   6.0833129e-03
   3.7468664e-02
   2.6668927e-02
   6.7099623e-02
   5.7775159e-03
   4.0995564e-02
   1.9207010e-02
   3.9977778e-02
   6.6558733e-03
   6.0511246e-02
   4.5428541e-02
   6.4568900e-02
   4.0609609e-02
   5.6153674e-02
   5.9079781e-02
   7.8825541e-02
   4.1185979e-02
   6.5743171e-02
   4.5846522e-02
   6.2944397e-02
   4.2657241e-02
   5.2307796e-02
   5.9626635e-02
   6.7248538e-02
   4.1285999e-02
   1.2450811e-01
   4.9639426e-02
   9.9729426e-02
   1.0181384e-01
   1.0546883e-01
   8.8690653e-02
   1.3076013e-01
   1.0035037e-01
   9.1650024e-02
   4.4478822e-02
   1.0748298e-01
   1.0190456e-01
   6.7485020e-02
   1.0971751e-01
   9.1708057e-02
   1.0167137e-01
   6.2006664e-02
   4.6198051e-02
   6.0404833e-02
   3.8609143e-02
   6.4778797e-02
   6.6622667e-02
   7.8833640e-02
   3.7089638e-02
   6.6703208e-02
   4.3500431e-02
   6.2013194e-02
   3.5700768e-02
   3.9007559e-02
   6.0068429e-02
   6.0816169e-02
   3.7316106e-02
   2.9045068e-02
   2.6018344e-02
   7.4091442e-02
   5.7607465e-03
   3.6173016e-02
   5.5585869e-02
   6.9943421e-02
   6.3372729e-03
   3.4696423e-02
   3.2524675e-02
   5.9171993e-02
   4.3392018e-03
   5.2769516e-02
   3.0916326e-02
   4.3997470e-02
   5.9446152e-03
   2.6140541e-02
   2.8823961e-02
   7.3795915e-02
   5.1260176e-03
   2.5497068e-02
   6.6468827e-02
   6.7761116e-02
   6.5924376e-03
   5.0699100e-02
   3.5164587e-02
   6.8104848e-02
   4.3438394e-03
   3.1040790e-02
   3.4346156e-02
   6.7084424e-02
   4.9080192e-03
