   4.5926843e-02
   3.9350983e-02
   5.0184663e-02
   5.4565724e-02
   4.9656097e-02
   4.2940550e-02
   4.7983177e-02
   4.8137762e-02
   4.9089875e-02
   5.6490630e-02
   5.7911359e-02
   5.5538081e-02
   4.9540207e-02
   4.7329314e-02
   4.7976725e-02
   5.2500095e-02
   2.4304241e-02
   1.9132067e-02
   2.3259524e-02
   2.3959264e-02
   2.2502001e-02
   1.8802682e-02
   2.0439122e-02
   1.9878436e-02
   2.2148946e-02
   2.3059525e-02
   2.4712062e-02
   2.3673521e-02
   2.3922583e-02
   2.1297926e-02
   2.2051794e-02
   2.4416251e-02
   1.4319364e-02
   8.9848340e-03
   9.8262308e-03
   1.0772838e-02
   1.0814667e-02
   7.5560855e-03
   6.7663002e-03
   7.8931600e-03
   1.0045364e-02
   6.4186831e-03
   6.5639331e-03
   7.6376987e-03
   1.0466939e-02
   7.0836367e-03
   6.8373610e-03
   9.1616344e-03
   1.4687867e-02
   9.2497766e-03
   1.1404335e-02
   1.1302908e-02
   1.0317407e-02
   6.9067725e-03
   7.3520145e-03
   7.7638919e-03
   1.0012235e-02
   6.2077446e-03
   6.8820985e-03
   7.8459801e-03
   1.0141847e-02
   6.5586423e-03
   6.4887772e-03
   8.2417438e-03
   1.7283605e-02
   1.1876889e-02
   1.6922763e-02
   1.2828598e-02
   1.0869553e-02
   7.3635918e-03
   9.2758322e-03
   8.4293941e-03
   1.1127898e-02
   6.2612486e-03
   7.7418480e-03
   8.1296209e-03
   1.0251157e-02
   6.9990540e-03
   6.4938273e-03
   7.9619139e-03
   1.3227078e-02
   9.6436590e-03
   1.1960342e-02
   1.1636429e-02
   1.0690061e-02
   7.2684637e-03
   8.1185475e-03
   7.5674881e-03
   1.0650324e-02
   5.6702136e-03
   6.9798985e-03
   8.2694469e-03
   1.0045684e-02
   6.7204875e-03
   6.4817625e-03
   8.2045840e-03
   1.1809590e-02
   8.7779025e-03
   1.0552195e-02
   1.1753832e-02
   1.0906256e-02
   7.3750615e-03
   7.5454093e-03
   7.3926211e-03
   9.6534705e-03
   5.5980389e-03
   6.9694477e-03
   8.2591204e-03
   1.0115210e-02
   6.6445810e-03
   6.5074847e-03
   9.1279512e-03
   2.3858717e-02
   1.9233296e-02
   2.5111746e-02
   2.5999457e-02
   2.2910701e-02
   1.9094223e-02
   2.1619635e-02
   2.1516923e-02
   2.1812437e-02
   2.2612168e-02
   2.3118870e-02
   2.2698143e-02
   2.2433812e-02
   1.9260546e-02
   1.9269885e-02
   2.2340572e-02
   6.1678454e-02
   5.6524448e-02
   7.0889294e-02
   7.4293323e-02
   7.2909303e-02
   6.7150749e-02
   6.9409989e-02
   7.0802584e-02
   7.2716124e-02
   7.8027442e-02
   8.0875620e-02
   7.7650882e-02
   7.8495823e-02
   7.8032941e-02
   7.7847175e-02
   8.0047749e-02
   3.0469121e-02
   2.5493946e-02
   3.0342758e-02
   2.8147325e-02
   2.9981419e-02
   2.6509384e-02
   2.9342562e-02
   2.6628707e-02
   2.9462500e-02
   3.0771034e-02
   3.3994075e-02
   3.0971292e-02
   3.3769939e-02
   3.2751385e-02
   3.3251785e-02
   3.3578880e-02
   1.3298103e-02
   9.2082499e-03
   9.8975059e-03
   7.9862261e-03
   8.8716298e-03
   6.4177718e-03
   7.5834165e-03
   5.6024273e-03
   8.3111692e-03
   4.9808472e-03
   5.4975953e-03
   5.6965128e-03
   7.8343870e-03
   5.4151854e-03
   5.2229697e-03
   6.1173751e-03
   1.5384523e-02
   9.5223356e-03
   1.1646826e-02
   8.4474077e-03
   9.1410540e-03
   6.4690718e-03
   8.6218296e-03
   5.0014332e-03
   9.0948939e-03
   4.4091344e-03
   4.8722900e-03
   5.1481621e-03
   7.2922446e-03
   4.7793048e-03
   3.8845330e-03
   4.8738574e-03
   2.0689078e-02
   1.1194091e-02
   1.8553747e-02
   1.0217029e-02
   1.0013144e-02
   7.1958886e-03
   1.2195059e-02
   5.7603014e-03
   9.2457412e-03
   4.2402972e-03
   5.3676441e-03
   5.0211232e-03
   7.8256112e-03
   4.6383268e-03
   4.0802052e-03
   4.7398382e-03
   1.3822239e-02
   9.5714387e-03
   1.2842162e-02
   8.5427025e-03
   9.1654593e-03
   6.7435335e-03
   9.5011350e-03
   5.1351967e-03
   7.2769704e-03
   3.6131747e-03
   5.1356484e-03
   5.0305724e-03
   6.8385983e-03
   4.0849489e-03
   4.6072830e-03
   5.2292324e-03
   1.1620998e-02
   9.4880164e-03
   1.1671705e-02
   8.3017685e-03
   9.6028950e-03
   6.7892955e-03
   7.9364553e-03
   5.5797589e-03
   7.4128141e-03
   3.9458266e-03
   5.9490586e-03
   5.7469429e-03
   6.8071065e-03
   4.3588351e-03
   5.1790653e-03
   6.1549828e-03
   2.9920753e-02
   2.6646348e-02
   3.5261773e-02
   3.2838497e-02
   3.0666063e-02
   2.8362026e-02
   3.0231567e-02
   2.9914537e-02
   2.9183708e-02
   2.9990574e-02
   2.9858341e-02
   2.9522978e-02
   3.0498391e-02
   2.8253952e-02
   2.8074475e-02
   2.9832629e-02
   7.7338628e-02
   7.9778455e-02
   1.0447725e-01
   1.1342875e-01
   9.7645849e-02
   9.2493601e-02
   9.2085861e-02
   9.6841864e-02
   1.2293963e-01
   1.3005634e-01
   1.2747899e-01
   1.2243167e-01
   1.3232633e-01
   1.2997688e-01
   1.2752762e-01
   1.3326462e-01
   4.1507363e-02
   3.4781501e-02
   4.6546847e-02
   4.0992703e-02
   3.9357524e-02
   3.6470629e-02
   3.9158970e-02
   3.6049340e-02
   4.7859505e-02
   5.0183740e-02
   5.2442368e-02
   4.8775546e-02
   5.4555498e-02
   5.3574614e-02
   5.3709246e-02
   5.3818990e-02
   1.8010193e-02
   1.2856438e-02
   1.3926601e-02
   8.7991115e-03
   1.2016452e-02
   9.7527327e-03
   1.1354760e-02
   5.1083802e-03
   8.4290653e-03
   6.0382928e-03
   6.2618684e-03
   5.4365145e-03
   7.5536077e-03
   5.2742842e-03
   5.5741211e-03
   6.6236351e-03
   2.0536970e-02
   1.1197414e-02
   1.6314942e-02
   8.5147936e-03
   1.0749658e-02
   1.0643311e-02
   1.1504725e-02
   5.1059052e-03
   8.7300083e-03
   4.4068336e-03
   4.8313513e-03
   4.1790614e-03
   6.4424118e-03
   3.9359508e-03
   3.6928551e-03
   4.1260524e-03
   3.1253401e-02
   1.3122957e-02
   2.5497373e-02
   8.8366987e-03
   1.1383654e-02
   1.0498827e-02
   1.3239354e-02
   5.9577650e-03
   9.3924822e-03
   4.1909940e-03
   5.6582745e-03
   4.2652814e-03
   7.2279368e-03
   4.5699687e-03
   3.7738606e-03
   3.7922792e-03
   2.1230053e-02
   1.1694380e-02
   1.8299205e-02
   8.3009712e-03
   9.5595038e-03
   8.6113624e-03
   1.1673063e-02
   4.7886395e-03
   7.4670077e-03
   3.2131227e-03
   5.6850598e-03
   4.2017763e-03
   6.1730337e-03
   4.2327573e-03
   4.7630137e-03
   3.6898537e-03
   1.6320493e-02
   1.3837131e-02
   1.7269056e-02
   8.3799362e-03
   1.2174993e-02
   9.1278134e-03
   1.1570012e-02
   5.3437827e-03
   7.3376321e-03
   4.6973363e-03
   6.8582576e-03
   5.2588843e-03
   6.5707769e-03
   4.7672400e-03
   6.1151665e-03
   6.1060740e-03
   4.0823951e-02
   3.6975317e-02
   5.3250033e-02
   4.8420373e-02
   4.0717915e-02
   3.9629385e-02
   4.0375296e-02
   3.9672080e-02
   4.7688741e-02
   4.9314827e-02
   4.6623942e-02
   4.5864783e-02
   4.8708588e-02
   4.6025507e-02
   4.4584867e-02
   4.8791729e-02
   1.2217281e-01
   9.5366009e-02
   1.4417200e-01
   1.6080202e-01
   1.8582487e-01
   1.7648211e-01
   1.8085736e-01
   1.8346708e-01
   1.7097682e-01
   1.7292979e-01
   1.6400073e-01
   1.5936176e-01
   1.5955669e-01
   1.6904946e-01
   1.7821047e-01
   1.8330687e-01
   5.8398832e-02
   4.0967178e-02
   6.7537025e-02
   5.8331821e-02
   7.3156379e-02
   6.7620471e-02
   7.1161650e-02
   6.7934990e-02
   6.5081500e-02
   6.5626204e-02
   6.7395225e-02
   6.3288525e-02
   6.5863036e-02
   6.9669314e-02
   7.4304312e-02
   7.2951078e-02
   2.2560628e-02
   1.7618051e-02
   1.9394593e-02
   9.6845943e-03
   1.6005879e-02
   1.5013774e-02
   1.9482765e-02
   5.5617057e-03
   9.5498860e-03
   6.5632300e-03
   7.1328641e-03
   6.1735362e-03
   9.0308208e-03
   6.9981869e-03
   7.5550373e-03
   7.8050913e-03
   3.1405266e-02
   1.1741931e-02
   1.9081935e-02
   7.0503973e-03
   1.4781478e-02
   1.3303361e-02
   1.9231074e-02
   3.7078499e-03
   8.1863282e-03
   4.2193835e-03
   4.3110210e-03
   4.5796637e-03
   7.0593753e-03
   5.0708260e-03
   4.4359877e-03
   4.9190554e-03
   4.9276434e-02
   1.4851550e-02
   2.9509572e-02
   7.1236179e-03
   1.1236399e-02
   1.1619133e-02
   2.0690938e-02
   4.5360406e-03
   8.4627206e-03
   4.8920480e-03
   3.6631019e-03
   3.6983613e-03
   7.2726933e-03
   5.5937483e-03
   4.5354525e-03
   4.3789479e-03
   3.0035617e-02
   1.5220309e-02
   2.8315581e-02
   6.4389436e-03
   9.9267401e-03
   1.1232606e-02
   2.0166393e-02
   4.1598929e-03
   7.2761797e-03
   3.7602759e-03
   4.2290962e-03
   3.7704413e-03
   6.1373506e-03
   5.4133288e-03
   5.8271354e-03
   4.4411044e-03
   2.4575766e-02
   1.7329991e-02
   2.6074743e-02
   8.8421674e-03
   1.4004318e-02
   1.3352039e-02
   2.0452876e-02
   6.5870704e-03
   7.1461597e-03
   5.2913167e-03
   5.1658684e-03
   6.0103443e-03
   7.6238522e-03
   6.5671210e-03
   7.0320121e-03
   7.6312143e-03
   6.5506294e-02
   4.1784346e-02
   7.2005503e-02
   6.5582894e-02
   7.4031882e-02
   7.3142856e-02
   7.5744219e-02
   7.3645256e-02
   6.5281913e-02
   6.6281632e-02
   5.8533508e-02
   5.9886836e-02
   5.9530016e-02
   6.0145523e-02
   6.2309876e-02
   6.8828493e-02
