   8.9017466e-02
   1.4464380e-01
   1.3477992e-01
   5.0674539e-02
   2.0426583e-02
   4.3580692e-02
   2.1417504e-02
   3.6554262e-02
   2.9241312e-03
   5.1021869e-03
   8.0676889e-03
   2.4397425e-02
   5.5067069e-03
   7.0956438e-03
   7.1362439e-03
   2.8611513e-02
   4.7978953e-02
   9.4137758e-02
   7.6932028e-02
   4.3579873e-02
   1.0505632e-02
   2.9041087e-02
   1.5608769e-02
   3.2457948e-02
   2.7077131e-03
   4.6010474e-03
   7.9870401e-03
   2.4762236e-02
   5.1714410e-03
   6.6854367e-03
   6.4837923e-03
   2.9583143e-02
   3.2451209e-02
   6.3682243e-02
   4.6813391e-02
   4.6030018e-02
   7.0162201e-03
   1.9283099e-02
   1.2703147e-02
   3.0401710e-02
   2.7880662e-03
   4.6880664e-03
   8.3916020e-03
   2.4769548e-02
   5.1923618e-03
   6.5351739e-03
   6.9771060e-03
   2.8953016e-02
   3.0589126e-02
   5.0783899e-02
   5.6734886e-02
   5.0154481e-02
   6.9826380e-03
   1.9538829e-02
   2.0790927e-02
   2.9358445e-02
   3.9169868e-03
   4.9959859e-03
   1.8567752e-02
   2.4907138e-02
   6.0893674e-03
   6.7573045e-03
   1.2512654e-02
   3.3620391e-02
   3.4043070e-02
   8.7975919e-02
   6.6223837e-02
   4.3852851e-02
   9.2793247e-03
   3.0633831e-02
   2.2692665e-02
   2.9713081e-02
   6.3989572e-03
   5.4259156e-03
   2.0498579e-02
   2.4777066e-02
   8.3917193e-03
   7.2260555e-03
   1.3560417e-02
   3.5899088e-02
   4.6962589e-02
   7.0629798e-02
   4.0941454e-02
   4.0557299e-02
   7.7656317e-03
   2.9137094e-02
   1.3594977e-02
   2.9859912e-02
   3.9476114e-03
   4.9431813e-03
   9.7451797e-03
   2.3705851e-02
   6.2939418e-03
   7.2483947e-03
   7.6224287e-03
   3.1094057e-02
   4.1570500e-02
   5.8582179e-02
   4.0989440e-02
   4.0793106e-02
   8.6336583e-03
   2.0439414e-02
   1.3331558e-02
   3.0498616e-02
   2.8325943e-03
   4.5273774e-03
   9.0884510e-03
   2.4350051e-02
   5.2014459e-03
   6.7055742e-03
   7.0717018e-03
   2.8698279e-02
   5.1445659e-02
   1.0999049e-01
   7.4843854e-02
   4.5220204e-02
   1.2209971e-02
   3.0736040e-02
   1.6293120e-02
   3.3746384e-02
   2.9509636e-03
   4.6312110e-03
   8.0883075e-03
   2.4687110e-02
   5.1509882e-03
   6.6307117e-03
   7.0052594e-03
   2.7458502e-02
   1.1264193e-01
   1.0957480e-01
   9.1725014e-02
   3.9044540e-02
   2.7950592e-02
   4.7371488e-02
   2.4145661e-02
   2.4143692e-02
   1.9837972e-03
   3.1534731e-03
   5.6887679e-03
   1.4894584e-02
   3.8178395e-03
   4.6230643e-03
   4.8454418e-03
   1.7907348e-02
   4.8852108e-02
   5.9734993e-02
   4.7699578e-02
   2.8533796e-02
   1.1695553e-02
   3.0403970e-02
   1.1962395e-02
   1.9946152e-02
   1.8268796e-03
   3.1721382e-03
   4.6855300e-03
   1.2670503e-02
   3.1500701e-03
   4.0478529e-03
   4.0657967e-03
   1.5150140e-02
   2.5215488e-02
   3.2053120e-02
   2.6613025e-02
   3.4285184e-02
   6.5460000e-03
   1.7752489e-02
   1.0061595e-02
   1.7798528e-02
   1.6786200e-03
   3.1800566e-03
   5.8342558e-03
   1.3539696e-02
   2.8258909e-03
   3.7502269e-03
   4.7225449e-03
   1.6847229e-02
   2.7386621e-02
   4.0188752e-02
   5.9657186e-02
   4.0671498e-02
   7.4059358e-03
   2.0895202e-02
   2.8369967e-02
   1.7112544e-02
   3.3927946e-03
   3.5818522e-03
   2.7930746e-02
   1.3647030e-02
   4.2955247e-03
   4.3794825e-03
   1.5567541e-02
   2.8671075e-02
   3.4589924e-02
   8.5888699e-02
   7.2116166e-02
   3.2890569e-02
   1.0291677e-02
   3.7863288e-02
   3.2189853e-02
   1.7686781e-02
   6.5492280e-03
   3.7584091e-03
   3.1609956e-02
   1.6079416e-02
   7.4314531e-03
   4.7033904e-03
   1.7313126e-02
   3.2357421e-02
   4.9235269e-02
   6.0636420e-02
   2.9516637e-02
   2.2392420e-02
   7.5704930e-03
   3.4366138e-02
   1.0905384e-02
   1.6382977e-02
   3.4006706e-03
   3.6188534e-03
   7.0389993e-03
   1.4539566e-02
   4.4969977e-03
   4.3525780e-03
   5.5969292e-03
   1.7678417e-02
   3.9408781e-02
   2.9573914e-02
   2.5826816e-02
   2.3986664e-02
   9.0329247e-03
   2.0681553e-02
   8.8087404e-03
   1.6525507e-02
   1.8708905e-03
   3.2479353e-03
   4.2291605e-03
   1.4189702e-02
   3.2974621e-03
   4.3617398e-03
   4.1291025e-03
   1.5666321e-02
   5.7401594e-02
   6.0181592e-02
   5.0796762e-02
   2.8752588e-02
   1.5520960e-02
   3.2070782e-02
   1.5775977e-02
   1.8093340e-02
   1.8696940e-03
   3.2518096e-03
   5.3125974e-03
   1.4044886e-02
   3.5026844e-03
   4.3659937e-03
   4.8587434e-03
   1.5971063e-02
   4.9927309e-02
   6.8401895e-02
   4.8666593e-02
   4.2208791e-02
   5.4645978e-02
   5.9777748e-02
   2.7970003e-02
   2.1156566e-02
   1.4126255e-03
   2.2397826e-03
   2.1862518e-03
   8.3984248e-03
   2.9395067e-03
   3.2167623e-03
   2.5924612e-03
   9.1542536e-03
   2.8369831e-02
   3.4967769e-02
   3.1759791e-02
   2.6140930e-02
   2.1406882e-02
   3.4685470e-02
   1.1538422e-02
   1.3466275e-02
   1.1039808e-03
   2.4675557e-03
   1.9360601e-03
   6.8121147e-03
   2.3643658e-03
   2.6051668e-03
   2.5106091e-03
   7.8035560e-03
   1.7636783e-02
   1.9993486e-02
   2.3998462e-02
   2.4029177e-02
   8.7002674e-03
   2.1699663e-02
   1.0410092e-02
   1.1527449e-02
   1.2469912e-03
   2.7383654e-03
   7.0266891e-03
   7.6829004e-03
   1.8472334e-03
   2.8164338e-03
   5.0232331e-03
   1.0837676e-02
   1.8599456e-02
   2.9666277e-02
   4.5863710e-02
   2.9470660e-02
   7.8801196e-03
   2.9844679e-02
   4.4972360e-02
   1.2566764e-02
   4.1500102e-03
   3.3863478e-03
   4.7004506e-02
   1.1882567e-02
   4.4615725e-03
   3.7398154e-03
   2.4514854e-02
   3.3493798e-02
   3.6804706e-02
   7.1076542e-02
   5.0895095e-02
   2.6764050e-02
   1.3196520e-02
   5.8604419e-02
   5.1891048e-02
   1.3202060e-02
   9.2138499e-03
   3.3777973e-03
   5.4359443e-02
   1.5718302e-02
   9.6556041e-03
   4.2494647e-03
   2.7507184e-02
   4.3130890e-02
   8.0326438e-02
   5.3857516e-02
   2.2562228e-02
   2.0599302e-02
   1.1333760e-02
   4.9902253e-02
   1.3648370e-02
   1.0601983e-02
   4.1388464e-03
   3.2886029e-03
   1.0083044e-02
   1.0151497e-02
   4.9542841e-03
   3.4791490e-03
   6.2024337e-03
   1.4834444e-02
   5.8185089e-02
   2.2030268e-02
   2.5191262e-02
   1.7928461e-02
   1.1913004e-02
   2.6765306e-02
   6.7381603e-03
   1.1549157e-02
   1.3962995e-03
   2.8140387e-03
   2.4967056e-03
   8.5989777e-03
   2.1953192e-03
   3.0392841e-03
   2.5685309e-03
   9.4126668e-03
   3.5866011e-02
   3.4903124e-02
   3.3407744e-02
   2.3754260e-02
   2.6752206e-02
   3.8668796e-02
   1.5791329e-02
   1.4089596e-02
   1.4226147e-03
   2.1528478e-03
   2.0578441e-03
   8.7119220e-03
   2.2270358e-03
   3.4239702e-03
   2.6768469e-03
   9.4310921e-03
   7.4603602e-02
   1.1587278e-01
   7.0900485e-02
   4.6162345e-02
   8.4326103e-02
   9.2315570e-02
   4.3310173e-02
   2.2196598e-02
   1.5510183e-03
   2.7998828e-03
   1.7193512e-03
   3.2463255e-03
   3.3287057e-03
   4.0528895e-03
   2.2831210e-03
   6.3015055e-03
   3.7649050e-02
   4.8272379e-02
   3.6627814e-02
   2.3858210e-02
   3.1596366e-02
   5.1004015e-02
   1.6222944e-02
   1.1298393e-02
   9.0301048e-04
   2.6122420e-03
   1.9626610e-03
   4.1910154e-03
   2.4485104e-03
   2.4138638e-03
   2.3332019e-03
   5.7696658e-03
   1.8782826e-02
   1.8543849e-02
   2.6702859e-02
   1.7449489e-02
   1.5072416e-02
   3.8866412e-02
   1.4196574e-02
   7.6860269e-03
   1.1413472e-03
   3.2413106e-03
   1.0191622e-02
   6.2070396e-03
   1.7225045e-03
   2.5390692e-03
   7.4594221e-03
   1.0097180e-02
   2.1318257e-02
   2.6044082e-02
   4.3676790e-02
   2.2734378e-02
   1.6602784e-02
   4.3809880e-02
   7.5242132e-02
   1.4435665e-02
   7.9378784e-03
   4.3462329e-03
   7.5303763e-02
   2.3087706e-02
   7.8138858e-03
   2.8043250e-03
   4.1064687e-02
   4.8239257e-02
   5.3240079e-02
   4.6990834e-02
   3.4011677e-02
   2.5429519e-02
   2.8997853e-02
   5.9614602e-02
   8.3182171e-02
   1.9514350e-02
   1.8944804e-02
   4.8911814e-03
   8.6485311e-02
   3.2884695e-02
   1.8354941e-02
   3.1852936e-03
   4.8314769e-02
   7.1911201e-02
   1.2637688e-01
   4.2671446e-02
   1.8200127e-02
   1.9376708e-02
   2.2959607e-02
   6.3597918e-02
   2.0515500e-02
   1.0137810e-02
   7.8579197e-03
   4.6708272e-03
   1.5021569e-02
   1.1634050e-02
   8.3512152e-03
   2.7620299e-03
   1.0579363e-02
   2.0241598e-02
   8.2491823e-02
   2.0476062e-02
   2.5237853e-02
   1.1000078e-02
   1.9137854e-02
   4.2561457e-02
   1.0250958e-02
   8.3715301e-03
   1.9401570e-03
   3.2951629e-03
   1.9937488e-03
   6.7711528e-03
   2.1459910e-03
   2.4054295e-03
   2.6344827e-03
   6.0921777e-03
   5.1979389e-02
   4.9945481e-02
   4.1688096e-02
   2.3129346e-02
   4.1565940e-02
   6.3355140e-02
   2.4996299e-02
   1.5292293e-02
   1.6967640e-03
   2.1870665e-03
   1.8304066e-03
   4.9191792e-03
   1.7898716e-03
   2.6578039e-03
   2.0880469e-03
   6.9439244e-03
