   3.6419805e-02
   2.0716198e-02
   3.6024395e-02
   9.5935352e-03
   6.8138316e-02
   1.9080125e-02
   3.3138309e-02
   9.0100709e-03
   9.3907051e-02
   1.1868085e-01
   1.0167250e-01
   1.2137186e-02
   7.2565563e-02
   9.2160553e-02
   9.6705951e-02
   1.1226717e-02
   6.7095123e-02
   1.6697217e-02
   2.1031843e-02
   9.1503607e-03
   8.8778391e-02
   1.8724784e-02
   1.9250995e-02
   8.5852975e-03
   4.5195706e-02
   4.9106371e-02
   4.8290942e-02
   9.5774019e-03
   3.9595764e-02
   4.0203143e-02
   4.8105001e-02
   9.2624398e-03
   1.1507761e-01
   2.0594500e-02
   1.3869581e-02
   8.8445591e-03
   5.3245205e-02
   1.6019786e-02
   1.3101524e-02
   8.8175042e-03
   2.5865905e-02
   1.3268430e-02
   1.6614730e-02
   8.5058920e-03
   2.3335256e-02
   1.1035708e-02
   1.5774122e-02
   8.9198146e-03
   6.9292627e-02
   2.3937868e-02
   2.6888186e-02
   1.0131326e-02
   4.2147834e-02
   2.1133520e-02
   2.8057327e-02
   9.4275018e-03
   2.8280159e-02
   1.4000886e-02
   2.0873247e-02
   9.8034302e-03
   2.4561593e-02
   1.1799044e-02
   1.7543621e-02
   9.9290693e-03
   4.3564409e-02
   2.7455658e-02
   5.3586077e-02
   1.2301476e-02
   5.0424956e-02
   3.5330269e-02
   6.2149670e-02
   1.0977799e-02
   3.3578102e-02
   1.6329585e-02
   2.9062478e-02
   1.2274673e-02
   2.8596545e-02
   1.4592942e-02
   2.5182320e-02
   1.3291037e-02
   3.4672439e-02
   1.5209162e-02
   2.6631387e-02
   1.1859017e-02
   3.9653961e-02
   2.0055130e-02
   3.3584196e-02
   9.5256697e-03
   2.8676428e-02
   1.3443206e-02
   1.8720459e-02
   9.4224187e-03
   3.0764045e-02
   1.1914761e-02
   1.7101007e-02
   9.3769804e-03
   3.2674797e-02
   1.0320902e-02
   1.4350778e-02
   1.0932594e-02
   3.7186049e-02
   1.2390448e-02
   1.4057823e-02
   9.0424074e-03
   2.8116941e-02
   1.3216028e-02
   1.5501159e-02
   8.7339990e-03
   4.5444846e-02
   1.0914846e-02
   1.5846247e-02
   8.5773189e-03
   3.2877363e-02
   1.4120909e-02
   2.2072811e-02
   9.4867283e-03
   4.1283060e-02
   1.3908523e-02
   1.9639468e-02
   9.5920200e-03
   5.6174349e-02
   4.9431041e-02
   4.4697866e-02
   9.4025228e-03
   5.5592213e-02
   3.6522835e-02
   4.1680578e-02
   9.1399942e-03
   4.2479929e-02
   2.6753962e-02
   3.6250148e-02
   6.2117348e-03
   1.0360234e-01
   2.6547009e-02
   4.2237848e-02
   5.3020525e-03
   1.2780696e-01
   1.6181535e-01
   1.3382646e-01
   1.5129411e-02
   1.0876632e-01
   1.6017143e-01
   1.5242699e-01
   1.4324566e-02
   1.0384387e-01
   2.4905564e-02
   2.2434957e-02
   5.8431178e-03
   1.4524917e-01
   2.5633808e-02
   2.3942079e-02
   5.0294399e-03
   5.6589570e-02
   6.7937441e-02
   6.1910260e-02
   8.9861387e-03
   5.2551713e-02
   6.8466008e-02
   7.3732927e-02
   8.9649102e-03
   1.8756449e-01
   3.1372294e-02
   1.5076294e-02
   5.5481265e-03
   7.9269104e-02
   2.1353452e-02
   1.5025929e-02
   5.2495454e-03
   2.9988468e-02
   1.3431842e-02
   2.2826081e-02
   6.3896328e-03
   2.3537250e-02
   1.0163390e-02
   2.0331128e-02
   7.3695867e-03
   1.0771917e-01
   3.2663047e-02
   3.0888239e-02
   7.2950721e-03
   5.5686440e-02
   2.5596041e-02
   3.7723497e-02
   7.1704434e-03
   3.3057537e-02
   1.2898596e-02
   3.2855783e-02
   8.7665133e-03
   2.4994509e-02
   1.1087772e-02
   2.5631962e-02
   1.0004648e-02
   5.6795388e-02
   4.0899787e-02
   6.2628619e-02
   1.1786261e-02
   6.1149660e-02
   4.4238631e-02
   8.4531523e-02
   1.2056826e-02
   4.1990817e-02
   1.5511438e-02
   4.7038633e-02
   1.2789349e-02
   3.1926066e-02
   1.5408237e-02
   3.8791507e-02
   1.5398774e-02
   4.1659877e-02
   2.2922272e-02
   2.9757302e-02
   1.0405625e-02
   4.5819409e-02
   2.4677483e-02
   4.3911960e-02
   7.2064614e-03
   3.4222744e-02
   1.2946506e-02
   2.6574759e-02
   7.3620258e-03
   3.6460772e-02
   1.1717907e-02
   2.2670189e-02
   8.6325677e-03
   3.6807746e-02
   1.6016131e-02
   1.4877902e-02
   9.0070730e-03
   3.8698640e-02
   1.5612351e-02
   1.5000944e-02
   5.4584350e-03
   3.5682801e-02
   1.4039939e-02
   2.1558180e-02
   6.0881106e-03
   6.1275318e-02
   1.1054963e-02
   2.1332700e-02
   7.3202970e-03
   3.6788091e-02
   2.0475030e-02
   2.2549419e-02
   6.1892821e-03
   4.5900133e-02
   1.9734444e-02
   2.3660863e-02
   5.7938481e-03
   7.9598278e-02
   6.5554030e-02
   5.9140503e-02
   8.5074296e-03
   8.0685228e-02
   6.0939994e-02
   6.3676797e-02
   8.3848871e-03
   7.0834637e-02
   2.9393755e-02
   3.6730379e-02
   5.4436675e-03
   1.5853210e-01
   4.0349144e-02
   5.5131607e-02
   4.5922874e-03
   2.0929387e-01
   2.0082489e-01
   1.7053251e-01
   2.5159108e-02
   1.4563513e-01
   2.1601576e-01
   2.0890278e-01
   2.6936868e-02
   1.7989263e-01
   3.7071843e-02
   2.4642011e-02
   5.2616806e-03
   2.1597157e-01
   3.6521968e-02
   3.5109457e-02
   3.5977992e-03
   9.4629571e-02
   8.7758906e-02
   7.8292347e-02
   1.3609391e-02
   7.7795103e-02
   8.9869678e-02
   9.2513837e-02
   1.5117560e-02
   3.0279765e-01
   4.2177405e-02
   1.9541865e-02
   5.5429442e-03
   1.3139391e-01
   2.6716029e-02
   2.1950906e-02
   3.8106132e-03
   4.6969317e-02
   1.7225450e-02
   3.1720385e-02
   7.2056451e-03
   3.4659062e-02
   1.2744720e-02
   2.9842800e-02
   1.1530397e-02
   1.5046330e-01
   3.5719726e-02
   3.6628798e-02
   8.6941244e-03
   8.7969318e-02
   3.5269503e-02
   4.3195877e-02
   9.7433887e-03
   5.0537389e-02
   1.5340128e-02
   4.3349229e-02
   1.3322876e-02
   3.5243608e-02
   1.3827767e-02
   3.6467586e-02
   1.3914849e-02
   8.6308777e-02
   5.3847648e-02
   6.8913594e-02
   1.5820270e-02
   8.5387871e-02
   6.7391053e-02
   9.5563024e-02
   2.0659776e-02
   5.9839860e-02
   1.9407693e-02
   7.3892020e-02
   2.6108747e-02
   4.8248284e-02
   1.8893255e-02
   6.5981120e-02
   2.6771028e-02
   6.8919159e-02
   3.1250827e-02
   3.2611091e-02
   1.0986607e-02
   7.3279880e-02
   3.2552548e-02
   5.4567672e-02
   9.4313985e-03
   5.0522715e-02
   1.7303323e-02
   3.9885510e-02
   1.1790294e-02
   4.8090894e-02
   1.4887470e-02
   3.5917141e-02
   1.3130234e-02
   5.9845313e-02
   2.1365518e-02
   1.7101308e-02
   8.8045839e-03
   5.9888273e-02
   1.8554529e-02
   2.1627741e-02
   4.6140244e-03
   6.5024294e-02
   1.6673224e-02
   3.1793430e-02
   8.9691300e-03
   8.7352604e-02
   1.4399036e-02
   3.6530327e-02
   1.2304796e-02
   5.9440237e-02
   2.3703840e-02
   2.4665248e-02
   6.2007327e-03
   8.2837246e-02
   3.1174336e-02
   3.3439219e-02
   5.3680022e-03
   1.3320217e-01
   8.1376314e-02
   8.1690319e-02
   1.2915651e-02
   1.2469857e-01
   8.3921947e-02
   9.4973080e-02
   1.4402772e-02
   9.5553875e-02
   3.2343205e-02
   4.9211387e-02
   6.8796580e-03
   2.0975453e-01
   3.5875030e-02
   9.5328964e-02
   6.1861882e-03
   3.1596261e-01
   3.3414137e-01
   3.1640553e-01
   4.9993888e-02
   2.9460931e-01
   4.0898615e-01
   3.9775014e-01
   5.4409314e-02
   1.7313249e-01
   2.9800486e-02
   4.0977441e-02
   5.9723733e-03
   2.4004921e-01
   3.3020116e-02
   6.2540770e-02
   4.9135787e-03
   1.2811057e-01
   1.4399591e-01
   1.2933680e-01
   2.3051934e-02
   1.4450665e-01
   1.6367817e-01
   1.6949569e-01
   2.7669417e-02
   2.0602976e-01
   2.8896065e-02
   2.5010115e-02
   6.2487703e-03
   1.2754217e-01
   2.6137423e-02
   3.2929271e-02
   3.7774774e-03
   5.0572667e-02
   2.7747126e-02
   3.2465205e-02
   1.0170064e-02
   3.8654350e-02
   2.0350136e-02
   2.8705642e-02
   1.0951332e-02
   9.4992578e-02
   4.3457948e-02
   4.3472748e-02
   1.1818918e-02
   8.0964193e-02
   5.2399341e-02
   5.0319862e-02
   1.6088765e-02
   6.8192057e-02
   2.3729015e-02
   5.3272050e-02
   2.3837209e-02
   3.8318191e-02
   2.0976907e-02
   4.1048601e-02
   2.2922430e-02
   1.1871478e-01
   1.0023557e-01
   8.3584473e-02
   2.5275072e-02
   1.3567935e-01
   1.0607346e-01
   1.1292569e-01
   3.7235901e-02
   8.9744896e-02
   3.0467784e-02
   8.7962925e-02
   5.3706907e-02
   6.6010237e-02
   2.3039835e-02
   8.3858296e-02
   5.5131923e-02
   7.3390678e-02
   4.1791987e-02
   3.9994512e-02
   1.4878991e-02
   8.7549731e-02
   5.0318882e-02
   6.4104445e-02
   1.5946306e-02
   5.9337452e-02
   2.9661506e-02
   4.8266269e-02
   2.0799749e-02
   4.7880866e-02
   2.3247503e-02
   3.8563788e-02
   2.1167364e-02
   6.8814941e-02
   2.7332064e-02
   2.7704397e-02
   8.1921266e-03
   7.9647116e-02
   2.1846870e-02
   3.6590982e-02
   5.7289992e-03
   8.2332075e-02
   2.6535267e-02
   4.4132039e-02
   1.3875525e-02
   9.8442487e-02
   2.0916557e-02
   4.0097423e-02
   1.4828457e-02
   7.7377632e-02
   3.2702480e-02
   3.3056460e-02
   6.9186022e-03
   9.2828192e-02
   2.3977371e-02
   5.9990648e-02
   5.8191405e-03
   1.6180806e-01
   1.2777615e-01
   1.4900652e-01
   2.3091480e-02
   2.0552425e-01
   1.5416959e-01
   1.7127381e-01
   2.6460234e-02
