   3.9404150e-02
   4.9088974e-02
   4.0539205e-02
   1.5327458e-02
   6.7267656e-02
   1.1834962e-01
   7.6991528e-02
   1.1774712e-02
   9.7154289e-02
   1.0921870e-01
   8.0242500e-02
   9.9439807e-03
   1.2411303e-01
   1.0849980e-01
   1.6547093e-01
   5.5921566e-02
   5.9032232e-02
   5.0166607e-02
   3.1730734e-02
   1.5405137e-02
   8.5061140e-02
   1.1219586e-01
   3.7577238e-02
   1.1371417e-02
   4.9345046e-02
   5.0046373e-02
   4.0001743e-02
   8.7687466e-03
   5.5037182e-02
   4.9916338e-02
   7.0789613e-02
   3.6100179e-02
   9.4789289e-02
   9.4884157e-02
   2.9022204e-02
   1.5072674e-02
   5.4703046e-02
   1.0995323e-01
   1.7327257e-02
   1.2293063e-02
   2.9121578e-02
   2.0709496e-02
   1.9489592e-02
   7.0768259e-03
   1.7603027e-02
   1.5116734e-02
   1.6779926e-02
   3.3623859e-02
   6.3460015e-02
   1.3443388e-01
   3.5977069e-02
   1.6414955e-02
   4.4599883e-02
   9.3518309e-02
   2.7904699e-02
   1.4559164e-02
   3.0720333e-02
   2.4024080e-02
   2.1204293e-02
   8.6897146e-03
   1.7167771e-02
   1.4101588e-02
   1.5978206e-02
   1.9962348e-02
   4.4879463e-02
   7.7014029e-02
   5.4471187e-02
   1.9499538e-02
   5.2343946e-02
   8.2534902e-02
   5.5571932e-02
   1.7149197e-02
   3.6930222e-02
   3.0140575e-02
   2.7406972e-02
   1.0828068e-02
   1.9068459e-02
   1.6758753e-02
   1.5807822e-02
   1.6339375e-02
   3.9182853e-02
   5.2696377e-02
   4.5450948e-02
   1.7545387e-02
   4.3328941e-02
   6.6563927e-02
   2.9770158e-02
   1.3591726e-02
   3.2894034e-02
   2.7767204e-02
   1.7508844e-02
   8.3042895e-03
   2.4774319e-02
   2.5775025e-02
   1.4556309e-02
   1.3262561e-02
   3.7650067e-02
   4.6856593e-02
   3.0488536e-02
   1.5920656e-02
   3.8455691e-02
   5.2840982e-02
   2.1106578e-02
   1.1580757e-02
   3.4393039e-02
   2.4563424e-02
   1.4658262e-02
   7.4197045e-03
   3.5267048e-02
   2.5774390e-02
   1.5394581e-02
   1.2774672e-02
   3.7342615e-02
   4.7819138e-02
   3.4069512e-02
   1.5150884e-02
   4.1947756e-02
   7.2359473e-02
   4.1190453e-02
   1.2699944e-02
   6.5871052e-02
   5.2837316e-02
   3.6970425e-02
   7.5978399e-03
   6.5037273e-02
   4.8787061e-02
   6.5768555e-02
   2.6855806e-02
   4.5409814e-02
   4.9285710e-02
   4.5671389e-02
   9.2925681e-03
   1.0131041e-01
   1.2873994e-01
   7.4697435e-02
   8.1053069e-03
   1.3007039e-01
   1.3200916e-01
   9.5223732e-02
   9.4095673e-03
   1.7353925e-01
   1.4835829e-01
   1.7248754e-01
   6.3369751e-02
   8.8675134e-02
   5.6906365e-02
   3.2552786e-02
   8.8919308e-03
   1.3445972e-01
   1.3824199e-01
   3.4862954e-02
   7.0933653e-03
   5.5770084e-02
   5.6454163e-02
   4.8216548e-02
   7.4776928e-03
   7.3891558e-02
   6.8856120e-02
   7.7780150e-02
   4.4650063e-02
   1.4919029e-01
   1.0013089e-01
   2.9657243e-02
   9.2076855e-03
   8.1321314e-02
   1.3613686e-01
   1.4099792e-02
   7.6920819e-03
   3.2834910e-02
   2.3137251e-02
   2.8938500e-02
   5.4341136e-03
   1.8048737e-02
   1.7554086e-02
   1.8899258e-02
   4.1910563e-02
   9.7267911e-02
   1.1708312e-01
   4.0856060e-02
   1.2143631e-02
   5.6335088e-02
   8.9711152e-02
   3.1841382e-02
   9.6978378e-03
   3.8832858e-02
   2.5400434e-02
   3.2231133e-02
   7.8371018e-03
   1.7934512e-02
   1.5079645e-02
   1.6903298e-02
   2.3657544e-02
   5.6759167e-02
   7.5682066e-02
   6.9377705e-02
   1.5760781e-02
   6.1407991e-02
   7.7487029e-02
   7.1885519e-02
   1.4040641e-02
   4.6883140e-02
   2.7661787e-02
   3.8712420e-02
   9.5047932e-03
   2.0216735e-02
   2.0383606e-02
   1.6033806e-02
   1.5898354e-02
   4.5255631e-02
   5.5372544e-02
   5.6220017e-02
   1.1734687e-02
   5.2455392e-02
   7.0045665e-02
   3.4432486e-02
   9.7502731e-03
   4.0904328e-02
   3.2288380e-02
   2.5055394e-02
   5.6926617e-03
   3.1342119e-02
   3.8929787e-02
   1.3596424e-02
   1.0801595e-02
   3.8619176e-02
   4.9917366e-02
   3.4362979e-02
   9.8536536e-03
   4.3724097e-02
   5.8933575e-02
   1.4979862e-02
   7.7988394e-03
   3.9962802e-02
   2.7689943e-02
   1.8808885e-02
   4.1469717e-03
   4.6558928e-02
   3.7381757e-02
   1.4894899e-02
   1.2074452e-02
   3.9228871e-02
   4.7734763e-02
   3.8023185e-02
   9.1850497e-03
   4.8775125e-02
   7.5318173e-02
   3.8392354e-02
   8.7391920e-03
   8.5131682e-02
   6.1717067e-02
   4.3683477e-02
   5.9269825e-03
   8.5317023e-02
   6.7433417e-02
   6.9536321e-02
   3.0645536e-02
   7.7360481e-02
   6.2550910e-02
   5.9904195e-02
   7.9184184e-03
   1.5282287e-01
   7.9475217e-02
   2.9616868e-02
   5.6798812e-03
   1.7941777e-01
   1.6396803e-01
   1.1945554e-01
   1.2233631e-02
   1.9181429e-01
   2.2028124e-01
   2.4623741e-01
   1.0972475e-01
   1.5343507e-01
   5.8130428e-02
   4.1929450e-02
   6.2784981e-03
   2.0836484e-01
   1.1614616e-01
   1.8619757e-02
   4.9621458e-03
   8.1106529e-02
   6.5452367e-02
   6.0024794e-02
   8.1942268e-03
   8.7312445e-02
   1.0044850e-01
   1.1359445e-01
   7.5194076e-02
   2.4237905e-01
   5.9399962e-02
   3.5914328e-02
   5.9171687e-03
   1.3503079e-01
   9.5240161e-02
   1.5390158e-02
   5.4075476e-03
   4.5913424e-02
   2.1771736e-02
   4.1609026e-02
   7.5660031e-03
   2.7807614e-02
   2.5749065e-02
   2.4258047e-02
   8.2481489e-02
   1.4175221e-01
   8.0230542e-02
   5.9137419e-02
   9.2054829e-03
   8.5242331e-02
   5.8291238e-02
   4.1554801e-02
   1.0122741e-02
   5.1940314e-02
   2.3429543e-02
   4.4941433e-02
   1.1618918e-02
   2.4870694e-02
   1.9793240e-02
   2.3004049e-02
   3.9880600e-02
   8.1852317e-02
   8.1955269e-02
   1.0254317e-01
   1.7282449e-02
   8.5908152e-02
   8.0968991e-02
   8.9795746e-02
   1.7758613e-02
   5.7333317e-02
   2.6946856e-02
   5.1063970e-02
   1.3227543e-02
   2.5283793e-02
   2.5084550e-02
   2.3771591e-02
   2.0285489e-02
   7.1757540e-02
   5.0305378e-02
   7.3570870e-02
   1.0269229e-02
   8.7314017e-02
   6.1543904e-02
   4.5463819e-02
   9.6265888e-03
   5.7404123e-02
   3.2363858e-02
   3.5210278e-02
   7.2203302e-03
   3.6174942e-02
   5.4410510e-02
   1.6669407e-02
   1.4323259e-02
   6.3762695e-02
   4.7819644e-02
   4.6408512e-02
   7.5280028e-03
   7.0173457e-02
   5.8974363e-02
   1.5027361e-02
   5.4795244e-03
   5.6493670e-02
   2.8085528e-02
   2.4645796e-02
   4.3865349e-03
   4.9747877e-02
   5.3899407e-02
   1.9310126e-02
   2.1101134e-02
   6.4471975e-02
   5.8284722e-02
   5.4192517e-02
   5.9357323e-03
   7.8286193e-02
   4.9429860e-02
   2.1657979e-02
   6.0161501e-03
   1.0983656e-01
   7.3468380e-02
   5.1607762e-02
   6.9006444e-03
   9.5620729e-02
   1.0274382e-01
   9.1747217e-02
   5.5829488e-02
   8.4881619e-02
   6.7005001e-02
   8.7570570e-02
   1.1335131e-02
   1.3383278e-01
   3.5963491e-02
   3.3021368e-02
   4.5709834e-03
   2.3520228e-01
   1.7174898e-01
   1.2180445e-01
   1.5452741e-02
   1.7657594e-01
   2.7765900e-01
   3.1775677e-01
   1.8385999e-01
   1.2233434e-01
   4.6556506e-02
   5.6092478e-02
   6.3377135e-03
   1.8977343e-01
   5.2126784e-02
   2.2236820e-02
   4.7423658e-03
   1.0676332e-01
   6.2487423e-02
   7.3867209e-02
   1.3290591e-02
   8.1372619e-02
   1.1976636e-01
   1.3950564e-01
   1.2344372e-01
   1.4301412e-01
   4.9838964e-02
   5.0593518e-02
   6.4250529e-03
   1.0638681e-01
   4.1214962e-02
   1.6950462e-02
   4.7900439e-03
   6.1133701e-02
   2.0020183e-02
   4.6910457e-02
   1.6532114e-02
   3.3685558e-02
   3.3172958e-02
   3.3132643e-02
   1.6238055e-01
   9.7424999e-02
   8.8626817e-02
   8.9560077e-02
   1.2393672e-02
   8.4538125e-02
   3.6035679e-02
   5.9422486e-02
   1.4116195e-02
   5.1165588e-02
   2.1038961e-02
   5.4797504e-02
   2.0336723e-02
   2.8974114e-02
   2.5993086e-02
   3.2025672e-02
   6.4939052e-02
   1.1035489e-01
   7.7349119e-02
   1.4333315e-01
   2.2271290e-02
   1.3465726e-01
   5.7244919e-02
   1.4387538e-01
   2.5857935e-02
   6.5333530e-02
   2.4814578e-02
   6.7477606e-02
   2.4546556e-02
   4.2035643e-02
   3.2822665e-02
   2.7306193e-02
   2.5237890e-02
   7.8975715e-02
   3.9030999e-02
   8.8736847e-02
   1.2100954e-02
   9.8248422e-02
   4.0589225e-02
   6.3792117e-02
   1.2466705e-02
   5.6479137e-02
   3.4631945e-02
   4.6674021e-02
   1.1181390e-02
   4.5593683e-02
   9.3926296e-02
   2.2058018e-02
   2.1500908e-02
   8.3611578e-02
   4.0497445e-02
   6.4529411e-02
   8.5172281e-03
   9.2185050e-02
   4.5887496e-02
   2.2691317e-02
   3.9031529e-03
   7.2656035e-02
   3.5703059e-02
   2.5163742e-02
   5.6888657e-03
   6.1845716e-02
   9.5084123e-02
   2.0336665e-02
   3.9935894e-02
   8.4403433e-02
   6.4859785e-02
   9.8109528e-02
   6.8889307e-03
   8.8054441e-02
   3.3637725e-02
   2.6872657e-02
   4.9327430e-03
   1.3440381e-01
   8.5362159e-02
   5.4447211e-02
   8.8060526e-03
   1.0986771e-01
   1.3141114e-01
   1.1579134e-01
   8.3221994e-02
