   3.1201407e-02
   9.0938330e-02
   7.8461163e-02
   1.7014738e-02
   7.1645737e-02
   1.4278398e-01
   8.9969598e-02
   1.2090950e-02
   8.7782815e-02
   8.7339334e-02
   3.7690252e-02
   1.3696345e-02
   3.8430326e-02
   5.4480635e-02
   4.8553597e-02
   1.6670655e-02
   5.9497606e-02
   5.3996123e-02
   3.6540538e-02
   1.1734153e-02
   1.0192034e-01
   1.2442531e-01
   4.8968669e-02
   1.2053576e-02
   4.5084964e-02
   6.1630663e-02
   3.7370861e-02
   1.3757550e-02
   3.3141695e-02
   5.0837159e-02
   4.3793786e-02
   1.6159879e-02
   1.2752885e-01
   8.3228700e-02
   1.3678418e-02
   8.6351614e-03
   6.5754868e-02
   1.1885638e-01
   2.1705503e-02
   1.2071461e-02
   3.4688175e-02
   4.8252340e-02
   4.1300848e-02
   1.3054305e-02
   3.2019991e-02
   4.7937550e-02
   3.8220767e-02
   1.6762136e-02
   8.4930748e-02
   1.3330300e-01
   1.9372094e-02
   8.9241583e-03
   4.4135470e-02
   9.2100583e-02
   2.3403222e-02
   1.3460346e-02
   3.7843373e-02
   6.3542262e-02
   4.8381794e-02
   1.4680656e-02
   3.4195658e-02
   5.1019412e-02
   5.9465390e-02
   1.8948358e-02
   4.2939454e-02
   6.6939302e-02
   4.1829210e-02
   1.1330166e-02
   4.9377583e-02
   6.9258153e-02
   4.1807581e-02
   1.6338641e-02
   4.5486879e-02
   8.0860086e-02
   5.0212305e-02
   1.7082842e-02
   4.1508764e-02
   6.8196476e-02
   7.5130269e-02
   2.2732334e-02
   3.1613920e-02
   3.0374762e-02
   2.9946215e-02
   1.1677613e-02
   4.0803865e-02
   5.4978512e-02
   2.5370819e-02
   1.4726861e-02
   3.8499698e-02
   7.5178847e-02
   3.4659851e-02
   1.4295164e-02
   6.2095102e-02
   1.1041494e-01
   4.6918120e-02
   1.6880421e-02
   2.8892428e-02
   2.5793813e-02
   1.4355482e-02
   1.3166810e-02
   3.7604779e-02
   4.5158979e-02
   2.0673428e-02
   1.3395338e-02
   4.5098674e-02
   9.2348844e-02
   2.7042167e-02
   1.3410060e-02
   1.0731010e-01
   9.9606372e-02
   3.9278105e-02
   1.5683072e-02
   2.8614273e-02
   4.7427963e-02
   3.5044495e-02
   1.2560772e-02
   4.1711915e-02
   7.5697981e-02
   4.2108718e-02
   1.3968754e-02
   8.8373698e-02
   9.9927098e-02
   3.0904051e-02
   1.3078239e-02
   7.3714152e-02
   5.8340039e-02
   4.3347105e-02
   1.6083201e-02
   3.4942023e-02
   1.1159238e-01
   9.5826760e-02
   2.2853324e-02
   1.0737412e-01
   1.6242668e-01
   1.0467929e-01
   8.6272126e-03
   1.3207415e-01
   1.0209494e-01
   4.4770446e-02
   9.8650185e-03
   4.9139962e-02
   5.3984631e-02
   5.2397195e-02
   1.0685008e-02
   9.1654755e-02
   6.5519050e-02
   4.4602547e-02
   1.3415332e-02
   1.6929466e-01
   1.4327089e-01
   5.5283617e-02
   8.1236381e-03
   5.6139890e-02
   6.4886555e-02
   4.7598343e-02
   9.8778121e-03
   3.6625788e-02
   5.7995308e-02
   4.4126935e-02
   1.0601327e-02
   2.1525483e-01
   9.1190211e-02
   1.4672969e-02
   7.3067206e-03
   1.0634433e-01
   1.3602246e-01
   1.9535590e-02
   8.5241236e-03
   3.6366995e-02
   5.1627193e-02
   5.3999692e-02
   8.8459859e-03
   3.6375947e-02
   5.2263495e-02
   3.8923122e-02
   1.0596857e-02
   1.3402691e-01
   1.3012639e-01
   2.2702904e-02
   7.2495299e-03
   6.0507476e-02
   9.1542549e-02
   2.5694421e-02
   9.3459748e-03
   4.4511743e-02
   6.9713198e-02
   6.2135149e-02
   1.0330859e-02
   3.9062750e-02
   5.4575756e-02
   6.7522243e-02
   1.6246093e-02
   5.4710165e-02
   7.1523450e-02
   5.3621475e-02
   1.0277147e-02
   6.0426459e-02
   6.2491562e-02
   5.5129107e-02
   1.3239206e-02
   5.6194533e-02
   7.1376175e-02
   6.2617354e-02
   1.3792551e-02
   4.9263153e-02
   6.9836631e-02
   8.3275989e-02
   2.2271592e-02
   3.5396118e-02
   3.3422776e-02
   3.7950598e-02
   1.1618653e-02
   4.8621725e-02
   5.9771061e-02
   3.0352453e-02
   1.1296038e-02
   4.8827171e-02
   7.6518863e-02
   3.8392227e-02
   9.6598202e-03
   9.5635399e-02
   1.0600106e-01
   4.2933166e-02
   1.3002492e-02
   3.3003584e-02
   2.8628906e-02
   1.7464405e-02
   1.3818451e-02
   4.2779949e-02
   5.1217455e-02
   1.7396532e-02
   9.8484326e-03
   6.3761368e-02
   1.1903122e-01
   2.9014492e-02
   8.0296220e-03
   1.7166157e-01
   1.1232635e-01
   3.9066605e-02
   1.0314053e-02
   3.2396153e-02
   5.3659432e-02
   4.3330695e-02
   1.4287112e-02
   5.2034374e-02
   8.4252082e-02
   4.6500549e-02
   1.0954160e-02
   1.3079058e-01
   1.3212113e-01
   3.3358123e-02
   8.7449905e-03
   1.1167718e-01
   6.3063189e-02
   4.3505464e-02
   1.0282661e-02
   5.4036383e-02
   1.1057960e-01
   9.8014206e-02
   3.4609869e-02
   1.5534653e-01
   5.9028588e-02
   4.0526349e-02
   7.9882843e-03
   2.0595044e-01
   1.0927872e-01
   6.2668867e-02
   8.2183667e-03
   7.7309974e-02
   5.8333650e-02
   6.6950202e-02
   8.3147073e-03
   1.3712358e-01
   5.9267666e-02
   5.1800989e-02
   1.9191327e-02
   2.4267021e-01
   9.0083033e-02
   3.1619344e-02
   6.7419829e-03
   9.3419701e-02
   7.1239218e-02
   7.2368778e-02
   7.9929270e-03
   6.0898077e-02
   7.2504021e-02
   5.3761292e-02
   8.0217514e-03
   2.8171653e-01
   4.3471012e-02
   1.8032825e-02
   7.7251783e-03
   1.6049752e-01
   9.3447216e-02
   2.2684691e-02
   6.9480031e-03
   5.8356140e-02
   5.8663622e-02
   8.2326218e-02
   6.5727052e-03
   6.1074331e-02
   6.1603472e-02
   4.7477238e-02
   8.0682822e-03
   1.5920858e-01
   7.3184855e-02
   2.6278101e-02
   7.3032943e-03
   9.9954627e-02
   5.8579057e-02
   3.2081723e-02
   8.6136004e-03
   6.8310313e-02
   6.5437526e-02
   9.5370956e-02
   8.8968575e-03
   6.3649982e-02
   5.6880634e-02
   9.0113245e-02
   1.7334383e-02
   7.1694203e-02
   6.5387733e-02
   6.6254549e-02
   1.1707497e-02
   8.5053414e-02
   5.7996091e-02
   6.3469261e-02
   1.3711680e-02
   7.0196427e-02
   7.9149425e-02
   8.8877492e-02
   1.3155421e-02
   6.4048901e-02
   6.6262104e-02
   1.0930144e-01
   2.4813179e-02
   5.3932514e-02
   3.6834620e-02
   4.5542527e-02
   1.1223475e-02
   7.8983203e-02
   4.7731493e-02
   3.4743950e-02
   9.0698842e-03
   7.2002389e-02
   6.3641772e-02
   5.3810786e-02
   7.4361437e-03
   1.2972167e-01
   7.0775695e-02
   5.4324996e-02
   1.1483423e-02
   5.3368740e-02
   3.4859538e-02
   2.1368198e-02
   1.2018229e-02
   7.2859854e-02
   5.5858333e-02
   1.8804360e-02
   7.8569921e-03
   1.0637715e-01
   9.0151750e-02
   3.3146974e-02
   5.7930239e-03
   2.8702515e-01
   7.0538975e-02
   4.0253408e-02
   8.5865725e-03
   4.9208481e-02
   5.7900980e-02
   5.0839774e-02
   1.7405059e-02
   8.3790503e-02
   4.6664789e-02
   2.7769241e-02
   9.5259631e-03
   2.1338786e-01
   1.2344562e-01
   4.9511943e-02
   5.8351280e-03
   1.9387782e-01
   5.5719778e-02
   4.9649931e-02
   9.0158610e-03
   6.7176230e-02
   7.2221689e-02
   7.3617093e-02
   2.8303564e-02
   1.2656014e-01
   3.4349084e-02
   3.3843163e-02
   7.5038085e-03
   2.0690882e-01
   6.5468334e-02
   8.0986470e-02
   7.9387492e-03
   9.5164537e-02
   6.0735084e-02
   9.7143508e-02
   6.8878867e-03
   1.1624999e-01
   4.0744249e-02
   4.5725975e-02
   1.7484855e-02
   1.8655190e-01
   4.5893412e-02
   3.4253389e-02
   6.0807131e-03
   9.6343324e-02
   4.8374038e-02
   8.5322201e-02
   7.6397625e-03
   6.7115307e-02
   8.3756052e-02
   7.1068265e-02
   8.5058585e-03
   1.6712423e-01
   3.3250310e-02
   1.9472746e-02
   7.8283697e-03
   1.3015254e-01
   3.8930900e-02
   3.6049213e-02
   4.3153297e-03
   8.4870107e-02
   4.5695856e-02
   8.7355249e-02
   5.3579719e-03
   7.7678241e-02
   6.9451265e-02
   6.0633138e-02
   8.7800706e-03
   9.0640262e-02
   7.6335020e-02
   4.2710990e-02
   7.1831616e-03
   8.4912971e-02
   3.4168426e-02
   5.6010004e-02
   1.0129038e-02
   6.1976288e-02
   4.2314064e-02
   1.1603376e-01
   1.2942463e-02
   6.7262322e-02
   5.7117712e-02
   1.0429017e-01
   2.9036863e-02
   9.5265739e-02
   6.1375391e-02
   8.7176248e-02
   1.4542051e-02
   1.0165312e-01
   4.8944116e-02
   9.7806744e-02
   1.7545328e-02
   7.6821707e-02
   6.0496356e-02
   9.7618721e-02
   2.2642400e-02
   7.0072286e-02
   6.7451477e-02
   1.0405625e-01
   3.9625008e-02
   6.1327450e-02
   2.4796642e-02
   4.4962440e-02
   1.5828812e-02
   7.1145438e-02
   2.8179824e-02
   5.0057787e-02
   1.0351704e-02
   6.1121069e-02
   4.9796939e-02
   6.8705790e-02
   1.0860517e-02
   7.4302852e-02
   8.4504165e-02
   6.3536339e-02
   1.4169441e-02
   7.2958231e-02
   2.3585519e-02
   1.8460136e-02
   1.8627174e-02
   9.1108367e-02
   3.9948728e-02
   2.6938381e-02
   6.8791439e-03
   1.0837602e-01
   5.6496277e-02
   4.3516953e-02
   4.2870436e-03
   1.5604615e-01
   8.7902248e-02
   5.6118172e-02
   6.7404802e-03
   6.7442417e-02
   4.3458700e-02
   4.5807011e-02
   1.5813269e-02
   9.3749642e-02
   3.2716405e-02
   2.9563529e-02
   6.0579772e-03
   1.9730054e-01
   6.9895774e-02
   5.9998982e-02
   5.1849172e-03
   1.5065277e-01
   6.0900904e-02
   6.5865904e-02
   6.2556975e-03
