   3.5025802e-02
   4.4275086e-02
   4.8461854e-02
   4.9691785e-02
   3.3337850e-02
   1.3974358e-02
   2.5517810e-02
   4.3869562e-02
   2.6661724e-02
   3.4178440e-02
   1.3370687e-02
   3.5737008e-02
   2.8995736e-02
   2.3896577e-02
   1.4521434e-02
   3.2685846e-02
   3.4709632e-02
   4.0050562e-02
   3.9314121e-02
   5.2565586e-02
   3.3218481e-02
   1.3320912e-02
   2.5542490e-02
   4.2329941e-02
   2.7497616e-02
   2.6693758e-02
   1.3223927e-02
   3.6947850e-02
   2.8009562e-02
   1.9646406e-02
   1.3574499e-02
   3.3315882e-02
   3.4293827e-02
   4.6138670e-02
   4.0038019e-02
   8.2114398e-02
   3.2045778e-02
   1.3478774e-02
   2.8379332e-02
   5.5636894e-02
   2.5205310e-02
   2.4326760e-02
   1.4693975e-02
   4.4400427e-02
   2.6818680e-02
   1.9207941e-02
   1.4236382e-02
   3.8133439e-02
   3.6150921e-02
   4.4005167e-02
   5.2377034e-02
   8.7718420e-02
   3.3490174e-02
   1.2711427e-02
   3.7757922e-02
   7.6079175e-02
   2.5480013e-02
   2.3050053e-02
   2.5600471e-02
   6.0370408e-02
   2.5440687e-02
   2.1632982e-02
   2.4301007e-02
   4.8307572e-02
   4.8195500e-02
   5.8274511e-02
   5.5017967e-02
   6.2801473e-02
   7.8394651e-02
   1.7832449e-02
   4.9366213e-02
   6.2590845e-02
   7.1478553e-02
   2.5402077e-02
   3.1555358e-02
   5.4355532e-02
   5.6811713e-02
   3.0771974e-02
   3.1584844e-02
   4.9903486e-02
   1.0348325e-01
   6.4826675e-02
   4.2982318e-02
   5.5097751e-02
   1.7043297e-01
   2.3200680e-02
   3.8504377e-02
   5.3621694e-02
   1.4587437e-01
   2.4229238e-02
   1.7832236e-02
   4.5190189e-02
   9.5946245e-02
   2.9213829e-02
   1.8780824e-02
   4.1215770e-02
   8.7814093e-02
   4.1936778e-02
   3.6990255e-02
   4.9284771e-02
   8.5194066e-02
   1.5285132e-02
   2.6542820e-02
   4.5071907e-02
   6.1921436e-02
   2.6799062e-02
   1.3410384e-02
   3.9476693e-02
   4.1047364e-02
   2.4541955e-02
   1.3368550e-02
   3.5101034e-02
   3.8991254e-02
   3.6886953e-02
   4.1605093e-02
   4.9259175e-02
   3.2189876e-02
   1.4244240e-02
   2.5514942e-02
   4.5267139e-02
   2.6516510e-02
   3.2977596e-02
   1.2726142e-02
   3.7260931e-02
   2.5609873e-02
   2.3147957e-02
   1.3508867e-02
   3.3068035e-02
   4.1532058e-02
   4.8144978e-02
   5.1028870e-02
   3.7750669e-02
   2.8181998e-02
   1.6022330e-02
   2.4414508e-02
   3.4187272e-02
   2.3684796e-02
   3.9324004e-02
   1.1987862e-02
   2.4252415e-02
   2.6202792e-02
   2.6882242e-02
   1.3696104e-02
   2.3790853e-02
   3.9462861e-02
   4.3866139e-02
   3.9182700e-02
   4.3927297e-02
   2.7819119e-02
   1.2623389e-02
   2.0961206e-02
   3.2192510e-02
   2.0016527e-02
   2.9700153e-02
   1.0998329e-02
   2.4494143e-02
   2.2289595e-02
   1.9888718e-02
   1.1885015e-02
   2.3718668e-02
   4.0874537e-02
   5.8165621e-02
   3.8365904e-02
   8.9234814e-02
   3.1122657e-02
   1.8580010e-02
   2.9840222e-02
   5.1604819e-02
   2.0490607e-02
   2.3487689e-02
   1.1405191e-02
   3.9131451e-02
   2.2829717e-02
   1.7358307e-02
   1.1674083e-02
   2.6268864e-02
   4.5380931e-02
   5.2676678e-02
   4.8595924e-02
   9.4338529e-02
   3.7601363e-02
   1.7421408e-02
   4.0815577e-02
   8.5328251e-02
   3.0632177e-02
   2.3052698e-02
   2.5576258e-02
   6.4025208e-02
   2.6324041e-02
   2.2700207e-02
   2.7893854e-02
   3.5642531e-02
   7.0754290e-02
   5.7843260e-02
   5.1865533e-02
   5.2209411e-02
   1.0305338e-01
   1.9008862e-02
   4.6649378e-02
   5.4789487e-02
   1.1118986e-01
   2.7059007e-02
   3.5682414e-02
   5.0655246e-02
   7.6693170e-02
   3.4002110e-02
   3.8872045e-02
   3.9965771e-02
   1.6923727e-01
   6.7118384e-02
   4.0637985e-02
   4.5584079e-02
   2.4720624e-01
   2.5534531e-02
   4.2214826e-02
   4.6843890e-02
   2.3513488e-01
   2.6066888e-02
   1.6005918e-02
   3.4865234e-02
   1.3019137e-01
   3.2651197e-02
   1.5853727e-02
   2.9879948e-02
   1.4212456e-01
   4.3810930e-02
   3.2376181e-02
   3.6557712e-02
   1.2764233e-01
   1.6054958e-02
   2.8566055e-02
   3.5989504e-02
   9.5248692e-02
   2.5656357e-02
   1.0543594e-02
   2.3981819e-02
   5.6778260e-02
   2.7240336e-02
   1.1025418e-02
   2.3815166e-02
   5.4214504e-02
   3.9753471e-02
   3.5960883e-02
   3.6209699e-02
   3.3983648e-02
   1.5018643e-02
   2.4697762e-02
   3.1851664e-02
   2.7808357e-02
   3.3894196e-02
   9.8828701e-03
   2.4904924e-02
   2.5264073e-02
   2.5055835e-02
   1.1524638e-02
   2.1402718e-02
   6.1387241e-02
   5.8641523e-02
   6.0538895e-02
   3.0654408e-02
   4.0516410e-02
   1.3709622e-02
   1.5666183e-02
   2.7864812e-02
   3.3508137e-02
   4.8110392e-02
   1.2715675e-02
   2.2970883e-02
   3.4038465e-02
   2.7058607e-02
   1.1649216e-02
   1.6095828e-02
   6.2057775e-02
   6.1686184e-02
   5.1351227e-02
   3.6164857e-02
   4.3579318e-02
   1.4704731e-02
   1.8994084e-02
   2.8228769e-02
   3.0712826e-02
   3.3659134e-02
   8.9365551e-03
   2.1263845e-02
   2.4820467e-02
   2.0738179e-02
   8.7093245e-03
   1.9347977e-02
   6.8476878e-02
   8.5413218e-02
   4.9064189e-02
   7.8155003e-02
   4.4117000e-02
   2.3903361e-02
   4.1332688e-02
   4.8416290e-02
   3.2066543e-02
   2.0649832e-02
   9.3657058e-03
   3.3973154e-02
   2.9874576e-02
   2.1661196e-02
   9.3731498e-03
   2.0735163e-02
   7.0067815e-02
   6.9526605e-02
   6.0016174e-02
   8.3965451e-02
   5.6104399e-02
   2.3495302e-02
   5.3820997e-02
   8.2339644e-02
   4.8024103e-02
   2.2729609e-02
   3.3001576e-02
   5.7443332e-02
   3.2674577e-02
   2.6596539e-02
   3.5824478e-02
   3.2403175e-02
   1.0015468e-01
   6.1364509e-02
   6.1461754e-02
   4.4960096e-02
   1.0523581e-01
   2.2667283e-02
   4.0512510e-02
   4.6918817e-02
   8.2794540e-02
   2.9641762e-02
   4.5274861e-02
   4.1369580e-02
   6.1234728e-02
   3.4068458e-02
   5.1525887e-02
   3.7438404e-02
   2.5886551e-01
   6.5760165e-02
   4.9714886e-02
   3.8214434e-02
   2.7852029e-01
   2.8051656e-02
   3.3845156e-02
   3.8577586e-02
   1.7264748e-01
   2.7748225e-02
   1.7835133e-02
   2.9428726e-02
   9.3808845e-02
   3.3796255e-02
   1.6602684e-02
   2.5966177e-02
   2.3423339e-01
   4.1652627e-02
   4.4047616e-02
   2.9843844e-02
   1.7009141e-01
   1.4494839e-02
   2.3930764e-02
   2.8274694e-02
   8.7003879e-02
   2.3235356e-02
   8.2619339e-03
   2.6621195e-02
   5.2797005e-02
   2.8465001e-02
   7.9145161e-03
   1.8711481e-02
   8.9057714e-02
   5.1121842e-02
   4.5567106e-02
   2.7601741e-02
   5.0636195e-02
   1.3163000e-02
   1.6720358e-02
   2.2719437e-02
   3.8447585e-02
   4.0924486e-02
   8.5543869e-03
   2.5854982e-02
   3.7352800e-02
   2.6154781e-02
   8.6173927e-03
   1.5704401e-02
   7.7797435e-02
   6.9555804e-02
   8.6191088e-02
   3.2031085e-02
   5.4856416e-02
   1.5678333e-02
   2.1602869e-02
   2.5324440e-02
   4.5019448e-02
   3.2417666e-02
   1.8248793e-02
   1.8172815e-02
   3.9376222e-02
   3.8811520e-02
   1.4500680e-02
   1.1899754e-02
   8.3970614e-02
   8.6175688e-02
   7.4818917e-02
   4.5832284e-02
   5.2355535e-02
   1.5550296e-02
   3.1092981e-02
   2.3771711e-02
   3.4500875e-02
   2.3719667e-02
   1.1311101e-02
   1.8067105e-02
   3.6762726e-02
   2.8530702e-02
   8.8167405e-03
   1.2681239e-02
   9.3598530e-02
   1.1330902e-01
   6.8497956e-02
   1.0691004e-01
   4.7354143e-02
   2.9676985e-02
   6.2676311e-02
   4.2103704e-02
   3.9789148e-02
   2.2469180e-02
   1.2160359e-02
   2.9434595e-02
   3.9926142e-02
   2.5420271e-02
   1.2413430e-02
   1.8084863e-02
   8.1894673e-02
   8.2454056e-02
   8.4457561e-02
   1.1171220e-01
   6.5737590e-02
   3.4890708e-02
   8.1144080e-02
   8.0101766e-02
   5.5938516e-02
   2.6473124e-02
   4.6227340e-02
   4.6957359e-02
   3.4572948e-02
   2.3741156e-02
   4.1061714e-02
   3.1758353e-02
   7.9733498e-02
   8.0788627e-02
   8.9953035e-02
   4.3460626e-02
   7.0816219e-02
   3.8616821e-02
   5.5803586e-02
   4.1410696e-02
   6.9263361e-02
   4.6852157e-02
   6.0859323e-02
   4.0726610e-02
   6.9850646e-02
   3.6885574e-02
   6.3064814e-02
   4.0132295e-02
   1.4298472e-01
   7.5343259e-02
   5.9332676e-02
   3.4406651e-02
   1.4980423e-01
   4.8506729e-02
   4.5623921e-02
   2.4487512e-02
   1.3980037e-01
   4.8681889e-02
   1.9818695e-02
   2.5349943e-02
   9.5789872e-02
   3.6144767e-02
   2.0301117e-02
   2.8938388e-02
   1.7778365e-01
   5.2297335e-02
   5.7413980e-02
   3.9341222e-02
   1.1376784e-01
   1.9980770e-02
   2.9181810e-02
   2.2097984e-02
   7.7240102e-02
   2.4687974e-02
   8.3209788e-03
   2.2518618e-02
   6.2921196e-02
   3.2313064e-02
   8.4788445e-03
   1.8158020e-02
   9.2133895e-02
   6.9264576e-02
   6.7110941e-02
   2.9113293e-02
   5.8993809e-02
   1.4061037e-02
   2.0451806e-02
   2.4087684e-02
   5.4446850e-02
   2.9326759e-02
   1.0999227e-02
   2.3335485e-02
   5.4332569e-02
   3.8274027e-02
   1.0849789e-02
   1.2452100e-02
