   2.1942850e-02
   1.5108777e-02
   1.9461039e-02
   3.3469297e-02
   1.9063154e-02
   1.3694205e-02
   2.8364204e-02
   5.0197277e-02
   1.8627878e-02
   1.8381864e-02
   2.5534516e-02
   4.1767359e-02
   9.2119016e-03
   7.5838659e-03
   1.6267216e-02
   3.6618158e-02
   2.1937340e-02
   1.1039058e-02
   1.6012309e-02
   3.0670512e-02
   1.8327042e-02
   1.0722650e-02
   1.9312248e-02
   4.9079385e-02
   1.7767247e-02
   1.2121224e-02
   1.9104278e-02
   4.3888021e-02
   8.2499981e-03
   4.9308366e-03
   1.2832127e-02
   3.4836929e-02
   2.2478370e-02
   1.0267034e-02
   1.4957849e-02
   3.1268228e-02
   1.8611779e-02
   9.6487580e-03
   1.6168142e-02
   5.4298967e-02
   1.7559798e-02
   8.7830974e-03
   1.7303938e-02
   5.1542196e-02
   8.2465792e-03
   3.6146538e-03
   1.2185536e-02
   3.6154460e-02
   2.2668768e-02
   1.1539303e-02
   1.6560836e-02
   3.7829258e-02
   2.1029186e-02
   1.2763427e-02
   1.7654097e-02
   7.0385240e-02
   1.9395744e-02
   8.9061465e-03
   1.7909128e-02
   6.3324846e-02
   8.6880466e-03
   3.6096915e-03
   1.5231516e-02
   3.9071217e-02
   2.4260409e-02
   9.7462805e-03
   1.9612534e-02
   4.5497764e-02
   2.3589706e-02
   1.7406436e-02
   2.0457927e-02
   8.5428692e-02
   2.1472204e-02
   9.9728201e-03
   1.7961413e-02
   6.9856323e-02
   9.5902076e-03
   3.7838081e-03
   1.5880471e-02
   4.1311231e-02
   2.2333264e-02
   8.6192470e-03
   1.9316366e-02
   4.3008350e-02
   2.0719353e-02
   1.1119039e-02
   1.8544452e-02
   7.6167554e-02
   1.9479016e-02
   1.1118408e-02
   1.6130347e-02
   5.8062516e-02
   9.0869712e-03
   3.8577006e-03
   1.3259773e-02
   3.8162988e-02
   2.0392861e-02
   8.1634931e-03
   1.5893638e-02
   3.7728325e-02
   1.8549351e-02
   8.3220825e-03
   1.7537804e-02
   5.9918448e-02
   1.9035576e-02
   1.1412975e-02
   1.5134401e-02
   4.5426290e-02
   9.4295843e-03
   3.8528009e-03
   1.1841376e-02
   3.4331396e-02
   2.0388136e-02
   1.0321600e-02
   1.6444346e-02
   3.3674635e-02
   1.8321151e-02
   9.9777905e-03
   2.0206453e-02
   5.1674768e-02
   1.8529307e-02
   1.3369341e-02
   1.8077407e-02
   4.1024309e-02
   9.3007963e-03
   5.2229641e-03
   1.2850110e-02
   3.4120001e-02
   2.0673785e-02
   1.8873526e-02
   2.2567658e-02
   3.9889909e-02
   1.7545747e-02
   1.6876543e-02
   4.0636223e-02
   6.6570804e-02
   1.7695872e-02
   2.5284261e-02
   3.3086792e-02
   5.2750446e-02
   8.6876806e-03
   9.2129977e-03
   1.7624343e-02
   3.5942506e-02
   2.2627095e-02
   1.2760903e-02
   1.7124519e-02
   3.5158496e-02
   1.7156655e-02
   1.2783322e-02
   2.4871211e-02
   6.3746981e-02
   1.7120641e-02
   1.4906766e-02
   2.3391500e-02
   5.6391735e-02
   7.7403779e-03
   5.6305788e-03
   1.3242763e-02
   3.4532826e-02
   2.3654250e-02
   1.1905755e-02
   1.5040374e-02
   3.4878492e-02
   1.7495381e-02
   1.1339815e-02
   1.8370662e-02
   6.8018787e-02
   1.6671166e-02
   9.3397330e-03
   2.0659806e-02
   6.5258726e-02
   7.7461139e-03
   3.8054904e-03
   1.2063394e-02
   3.6423791e-02
   2.0495366e-02
   1.3666804e-02
   1.6437661e-02
   4.1138548e-02
   1.9531291e-02
   1.5528396e-02
   1.9521313e-02
   7.9003446e-02
   1.8017393e-02
   9.3990145e-03
   1.9955747e-02
   7.1698859e-02
   7.8315586e-03
   3.7424371e-03
   1.5700603e-02
   3.6455743e-02
   2.1272300e-02
   1.0175600e-02
   2.0812942e-02
   4.9136262e-02
   2.2428643e-02
   2.2540536e-02
   2.3161285e-02
   9.0296336e-02
   1.9980861e-02
   1.0986927e-02
   1.9574491e-02
   7.5396210e-02
   8.4772939e-03
   3.9917589e-03
   1.5869772e-02
   3.6486465e-02
   1.9834317e-02
   8.4646707e-03
   2.1212270e-02
   4.7756225e-02
   1.9122796e-02
   1.2942075e-02
   2.1183265e-02
   8.5781433e-02
   1.8180810e-02
   1.3190491e-02
   1.7439524e-02
   6.6160098e-02
   8.3108358e-03
   4.2153071e-03
   1.2890063e-02
   3.4426905e-02
   1.8750321e-02
   8.3677154e-03
   1.7027181e-02
   4.5554020e-02
   1.7372878e-02
   8.9515485e-03
   2.1406597e-02
   7.6043591e-02
   1.9766109e-02
   1.4022330e-02
   1.6473530e-02
   5.5822510e-02
   1.0003277e-02
   4.3014949e-03
   1.1662308e-02
   3.2491673e-02
   1.9037394e-02
   1.1887393e-02
   1.8120622e-02
   4.0879410e-02
   1.7156508e-02
   1.1564776e-02
   2.6839999e-02
   6.8337761e-02
   1.8815789e-02
   1.7093929e-02
   2.1172114e-02
   5.1486522e-02
   9.7239064e-03
   6.0150637e-03
   1.3032946e-02
   3.2847963e-02
   1.5646569e-02
   2.2003485e-02
   2.4413347e-02
   4.0330175e-02
   1.3163866e-02
   1.9558169e-02
   4.5829985e-02
   5.8147851e-02
   1.4098804e-02
   3.3923276e-02
   4.2160429e-02
   4.7691084e-02
   6.9276202e-03
   1.1592365e-02
   1.7632313e-02
   3.0349376e-02
   2.0223442e-02
   1.4190285e-02
   1.6902165e-02
   3.2508072e-02
   1.3270194e-02
   1.4829779e-02
   2.6209574e-02
   5.4202840e-02
   1.3685957e-02
   1.8155811e-02
   2.7703349e-02
   4.9103171e-02
   5.9577744e-03
   6.4588343e-03
   1.2297086e-02
   2.9270707e-02
   2.1958092e-02
   1.2629878e-02
   1.3645256e-02
   3.0544059e-02
   1.3523088e-02
   1.2415831e-02
   1.7237669e-02
   5.4330543e-02
   1.3235158e-02
   9.2343055e-03
   2.3780107e-02
   5.5973820e-02
   5.9279921e-03
   3.7781210e-03
   1.0704082e-02
   3.2743771e-02
   1.5441773e-02
   1.4335191e-02
   1.5137878e-02
   3.5454225e-02
   1.5504824e-02
   1.6694801e-02
   1.8320030e-02
   5.8224700e-02
   1.4378171e-02
   9.2253555e-03
   2.1086691e-02
   5.4414418e-02
   5.9408527e-03
   3.7362773e-03
   1.5292150e-02
   2.9479772e-02
   1.5783379e-02
   9.6797990e-03
   2.1508031e-02
   4.2301375e-02
   1.8782785e-02
   2.5393961e-02
   2.3051184e-02
   6.3808516e-02
   1.6500510e-02
   1.1343814e-02
   1.9257672e-02
   5.5193897e-02
   6.5615126e-03
   4.0551941e-03
   1.5038637e-02
   2.7551191e-02
   1.4260442e-02
   7.4100378e-03
   2.2460062e-02
   4.0856566e-02
   1.5034763e-02
   1.3501470e-02
   2.0822957e-02
   6.0798321e-02
   1.4559384e-02
   1.4642814e-02
   1.6844550e-02
   5.0932810e-02
   6.7275232e-03
   4.3994393e-03
   1.0907254e-02
   2.6343383e-02
   1.3695958e-02
   7.4873017e-03
   1.7162709e-02
   4.2728715e-02
   1.3756078e-02
   8.6646592e-03
   2.2369904e-02
   5.8029115e-02
   1.7877968e-02
   1.6419409e-02
   1.5928686e-02
   4.6584062e-02
   9.9760387e-03
   4.5483843e-03
   9.9972775e-03
   2.5607625e-02
   1.3856553e-02
   1.2698967e-02
   1.8619133e-02
   3.9522849e-02
   1.3297642e-02
   1.2434730e-02
   2.9397726e-02
   5.6744773e-02
   1.6743394e-02
   2.1583557e-02
   2.3819368e-02
   4.6360627e-02
   9.3816919e-03
   6.8892473e-03
   1.1929289e-02
   2.7059052e-02
   1.2003808e-02
   2.4909174e-02
   2.5645478e-02
   3.8590275e-02
   8.7757567e-03
   2.4758963e-02
   5.3376008e-02
   4.0370598e-02
   1.0497348e-02
   4.7404092e-02
   5.0159510e-02
   3.4987833e-02
   5.8684209e-03
   1.4480796e-02
   1.7955326e-02
   2.3691412e-02
   2.0466553e-02
   1.5305669e-02
   1.6038371e-02
   2.7663065e-02
   8.8843089e-03
   1.7625131e-02
   2.7925901e-02
   3.5049193e-02
   9.8530585e-03
   2.4152437e-02
   3.1631395e-02
   3.5679482e-02
   4.4114543e-03
   7.6073571e-03
   1.1219515e-02
   2.3702679e-02
   2.2807792e-02
   1.3946621e-02
   1.1835826e-02
   2.3363119e-02
   8.7726554e-03
   1.3474904e-02
   1.5504353e-02
   3.3896700e-02
   9.2110680e-03
   9.4665298e-03
   2.6256520e-02
   4.2455055e-02
   4.1004908e-03
   3.5873062e-03
   8.7615624e-03
   3.1191768e-02
   1.1622584e-02
   1.7376080e-02
   1.4194471e-02
   2.9406097e-02
   1.1454604e-02
   1.8763579e-02
   1.7129716e-02
   3.5639171e-02
   1.0841938e-02
   8.9976881e-03
   2.1739118e-02
   3.7153456e-02
   3.9700693e-03
   3.3780539e-03
   1.5562147e-02
   2.3526756e-02
   1.1587445e-02
   1.0428808e-02
   2.4339298e-02
   3.7211232e-02
   1.5714563e-02
   2.9194834e-02
   2.4706770e-02
   3.9789580e-02
   1.3595866e-02
   1.1855822e-02
   1.8621137e-02
   3.5757933e-02
   4.7616139e-03
   3.7379430e-03
   1.4984815e-02
   1.8765708e-02
   9.3657505e-03
   6.5853051e-03
   2.6477749e-02
   3.5044488e-02
   1.0591531e-02
   1.4626503e-02
   2.0653194e-02
   3.5634894e-02
   1.1158995e-02
   1.6573315e-02
   1.5207402e-02
   3.2037843e-02
   5.4526976e-03
   4.1122455e-03
   8.3643673e-03
   1.7803853e-02
   8.8943122e-03
   6.7558573e-03
   1.8079767e-02
   4.0622931e-02
   8.7647764e-03
   8.5601844e-03
   2.2855172e-02
   3.4766417e-02
   1.6343236e-02
   1.9410547e-02
   1.4245822e-02
   3.1048793e-02
   1.0952122e-02
   4.3398095e-03
   7.3871487e-03
   1.7506806e-02
   9.2738848e-03
   1.3507266e-02
   1.8784860e-02
   3.7068043e-02
   8.8714678e-03
   1.4329813e-02
   3.2572992e-02
   3.6178675e-02
   1.4899359e-02
   2.8628083e-02
   2.5938857e-02
   3.2185629e-02
   1.0223549e-02
   7.8532603e-03
   1.0454386e-02
   2.0127727e-02
