   1.5855160e-02
   2.9659163e-02
   3.8741507e-02
   1.8892556e-02
   2.8206138e-02
   2.8835602e-02
   6.7983374e-02
   1.7513478e-02
   2.4520412e-02
   2.2809193e-02
   4.3677982e-02
   2.4744492e-02
   2.3873886e-02
   5.0800130e-02
   6.6244446e-02
   3.6208119e-02
   1.7892841e-02
   3.9805990e-02
   3.9834715e-02
   1.8624203e-02
   2.4247207e-02
   4.3076456e-02
   6.5227419e-02
   1.6675759e-02
   2.4613790e-02
   2.4450252e-02
   3.9775651e-02
   2.2995286e-02
   2.3094306e-02
   4.5182373e-02
   5.7803649e-02
   3.6355983e-02
   1.8242331e-02
   4.4230256e-02
   3.9212052e-02
   1.8940322e-02
   2.1870216e-02
   4.5217708e-02
   5.9864756e-02
   1.7585613e-02
   2.5049686e-02
   2.7032061e-02
   3.9286032e-02
   2.5964418e-02
   2.4108512e-02
   4.4395149e-02
   5.0399922e-02
   3.9838303e-02
   3.2453034e-02
   4.5289434e-02
   4.1826852e-02
   2.3544781e-02
   5.1551599e-02
   3.8525686e-02
   5.7546075e-02
   2.1990735e-02
   6.8323463e-02
   2.9964380e-02
   4.2883225e-02
   3.3304688e-02
   7.1785428e-02
   5.0804194e-02
   5.8614247e-02
   5.6106623e-02
   6.8103828e-02
   6.4289652e-02
   5.5011228e-02
   3.1123098e-02
   1.1067069e-01
   4.9068145e-02
   5.9271436e-02
   2.8979318e-02
   1.6341317e-01
   2.4956569e-02
   4.4275925e-02
   3.3388235e-02
   1.7374985e-01
   5.8773816e-02
   6.3385822e-02
   5.9346136e-02
   3.2747041e-02
   4.5752339e-02
   4.6021912e-02
   2.2846978e-02
   5.3033646e-02
   3.8036447e-02
   5.4385327e-02
   2.1754930e-02
   7.3963240e-02
   2.1545744e-02
   3.6095250e-02
   2.5284767e-02
   7.6097727e-02
   5.9085578e-02
   4.9960993e-02
   4.0732089e-02
   1.4525317e-02
   4.8301063e-02
   4.2966917e-02
   1.8855495e-02
   2.1061614e-02
   4.3599613e-02
   5.5959117e-02
   1.7441448e-02
   2.6266444e-02
   2.0334451e-02
   3.3558156e-02
   2.2816671e-02
   2.4657037e-02
   5.3722966e-02
   4.8472557e-02
   3.7550028e-02
   1.4659373e-02
   4.3048359e-02
   4.2689871e-02
   1.8344354e-02
   2.3078794e-02
   3.9239209e-02
   6.0130633e-02
   1.7288450e-02
   2.4679339e-02
   2.0646792e-02
   3.9704982e-02
   2.4136143e-02
   2.3758663e-02
   5.0472982e-02
   5.9126973e-02
   3.6007822e-02
   1.5328077e-02
   3.6124133e-02
   4.0011503e-02
   1.1362333e-02
   3.1061217e-02
   2.9930683e-02
   5.8255762e-02
   1.1143234e-02
   1.9142255e-02
   2.2652742e-02
   4.3402746e-02
   1.8631373e-02
   1.8963916e-02
   3.9781086e-02
   6.2643990e-02
   3.0062726e-02
   1.7863322e-02
   4.6608265e-02
   4.2491645e-02
   1.1271568e-02
   2.6615584e-02
   4.1334465e-02
   5.1507983e-02
   1.0312678e-02
   1.8986639e-02
   2.2381788e-02
   4.2900570e-02
   1.8118298e-02
   1.9789116e-02
   4.0707257e-02
   5.4448724e-02
   2.5177127e-02
   1.9273393e-02
   5.2492987e-02
   4.4869442e-02
   1.1670598e-02
   2.4563543e-02
   4.4496115e-02
   4.7748290e-02
   1.1488171e-02
   2.2534670e-02
   2.8473644e-02
   4.4098783e-02
   2.1754548e-02
   2.2509420e-02
   4.9517948e-02
   4.7254939e-02
   2.8369866e-02
   4.7665548e-02
   5.0737068e-02
   5.1108763e-02
   2.0407047e-02
   7.3683783e-02
   4.0003292e-02
   4.9354628e-02
   2.0240994e-02
   8.9366056e-02
   3.5969168e-02
   4.9580324e-02
   3.6362056e-02
   8.7955169e-02
   5.0466463e-02
   6.7510247e-02
   5.8409214e-02
   1.0431050e-01
   6.4643517e-02
   6.7509934e-02
   3.2944296e-02
   1.5894088e-01
   4.5194138e-02
   5.7433899e-02
   3.2466631e-02
   2.1612704e-01
   3.0467523e-02
   4.8002832e-02
   3.3959880e-02
   2.1314326e-01
   6.1617471e-02
   7.2256587e-02
   6.1179519e-02
   4.7850177e-02
   5.1265746e-02
   5.4451052e-02
   1.8009508e-02
   7.6692581e-02
   3.5535805e-02
   4.7668945e-02
   1.8792883e-02
   9.7690985e-02
   2.1035144e-02
   3.6181219e-02
   2.0839322e-02
   9.4316356e-02
   6.3184395e-02
   4.9230933e-02
   3.3019613e-02
   1.4949027e-02
   5.7844002e-02
   4.5372684e-02
   1.2501010e-02
   2.4508871e-02
   4.1526850e-02
   4.7355961e-02
   1.0808399e-02
   2.4483003e-02
   1.5689919e-02
   3.2231845e-02
   1.6558599e-02
   2.5289685e-02
   5.0150160e-02
   4.7857773e-02
   2.8438447e-02
   1.4912983e-02
   5.2527204e-02
   4.4316299e-02
   1.1700004e-02
   2.4107257e-02
   3.9690148e-02
   4.9743831e-02
   1.0726248e-02
   2.1001896e-02
   1.6588805e-02
   3.9998051e-02
   1.6285621e-02
   2.0607248e-02
   4.0883940e-02
   5.2255772e-02
   2.9048134e-02
   1.7441938e-02
   5.3722724e-02
   5.4669470e-02
   1.0855179e-02
   4.1459873e-02
   3.2271750e-02
   7.4314788e-02
   9.6048331e-03
   2.0028524e-02
   2.4162835e-02
   5.5445097e-02
   1.6164523e-02
   1.9021237e-02
   4.7542244e-02
   5.8106218e-02
   2.1098165e-02
   1.9470135e-02
   4.7376741e-02
   5.2478306e-02
   9.6789077e-03
   3.7506077e-02
   2.5923885e-02
   4.8989765e-02
   8.0429800e-03
   1.8758697e-02
   2.3729548e-02
   5.7734948e-02
   1.6706318e-02
   2.3391305e-02
   3.9116025e-02
   5.5690777e-02
   1.9520918e-02
   2.5702579e-02
   4.6282560e-02
   4.6775091e-02
   8.8397125e-03
   3.6549732e-02
   3.0680783e-02
   4.2110581e-02
   8.2285181e-03
   2.4981396e-02
   2.9317416e-02
   5.8230706e-02
   2.7606839e-02
   3.1019662e-02
   4.5419805e-02
   5.6789849e-02
   2.7281180e-02
   7.0507765e-02
   4.6840027e-02
   5.4942831e-02
   2.1106809e-02
   9.5193669e-02
   4.0482666e-02
   5.3431924e-02
   2.1878423e-02
   1.0920656e-01
   3.9706454e-02
   6.1684664e-02
   5.2490506e-02
   1.0427258e-01
   4.0176410e-02
   7.7898525e-02
   7.2736919e-02
   1.5672302e-01
   5.5760328e-02
   8.1866018e-02
   4.2665068e-02
   2.1101873e-01
   3.9550200e-02
   7.7789634e-02
   4.4495713e-02
   2.6450774e-01
   4.4112161e-02
   5.5665880e-02
   4.2867254e-02
   2.5035521e-01
   4.7526445e-02
   8.2617119e-02
   6.7353435e-02
   7.0714884e-02
   4.7125883e-02
   5.9715156e-02
   1.8795995e-02
   1.0113703e-01
   3.5788298e-02
   5.4266140e-02
   2.0095916e-02
   1.1550655e-01
   2.5676984e-02
   4.6661589e-02
   1.9882675e-02
   1.0981851e-01
   4.7561295e-02
   5.5160351e-02
   3.0225381e-02
   2.0445893e-02
   5.0713304e-02
   4.6176702e-02
   8.3067175e-03
   3.4415524e-02
   3.1314202e-02
   4.4234201e-02
   8.9508705e-03
   2.9822832e-02
   1.5837073e-02
   3.8092989e-02
   1.4047360e-02
   3.2371998e-02
   4.7684606e-02
   4.6085473e-02
   2.3829481e-02
   1.6146114e-02
   5.1812984e-02
   4.4769805e-02
   8.7561449e-03
   3.1599700e-02
   2.9161567e-02
   5.6181055e-02
   8.8106617e-03
   2.6693475e-02
   1.6524455e-02
   4.8706986e-02
   1.3759080e-02
   2.3557503e-02
   4.9151838e-02
   5.5593006e-02
   2.1628838e-02
   2.7378384e-02
   6.4929187e-02
   5.9026897e-02
   1.3825756e-02
   6.8054698e-02
   3.8320642e-02
   7.5646274e-02
   1.1731654e-02
   2.4909090e-02
   1.9643458e-02
   7.4952319e-02
   1.9585734e-02
   1.9402063e-02
   5.2147530e-02
   6.9180213e-02
   2.0351978e-02
   2.5427876e-02
   4.4076417e-02
   5.3882293e-02
   1.1732587e-02
   6.1705489e-02
   2.5084181e-02
   5.9271794e-02
   1.0103538e-02
   2.4051698e-02
   1.8978221e-02
   7.2900377e-02
   2.4724884e-02
   1.7486280e-02
   4.1786093e-02
   6.9317430e-02
   1.7716933e-02
   2.8240360e-02
   4.2680226e-02
   4.7985952e-02
   9.3029384e-03
   4.2964946e-02
   3.0376555e-02
   5.0744299e-02
   9.1131944e-03
   2.3112394e-02
   3.2257516e-02
   8.4562927e-02
   3.8900472e-02
   2.8936908e-02
   4.4840444e-02
   7.1579896e-02
   3.3565294e-02
   6.3439749e-02
   6.4057760e-02
   6.4794995e-02
   2.5300650e-02
   7.5038292e-02
   3.9154656e-02
   5.5308864e-02
   2.5985353e-02
   6.3658044e-02
   5.1005211e-02
   8.7805592e-02
   5.8344975e-02
   6.2085502e-02
   3.5716128e-02
   1.1052316e-01
   1.0406965e-01
   1.4684302e-01
   4.9671207e-02
   1.1478329e-01
   5.8165144e-02
   1.3231164e-01
   3.4101859e-02
   7.6620691e-02
   5.6490887e-02
   1.2494891e-01
   4.5745600e-02
   7.7466160e-02
   5.0509926e-02
   1.2299566e-01
   5.1292807e-02
   9.6538469e-02
   8.4050350e-02
   6.5618843e-02
   5.4898981e-02
   7.8552321e-02
   2.2912251e-02
   7.5855538e-02
   4.1831266e-02
   6.4309016e-02
   2.3264635e-02
   6.0261823e-02
   2.6391871e-02
   5.1030144e-02
   2.3095429e-02
   6.3904852e-02
   4.9822271e-02
   4.9763907e-02
   2.3214860e-02
   2.5831087e-02
   4.8091598e-02
   5.7205938e-02
   1.1002844e-02
   4.2916477e-02
   2.9520517e-02
   5.4977443e-02
   9.7435173e-03
   2.3859734e-02
   2.3497296e-02
   4.0023230e-02
   1.3716001e-02
   3.0504992e-02
   5.2853629e-02
   5.4951731e-02
   1.9785870e-02
   2.2647532e-02
   5.4612689e-02
   6.2733449e-02
   1.1568121e-02
   4.6314850e-02
   2.8290927e-02
   6.6220738e-02
   1.0730034e-02
   3.3212546e-02
   2.5772778e-02
   7.0656285e-02
   1.3511671e-02
   3.1486597e-02
   5.2418627e-02
   7.2260797e-02
   1.5739117e-02
