   1.7525863e-02
   9.4046526e-02
   7.7378601e-02
   5.0970498e-02
   1.1330852e-02
   2.3106556e-02
   4.8083190e-02
   5.3730894e-02
   1.2824266e-02
   3.8541976e-02
   7.0440896e-02
   4.0890332e-02
   9.4451234e-03
   3.4831092e-02
   3.6746535e-02
   2.8471673e-02
   2.2568170e-02
   4.6893682e-02
   3.9402783e-02
   4.1309107e-02
   1.1295966e-02
   1.7609462e-02
   3.0423610e-02
   4.8098393e-02
   1.2494892e-02
   2.1398701e-02
   4.4514608e-02
   4.7214989e-02
   7.8507913e-03
   2.4513487e-02
   3.0334771e-02
   3.7900135e-02
   2.6662713e-02
   2.8460449e-02
   2.3102339e-02
   3.6196258e-02
   1.1398221e-02
   1.3091886e-02
   1.9261513e-02
   4.7974654e-02
   1.1946789e-02
   1.1142274e-02
   3.0880842e-02
   5.6097209e-02
   7.9511311e-03
   1.9994132e-02
   3.2293607e-02
   5.2175619e-02
   1.7702520e-02
   3.1154921e-02
   2.4316346e-02
   3.7199419e-02
   1.3217977e-02
   2.1111656e-02
   1.9704754e-02
   4.9631674e-02
   1.3864038e-02
   1.1648663e-02
   2.7353493e-02
   4.5564391e-02
   8.4564909e-03
   2.0435330e-02
   5.8352273e-02
   3.4034070e-02
   1.6722703e-02
   2.5501003e-02
   3.5357136e-02
   3.5913218e-02
   1.6433317e-02
   4.0645737e-02
   2.9875135e-02
   5.5448566e-02
   1.6284361e-02
   1.2368931e-02
   2.5157927e-02
   4.3985121e-02
   9.5171900e-03
   3.2227915e-02
   5.5167496e-02
   2.5827549e-02
   1.5384325e-02
   2.0332417e-02
   3.3443421e-02
   4.2428091e-02
   1.3350242e-02
   2.0049766e-02
   2.4944456e-02
   5.0199758e-02
   1.4614265e-02
   1.4498941e-02
   1.8671490e-02
   4.3112505e-02
   1.4125910e-02
   5.0155766e-02
   2.9943107e-02
   2.5447819e-02
   1.3347014e-02
   2.3183221e-02
   2.7234185e-02
   6.2117696e-02
   1.1856060e-02
   1.1085963e-02
   2.6802527e-02
   4.6536788e-02
   2.0750357e-02
   1.7111273e-02
   1.9760380e-02
   4.0965494e-02
   1.6140642e-02
   3.2903075e-02
   2.6426198e-02
   2.6839774e-02
   1.4654918e-02
   5.1956706e-02
   4.2467974e-02
   5.3073239e-02
   1.1630436e-02
   1.5814580e-02
   3.3718366e-02
   4.7656391e-02
   1.9239150e-02
   2.5395930e-02
   3.6356255e-02
   4.0271875e-02
   1.3281598e-02
   2.5738601e-02
   2.8462451e-02
   2.7977409e-02
   1.0509664e-02
   6.9025800e-02
   7.7996746e-02
   4.8425730e-02
   6.5921829e-03
   2.6742855e-02
   5.6321479e-02
   3.2781936e-02
   8.4154531e-03
   5.4461900e-02
   7.5442053e-02
   2.7381681e-02
   6.5055052e-03
   3.0305715e-02
   3.2557908e-02
   1.7576842e-02
   2.1734826e-02
   4.1466378e-02
   3.7425268e-02
   3.0795319e-02
   6.9823409e-03
   2.0500133e-02
   3.2131586e-02
   2.9083226e-02
   7.1059307e-03
   2.8130881e-02
   4.8849687e-02
   3.6951195e-02
   5.7146805e-03
   1.9876830e-02
   2.5948429e-02
   3.2240063e-02
   2.9034151e-02
   3.0424189e-02
   1.7394677e-02
   2.1921957e-02
   7.1954029e-03
   1.5648473e-02
   1.9088281e-02
   2.5045449e-02
   7.6408195e-03
   1.2132960e-02
   3.9773576e-02
   5.1392127e-02
   6.0404674e-03
   1.4458577e-02
   3.0256039e-02
   5.3848669e-02
   1.6539903e-02
   3.0185889e-02
   1.9353356e-02
   2.3171091e-02
   8.9378366e-03
   2.6769308e-02
   2.2531137e-02
   2.7221132e-02
   9.9599985e-03
   1.3578553e-02
   3.3035573e-02
   3.6772139e-02
   6.7448346e-03
   1.3874880e-02
   6.5096445e-02
   2.7128341e-02
   1.1950742e-02
   2.4633996e-02
   3.1658679e-02
   2.3951806e-02
   1.2213227e-02
   4.8464242e-02
   4.0133435e-02
   3.0279016e-02
   1.3559836e-02
   1.6228799e-02
   2.8035820e-02
   2.8154247e-02
   9.2702406e-03
   2.8742170e-02
   5.4916598e-02
   1.6357828e-02
   9.7709643e-03
   1.8713104e-02
   3.0211296e-02
   3.4022339e-02
   8.8219345e-03
   2.4404693e-02
   2.9870510e-02
   2.7340092e-02
   1.0414616e-02
   1.9744955e-02
   1.9321159e-02
   2.5867457e-02
   1.7379470e-02
   5.6630503e-02
   2.3825461e-02
   1.5990507e-02
   8.8647306e-03
   1.7880194e-02
   2.5888925e-02
   6.4077862e-02
   7.3735453e-03
   1.1868016e-02
   2.9850749e-02
   2.8294208e-02
   1.8297246e-02
   2.5370456e-02
   1.9404264e-02
   2.5021331e-02
   2.0326147e-02
   3.7226949e-02
   1.7418543e-02
   1.5931839e-02
   8.9346301e-03
   3.7716117e-02
   4.1972484e-02
   5.2324783e-02
   6.6090836e-03
   1.7484397e-02
   4.0103219e-02
   2.6577819e-02
   1.6612278e-02
   3.5420086e-02
   3.7767719e-02
   2.4765726e-02
   1.3164169e-02
   2.1717543e-02
   2.1684550e-02
   1.6948944e-02
   1.0165179e-02
   9.6603319e-02
   9.0664908e-02
   3.8658701e-02
   4.7127227e-03
   3.7269447e-02
   6.7989379e-02
   2.3203902e-02
   6.8954206e-03
   7.8760006e-02
   8.6057492e-02
   2.1541573e-02
   7.4023572e-03
   3.1175492e-02
   3.1537600e-02
   1.3716455e-02
   2.5272951e-02
   6.0158882e-02
   4.4178959e-02
   2.5592215e-02
   4.7937040e-03
   3.1397592e-02
   3.7779108e-02
   1.7424421e-02
   6.1621270e-03
   4.2736828e-02
   5.9331633e-02
   3.7681997e-02
   5.9999353e-03
   1.8782960e-02
   2.5110023e-02
   3.6105320e-02
   3.5649985e-02
   4.4366673e-02
   2.0089393e-02
   1.8250594e-02
   5.0651543e-03
   2.4191150e-02
   2.4939213e-02
   1.6283179e-02
   6.2879240e-03
   2.0816637e-02
   4.9668629e-02
   5.1835403e-02
   6.5850038e-03
   1.3465375e-02
   4.3347217e-02
   6.2992781e-02
   2.0896997e-02
   4.1260965e-02
   2.3589086e-02
   1.7689070e-02
   7.7346149e-03
   4.0875562e-02
   3.2564629e-02
   1.7855465e-02
   9.4329463e-03
   2.1740785e-02
   4.8218124e-02
   2.9120440e-02
   8.0775712e-03
   1.4290699e-02
   1.0111716e-01
   2.9293159e-02
   1.3616204e-02
   3.2381546e-02
   3.3011116e-02
   2.5054118e-02
   1.3896994e-02
   7.4143358e-02
   5.9192147e-02
   2.3678185e-02
   1.3472371e-02
   2.8076112e-02
   4.1399579e-02
   2.1834241e-02
   1.1822652e-02
   2.7571304e-02
   7.2223417e-02
   1.2993745e-02
   1.0050456e-02
   2.0554839e-02
   3.2861069e-02
   3.6365148e-02
   6.9944453e-03
   3.7331533e-02
   3.9545923e-02
   1.9388968e-02
   9.8529421e-03
   3.3181161e-02
   2.8652655e-02
   2.1342706e-02
   1.8317739e-02
   4.7812521e-02
   2.0330423e-02
   1.1603095e-02
   1.0133571e-02
   1.8189406e-02
   3.4884419e-02
   7.6129548e-02
   4.7306833e-03
   1.8924125e-02
   3.2082938e-02
   1.7057121e-02
   1.9607026e-02
   4.0980559e-02
   2.4503291e-02
   1.8107360e-02
   2.0288384e-02
   3.3970654e-02
   1.8817361e-02
   1.3897643e-02
   9.2099560e-03
   4.6246160e-02
   5.0862361e-02
   5.6660533e-02
   4.1446481e-03
   2.3589119e-02
   4.3384325e-02
   1.6864091e-02
   1.8576235e-02
   5.5855095e-02
   4.3254524e-02
   1.8531233e-02
   1.5305586e-02
   2.2142446e-02
   2.1188566e-02
   1.3038752e-02
   1.7518951e-02
   1.6153328e-01
   1.2981285e-01
   4.9050830e-02
   4.0956871e-03
   5.1684242e-02
   7.2828881e-02
   1.8687818e-02
   8.1565240e-03
   1.4023890e-01
   1.0755640e-01
   2.1708423e-02
   1.2678543e-02
   3.4633625e-02
   3.0582337e-02
   1.7139861e-02
   4.3164119e-02
   1.0427772e-01
   6.4093716e-02
   3.0495027e-02
   4.6807243e-03
   4.6573326e-02
   5.1348221e-02
   1.8008159e-02
   6.2302840e-03
   6.8746708e-02
   8.4438376e-02
   3.2732900e-02
   1.1384158e-02
   2.3962809e-02
   2.6771443e-02
   2.9083513e-02
   5.4441694e-02
   5.7156976e-02
   3.0862907e-02
   1.4025545e-02
   5.3368388e-03
   3.8367830e-02
   4.3999221e-02
   1.1113734e-02
   6.3068341e-03
   2.7007367e-02
   6.2861688e-02
   3.5630450e-02
   1.2392386e-02
   1.7242178e-02
   5.0046202e-02
   4.2249396e-02
   2.9704291e-02
   4.9387958e-02
   4.1448314e-02
   2.1435566e-02
   8.9962538e-03
   5.6595966e-02
   5.1931910e-02
   1.3052282e-02
   1.0618335e-02
   2.7157541e-02
   6.9696561e-02
   2.4043113e-02
   1.4782903e-02
   1.8179661e-02
   1.1419271e-01
   2.5984554e-02
   2.2152180e-02
   4.2234067e-02
   4.5304917e-02
   2.9598730e-02
   1.9400774e-02
   9.4958536e-02
   9.3743823e-02
   1.7352721e-02
   1.7247999e-02
   4.1342895e-02
   5.5151280e-02
   1.9230515e-02
   2.3750585e-02
   3.5439048e-02
   8.3812907e-02
   1.9467318e-02
   1.5029720e-02
   2.5545606e-02
   5.1537227e-02
   4.1773222e-02
   8.4856730e-03
   5.0581310e-02
   6.4737365e-02
   1.4789893e-02
   1.2389657e-02
   4.5253839e-02
   4.1306984e-02
   1.4483980e-02
   3.4505755e-02
   7.2094984e-02
   2.3859615e-02
   1.2620983e-02
   1.5754618e-02
   2.3891179e-02
   4.6144165e-02
   6.3147545e-02
   3.6963669e-03
   2.9799417e-02
   4.2540558e-02
   1.2180791e-02
   3.2141618e-02
   5.9009992e-02
   3.8306046e-02
   1.2283957e-02
   3.8921248e-02
   6.0767859e-02
   1.8896423e-02
   1.2929252e-02
   1.5143482e-02
   6.9525518e-02
   7.1666248e-02
   5.8152396e-02
   3.1177322e-03
   3.2212108e-02
   5.2102782e-02
   1.2233438e-02
   2.8302921e-02
   9.5233493e-02
   5.4305006e-02
   1.4307337e-02
   2.9799283e-02
   3.1382088e-02
   2.1513587e-02
   1.6742436e-02
