   2.5193611e-02
   1.4110144e-02
   4.0776782e-02
   9.2720371e-03
   4.1393939e-02
   1.4028937e-02
   2.8842904e-02
   1.1440643e-02
   3.8577005e-02
   2.8006550e-02
   3.4280092e-02
   1.3158798e-02
   6.2913634e-02
   6.9512971e-02
   1.0319763e-01
   5.1772576e-02
   3.6189090e-02
   9.5793745e-03
   2.2515336e-02
   9.0921875e-03
   3.9976291e-02
   1.0284471e-02
   1.7193461e-02
   1.0449841e-02
   2.4673367e-02
   1.6261017e-02
   2.4171151e-02
   1.2001211e-02
   3.0928617e-02
   3.4965530e-02
   4.9725592e-02
   3.1192992e-02
   4.1879121e-02
   7.5114439e-03
   1.3995058e-02
   9.5638297e-03
   2.4960233e-02
   9.7145410e-03
   1.2236352e-02
   1.0420986e-02
   2.0963971e-02
   9.6435938e-03
   2.5146250e-02
   1.0965714e-02
   1.7116515e-02
   1.7710010e-02
   2.4714047e-02
   2.4538750e-02
   2.7643124e-02
   1.1459028e-02
   2.7905906e-02
   1.2546252e-02
   2.5401153e-02
   1.9678023e-02
   2.0608133e-02
   1.3260573e-02
   2.4571892e-02
   1.6779894e-02
   1.9752663e-02
   1.4204597e-02
   1.6200179e-02
   1.8652909e-02
   3.2465346e-02
   2.0884877e-02
   2.8852966e-02
   1.9827396e-02
   5.3504828e-02
   1.8867727e-02
   3.1185264e-02
   3.7206564e-02
   3.7898052e-02
   1.9454272e-02
   3.1634420e-02
   2.9647369e-02
   1.8634219e-02
   2.0215832e-02
   1.6451396e-02
   2.4191096e-02
   3.6393866e-02
   1.9838149e-02
   2.1736531e-02
   1.1189137e-02
   2.8618386e-02
   1.2554722e-02
   2.3809223e-02
   1.8020624e-02
   2.3103632e-02
   1.3100103e-02
   2.5932144e-02
   1.6697435e-02
   1.2652604e-02
   1.3985980e-02
   1.6989671e-02
   2.5817065e-02
   2.5154887e-02
   1.6499765e-02
   1.9577872e-02
   7.4238628e-03
   1.5121859e-02
   9.7599318e-03
   2.0561609e-02
   9.3079126e-03
   1.2401547e-02
   1.0964574e-02
   2.4362883e-02
   1.0145009e-02
   1.1401300e-02
   1.0864353e-02
   2.0787723e-02
   2.1314094e-02
   2.0873085e-02
   1.5937831e-02
   2.0715222e-02
   9.7019281e-03
   2.5198501e-02
   8.7952157e-03
   2.5541149e-02
   1.0813818e-02
   1.7883003e-02
   1.1276866e-02
   3.5961572e-02
   1.7806400e-02
   1.9831914e-02
   1.1286695e-02
   4.0338643e-02
   3.9067365e-02
   5.1050350e-02
   2.8547233e-02
   3.2712262e-02
   1.9142317e-02
   4.0033627e-02
   7.0163002e-03
   5.7981592e-02
   1.6771749e-02
   3.6377989e-02
   7.7138655e-03
   5.0505333e-02
   3.3638090e-02
   4.4642430e-02
   1.1157635e-02
   8.8030033e-02
   8.9613765e-02
   1.2092768e-01
   6.7712404e-02
   5.1053803e-02
   1.2749591e-02
   2.2417707e-02
   6.4462186e-03
   5.7587031e-02
   1.1439568e-02
   2.0956837e-02
   6.9826231e-03
   3.1053782e-02
   1.8585214e-02
   3.3497561e-02
   9.6830809e-03
   4.1027591e-02
   4.4147030e-02
   6.0334682e-02
   4.0354695e-02
   6.0822651e-02
   8.8765696e-03
   1.5290389e-02
   6.7711752e-03
   3.6410131e-02
   1.0589941e-02
   1.4538898e-02
   6.2506213e-03
   2.5124270e-02
   1.0795975e-02
   4.0458191e-02
   7.2556450e-03
   1.6649596e-02
   2.0357933e-02
   3.2985620e-02
   3.3427056e-02
   3.9724078e-02
   1.4620226e-02
   2.8182682e-02
   1.1221679e-02
   3.4704506e-02
   2.3100795e-02
   2.6702845e-02
   1.0961849e-02
   3.2044899e-02
   2.2527151e-02
   2.8905896e-02
   1.1270513e-02
   1.3707334e-02
   2.0358084e-02
   4.3400709e-02
   2.4361746e-02
   3.5615977e-02
   2.8306650e-02
   5.3087201e-02
   2.1460282e-02
   3.7993465e-02
   4.5317221e-02
   5.0825369e-02
   1.8892091e-02
   4.3553859e-02
   4.0002443e-02
   2.0630484e-02
   1.7874727e-02
   1.4624529e-02
   2.8076978e-02
   4.7475632e-02
   1.8339686e-02
   2.6560254e-02
   1.4164646e-02
   2.9565442e-02
   1.1526489e-02
   2.9531447e-02
   2.1559406e-02
   3.2522235e-02
   1.0108725e-02
   3.6730684e-02
   2.0218976e-02
   1.4255602e-02
   1.0238736e-02
   1.6758189e-02
   3.4463074e-02
   3.3982944e-02
   1.3311413e-02
   2.3497194e-02
   8.6900890e-03
   1.6462166e-02
   6.8549267e-03
   2.5173241e-02
   9.8320814e-03
   1.4741913e-02
   6.4309132e-03
   3.4036476e-02
   1.0658748e-02
   1.3425401e-02
   6.5556583e-03
   2.3987537e-02
   2.7618697e-02
   2.4458276e-02
   1.3732728e-02
   2.5553806e-02
   1.3374873e-02
   2.6662966e-02
   5.8642584e-03
   3.4428343e-02
   1.2258461e-02
   2.2529293e-02
   7.9272781e-03
   4.9467228e-02
   2.1306260e-02
   2.6725508e-02
   7.3842742e-03
   5.2417353e-02
   5.2790742e-02
   5.9541892e-02
   3.4062419e-02
   5.6721669e-02
   2.9654305e-02
   3.8920671e-02
   7.8682005e-03
   9.3372151e-02
   2.0860052e-02
   5.3864688e-02
   6.4356653e-03
   8.4854797e-02
   4.8745397e-02
   7.5569220e-02
   1.3568656e-02
   1.4924367e-01
   1.2536660e-01
   1.0072475e-01
   7.4556328e-02
   8.6584441e-02
   1.8672913e-02
   2.6603257e-02
   6.6256914e-03
   8.9807376e-02
   1.5733615e-02
   3.1216037e-02
   5.7533728e-03
   5.1706105e-02
   2.4930328e-02
   5.2904680e-02
   1.0923041e-02
   6.7296185e-02
   6.6348515e-02
   6.2808424e-02
   5.0106831e-02
   8.4343493e-02
   1.2540955e-02
   1.9592218e-02
   5.8528134e-03
   5.5660345e-02
   1.5304130e-02
   1.9990044e-02
   5.2669509e-03
   4.2565249e-02
   1.3209850e-02
   5.9235699e-02
   6.1540902e-03
   2.0151606e-02
   3.2453261e-02
   5.0834391e-02
   4.8280437e-02
   5.7070211e-02
   2.1802735e-02
   3.2172456e-02
   1.2345882e-02
   5.2945971e-02
   3.2107577e-02
   3.1744651e-02
   1.3563558e-02
   5.1973008e-02
   2.8569672e-02
   4.2763568e-02
   1.1124698e-02
   1.7909307e-02
   2.8368153e-02
   6.9185510e-02
   3.5352293e-02
   5.8078170e-02
   4.3125369e-02
   6.2083308e-02
   2.5757127e-02
   5.7284061e-02
   6.0194410e-02
   6.3301362e-02
   2.8499082e-02
   6.8490207e-02
   5.3278472e-02
   2.7133675e-02
   1.9415781e-02
   1.8425817e-02
   4.2499386e-02
   6.6494159e-02
   2.5268575e-02
   4.5199208e-02
   2.0628102e-02
   3.3338796e-02
   1.3732209e-02
   5.0752562e-02
   2.7622452e-02
   4.2360324e-02
   1.2306234e-02
   5.5772901e-02
   2.7656438e-02
   1.7981425e-02
   1.0378356e-02
   2.0202475e-02
   5.9421781e-02
   5.0437827e-02
   1.9934375e-02
   4.3506566e-02
   1.1763801e-02
   1.8376829e-02
   6.9896556e-03
   4.3654572e-02
   1.2382067e-02
   1.8096033e-02
   5.0586751e-03
   5.2682348e-02
   1.5589283e-02
   1.7431609e-02
   5.6314669e-03
   2.5449669e-02
   4.7914114e-02
   4.1040443e-02
   2.0649359e-02
   4.7089577e-02
   2.0037755e-02
   2.4168236e-02
   6.3965549e-03
   5.5535596e-02
   1.6188044e-02
   3.0809609e-02
   6.5218806e-03
   7.6551288e-02
   3.0265287e-02
   4.3384992e-02
   7.7011632e-03
   7.4265935e-02
   7.6259419e-02
   5.6432929e-02
   4.1051209e-02
   8.9806251e-02
   4.1008558e-02
   5.4193161e-02
   1.2572895e-02
   1.1931628e-01
   3.1939190e-02
   8.1418432e-02
   9.2162788e-03
   1.1678559e-01
   5.4903056e-02
   1.0301108e-01
   1.5682267e-02
   1.9786456e-01
   1.3275017e-01
   1.0126519e-01
   6.9932237e-02
   1.3240013e-01
   3.0088736e-02
   3.7838377e-02
   8.7273978e-03
   8.9351632e-02
   2.5445791e-02
   4.9918778e-02
   7.3550208e-03
   8.0078103e-02
   3.4620903e-02
   6.8358310e-02
   1.3370773e-02
   7.8772217e-02
   7.5366303e-02
   7.9504088e-02
   5.7461381e-02
   1.0620027e-01
   1.9282361e-02
   2.4302857e-02
   6.9875270e-03
   6.0971554e-02
   2.3453191e-02
   2.6819387e-02
   5.7572755e-03
   5.1677499e-02
   2.1649566e-02
   7.5341612e-02
   8.5561136e-03
   2.6756627e-02
   3.9244130e-02
   6.4128593e-02
   5.2517880e-02
   6.6506498e-02
   3.4288429e-02
   4.1565165e-02
   1.8384077e-02
   6.1543446e-02
   5.1571496e-02
   3.5965934e-02
   1.6533542e-02
   6.2516861e-02
   4.4599276e-02
   5.8020040e-02
   1.6119940e-02
   2.4837628e-02
   3.5902534e-02
   6.9741137e-02
   4.3782812e-02
   7.8329496e-02
   7.4676692e-02
   6.9938295e-02
   3.4434035e-02
   6.2205862e-02
   9.9996351e-02
   8.2846768e-02
   3.3019077e-02
   6.3420840e-02
   8.5757323e-02
   4.5180250e-02
   2.5814157e-02
   2.7475379e-02
   6.0131188e-02
   7.1237333e-02
   3.6933396e-02
   5.9790358e-02
   3.4475379e-02
   3.6170267e-02
   1.8293010e-02
   6.3420296e-02
   4.3004766e-02
   5.5237573e-02
   1.3264285e-02
   5.8642399e-02
   4.6503060e-02
   2.3879658e-02
   1.2208052e-02
   2.7245278e-02
   7.4065059e-02
   4.9913261e-02
   2.2689953e-02
   6.2360190e-02
   1.7930867e-02
   2.1799035e-02
   1.0495584e-02
   5.2435372e-02
   1.6318856e-02
   2.8213596e-02
   7.4290945e-03
   5.3515073e-02
   2.6082652e-02
   2.3003347e-02
   6.8332544e-03
   3.9280955e-02
   6.6893846e-02
   5.0361518e-02
   2.6851160e-02
   5.4296494e-02
   2.5231313e-02
   3.0210406e-02
   9.0502799e-03
   7.5775594e-02
   2.3031717e-02
   4.8590966e-02
   8.0347750e-03
   8.9034006e-02
   3.7096184e-02
   6.1145902e-02
   9.2901802e-03
   1.0713460e-01
   9.2973590e-02
   8.0694862e-02
   5.4631505e-02
