   5.7814986e-02
   8.4152423e-02
   7.7514388e-02
   3.1963088e-02
   3.7874348e-02
   5.0780747e-02
   4.7250308e-02
   2.8085295e-02
   3.3042274e-02
   4.5580782e-02
   4.7919102e-02
   2.2711355e-02
   5.1426709e-02
   6.3577317e-02
   5.5641588e-02
   2.3361605e-02
   3.7834112e-02
   3.9803531e-02
   3.9318111e-02
   2.0045040e-02
   2.9380929e-02
   2.4996767e-02
   2.6855126e-02
   1.9091146e-02
   2.3253864e-02
   2.2434104e-02
   2.7691770e-02
   1.6097922e-02
   3.4350816e-02
   3.1807914e-02
   3.3583254e-02
   1.6872205e-02
   2.8105844e-02
   1.5509787e-02
   2.1237219e-02
   1.3404608e-02
   2.4597609e-02
   1.0827065e-02
   1.5817918e-02
   1.5051815e-02
   1.8159235e-02
   9.0662949e-03
   1.7268926e-02
   1.1940080e-02
   2.3273760e-02
   1.1537408e-02
   2.0973785e-02
   1.3251675e-02
   5.8094896e-02
   2.9670168e-02
   3.8212992e-02
   1.5960461e-02
   4.3578710e-02
   1.7849585e-02
   2.7828181e-02
   1.5827235e-02
   5.0063774e-02
   2.5649728e-02
   4.4588782e-02
   1.4176960e-02
   5.0004970e-02
   2.3724303e-02
   3.7835941e-02
   1.5373781e-02
   1.2397642e-01
   5.9869424e-02
   7.6162040e-02
   2.3572423e-02
   8.8985026e-02
   3.1111978e-02
   4.8610631e-02
   1.9589277e-02
   1.2567164e-01
   6.0971484e-02
   9.8578759e-02
   2.0028444e-02
   1.1699178e-01
   4.8593018e-02
   6.5993682e-02
   1.8514834e-02
   6.1554909e-02
   3.0844662e-02
   4.1704789e-02
   1.6736122e-02
   4.8446421e-02
   1.8132521e-02
   2.9214201e-02
   1.6881371e-02
   5.8718096e-02
   2.8906791e-02
   4.5773748e-02
   1.4459769e-02
   5.9507389e-02
   2.6164966e-02
   3.5645712e-02
   1.3072293e-02
   2.6902149e-02
   1.5091238e-02
   2.1695588e-02
   1.4550441e-02
   2.4525499e-02
   1.0926059e-02
   1.6178224e-02
   1.6017314e-02
   1.9240063e-02
   9.2037981e-03
   1.6725177e-02
   1.2809839e-02
   2.4838965e-02
   1.2458435e-02
   1.8439876e-02
   1.2056646e-02
   3.6441289e-02
   3.7229441e-02
   3.9016735e-02
   2.0272236e-02
   2.8189849e-02
   2.3172971e-02
   2.4950746e-02
   1.9696930e-02
   2.3959208e-02
   2.0903807e-02
   2.6015619e-02
   1.5392227e-02
   3.3765808e-02
   2.8509712e-02
   2.9133715e-02
   1.4706122e-02
   7.0734754e-02
   1.2396472e-01
   9.3507193e-02
   4.2633820e-02
   3.8066871e-02
   6.6848867e-02
   5.9072744e-02
   3.1977434e-02
   4.2309210e-02
   8.0655903e-02
   7.5005554e-02
   2.9775079e-02
   5.5401165e-02
   7.8188643e-02
   6.8342268e-02
   3.3251815e-02
   4.1959994e-02
   5.7233524e-02
   4.3999869e-02
   2.1595091e-02
   2.6390642e-02
   3.1278953e-02
   3.0611390e-02
   1.6722778e-02
   2.4682289e-02
   3.9257057e-02
   3.9929755e-02
   1.6892357e-02
   3.4709886e-02
   4.0727194e-02
   4.1898537e-02
   1.9631812e-02
   3.1047134e-02
   1.9234398e-02
   2.2488406e-02
   1.1167277e-02
   2.2156786e-02
   1.2017235e-02
   1.8418087e-02
   9.7925449e-03
   1.5519896e-02
   1.2096541e-02
   2.1582179e-02
   8.5805971e-03
   2.2914708e-02
   1.5870851e-02
   2.7657144e-02
   1.0857003e-02
   8.3807908e-02
   4.3400709e-02
   5.5779293e-02
   1.7112825e-02
   6.0032692e-02
   2.5888074e-02
   4.2248856e-02
   1.3837596e-02
   7.7011466e-02
   3.8576558e-02
   6.5535925e-02
   1.3193622e-02
   7.4590243e-02
   3.5892759e-02
   5.5937018e-02
   1.5143304e-02
   1.9058579e-01
   9.8989300e-02
   1.2734270e-01
   3.1778593e-02
   1.3693783e-01
   4.6447266e-02
   7.6340318e-02
   2.1366304e-02
   2.1414131e-01
   9.7772129e-02
   1.5581293e-01
   2.5400981e-02
   1.9645871e-01
   7.5134344e-02
   1.0461159e-01
   2.2218026e-02
   8.8326342e-02
   4.6437725e-02
   6.1727274e-02
   1.7969143e-02
   7.0121072e-02
   2.5374159e-02
   4.3442823e-02
   1.4035520e-02
   9.5934555e-02
   4.5738831e-02
   6.8196580e-02
   1.3883960e-02
   9.3805201e-02
   4.0442117e-02
   5.3773943e-02
   1.2638515e-02
   2.8249016e-02
   1.7779412e-02
   2.2547489e-02
   1.2154168e-02
   2.3791177e-02
   1.2776155e-02
   1.9618858e-02
   1.0109132e-02
   1.7395612e-02
   1.2019447e-02
   1.9157719e-02
   8.8225920e-03
   2.5891082e-02
   1.7683424e-02
   2.1378137e-02
   9.9883378e-03
   4.1517232e-02
   5.0689779e-02
   4.3034848e-02
   2.1594893e-02
   2.5457842e-02
   2.8932450e-02
   2.9276397e-02
   1.7153820e-02
   2.3587659e-02
   3.1759162e-02
   3.4723118e-02
   1.4757159e-02
   3.2600168e-02
   3.6044206e-02
   3.4781236e-02
   1.5929064e-02
   1.0233535e-01
   1.6946138e-01
   1.3555376e-01
   7.4900113e-02
   5.7157904e-02
   1.1247628e-01
   9.9233620e-02
   5.3765837e-02
   5.5553380e-02
   1.1722671e-01
   1.0649666e-01
   4.3751489e-02
   8.8027850e-02
   1.3260594e-01
   1.2490674e-01
   6.1089113e-02
   6.3950472e-02
   7.6305978e-02
   6.0439505e-02
   3.4847360e-02
   3.5655536e-02
   4.8689581e-02
   4.3608602e-02
   2.4184406e-02
   3.1390838e-02
   5.3595640e-02
   5.3640958e-02
   2.2932582e-02
   5.3628236e-02
   6.8641573e-02
   6.9089450e-02
   3.4033056e-02
   4.9080390e-02
   2.5400000e-02
   2.5247661e-02
   1.5379335e-02
   3.2553937e-02
   1.6501728e-02
   2.2932606e-02
   9.4447276e-03
   1.8820627e-02
   1.6562769e-02
   2.5427198e-02
   8.1385858e-03
   3.6041006e-02
   2.5796464e-02
   3.7229851e-02
   1.4882709e-02
   1.1576246e-01
   5.5987906e-02
   7.3290706e-02
   2.3242859e-02
   7.9388693e-02
   3.8953837e-02
   5.8837011e-02
   1.7484184e-02
   1.0264022e-01
   5.8159541e-02
   8.7986141e-02
   1.5428104e-02
   1.0020958e-01
   5.9398904e-02
   7.7453330e-02
   2.0683499e-02
   2.4485652e-01
   1.3902347e-01
   1.7983796e-01
   4.1984703e-02
   1.7399055e-01
   6.6191964e-02
   1.0068920e-01
   3.3799451e-02
   2.9035515e-01
   1.5293744e-01
   2.2004575e-01
   3.5198942e-02
   2.5972584e-01
   1.3166113e-01
   1.5724397e-01
   3.0290464e-02
   1.1450808e-01
   6.2688589e-02
   7.8633636e-02
   2.3746153e-02
   9.4846100e-02
   3.9182059e-02
   6.0973678e-02
   1.7941052e-02
   1.3104869e-01
   6.9163471e-02
   9.2846207e-02
   1.6982693e-02
   1.2448250e-01
   6.4359359e-02
   7.9118803e-02
   1.7647130e-02
   4.5079622e-02
   2.4211662e-02
   2.6125846e-02
   1.5143738e-02
   3.1204440e-02
   1.8285643e-02
   2.9055780e-02
   8.8805528e-03
   2.1815954e-02
   1.5876481e-02
   1.9757526e-02
   7.6624458e-03
   3.6132302e-02
   2.9786119e-02
   3.0208679e-02
   1.2224606e-02
   6.0305327e-02
   6.6912629e-02
   5.8077730e-02
   3.4298453e-02
   3.4145735e-02
   4.4773050e-02
   4.1996907e-02
   2.4116319e-02
   3.0970173e-02
   4.4026829e-02
   4.2316198e-02
   1.8775683e-02
   5.0498817e-02
   5.6791209e-02
   5.1846728e-02
   2.5950449e-02
   1.2217707e-01
   2.1903941e-01
   1.9904478e-01
   1.2854822e-01
   9.0346403e-02
   1.3743785e-01
   1.1894330e-01
   6.7838371e-02
   6.3974604e-02
   1.2884690e-01
   1.0946380e-01
   5.5048313e-02
   1.2498332e-01
   2.0410286e-01
   2.1160659e-01
   1.1025125e-01
   8.1456363e-02
   9.1892347e-02
   8.2769364e-02
   6.1532103e-02
   5.4329667e-02
   6.3988216e-02
   5.1952649e-02
   3.2817118e-02
   3.9297950e-02
   6.3431077e-02
   5.0102051e-02
   3.0829119e-02
   7.5222738e-02
   1.0178445e-01
   1.0490458e-01
   5.9714787e-02
   5.4769095e-02
   2.3228968e-02
   2.6964214e-02
   1.8774960e-02
   4.2727370e-02
   2.4234496e-02
   2.9148327e-02
   1.4818942e-02
   2.5350075e-02
   2.4919547e-02
   2.7338823e-02
   1.1123776e-02
   4.9535088e-02
   3.5043195e-02
   5.5682514e-02
   2.0454742e-02
   8.6019471e-02
   5.8741480e-02
   7.3556229e-02
   3.3359401e-02
   8.0337808e-02
   4.6496075e-02
   6.9106430e-02
   3.1059500e-02
   8.6309984e-02
   6.3614771e-02
   9.2214718e-02
   3.0213550e-02
   8.3716802e-02
   7.3642544e-02
   8.1879742e-02
   3.1684577e-02
   1.6313323e-01
   1.5860870e-01
   1.7133518e-01
   7.6309979e-02
   1.1299324e-01
   7.2337046e-02
   9.2554726e-02
   5.2467313e-02
   2.1580322e-01
   1.6071856e-01
   2.1447001e-01
   6.7236535e-02
   1.7465350e-01
   1.7437215e-01
   1.6948108e-01
   5.3762555e-02
   8.8557057e-02
   6.9876522e-02
   7.1346574e-02
   3.7779231e-02
   7.8400061e-02
   4.8879698e-02
   6.5643519e-02
   3.1960271e-02
   1.0158312e-01
   7.8027397e-02
   9.1434196e-02
   3.0784201e-02
   9.2694826e-02
   8.1698798e-02
   7.4171565e-02
   2.6817055e-02
   5.8460504e-02
   2.0250564e-02
   2.4712572e-02
   1.5174157e-02
   4.1872654e-02
   2.4343411e-02
   3.3156801e-02
   1.4017042e-02
   2.3163917e-02
   2.2015583e-02
   2.2928147e-02
   9.8795174e-03
   5.0589580e-02
   4.7086921e-02
   3.5793163e-02
   1.9558795e-02
   7.9890579e-02
   8.2578532e-02
   7.9727508e-02
   5.5665087e-02
   4.3924168e-02
   5.3572666e-02
   4.9860992e-02
   3.2762092e-02
   3.5183724e-02
   4.8754986e-02
   4.4005882e-02
   2.3856774e-02
   8.3177336e-02
   7.8360923e-02
   8.5002847e-02
   4.6873819e-02
