   3.4974921e-02
   2.6570508e-02
   4.7749721e-02
   2.2357535e-02
   4.1318234e-02
   5.5082511e-02
   6.2970847e-02
   2.5021126e-02
   3.2491252e-02
   2.9839033e-02
   3.1043835e-02
   1.9143529e-02
   3.2121722e-02
   3.5833757e-02
   4.1396599e-02
   1.7706705e-02
   3.3718113e-02
   2.8750859e-02
   4.0867172e-02
   2.2114893e-02
   3.4431443e-02
   5.1778324e-02
   5.1760275e-02
   2.3894388e-02
   3.1671125e-02
   2.6303206e-02
   3.0327650e-02
   2.0491963e-02
   3.4273881e-02
   3.3575289e-02
   3.6931928e-02
   1.7586060e-02
   5.0752673e-02
   2.8778153e-02
   3.9773788e-02
   2.3293067e-02
   6.2279306e-02
   4.8551138e-02
   4.1667730e-02
   2.5420818e-02
   7.1572803e-02
   2.9593579e-02
   3.3837009e-02
   2.1189241e-02
   7.9215325e-02
   5.0101265e-02
   3.7163619e-02
   1.8874120e-02
   1.5617436e-01
   3.4353033e-02
   5.0180584e-02
   2.4941212e-02
   1.7996159e-01
   6.3405707e-02
   5.3235549e-02
   2.8002977e-02
   1.5156123e-01
   7.4575223e-02
   4.1920204e-02
   2.2750994e-02
   1.0908706e-01
   1.1093850e-01
   4.2068586e-02
   2.0093147e-02
   1.1572670e-01
   3.1415321e-02
   5.4712817e-02
   3.1275734e-02
   1.1274593e-01
   6.2378369e-02
   7.7714793e-02
   3.6608469e-02
   7.3473014e-02
   6.3233770e-02
   6.5246433e-02
   2.7275791e-02
   4.9963843e-02
   8.5399598e-02
   6.0509853e-02
   2.3462156e-02
   3.9269209e-02
   2.5915997e-02
   4.5597300e-02
   3.0059500e-02
   3.4389466e-02
   4.9794268e-02
   5.6116581e-02
   3.4482535e-02
   3.0953897e-02
   2.8328076e-02
   5.2464467e-02
   2.8773803e-02
   3.4497738e-02
   4.6710249e-02
   5.4522011e-02
   2.6613366e-02
   4.4427384e-02
   2.6218019e-02
   4.2612258e-02
   2.4278106e-02
   3.7804812e-02
   4.9157418e-02
   4.4927862e-02
   2.7258746e-02
   2.9567800e-02
   2.7681464e-02
   3.1106818e-02
   2.0943103e-02
   3.3516135e-02
   4.2315666e-02
   3.6136903e-02
   2.2794407e-02
   4.0508810e-02
   2.3959650e-02
   4.7057223e-02
   2.3662610e-02
   4.3249790e-02
   4.9542177e-02
   5.0983313e-02
   2.4720151e-02
   3.1700484e-02
   2.9650288e-02
   2.9151782e-02
   1.8965520e-02
   3.2421160e-02
   3.4210332e-02
   3.6689874e-02
   1.8933913e-02
   2.4478711e-02
   2.7158787e-02
   5.1720660e-02
   1.5820777e-02
   2.9870352e-02
   4.7134947e-02
   5.4990958e-02
   1.7234704e-02
   2.8800081e-02
   2.5344845e-02
   2.4709634e-02
   1.3385143e-02
   3.6250070e-02
   3.9254881e-02
   3.9952550e-02
   1.1018962e-02
   2.6675167e-02
   2.8613497e-02
   4.0036175e-02
   1.5040215e-02
   3.2243624e-02
   4.6767343e-02
   4.3865267e-02
   1.6739024e-02
   3.3223983e-02
   2.2737348e-02
   2.5619002e-02
   1.4247132e-02
   4.5484718e-02
   3.8610995e-02
   3.5275653e-02
   1.1172671e-02
   6.5988019e-02
   3.2102566e-02
   4.2288836e-02
   1.5480232e-02
   9.5784880e-02
   4.5316033e-02
   4.1400984e-02
   1.6990850e-02
   1.2171961e-01
   2.7193947e-02
   2.8193792e-02
   1.4338302e-02
   1.3420711e-01
   5.6324538e-02
   3.2737993e-02
   1.2010748e-02
   2.0941326e-01
   3.7643261e-02
   6.5232158e-02
   2.1278309e-02
   2.6875278e-01
   5.4677378e-02
   5.5323087e-02
   2.0817855e-02
   2.6526642e-01
   7.3221982e-02
   3.5465013e-02
   1.5642112e-02
   1.9600306e-01
   1.1703639e-01
   3.7639670e-02
   1.2429734e-02
   1.4768949e-01
   3.8189489e-02
   6.6357166e-02
   3.1652778e-02
   1.5629826e-01
   5.4808743e-02
   9.5910139e-02
   3.1735864e-02
   1.2077695e-01
   6.0694631e-02
   7.1687378e-02
   1.9675044e-02
   8.3669618e-02
   8.5880518e-02
   6.5747961e-02
   1.5934777e-02
   4.1037463e-02
   2.9348535e-02
   4.1952472e-02
   2.6983472e-02
   3.9503630e-02
   4.4155661e-02
   5.9044659e-02
   2.6201311e-02
   3.4178518e-02
   2.6035162e-02
   6.5532178e-02
   2.0957768e-02
   4.3009996e-02
   5.6858152e-02
   5.9687659e-02
   2.1654516e-02
   2.5163909e-02
   2.5909267e-02
   3.6556419e-02
   1.9743944e-02
   2.6093693e-02
   4.2270217e-02
   4.0363684e-02
   1.9369744e-02
   2.7391342e-02
   2.3856364e-02
   3.2717083e-02
   1.4978314e-02
   3.7324172e-02
   5.5603731e-02
   3.6274776e-02
   1.8755138e-02
   2.3218015e-02
   2.5283156e-02
   5.0786909e-02
   1.6564030e-02
   2.6053015e-02
   4.1657012e-02
   4.6931215e-02
   1.8078880e-02
   2.6416980e-02
   2.2206564e-02
   2.4941286e-02
   1.2331177e-02
   3.6428329e-02
   3.9610047e-02
   3.5745773e-02
   1.2848978e-02
   2.7390646e-02
   3.1037865e-02
   5.7427570e-02
   1.3764393e-02
   3.8894419e-02
   4.6729356e-02
   5.3749714e-02
   1.3560864e-02
   4.0293798e-02
   2.3635698e-02
   2.1763997e-02
   1.2243902e-02
   5.8752149e-02
   5.2705206e-02
   4.6672747e-02
   8.2765780e-03
   3.2132078e-02
   3.1016624e-02
   5.5480227e-02
   1.2993567e-02
   4.8454773e-02
   4.1254982e-02
   4.3771949e-02
   1.2886635e-02
   5.2973013e-02
   2.4554351e-02
   2.2090223e-02
   1.1027799e-02
   7.8537889e-02
   4.7206126e-02
   3.2916322e-02
   8.5842963e-03
   8.0499254e-02
   3.1582333e-02
   5.7210427e-02
   1.2996021e-02
   1.1273286e-01
   4.2006779e-02
   4.0777814e-02
   1.3904574e-02
   1.6504283e-01
   2.2151114e-02
   2.4176065e-02
   1.0898035e-02
   2.0693858e-01
   4.1567400e-02
   2.7142053e-02
   1.0449335e-02
   2.2869848e-01
   3.8823400e-02
   9.8356798e-02
   2.5026251e-02
   2.5948039e-01
   5.6457322e-02
   6.3047625e-02
   1.9163534e-02
   3.0333129e-01
   5.4684352e-02
   3.5512608e-02
   1.3259309e-02
   2.7720493e-01
   7.1092777e-02
   4.2175174e-02
   1.1887661e-02
   1.5512726e-01
   4.4369880e-02
   9.5778026e-02
   4.4058114e-02
   1.3396199e-01
   5.4833464e-02
   1.0661349e-01
   2.8067237e-02
   1.1687430e-01
   5.1855046e-02
   9.9108748e-02
   1.6493196e-02
   1.1232010e-01
   6.9892228e-02
   7.9958715e-02
   1.7713903e-02
   5.8308467e-02
   2.8093424e-02
   5.5613007e-02
   2.9552618e-02
   5.0950862e-02
   3.8613848e-02
   6.1854094e-02
   2.0085923e-02
   5.4179370e-02
   2.3079392e-02
   1.0742167e-01
   1.6005851e-02
   6.9633268e-02
   6.1307449e-02
   7.6111339e-02
   2.4367046e-02
   3.5565782e-02
   2.4435464e-02
   4.2426009e-02
   1.5400860e-02
   3.4740772e-02
   3.5571259e-02
   3.9568909e-02
   1.2620641e-02
   4.2831339e-02
   2.1134252e-02
   4.4305697e-02
   1.2024937e-02
   6.5128475e-02
   7.1745887e-02
   4.0046040e-02
   2.1771437e-02
   2.6154459e-02
   2.6170680e-02
   5.8702417e-02
   1.4412797e-02
   3.6791049e-02
   4.6385650e-02
   5.1906560e-02
   1.2280759e-02
   3.8674437e-02
   2.1897718e-02
   2.5528453e-02
   1.0396939e-02
   5.6748427e-02
   5.5168629e-02
   4.4126399e-02
   1.0035057e-02
   3.0466305e-02
   2.4927067e-02
   5.6473982e-02
   1.2869892e-02
   5.3451043e-02
   4.9658351e-02
   8.2973965e-02
   1.3372833e-02
   4.9017794e-02
   1.5953809e-02
   2.1705296e-02
   8.6354725e-03
   6.9412142e-02
   6.5998219e-02
   5.9266511e-02
   8.1848800e-03
   3.2549560e-02
   2.2681175e-02
   5.8638312e-02
   1.1099280e-02
   5.2261624e-02
   3.8843494e-02
   5.8597591e-02
   1.1072014e-02
   5.8229860e-02
   1.4476716e-02
   2.3819651e-02
   8.2312115e-03
   8.4474355e-02
   6.0248140e-02
   3.6520362e-02
   7.6136352e-03
   5.6227837e-02
   2.9497471e-02
   8.9025907e-02
   1.4293874e-02
   7.2049074e-02
   3.6960579e-02
   4.7349382e-02
   1.3917005e-02
   1.0568344e-01
   2.4733700e-02
   3.1674266e-02
   8.8135144e-03
   1.4924540e-01
   5.0957851e-02
   3.3329021e-02
   1.4175647e-02
   9.9766493e-02
   4.4355370e-02
   1.1198647e-01
   3.0925345e-02
   9.7805776e-02
   7.7560686e-02
   6.7289978e-02
   1.6184099e-02
   1.1919473e-01
   9.4921216e-02
   4.3731548e-02
   1.3040156e-02
   1.4294311e-01
   8.2532585e-02
   5.9372246e-02
   1.8173622e-02
   8.1693940e-02
   5.1106263e-02
   1.0698151e-01
   5.3448822e-02
   6.8431892e-02
   8.4011883e-02
   8.8328153e-02
   2.5927043e-02
   4.8056260e-02
   8.8537499e-02
   9.3138196e-02
   2.2900216e-02
   8.9938477e-02
   7.5938545e-02
   1.1842024e-01
   2.7390236e-02
   4.9663663e-02
   3.0913943e-02
   8.0283411e-02
   3.8577478e-02
   5.0196566e-02
   4.8520613e-02
   6.2279575e-02
   2.1091038e-02
   6.4191721e-02
   3.1502929e-02
   1.2559924e-01
   1.8386977e-02
   8.4275715e-02
   7.6907173e-02
   9.7493291e-02
   3.7020434e-02
   4.0860116e-02
   3.0567998e-02
   5.0035585e-02
   1.3763129e-02
   4.6078168e-02
   3.9564170e-02
   4.4636998e-02
   1.1454582e-02
   5.3553332e-02
   1.6959986e-02
   5.8030076e-02
   8.0009494e-03
   9.2255488e-02
   1.0429252e-01
   6.5978102e-02
   3.3276003e-02
   2.7435208e-02
   3.2842819e-02
   6.8098783e-02
   1.2215612e-02
   4.4999778e-02
   4.5011438e-02
   6.9633447e-02
   1.0216365e-02
   5.9703037e-02
   1.7855491e-02
   3.0264797e-02
   7.7650547e-03
   7.7536836e-02
   7.0887633e-02
   7.8800716e-02
   1.2130019e-02
