   6.4324565e-02
   6.4352334e-02
   7.3687501e-02
   3.2124434e-02
   1.0217366e-01
   1.0783003e-01
   1.0670270e-01
   2.7369658e-02
   4.9792711e-02
   4.4914622e-02
   3.6542792e-02
   1.2086592e-02
   3.8981952e-02
   4.6099428e-02
   6.2167242e-02
   1.4092682e-02
   2.7611580e-02
   2.7858181e-02
   3.2516506e-02
   2.1973724e-02
   4.1539259e-02
   4.3421865e-02
   4.2221908e-02
   2.0387048e-02
   4.7057658e-02
   2.6252601e-02
   2.2493651e-02
   1.1113854e-02
   3.9886549e-02
   4.0346202e-02
   4.7870178e-02
   1.3356445e-02
   9.6746758e-03
   7.7677164e-03
   1.0892836e-02
   1.6956387e-02
   9.8069906e-03
   9.5834825e-03
   7.1370872e-03
   1.6617002e-02
   4.4915240e-02
   1.9156726e-02
   1.8180864e-02
   1.2469482e-02
   3.9166521e-02
   3.9025225e-02
   3.5280000e-02
   1.3800560e-02
   8.9659989e-03
   7.2936784e-03
   1.0642179e-02
   1.6192349e-02
   9.5119495e-03
   8.8711074e-03
   6.0141915e-03
   1.8132908e-02
   4.0928945e-02
   2.7672898e-02
   2.5294691e-02
   2.0986766e-02
   3.4851871e-02
   3.8607229e-02
   4.5878503e-02
   2.2581032e-02
   9.4249230e-03
   7.1568773e-03
   1.2293285e-02
   2.3503995e-02
   9.4892411e-03
   8.9017171e-03
   6.2031057e-03
   2.4563801e-02
   1.1783262e-01
   4.7655109e-02
   3.3848796e-02
   1.9156713e-02
   1.1376899e-01
   4.5976408e-02
   5.5212136e-02
   1.9918567e-02
   8.9547932e-03
   7.2271079e-03
   1.1266668e-02
   2.5371023e-02
   9.2617106e-03
   8.6118318e-03
   6.1295754e-03
   2.5853219e-02
   1.9690387e-01
   4.3373484e-02
   2.4412779e-02
   1.3807335e-02
   1.6985510e-01
   3.8430464e-02
   3.9145216e-02
   1.3635464e-02
   9.5562907e-03
   7.5048725e-03
   1.0360113e-02
   1.7427471e-02
   1.0267339e-02
   9.3202135e-03
   7.0854267e-03
   1.9922642e-02
   7.6837175e-02
   2.3207808e-02
   1.5695333e-02
   1.1616984e-02
   5.3943824e-02
   3.7522011e-02
   3.2287352e-02
   1.2788537e-02
   2.6822073e-02
   2.6362937e-02
   3.2549430e-02
   2.1739813e-02
   4.0845040e-02
   4.2888314e-02
   4.2516734e-02
   2.2094712e-02
   4.5277376e-02
   2.7123343e-02
   2.1687534e-02
   1.1582662e-02
   3.5289843e-02
   4.1538287e-02
   4.2321380e-02
   1.3086235e-02
   9.6967660e-02
   9.8111562e-02
   1.0384136e-01
   4.1665092e-02
   1.4993496e-01
   1.5037435e-01
   1.4522022e-01
   3.0398306e-02
   4.6539478e-02
   5.5556864e-02
   5.1243342e-02
   1.0648757e-02
   2.1232143e-02
   5.4835066e-02
   6.7682087e-02
   7.5819842e-03
   3.8926035e-02
   4.2117275e-02
   4.2935312e-02
   2.6965061e-02
   5.8562532e-02
   5.8811881e-02
   5.7435442e-02
   2.2899745e-02
   3.5791434e-02
   3.1705778e-02
   2.9423535e-02
   8.4330915e-03
   2.2696842e-02
   4.3627407e-02
   5.0544668e-02
   7.8746844e-03
   7.3547214e-03
   8.2686413e-03
   1.0176227e-02
   1.7037855e-02
   7.2647589e-03
   9.2045730e-03
   6.8190764e-03
   1.7815292e-02
   3.6494970e-02
   2.0468693e-02
   1.7582141e-02
   1.2200463e-02
   2.3822920e-02
   3.8014907e-02
   3.7641000e-02
   1.1916811e-02
   6.2873396e-03
   6.8269819e-03
   1.1777733e-02
   1.8281654e-02
   6.7876754e-03
   7.8301141e-03
   4.8594531e-03
   2.2039391e-02
   5.0819095e-02
   3.5782348e-02
   2.6082937e-02
   3.0691665e-02
   3.7357051e-02
   3.4101795e-02
   5.3452242e-02
   2.8442625e-02
   6.6141738e-03
   6.7597041e-03
   1.3366545e-02
   3.2089677e-02
   6.9967182e-03
   6.7388979e-03
   4.7744322e-03
   3.2771636e-02
   1.5627962e-01
   5.3245325e-02
   4.1349601e-02
   2.4535926e-02
   1.5878785e-01
   4.0946539e-02
   6.7193136e-02
   2.2653559e-02
   5.8891345e-03
   6.5848525e-03
   1.1430800e-02
   3.4007154e-02
   5.9922696e-03
   6.4894534e-03
   5.0092163e-03
   3.3735726e-02
   2.7266109e-01
   4.4191249e-02
   2.9016634e-02
   1.0448145e-02
   2.4232087e-01
   3.8147599e-02
   4.0858340e-02
   9.7501604e-03
   7.2504249e-03
   7.6155448e-03
   1.0283040e-02
   2.3225050e-02
   7.2430023e-03
   8.1707351e-03
   6.3553667e-03
   2.8423054e-02
   1.1496083e-01
   2.6635226e-02
   1.5799601e-02
   7.5358558e-03
   7.6136440e-02
   3.5083890e-02
   2.9231440e-02
   7.8270687e-03
   3.6700066e-02
   3.8732171e-02
   4.4794302e-02
   2.8038641e-02
   5.6517772e-02
   5.7880174e-02
   5.7318147e-02
   2.7518021e-02
   4.8629597e-02
   3.3987273e-02
   2.6043402e-02
   8.6821727e-03
   2.5003033e-02
   4.1748237e-02
   4.0550835e-02
   7.0173549e-03
   1.5758584e-01
   1.4406459e-01
   1.4511846e-01
   5.8998946e-02
   2.7356926e-01
   2.6635665e-01
   2.5123081e-01
   4.3555241e-02
   7.9585038e-02
   6.5972835e-02
   6.1155770e-02
   1.0724957e-02
   2.7115310e-02
   6.8422467e-02
   8.0407508e-02
   6.2659588e-03
   6.2789701e-02
   6.1010133e-02
   5.8407981e-02
   4.2013526e-02
   1.0630164e-01
   1.0307897e-01
   1.0020642e-01
   3.6669683e-02
   5.7996437e-02
   3.8180426e-02
   3.8717475e-02
   8.2531488e-03
   2.8134556e-02
   4.7695480e-02
   5.4653041e-02
   5.3846706e-03
   6.9404785e-03
   1.1011068e-02
   1.3502011e-02
   2.6217984e-02
   8.5745640e-03
   1.0674794e-02
   9.8626204e-03
   2.6226206e-02
   5.0324656e-02
   2.7912427e-02
   2.3654478e-02
   1.7927343e-02
   3.1721454e-02
   3.2958187e-02
   4.0155098e-02
   1.5255089e-02
   5.4865847e-03
   9.0548610e-03
   1.5100195e-02
   3.2978505e-02
   7.4388632e-03
   6.8767532e-03
   6.8020765e-03
   3.3498395e-02
   7.3385023e-02
   4.5114987e-02
   2.8443169e-02
   5.2249614e-02
   4.4800468e-02
   3.6793359e-02
   6.5155566e-02
   4.9938235e-02
   7.0786653e-03
   9.0386216e-03
   1.4856615e-02
   5.5710576e-02
   8.3870050e-03
   6.0716616e-03
   6.5868171e-03
   5.1283740e-02
   1.1946569e-01
   5.8337096e-02
   4.6994869e-02
   3.8389374e-02
   1.2711664e-01
   3.8549334e-02
   7.5443372e-02
   3.6610201e-02
   5.7668616e-03
   8.4783137e-03
   1.2557504e-02
   6.2718660e-02
   7.2498391e-03
   5.9010801e-03
   6.0144924e-03
   5.8505815e-02
   2.2185293e-01
   4.2529844e-02
   3.5141263e-02
   1.1626024e-02
   2.0093483e-01
   4.0674217e-02
   5.0378889e-02
   8.4663806e-03
   7.0154420e-03
   1.0581263e-02
   1.3431313e-02
   4.9696080e-02
   8.8177957e-03
   1.0873165e-02
   9.6803242e-03
   4.9003702e-02
   1.2082323e-01
   3.2867789e-02
   2.3892354e-02
   7.9420395e-03
   8.1481300e-02
   3.3471402e-02
   3.3501960e-02
   5.3674337e-03
   5.8336377e-02
   5.6099676e-02
   6.2829122e-02
   4.3313637e-02
   1.0200328e-01
   1.0098028e-01
   1.0094102e-01
   4.1769899e-02
   7.1879365e-02
   4.2449888e-02
   3.4674134e-02
   1.0152507e-02
   3.3028338e-02
   4.3493990e-02
   4.9873065e-02
   5.1778778e-03
   2.5623614e-01
   2.5833049e-01
   2.4794723e-01
   8.8314727e-02
   3.6674750e-01
   3.8048890e-01
   3.6460775e-01
   6.3190624e-02
   1.0225491e-01
   8.6064175e-02
   7.7347845e-02
   1.0987705e-02
   3.6498018e-02
   6.9149353e-02
   9.2182733e-02
   8.5158609e-03
   1.0196373e-01
   1.0517304e-01
   1.0261109e-01
   7.4646875e-02
   1.4052768e-01
   1.4931722e-01
   1.5460464e-01
   5.2418742e-02
   6.9208436e-02
   5.7860948e-02
   5.2153099e-02
   1.1459433e-02
   2.7185706e-02
   4.3424357e-02
   6.5948531e-02
   7.6129064e-03
   8.5585145e-03
   1.6522309e-02
   2.1585163e-02
   5.5213749e-02
   1.2355504e-02
   1.3500517e-02
   1.8326851e-02
   4.1968860e-02
   5.4722857e-02
   3.6844444e-02
   3.7810426e-02
   3.1404108e-02
   4.4271212e-02
   4.3290745e-02
   5.4481581e-02
   2.5904913e-02
   5.9691602e-03
   1.1284713e-02
   1.6043879e-02
   4.9101517e-02
   1.0763010e-02
   1.0247221e-02
   1.1595912e-02
   2.9477993e-02
   8.1472725e-02
   5.8684330e-02
   4.7487345e-02
   8.7850876e-02
   5.4631483e-02
   4.5788441e-02
   6.8656214e-02
   8.8744074e-02
   1.0886199e-02
   1.2809124e-02
   1.7453864e-02
   1.0758328e-01
   1.3427152e-02
   7.8280512e-03
   1.4865232e-02
   8.4118329e-02
   6.8688557e-02
   8.5676454e-02
   5.5127677e-02
   6.6377521e-02
   8.7865256e-02
   4.3192826e-02
   8.4787771e-02
   6.6275880e-02
   7.5854482e-03
   1.1316360e-02
   1.6973089e-02
   1.1983053e-01
   8.2540270e-03
   8.0545237e-03
   1.4590927e-02
   9.6207201e-02
   8.2235068e-02
   6.5619484e-02
   4.8193391e-02
   1.3369357e-02
   1.0980829e-01
   5.3145435e-02
   6.9735199e-02
   1.3429016e-02
   8.7779881e-03
   1.6337324e-02
   2.4980277e-02
   7.6901175e-02
   1.0808839e-02
   1.6107457e-02
   1.7260741e-02
   4.6586134e-02
   8.9164369e-02
   5.2364707e-02
   4.4766951e-02
   1.0148656e-02
   6.1080184e-02
   4.2701282e-02
   4.3522373e-02
   7.2341943e-03
   9.6180916e-02
   1.0334094e-01
   1.0519281e-01
   6.9842391e-02
   1.3923401e-01
   1.4328626e-01
   1.5171446e-01
   5.5603802e-02
   7.7916548e-02
   6.0620282e-02
   6.4728022e-02
   1.2809538e-02
   3.7041657e-02
   4.4819206e-02
   6.9673471e-02
   6.7821438e-03
