   1.9877184e-02
   1.6163470e-02
   2.3562515e-02
   3.5896078e-02
   1.2131691e-02
   1.6938150e-02
   2.9389609e-02
   4.7109157e-02
   1.4902274e-02
   1.7464960e-02
   2.6066821e-02
   4.1108239e-02
   2.2756170e-02
   1.1281672e-02
   1.5000112e-02
   4.0792853e-02
   2.0758074e-02
   1.1858759e-02
   1.7726235e-02
   3.4618538e-02
   1.1941742e-02
   1.2290220e-02
   2.0214466e-02
   4.5737721e-02
   1.3632353e-02
   1.0761828e-02
   1.8962149e-02
   4.3160297e-02
   2.1731334e-02
   1.0502409e-02
   1.4220733e-02
   4.0138494e-02
   2.1706879e-02
   1.0626700e-02
   1.5617928e-02
   3.5973419e-02
   1.1804453e-02
   1.0529383e-02
   1.6491745e-02
   5.0441422e-02
   1.3283102e-02
   7.4356319e-03
   1.6776359e-02
   5.0777614e-02
   2.1823412e-02
   1.0308701e-02
   1.4828505e-02
   4.2246029e-02
   2.1062246e-02
   1.3126895e-02
   1.7496401e-02
   4.2881474e-02
   1.5662789e-02
   1.2553072e-02
   1.7972307e-02
   6.6476941e-02
   1.5227505e-02
   7.4159130e-03
   1.8656319e-02
   6.1759535e-02
   2.4059903e-02
   1.1030567e-02
   1.8959539e-02
   4.5761347e-02
   2.2055116e-02
   9.8091522e-03
   2.1766208e-02
   5.0858211e-02
   2.1906232e-02
   1.4702953e-02
   2.0885782e-02
   8.1992790e-02
   1.7934507e-02
   8.1311213e-03
   1.8520769e-02
   6.8042465e-02
   2.6106175e-02
   1.1718065e-02
   1.9379420e-02
   4.8535760e-02
   2.0357214e-02
   7.5444528e-03
   2.1144282e-02
   4.8844304e-02
   1.5162435e-02
   1.1110634e-02
   1.9069644e-02
   7.2521843e-02
   1.5222589e-02
   1.0558806e-02
   1.5622035e-02
   5.6904800e-02
   2.4268758e-02
   1.1124620e-02
   1.6110081e-02
   4.4496611e-02
   1.8776063e-02
   7.1373810e-03
   1.6782649e-02
   4.3633305e-02
   1.1450138e-02
   9.2251943e-03
   1.7699685e-02
   5.6050006e-02
   1.4714924e-02
   1.0537760e-02
   1.4194014e-02
   4.4289976e-02
   2.2582041e-02
   1.0221735e-02
   1.4556798e-02
   3.9898049e-02
   1.8876445e-02
   1.0018812e-02
   1.8720578e-02
   3.7254713e-02
   1.1484041e-02
   1.1602970e-02
   2.0602105e-02
   4.8352446e-02
   1.4896918e-02
   1.2388526e-02
   1.7449325e-02
   4.0314678e-02
   2.2329008e-02
   1.0361788e-02
   1.4245875e-02
   3.8969971e-02
   1.8044401e-02
   2.1171795e-02
   2.9550686e-02
   3.7754040e-02
   1.1697302e-02
   2.1800593e-02
   4.3089624e-02
   6.4051740e-02
   1.5000949e-02
   2.4091629e-02
   3.5086736e-02
   5.1443376e-02
   2.0645747e-02
   1.1249265e-02
   1.4260877e-02
   3.8092762e-02
   2.1464571e-02
   1.4119634e-02
   2.0233020e-02
   3.6744434e-02
   1.1938723e-02
   1.5007854e-02
   2.6503481e-02
   6.1160259e-02
   1.3424793e-02
   1.3638842e-02
   2.4026230e-02
   5.5901613e-02
   2.0029441e-02
   1.0302233e-02
   1.3649695e-02
   3.8649250e-02
   2.3227977e-02
   1.2614883e-02
   1.6091550e-02
   3.8378958e-02
   1.1602527e-02
   1.2261430e-02
   1.8857494e-02
   6.4901955e-02
   1.2803285e-02
   8.0652824e-03
   2.0267930e-02
   6.4769156e-02
   2.0119252e-02
   1.0063543e-02
   1.4450490e-02
   4.2010427e-02
   1.8823929e-02
   1.6682114e-02
   1.7612528e-02
   4.4601645e-02
   1.7019343e-02
   1.4612121e-02
   2.0023517e-02
   7.6885991e-02
   1.4963029e-02
   7.7737505e-03
   2.1853009e-02
   7.0642397e-02
   2.0904686e-02
   1.0495530e-02
   1.9410351e-02
   4.2031322e-02
   1.8748311e-02
   1.1281758e-02
   2.4365319e-02
   5.2271768e-02
   2.6677722e-02
   1.7562917e-02
   2.4101745e-02
   9.0653278e-02
   1.8518975e-02
   9.1359662e-03
   2.1224111e-02
   7.4305452e-02
   2.1707382e-02
   1.0998840e-02
   1.9170592e-02
   4.2581055e-02
   1.7944641e-02
   7.4429912e-03
   2.4406107e-02
   5.2437875e-02
   1.6273633e-02
   1.2205734e-02
   2.1904645e-02
   8.3797000e-02
   1.5140007e-02
   1.2890927e-02
   1.6772725e-02
   6.5477461e-02
   2.1315368e-02
   1.0713460e-02
   1.5490768e-02
   4.0389162e-02
   1.7158763e-02
   7.3370412e-03
   1.8178955e-02
   5.2281622e-02
   1.1056169e-02
   1.0063262e-02
   2.1294629e-02
   7.2645165e-02
   1.5830042e-02
   1.3192013e-02
   1.5469804e-02
   5.5572983e-02
   2.1613762e-02
   1.0107014e-02
   1.4359617e-02
   3.7699319e-02
   1.7301366e-02
   1.1876556e-02
   2.1538854e-02
   4.2475857e-02
   1.1203842e-02
   1.3699260e-02
   2.7233005e-02
   6.5299511e-02
   1.5993370e-02
   1.5852790e-02
   2.1198021e-02
   5.0805792e-02
   2.1346238e-02
   1.0315378e-02
   1.3778335e-02
   3.7210427e-02
   1.3057263e-02
   2.2267995e-02
   3.3056341e-02
   3.2568935e-02
   9.7829392e-03
   2.0604696e-02
   5.1429626e-02
   5.9778322e-02
   1.3002179e-02
   3.0338315e-02
   3.9754398e-02
   4.4949125e-02
   1.4709737e-02
   1.0084045e-02
   1.2598207e-02
   2.9877523e-02
   1.9602682e-02
   1.4799349e-02
   2.0505788e-02
   3.1790704e-02
   1.0290159e-02
   1.5011429e-02
   2.9379886e-02
   5.4293074e-02
   1.1336446e-02
   1.5963797e-02
   2.7121745e-02
   4.9755588e-02
   1.4460851e-02
   8.8741481e-03
   1.2000724e-02
   3.1965554e-02
   2.2844607e-02
   1.4248993e-02
   1.4759251e-02
   3.2948524e-02
   9.7701428e-03
   1.2701776e-02
   1.8115491e-02
   5.3210407e-02
   1.0449817e-02
   7.8046932e-03
   2.3143513e-02
   5.7164691e-02
   1.4931820e-02
   8.4343897e-03
   1.2915214e-02
   3.7393726e-02
   1.4228794e-02
   2.0404559e-02
   1.6734445e-02
   3.6533214e-02
   1.7093904e-02
   1.5439158e-02
   1.8978197e-02
   5.7745371e-02
   1.2791098e-02
   7.6739253e-03
   2.3833066e-02
   5.4622203e-02
   1.5315006e-02
   8.7304302e-03
   1.9153232e-02
   3.3647437e-02
   1.3044314e-02
   1.2872233e-02
   2.7755680e-02
   4.1261379e-02
   3.0306553e-02
   1.9626236e-02
   2.4368417e-02
   6.4511187e-02
   1.6933961e-02
   9.7733606e-03
   2.2961339e-02
   5.6930531e-02
   1.5555963e-02
   8.9651123e-03
   1.8379958e-02
   3.2640364e-02
   1.2979522e-02
   6.8314089e-03
   2.8208414e-02
   4.2992812e-02
   1.6202644e-02
   1.2522514e-02
   2.1505723e-02
   6.0120683e-02
   1.3031254e-02
   1.4498776e-02
   1.6575575e-02
   5.1188041e-02
   1.5291162e-02
   9.0622483e-03
   1.3469581e-02
   3.1357411e-02
   1.2856570e-02
   6.6258404e-03
   1.8159159e-02
   5.1089644e-02
   9.1661634e-03
   9.6874563e-03
   2.2154225e-02
   5.6520294e-02
   1.5651148e-02
   1.5077888e-02
   1.4865639e-02
   4.6850674e-02
   1.7159322e-02
   9.0235015e-03
   1.2487981e-02
   3.0090904e-02
   1.2603192e-02
   1.1847552e-02
   2.2726852e-02
   3.9934322e-02
   9.2636086e-03
   1.3167886e-02
   3.0607628e-02
   5.6124337e-02
   1.5829910e-02
   1.9183341e-02
   2.2261761e-02
   4.5108654e-02
   1.6614685e-02
   9.2826830e-03
   1.2197546e-02
   2.9643323e-02
   9.4086323e-03
   2.4803400e-02
   3.7425719e-02
   2.3510493e-02
   7.8639090e-03
   2.3475256e-02
   5.4274179e-02
   4.2421903e-02
   1.2491697e-02
   3.9976571e-02
   4.7030084e-02
   3.0281464e-02
   9.9263145e-03
   9.0403762e-03
   1.0149161e-02
   2.1957779e-02
   2.1290030e-02
   1.6645821e-02
   2.1513946e-02
   2.2705765e-02
   8.8583538e-03
   1.6624140e-02
   2.9547371e-02
   3.5597563e-02
   9.5324246e-03
   1.9660767e-02
   3.1483263e-02
   3.7286434e-02
   9.5636137e-03
   7.3350049e-03
   9.5887473e-03
   2.6882803e-02
   2.6212040e-02
   1.5772363e-02
   1.3564646e-02
   2.3101341e-02
   8.1867389e-03
   1.2939557e-02
   1.6060511e-02
   3.3552699e-02
   8.0817696e-03
   7.5766947e-03
   2.7163804e-02
   4.7842667e-02
   9.5273741e-03
   6.5271244e-03
   1.0621591e-02
   3.6652714e-02
   1.0912174e-02
   2.4431484e-02
   1.7477546e-02
   2.5193730e-02
   1.7321447e-02
   1.6191605e-02
   1.7497821e-02
   3.6041632e-02
   1.0621300e-02
   7.7749481e-03
   2.6046306e-02
   3.7882324e-02
   9.8276157e-03
   6.3083116e-03
   1.9423194e-02
   2.6494533e-02
   8.4581682e-03
   1.6346404e-02
   3.5008371e-02
   2.8822184e-02
   3.3922557e-02
   2.1880934e-02
   2.5788713e-02
   4.1014843e-02
   1.4628766e-02
   1.0434009e-02
   2.2163531e-02
   3.8585193e-02
   1.0015450e-02
   6.5648663e-03
   1.8322762e-02
   2.2536628e-02
   8.2012927e-03
   7.2106863e-03
   3.5042517e-02
   3.5116334e-02
   1.6288737e-02
   1.2384607e-02
   2.1305211e-02
   3.6505077e-02
   1.0745053e-02
   1.6639287e-02
   1.4349213e-02
   3.3746373e-02
   9.9787535e-03
   6.6774827e-03
   1.0819748e-02
   2.1223942e-02
   8.2314219e-03
   6.1618881e-03
   1.9851914e-02
   5.3964000e-02
   7.2268704e-03
   8.7867780e-03
   2.1846404e-02
   3.4128688e-02
   1.5877826e-02
   1.7882254e-02
   1.2895431e-02
   3.0211903e-02
   1.3927645e-02
   6.8420349e-03
   9.4690090e-03
   2.0795755e-02
   8.1562884e-03
   1.2524010e-02
   2.5249455e-02
   3.5965536e-02
   7.2365608e-03
   1.4013516e-02
   3.1338509e-02
   3.7257776e-02
   1.6629977e-02
   2.4251783e-02
   2.3470016e-02
   3.0024515e-02
   1.3343981e-02
   7.6739313e-03
   9.1325343e-03
   2.1019004e-02
