   5.4817684e-03
   1.4966054e-02
   1.3092531e-02
   2.3183793e-02
   6.5800538e-03
   1.0771660e-02
   1.0429776e-02
   2.0250920e-02
   8.1834178e-03
   1.1800933e-02
   1.1791519e-02
   1.6381856e-02
   9.3687465e-03
   8.3223358e-03
   1.1032951e-02
   1.7128890e-02
   5.3279977e-03
   1.0126647e-02
   1.0633854e-02
   2.1717651e-02
   5.6614559e-03
   6.7449138e-03
   7.8800311e-03
   1.8812539e-02
   6.8364614e-03
   8.2475487e-03
   8.9241536e-03
   1.5367297e-02
   8.3149094e-03
   6.6009038e-03
   9.1653848e-03
   1.6194174e-02
   5.5871271e-03
   8.3901612e-03
   1.0864811e-02
   2.1904487e-02
   5.5508870e-03
   5.6058522e-03
   7.3725502e-03
   1.9054733e-02
   6.7126942e-03
   6.7860475e-03
   8.1055006e-03
   1.5892075e-02
   8.2454430e-03
   6.3669980e-03
   9.1834376e-03
   1.6894411e-02
   6.4897174e-03
   1.0185765e-02
   1.7515751e-02
   2.4550306e-02
   6.8900534e-03
   6.7953472e-03
   1.3791097e-02
   2.2695519e-02
   7.9643223e-03
   8.7171011e-03
   1.2958726e-02
   2.1828059e-02
   9.7776745e-03
   9.0301605e-03
   1.3572741e-02
   2.3087803e-02
   9.2316447e-03
   1.4841250e-02
   1.9002475e-02
   2.7243810e-02
   1.0674630e-02
   9.7537842e-03
   1.6371539e-02
   2.5002284e-02
   1.2040806e-02
   1.5853908e-02
   1.6646612e-02
   2.3030866e-02
   1.4262401e-02
   1.6323168e-02
   1.8081879e-02
   2.4694221e-02
   1.0006466e-02
   1.3374546e-02
   1.2172638e-02
   2.4109930e-02
   1.1976714e-02
   7.9687033e-03
   9.1542909e-03
   2.1631170e-02
   1.3440483e-02
   1.1827023e-02
   1.0310576e-02
   1.7823594e-02
   1.5168111e-02
   1.1790631e-02
   1.2016762e-02
   1.8869286e-02
   6.2759109e-03
   9.2732925e-03
   9.9360300e-03
   2.1331947e-02
   6.6428580e-03
   6.0285935e-03
   7.2061280e-03
   1.8864077e-02
   7.8523653e-03
   7.9235174e-03
   8.3119338e-03
   1.5416653e-02
   1.0072567e-02
   7.3150704e-03
   9.1486294e-03
   1.6230937e-02
   5.4532904e-03
   1.1557698e-02
   1.1134844e-02
   2.1607436e-02
   6.0707945e-03
   7.6562432e-03
   8.1226034e-03
   1.8754100e-02
   7.3495908e-03
   9.5044402e-03
   9.5255198e-03
   1.5279010e-02
   9.0433666e-03
   7.2634998e-03
   9.3840417e-03
   1.6034145e-02
   6.1566313e-03
   2.2969091e-02
   1.7166471e-02
   2.4301952e-02
   8.3440514e-03
   1.6944090e-02
   1.5544979e-02
   2.1403948e-02
   1.1193516e-02
   1.9708054e-02
   1.9377206e-02
   1.7513586e-02
   1.2259091e-02
   1.2215633e-02
   1.6456334e-02
   1.7470736e-02
   6.0382304e-03
   1.4410102e-02
   1.3392115e-02
   2.3581799e-02
   6.8043424e-03
   9.8337187e-03
   1.0683746e-02
   2.0653281e-02
   8.5746385e-03
   1.2747818e-02
   1.3764605e-02
   1.6952049e-02
   1.0309437e-02
   9.1746114e-03
   1.3303478e-02
   1.7118908e-02
   6.2156543e-03
   1.1087501e-02
   1.3301163e-02
   2.4225535e-02
   6.4027412e-03
   7.2922152e-03
   9.4720870e-03
   2.1109844e-02
   8.0475537e-03
   9.6089151e-03
   1.1709234e-02
   1.7687244e-02
   9.7448463e-03
   8.4557515e-03
   1.3180412e-02
   1.7985921e-02
   6.9613713e-03
   1.3164692e-02
   2.3165040e-02
   2.5783718e-02
   7.5276433e-03
   9.0112304e-03
   1.9307079e-02
   2.4197938e-02
   9.2202397e-03
   1.2379789e-02
   1.8839635e-02
   2.4530541e-02
   1.1289506e-02
   1.2622931e-02
   2.0211078e-02
   2.5344431e-02
   1.1324200e-02
   2.0274807e-02
   2.4721419e-02
   2.6842445e-02
   1.3637378e-02
   1.4453067e-02
   2.3506727e-02
   2.5306992e-02
   1.6168118e-02
   2.4412630e-02
   2.4551561e-02
   2.4587769e-02
   1.9496214e-02
   2.5128011e-02
   2.7383290e-02
   2.5855631e-02
   1.3848753e-02
   1.8521748e-02
   1.4187034e-02
   2.4785580e-02
   1.7391015e-02
   1.1272280e-02
   1.1608241e-02
   2.2683218e-02
   2.0446748e-02
   1.8085565e-02
   1.4527040e-02
   1.8623739e-02
   2.3184659e-02
   1.7828947e-02
   1.7397743e-02
   1.9083295e-02
   7.6264008e-03
   1.2458552e-02
   1.2141590e-02
   2.3418766e-02
   8.5452572e-03
   8.0351140e-03
   9.2124473e-03
   2.0993331e-02
   1.0737930e-02
   1.1587940e-02
   1.2367199e-02
   1.7082255e-02
   1.3925020e-02
   1.0530183e-02
   1.3404661e-02
   1.7095327e-02
   6.2380549e-03
   1.6832268e-02
   1.4135502e-02
   2.3620868e-02
   7.4476115e-03
   1.1497488e-02
   1.1572936e-02
   2.0612309e-02
   9.9584227e-03
   1.5206003e-02
   1.5205638e-02
   1.6848469e-02
   1.2171336e-02
   1.0653270e-02
   1.4019138e-02
   1.6892936e-02
   5.5077099e-03
   2.7950453e-02
   1.8315658e-02
   2.0992128e-02
   9.8519502e-03
   2.4971711e-02
   1.9778552e-02
   1.7758170e-02
   1.4339342e-02
   2.5426803e-02
   2.3429507e-02
   1.5301613e-02
   1.4763188e-02
   1.7495045e-02
   2.3719890e-02
   1.4323286e-02
   5.4898979e-03
   1.6958347e-02
   1.3756345e-02
   2.0736175e-02
   7.0865797e-03
   1.3111521e-02
   1.2625463e-02
   1.8017089e-02
   9.4410870e-03
   1.5695950e-02
   1.5952228e-02
   1.5106115e-02
   1.1633227e-02
   1.2554812e-02
   1.8318499e-02
   1.4494481e-02
   5.5969302e-03
   1.1439160e-02
   1.3275526e-02
   2.2164378e-02
   6.0860119e-03
   8.0927527e-03
   1.0324673e-02
   1.8786537e-02
   8.1669418e-03
   1.0834928e-02
   1.2717298e-02
   1.6078146e-02
   1.0541971e-02
   1.0455481e-02
   1.6617998e-02
   1.6022757e-02
   6.2428396e-03
   1.2539847e-02
   2.8834598e-02
   2.2473108e-02
   7.0589376e-03
   1.0426545e-02
   2.5703479e-02
   2.1848867e-02
   9.5218159e-03
   1.4489149e-02
   2.3339577e-02
   2.5358150e-02
   1.2726190e-02
   1.5816677e-02
   2.6040107e-02
   2.6461782e-02
   1.3523018e-02
   2.2386706e-02
   3.0432187e-02
   2.2154586e-02
   1.7305387e-02
   1.9039385e-02
   3.1901468e-02
   2.1828562e-02
   2.2565247e-02
   3.2265242e-02
   3.1400837e-02
   2.4367547e-02
   2.8492521e-02
   3.4154821e-02
   3.6282383e-02
   2.6218748e-02
   1.8597886e-02
   2.0794421e-02
   1.3625089e-02
   2.1125251e-02
   2.4473391e-02
   1.4154316e-02
   1.2891528e-02
   1.9288128e-02
   3.1589568e-02
   2.2958109e-02
   1.5017235e-02
   1.6081903e-02
   3.6113609e-02
   2.2758072e-02
   2.1048948e-02
   1.6026363e-02
   8.2101235e-03
   1.3357127e-02
   1.1328450e-02
   2.0578509e-02
   9.8039890e-03
   8.8492669e-03
   9.3701361e-03
   1.8002877e-02
   1.3277980e-02
   1.2308947e-02
   1.2417135e-02
   1.4816250e-02
   1.7884461e-02
   1.2694895e-02
   1.7037548e-02
   1.4175384e-02
   5.6112506e-03
   1.9614285e-02
   1.4356276e-02
   2.0825226e-02
   7.9375608e-03
   1.5349378e-02
   1.3584472e-02
   1.7481798e-02
   1.1782285e-02
   1.8117752e-02
   1.7100388e-02
   1.4853429e-02
   1.4776669e-02
   1.4505567e-02
   1.9510945e-02
   1.3934733e-02
   4.2363047e-03
   2.8123869e-02
   1.8116236e-02
   1.7265489e-02
   1.0713298e-02
   3.4607142e-02
   2.2985160e-02
   1.3224174e-02
   1.6533485e-02
   2.9605713e-02
   2.5750084e-02
   1.1310751e-02
   1.7338013e-02
   2.0751869e-02
   2.7130250e-02
   1.0372777e-02
   4.4540274e-03
   1.6686320e-02
   1.3233501e-02
   1.7576519e-02
   6.7733312e-03
   1.7326787e-02
   1.4732712e-02
   1.3569974e-02
   1.0108363e-02
   1.8516114e-02
   1.7047290e-02
   1.1335584e-02
   1.2914843e-02
   1.4593623e-02
   2.0442422e-02
   1.0448772e-02
   4.6395673e-03
   1.1645746e-02
   1.4110928e-02
   2.0331506e-02
   5.2762907e-03
   9.2712967e-03
   1.3017455e-02
   1.4517329e-02
   7.4416040e-03
   1.1911079e-02
   1.2706088e-02
   1.4079142e-02
   1.0585624e-02
   1.0627768e-02
   1.6399939e-02
   1.3408472e-02
   5.5195172e-03
   1.3552248e-02
   3.7814658e-02
   2.0906815e-02
   6.4453585e-03
   1.3643797e-02
   3.9393656e-02
   1.9315174e-02
   8.7214969e-03
   1.7665621e-02
   3.3301584e-02
   2.9191315e-02
   1.3111296e-02
   1.8661354e-02
   3.2578256e-02
   3.2521561e-02
   1.7482990e-02
   3.1939261e-02
   4.1084267e-02
   1.8496692e-02
   2.2568641e-02
   2.8284302e-02
   4.9666233e-02
   1.8919786e-02
   2.7716190e-02
   4.7080673e-02
   4.8211422e-02
   2.7074236e-02
   3.5930339e-02
   4.7597025e-02
   4.9579062e-02
   3.2248262e-02
   2.6121687e-02
   2.8793732e-02
   1.4957049e-02
   1.7047167e-02
   3.3733893e-02
   2.0250728e-02
   1.7472120e-02
   1.5201683e-02
   4.0722128e-02
   3.2949053e-02
   1.6751844e-02
   1.3112993e-02
   4.4696085e-02
   2.9038798e-02
   2.1259490e-02
   1.3368658e-02
   9.3604475e-03
   1.4139551e-02
   1.0739648e-02
   1.6598042e-02
   1.1464697e-02
   1.0472937e-02
   1.0091471e-02
   1.3883548e-02
   1.4273062e-02
   1.3800900e-02
   1.2022402e-02
   1.1360382e-02
   1.7539255e-02
   1.2068862e-02
   1.5455876e-02
   1.0715036e-02
   4.5409766e-03
   1.8931035e-02
   1.4061444e-02
   1.6487321e-02
   7.8001423e-03
   2.0210246e-02
   1.5404022e-02
   1.3433844e-02
   1.1825292e-02
   2.1023778e-02
   1.7666794e-02
   1.1346237e-02
   1.5144481e-02
   1.5501476e-02
   2.0547207e-02
   1.0390124e-02
