   2.0152731e-02
   2.0724703e-02
   5.0282363e-02
   9.3831688e-02
   9.6573047e-03
   2.2192031e-02
   1.8115439e-02
   6.2710784e-02
   9.6176891e-03
   2.1621145e-02
   1.7521804e-02
   3.0119944e-02
   1.4294085e-02
   1.6969880e-02
   1.5961867e-02
   1.8111970e-02
   1.4886988e-02
   1.4236909e-02
   4.8477057e-02
   8.4698081e-02
   8.7205144e-03
   1.5522413e-02
   1.5829474e-02
   6.6235207e-02
   8.9042094e-03
   1.5791237e-02
   1.3999583e-02
   2.6311034e-02
   1.3995081e-02
   1.4148321e-02
   1.3991158e-02
   1.9416815e-02
   1.2339528e-02
   1.1013959e-02
   4.3841649e-02
   7.5254194e-02
   8.1365714e-03
   1.2743621e-02
   1.5551642e-02
   6.2141355e-02
   8.9521119e-03
   1.2067235e-02
   1.2715977e-02
   2.7279472e-02
   1.3854533e-02
   1.3836508e-02
   1.3738724e-02
   2.0301184e-02
   1.2456696e-02
   1.1593721e-02
   4.6177574e-02
   7.7338606e-02
   8.3552254e-03
   1.3287310e-02
   1.7575800e-02
   5.3783599e-02
   9.2719048e-03
   1.2756480e-02
   1.3545212e-02
   2.7309706e-02
   1.4139704e-02
   1.5643625e-02
   1.5110893e-02
   2.1228110e-02
   1.4825942e-02
   1.4756931e-02
   5.0962247e-02
   8.0953397e-02
   9.6681770e-03
   1.8249894e-02
   2.0513413e-02
   5.1355869e-02
   9.9329539e-03
   1.6031329e-02
   1.5543897e-02
   2.7306369e-02
   1.6179767e-02
   1.8304026e-02
   1.7284725e-02
   2.2170193e-02
   2.5310913e-02
   1.2663871e-02
   5.5562355e-02
   8.4333353e-02
   9.1775795e-03
   1.5850700e-02
   1.9468535e-02
   5.1871832e-02
   9.6510621e-03
   1.4532706e-02
   1.2585057e-02
   3.0840769e-02
   1.6651295e-02
   1.6933698e-02
   1.5265455e-02
   1.9596968e-02
   3.2487534e-02
   1.1782981e-02
   5.3642787e-02
   8.6467698e-02
   9.2543662e-03
   1.3804615e-02
   1.6954524e-02
   5.6342483e-02
   9.8951217e-03
   1.2883660e-02
   1.1852383e-02
   3.2477435e-02
   1.5696699e-02
   1.3789228e-02
   1.3939178e-02
   1.8759543e-02
   2.3785051e-02
   1.4543708e-02
   4.8241518e-02
   8.9933969e-02
   9.5896050e-03
   1.5632670e-02
   1.5886642e-02
   5.8892772e-02
   1.0362946e-02
   1.5791848e-02
   1.3168266e-02
   3.5496108e-02
   1.5176741e-02
   1.4425298e-02
   1.4064334e-02
   1.8253891e-02
   2.5541507e-02
   2.9763114e-02
   4.9050353e-02
   9.4353929e-02
   7.1406476e-03
   3.1754073e-02
   2.4436042e-02
   6.1299179e-02
   7.0547014e-03
   2.9888928e-02
   2.2429287e-02
   2.9428482e-02
   1.0334110e-02
   2.2436025e-02
   2.0657955e-02
   1.2891518e-02
   1.6182048e-02
   1.7353320e-02
   4.1982271e-02
   8.4280513e-02
   5.9572039e-03
   1.8164195e-02
   1.7362518e-02
   6.6360556e-02
   6.4340755e-03
   1.8077804e-02
   1.4310153e-02
   2.2761654e-02
   9.8973475e-03
   1.6322160e-02
   1.4787445e-02
   1.3193758e-02
   1.2977814e-02
   1.0220834e-02
   3.9306983e-02
   7.3567659e-02
   5.7407967e-03
   1.2823829e-02
   1.5411423e-02
   6.3558415e-02
   6.2120184e-03
   1.1908826e-02
   1.1362357e-02
   2.0233430e-02
   9.7819958e-03
   1.3685082e-02
   1.2653061e-02
   1.3475704e-02
   1.5453930e-02
   1.0551883e-02
   4.1089032e-02
   7.9424538e-02
   6.4115110e-03
   1.4217109e-02
   2.1374231e-02
   5.2935142e-02
   6.4671431e-03
   1.2119853e-02
   1.3126018e-02
   2.2474945e-02
   1.0760967e-02
   1.4596051e-02
   1.4435473e-02
   1.6247537e-02
   1.8120343e-02
   1.5268456e-02
   5.2886792e-02
   7.8694314e-02
   8.1139198e-03
   2.2181187e-02
   2.2614295e-02
   4.4597279e-02
   8.3195614e-03
   1.9160884e-02
   1.5874755e-02
   2.6077246e-02
   1.3616554e-02
   1.9061970e-02
   1.7557342e-02
   1.5267836e-02
   3.7599098e-02
   1.1489907e-02
   5.6930415e-02
   7.6076329e-02
   7.5360360e-03
   1.7620569e-02
   1.9176990e-02
   4.0038377e-02
   8.2322583e-03
   1.5126948e-02
   1.1051050e-02
   2.7622381e-02
   1.3438274e-02
   1.6822189e-02
   1.3936356e-02
   1.3241027e-02
   5.0058492e-02
   1.0824219e-02
   5.1289547e-02
   7.6885350e-02
   6.6460920e-03
   1.4446828e-02
   1.8247101e-02
   4.1857030e-02
   7.7836527e-03
   1.2820438e-02
   1.0601566e-02
   3.3735093e-02
   1.2330849e-02
   1.3541451e-02
   1.2970061e-02
   1.2360483e-02
   3.4063887e-02
   1.7030703e-02
   4.9337190e-02
   8.3784156e-02
   7.3461351e-03
   1.9852808e-02
   1.7922193e-02
   5.1634517e-02
   7.5898441e-03
   1.8411119e-02
   1.2939850e-02
   3.7460584e-02
   1.0776266e-02
   1.6738353e-02
   1.4992549e-02
   1.3069993e-02
   3.8698900e-02
   1.6346557e-02
   4.7441658e-02
   8.7258913e-02
   5.0029824e-03
   4.3160342e-02
   3.6204085e-02
   6.3072175e-02
   5.4792333e-03
   4.4102095e-02
   3.3941656e-02
   3.6753818e-02
   7.7395067e-03
   3.2432079e-02
   3.4014083e-02
   9.8882634e-03
   2.2780538e-02
   1.2752552e-02
   3.5117812e-02
   6.8253152e-02
   4.7672829e-03
   2.3438336e-02
   2.3421353e-02
   6.8238862e-02
   4.8054736e-03
   2.2666015e-02
   1.7726298e-02
   2.8832423e-02
   6.9981385e-03
   1.9460475e-02
   1.8340809e-02
   9.9240011e-03
   1.6735809e-02
   1.0395971e-02
   4.0034685e-02
   6.6650994e-02
   4.9957237e-03
   1.5060339e-02
   1.7283538e-02
   7.9965442e-02
   4.9529448e-03
   1.1719330e-02
   1.2037572e-02
   2.5326168e-02
   6.4540557e-03
   1.3308536e-02
   1.2224643e-02
   1.0943932e-02
   2.0061057e-02
   1.1628359e-02
   3.7798632e-02
   7.1589679e-02
   6.0067568e-03
   1.4631462e-02
   2.0029748e-02
   7.2990939e-02
   5.2455235e-03
   1.3451230e-02
   1.5033769e-02
   3.0543048e-02
   7.9615992e-03
   1.5080627e-02
   1.6485503e-02
   1.4111177e-02
   2.3862453e-02
   1.7072961e-02
   5.6136448e-02
   7.0075989e-02
   9.2540551e-03
   2.5995649e-02
   2.5995476e-02
   5.5782724e-02
   7.7417516e-03
   2.5796626e-02
   2.0038208e-02
   3.4376185e-02
   1.0875943e-02
   2.4633450e-02
   2.0814767e-02
   1.3407752e-02
   4.8281584e-02
   1.3448165e-02
   5.9641067e-02
   6.7187108e-02
   6.9391932e-03
   1.7201535e-02
   2.1155354e-02
   4.2748943e-02
   6.4977929e-03
   1.8006416e-02
   1.1599972e-02
   3.5511423e-02
   7.7881925e-03
   1.8950956e-02
   1.5762605e-02
   1.1901484e-02
   6.2178601e-02
   1.1574293e-02
   5.1520888e-02
   6.9410555e-02
   5.2248496e-03
   1.3766691e-02
   1.7248338e-02
   5.0068822e-02
   5.8442382e-03
   1.3632107e-02
   1.0817477e-02
   4.3255750e-02
   8.7238969e-03
   1.4255580e-02
   1.5416842e-02
   1.0256569e-02
   5.3860176e-02
   1.3215456e-02
   4.7099538e-02
   7.8639053e-02
   5.2482351e-03
   2.5538718e-02
   2.0912979e-02
   5.7528306e-02
   5.6576333e-03
   2.3646837e-02
   1.7303439e-02
   4.4335138e-02
   9.1164093e-03
   1.8915568e-02
   1.9693248e-02
   1.0223061e-02
   6.6258848e-02
   2.2114925e-02
   4.1618880e-02
   4.5013316e-02
   4.9395673e-03
   2.3336925e-02
   2.9284464e-02
   8.8976800e-02
   6.5383422e-03
   3.3308372e-02
   2.7003130e-02
   7.0996776e-02
   5.1265322e-03
   2.9442631e-02
   3.2859433e-02
   1.0961134e-02
   3.2025065e-02
   1.9585839e-02
   4.1632853e-02
   4.5217164e-02
   4.7010002e-03
   1.7878646e-02
   3.6009815e-02
   1.1135957e-01
   5.2173436e-03
   1.9810274e-02
   1.7184785e-02
   4.7057729e-02
   4.8966748e-03
   1.7986234e-02
   1.8289788e-02
   9.8319054e-03
   2.8154748e-02
   1.6242117e-02
   5.6777142e-02
   5.8844447e-02
   5.4824185e-03
   1.1435615e-02
   3.0300109e-02
   1.2783709e-01
   3.9261202e-03
   1.2096987e-02
   1.4455401e-02
   4.8588868e-02
   4.2308383e-03
   1.3019023e-02
   1.1890677e-02
   1.2848252e-02
   2.8662818e-02
   2.0438546e-02
   4.4441927e-02
   6.6170864e-02
   8.5285166e-03
   1.7079517e-02
   2.4456946e-02
   1.0817839e-01
   6.2583070e-03
   1.6764883e-02
   2.0318825e-02
   5.0806925e-02
   9.2962012e-03
   1.8393151e-02
   1.6305219e-02
   1.9193627e-02
   3.3553734e-02
   2.8693276e-02
   7.8419514e-02
   5.6284618e-02
   1.4799093e-02
   2.8334990e-02
   2.8793924e-02
   7.9552278e-02
   1.1221029e-02
   3.0587038e-02
   2.6883313e-02
   5.4699536e-02
   1.3783913e-02
   3.0479336e-02
   1.8902319e-02
   1.8310165e-02
   5.7417322e-02
   1.8121639e-02
   6.3827872e-02
   5.3355712e-02
   8.5386150e-03
   1.7706946e-02
   1.9505927e-02
   6.2440459e-02
   6.2905136e-03
   2.0906210e-02
   1.5246391e-02
   5.3097162e-02
   8.2835210e-03
   2.3641145e-02
   1.3072005e-02
   1.2038555e-02
   8.5111901e-02
   1.5338505e-02
   3.7312515e-02
   5.3631663e-02
   5.7707084e-03
   1.2898265e-02
   1.8661080e-02
   7.5835347e-02
   4.0250164e-03
   1.1843096e-02
   1.2523799e-02
   5.8944605e-02
   6.6436962e-03
   1.4583583e-02
   1.2564805e-02
   9.3442090e-03
   8.5348055e-02
   1.8269707e-02
   5.1327024e-02
   5.1088039e-02
   6.0878042e-03
   2.1055792e-02
   2.1518489e-02
   8.6551815e-02
   5.1016011e-03
   2.1337042e-02
   1.2981609e-02
   7.3902637e-02
   6.3022934e-03
   1.6718952e-02
   1.8347602e-02
   9.5519451e-03
