   4.4829674e-02
   6.2918670e-02
   8.9793056e-02
   5.2270032e-02
   4.5854852e-02
   1.1224131e-01
   1.0864299e-01
   2.9013954e-02
   4.5303397e-02
   5.3945813e-02
   9.6449777e-02
   5.0455831e-02
   7.4286051e-02
   7.8049667e-02
   7.5983457e-02
   4.3871339e-02
   2.6911488e-02
   3.5122771e-02
   4.8869099e-02
   2.6987774e-02
   2.9536599e-02
   6.7469388e-02
   6.3146591e-02
   2.0135039e-02
   2.3549208e-02
   2.9977435e-02
   5.8735009e-02
   3.0922417e-02
   4.2190298e-02
   3.8484950e-02
   3.9915942e-02
   3.3383708e-02
   1.7305318e-02
   1.7149877e-02
   2.6232338e-02
   1.5273142e-02
   1.8691778e-02
   2.8067755e-02
   3.3563394e-02
   1.4746196e-02
   1.0357878e-02
   1.4920021e-02
   3.0532189e-02
   1.9518290e-02
   2.4729233e-02
   1.7010631e-02
   1.9036716e-02
   2.6065843e-02
   3.2428779e-02
   1.8416394e-02
   2.9214900e-02
   1.5880242e-02
   4.1393030e-02
   3.2640666e-02
   3.9731748e-02
   1.3308921e-02
   1.1244649e-02
   2.5520105e-02
   3.9076421e-02
   2.1920843e-02
   2.4892639e-02
   1.7211974e-02
   1.8667918e-02
   3.1085832e-02
   2.9719142e-02
   2.0923225e-02
   4.0412724e-02
   1.6830254e-02
   3.6145929e-02
   4.2072367e-02
   6.3040279e-02
   1.8727129e-02
   8.9561632e-03
   2.3815880e-02
   5.7407953e-02
   3.0804856e-02
   2.7337125e-02
   1.9022170e-02
   1.9614430e-02
   3.1751905e-02
   2.1374997e-02
   1.8811068e-02
   3.3776134e-02
   1.6265126e-02
   3.2089964e-02
   2.7718332e-02
   4.8991099e-02
   3.0939562e-02
   1.0125500e-02
   1.3931112e-02
   4.0621776e-02
   4.3020651e-02
   2.6147647e-02
   1.8032122e-02
   1.8221177e-02
   2.6699129e-02
   2.2088252e-02
   1.8997559e-02
   2.6277753e-02
   1.5389935e-02
   3.2509521e-02
   3.0615367e-02
   3.7168093e-02
   1.7387422e-02
   9.2732012e-03
   1.5404237e-02
   2.9664652e-02
   2.5261614e-02
   2.5939785e-02
   1.6465722e-02
   1.8546483e-02
   2.5422979e-02
   2.7294559e-02
   3.2008693e-02
   4.8969127e-02
   2.7330633e-02
   3.2546856e-02
   6.5973707e-02
   6.2918484e-02
   1.6634630e-02
   1.9954160e-02
   2.7021121e-02
   4.9506005e-02
   2.8657764e-02
   3.8167987e-02
   3.4776215e-02
   3.4714151e-02
   3.0819718e-02
   5.6089211e-02
   7.9137906e-02
   7.4237064e-02
   7.0503742e-02
   3.9287508e-02
   8.9710034e-02
   8.9966938e-02
   2.8823178e-02
   6.9813207e-02
   8.1358932e-02
   1.2838762e-01
   7.0614628e-02
   1.0417721e-01
   1.1539186e-01
   1.1379471e-01
   5.0411258e-02
   2.9146936e-02
   4.0459462e-02
   3.9807051e-02
   3.2375887e-02
   2.2836033e-02
   4.9497005e-02
   5.4396249e-02
   1.8967645e-02
   3.4112137e-02
   3.9186545e-02
   7.4070923e-02
   3.9332185e-02
   4.7774862e-02
   5.1400498e-02
   5.5160623e-02
   3.5140362e-02
   1.7009150e-02
   1.5017552e-02
   2.1324456e-02
   1.1467297e-02
   1.6981758e-02
   2.1437023e-02
   2.8519150e-02
   1.5888540e-02
   1.2713372e-02
   1.7357538e-02
   3.2555766e-02
   2.0156780e-02
   1.5027282e-02
   1.2970189e-02
   1.4104722e-02
   2.5023449e-02
   3.8778480e-02
   1.2994045e-02
   2.3304584e-02
   1.1015591e-02
   4.8673790e-02
   3.2608591e-02
   3.5380289e-02
   1.5814409e-02
   1.3594778e-02
   3.5791960e-02
   4.0523186e-02
   2.5237255e-02
   1.4684218e-02
   1.1402531e-02
   1.3580896e-02
   3.0439742e-02
   3.4810122e-02
   1.2507505e-02
   4.5644812e-02
   1.1694873e-02
   4.2787392e-02
   4.3419156e-02
   7.7495404e-02
   2.4300039e-02
   1.0481483e-02
   3.2757778e-02
   7.5264305e-02
   4.2357817e-02
   1.5135085e-02
   1.1691350e-02
   1.3492904e-02
   3.2928716e-02
   2.0413516e-02
   1.2322704e-02
   3.4022212e-02
   1.1370606e-02
   3.4363870e-02
   2.2277441e-02
   5.4220434e-02
   4.2988058e-02
   1.1255941e-02
   1.3619809e-02
   5.1724371e-02
   6.0965106e-02
   1.5421258e-02
   1.1058485e-02
   1.2827569e-02
   2.3089776e-02
   1.6315412e-02
   1.3436726e-02
   2.1419957e-02
   1.1201974e-02
   2.5694633e-02
   2.2427792e-02
   2.9965200e-02
   2.1354834e-02
   1.0373618e-02
   1.2386894e-02
   3.1096630e-02
   3.2973539e-02
   1.5746800e-02
   1.1683526e-02
   1.3831379e-02
   2.0468166e-02
   2.5954090e-02
   3.2739386e-02
   3.9858114e-02
   2.9933382e-02
   2.2086544e-02
   4.8206601e-02
   5.1181819e-02
   1.5734645e-02
   2.8033085e-02
   3.3708323e-02
   5.6315549e-02
   3.5229709e-02
   3.9319396e-02
   4.2935990e-02
   4.2148001e-02
   2.7321437e-02
   8.9550413e-02
   1.1754142e-01
   9.4171904e-02
   1.1785784e-01
   5.0277866e-02
   7.4185610e-02
   6.8105333e-02
   3.0368062e-02
   1.2677406e-01
   1.4110580e-01
   1.7127882e-01
   1.1308494e-01
   1.5804102e-01
   1.7539345e-01
   1.7170745e-01
   7.0991188e-02
   4.4900939e-02
   5.7881292e-02
   4.7257304e-02
   5.1461272e-02
   2.5370032e-02
   4.0604364e-02
   4.3764744e-02
   2.2971481e-02
   5.9844762e-02
   6.5261871e-02
   9.2527531e-02
   6.0144883e-02
   6.9310337e-02
   7.5033151e-02
   8.0836169e-02
   4.7702387e-02
   2.7077388e-02
   1.4886062e-02
   2.0225624e-02
   9.8165628e-03
   2.3881376e-02
   2.1525918e-02
   2.6497580e-02
   1.9440241e-02
   2.0277906e-02
   2.7686577e-02
   3.3327769e-02
   3.2078478e-02
   1.1919134e-02
   1.2686234e-02
   1.5351988e-02
   3.5659898e-02
   7.0718683e-02
   1.3512117e-02
   3.1148663e-02
   8.6137308e-03
   8.6539343e-02
   5.1283356e-02
   4.5940895e-02
   2.2356657e-02
   2.1768380e-02
   6.7662165e-02
   4.8158150e-02
   3.4709629e-02
   1.2652757e-02
   1.1446606e-02
   1.2461975e-02
   4.3950811e-02
   6.0450725e-02
   1.1137448e-02
   6.9179930e-02
   9.6585397e-03
   7.8317821e-02
   7.0036002e-02
   1.3309380e-01
   4.0182628e-02
   1.9955782e-02
   6.3076288e-02
   1.1114970e-01
   6.8520345e-02
   1.3745972e-02
   1.1906266e-02
   1.4052730e-02
   5.4656558e-02
   3.4974508e-02
   1.3571172e-02
   4.8893414e-02
   8.4210243e-03
   5.5687267e-02
   2.9850032e-02
   8.9121938e-02
   6.3138865e-02
   1.8936276e-02
   2.2881679e-02
   7.5720377e-02
   1.1238638e-01
   1.1662296e-02
   9.1130221e-03
   1.3211486e-02
   3.9108481e-02
   2.3616672e-02
   1.4910167e-02
   2.2309659e-02
   8.6616920e-03
   3.7022751e-02
   2.2066575e-02
   3.3559896e-02
   3.1767573e-02
   1.7475501e-02
   1.6077900e-02
   3.4125160e-02
   6.3059740e-02
   1.1112541e-02
   1.0999574e-02
   1.3606155e-02
   2.3906028e-02
   4.0470887e-02
   4.4922549e-02
   4.4754919e-02
   4.5861185e-02
   2.3892596e-02
   3.3886585e-02
   4.4502784e-02
   1.9950569e-02
   4.8031256e-02
   5.2880295e-02
   6.5658145e-02
   5.7007764e-02
   5.4447785e-02
   6.1739966e-02
   5.8160000e-02
   3.3277899e-02
   1.2589307e-01
   1.6708864e-01
   1.1381373e-01
   1.2235606e-01
   7.2710022e-02
   1.1115117e-01
   7.0968032e-02
   4.8082408e-02
   1.7658871e-01
   1.7636181e-01
   1.5647978e-01
   1.4781904e-01
   2.2829188e-01
   2.4630213e-01
   2.5871110e-01
   1.1853517e-01
   6.5839127e-02
   8.0225781e-02
   5.3259589e-02
   5.4228343e-02
   3.3089865e-02
   5.4588128e-02
   4.0891044e-02
   3.5317462e-02
   9.1891482e-02
   8.2964569e-02
   7.9007462e-02
   7.3662341e-02
   1.0326002e-01
   1.0313858e-01
   1.2061378e-01
   8.0080315e-02
   4.3904107e-02
   1.4317193e-02
   2.5275005e-02
   1.0555623e-02
   3.7201557e-02
   2.1745009e-02
   2.7680505e-02
   2.8287519e-02
   3.2834172e-02
   3.7447575e-02
   2.8178157e-02
   4.2287476e-02
   1.4255998e-02
   1.4391079e-02
   1.4287895e-02
   5.7406776e-02
   1.1415423e-01
   1.4688735e-02
   5.0566204e-02
   1.0670429e-02
   1.2676731e-01
   6.8352044e-02
   5.3876318e-02
   4.0749084e-02
   4.1438896e-02
   8.7343521e-02
   5.1457547e-02
   4.1483205e-02
   1.1993990e-02
   1.2969921e-02
   1.5922280e-02
   8.1795841e-02
   9.4312094e-02
   1.3620583e-02
   1.0837769e-01
   1.2650057e-02
   1.1602468e-01
   8.2303129e-02
   1.6962335e-01
   6.6654161e-02
   4.3792825e-02
   7.9986870e-02
   1.1996877e-01
   8.3006814e-02
   2.0134097e-02
   1.6049713e-02
   1.5989494e-02
   9.2882223e-02
   6.1842434e-02
   1.5680898e-02
   7.3229335e-02
   1.2456469e-02
   8.0196150e-02
   2.8085474e-02
   1.0458365e-01
   1.1203092e-01
   3.2307930e-02
   2.8213996e-02
   8.0504633e-02
   1.7809144e-01
   1.1593090e-02
   1.1501309e-02
   1.6527606e-02
   6.2049657e-02
   4.2417806e-02
   1.4658914e-02
   2.6883481e-02
   1.2383987e-02
   5.3823166e-02
   1.5731439e-02
   3.4160390e-02
   5.5621885e-02
   3.1897273e-02
   1.8042531e-02
   4.2130735e-02
   9.7807758e-02
   1.1361483e-02
   1.0995468e-02
   1.4360444e-02
   3.8215544e-02
   5.8829818e-02
   6.4100616e-02
   4.8624218e-02
   5.2481275e-02
   3.7793841e-02
   4.4317167e-02
   4.6987861e-02
   2.8998461e-02
   7.0308551e-02
   6.3105710e-02
   5.6257006e-02
   8.1112824e-02
   7.9683207e-02
   8.6376861e-02
   8.4837109e-02
   5.2435957e-02
