   1.1063441e-02
   2.8300028e-02
   6.3708343e-02
   2.2064995e-02
   2.0824807e-02
   6.7085713e-02
   6.6873901e-02
   2.1155467e-02
   2.7765386e-02
   3.0758560e-02
   2.7996022e-02
   1.2337128e-02
   2.5288062e-02
   2.3335753e-02
   4.8878048e-02
   1.2885476e-02
   1.1249468e-02
   2.5760308e-02
   5.4643057e-02
   2.1550689e-02
   1.7759586e-02
   4.4509336e-02
   4.8324082e-02
   1.6025314e-02
   2.5640717e-02
   1.6820118e-02
   1.6256403e-02
   1.1600465e-02
   2.4713216e-02
   1.4861770e-02
   2.7218401e-02
   1.2600270e-02
   1.2486780e-02
   2.5503078e-02
   5.1401928e-02
   2.2179896e-02
   3.0160148e-02
   3.2789696e-02
   3.9141126e-02
   1.7929031e-02
   5.5276960e-02
   1.5350285e-02
   1.4684387e-02
   1.5765499e-02
   4.3322846e-02
   1.0278096e-02
   1.5803028e-02
   1.5398131e-02
   1.4535999e-02
   2.7777608e-02
   4.5130387e-02
   2.4554426e-02
   5.8199316e-02
   3.6192730e-02
   4.0887598e-02
   2.8108079e-02
   9.7460896e-02
   5.0614145e-02
   3.7717339e-02
   2.9368388e-02
   4.6060454e-02
   1.3401486e-02
   3.1058276e-02
   2.2737583e-02
   1.3229464e-02
   2.8119415e-02
   4.6958394e-02
   3.0219128e-02
   3.1174513e-02
   4.3710731e-02
   4.4025198e-02
   2.4618709e-02
   4.8433553e-02
   7.5618461e-02
   7.6130778e-02
   2.1608116e-02
   2.9725943e-02
   2.4272829e-02
   4.9557544e-02
   1.9778231e-02
   1.1251807e-02
   2.9539298e-02
   4.8947785e-02
   2.5890844e-02
   1.6626906e-02
   3.7457444e-02
   4.3524805e-02
   2.1670748e-02
   2.8271420e-02
   3.4462091e-02
   4.5953646e-02
   1.4647270e-02
   2.9097786e-02
   1.7632984e-02
   2.6001479e-02
   1.4549973e-02
   1.0594021e-02
   2.9123930e-02
   4.8225902e-02
   1.9928735e-02
   1.5444360e-02
   3.6983300e-02
   4.3363206e-02
   1.6171092e-02
   2.5469156e-02
   1.2948380e-02
   1.5800124e-02
   1.1864336e-02
   2.2617053e-02
   9.6457284e-03
   1.5728960e-02
   1.3869481e-02
   1.0545628e-02
   2.7233129e-02
   5.5748273e-02
   2.1036880e-02
   1.7416866e-02
   4.8875198e-02
   5.3044058e-02
   1.7757226e-02
   2.6753340e-02
   1.7320674e-02
   1.6906237e-02
   1.1934180e-02
   2.3020167e-02
   1.4318840e-02
   2.6098419e-02
   1.3100003e-02
   8.6559206e-03
   2.3629703e-02
   5.8948383e-02
   1.8387724e-02
   2.1376772e-02
   7.1399383e-02
   8.0221720e-02
   2.7065258e-02
   2.9146818e-02
   3.7217032e-02
   3.3264596e-02
   1.0843621e-02
   2.9863371e-02
   2.7358968e-02
   5.0920323e-02
   9.2003439e-03
   9.1604972e-03
   2.0538086e-02
   4.7639068e-02
   1.7825242e-02
   2.0295391e-02
   4.3372467e-02
   4.7948472e-02
   1.6225079e-02
   3.0978972e-02
   2.1216847e-02
   2.0876866e-02
   8.8787284e-03
   2.9542703e-02
   1.6666094e-02
   2.7763935e-02
   8.1698708e-03
   1.0201216e-02
   2.2176418e-02
   4.5583259e-02
   1.8364215e-02
   4.5702927e-02
   3.1388510e-02
   3.5803702e-02
   1.8588288e-02
   8.9209452e-02
   1.2670833e-02
   1.4478836e-02
   1.6583329e-02
   6.1671518e-02
   1.0000438e-02
   1.8135637e-02
   1.2719451e-02
   1.4867622e-02
   2.4612175e-02
   4.5610808e-02
   2.2250028e-02
   8.9058205e-02
   3.8308803e-02
   4.0659815e-02
   3.7069842e-02
   1.5716058e-01
   2.1073196e-02
   2.0816462e-02
   3.8548108e-02
   6.6363953e-02
   1.6170099e-02
   3.2734808e-02
   2.6268549e-02
   1.2977126e-02
   2.8256772e-02
   4.5939397e-02
   3.4648281e-02
   4.5022529e-02
   4.7215302e-02
   4.6991508e-02
   2.8717535e-02
   7.6070197e-02
   3.7970446e-02
   3.3273570e-02
   2.4629798e-02
   4.1002754e-02
   3.4632735e-02
   5.1883031e-02
   2.0801688e-02
   9.7116800e-03
   2.9340010e-02
   4.6565458e-02
   2.6865024e-02
   2.1802565e-02
   3.9453391e-02
   4.3433916e-02
   2.1663703e-02
   3.8972657e-02
   2.3989649e-02
   2.0266065e-02
   1.2345767e-02
   3.7363403e-02
   2.5171693e-02
   2.8429698e-02
   1.1316090e-02
   8.8886218e-03
   3.0054759e-02
   4.4302877e-02
   1.6652521e-02
   1.5655588e-02
   3.6972146e-02
   4.1731611e-02
   1.5754556e-02
   2.6947461e-02
   1.3003181e-02
   1.3044371e-02
   8.6719831e-03
   2.7664261e-02
   1.0867225e-02
   1.8660285e-02
   9.5902504e-03
   7.7332323e-03
   2.7573405e-02
   5.6002915e-02
   1.6206821e-02
   1.6923375e-02
   4.7594510e-02
   5.5875048e-02
   1.9360038e-02
   2.7202362e-02
   2.0224944e-02
   2.0850562e-02
   9.4591081e-03
   2.9431500e-02
   1.5967196e-02
   2.8168423e-02
   9.3033509e-03
   8.3190044e-03
   2.1280207e-02
   6.1189856e-02
   2.5110187e-02
   3.1278059e-02
   9.2530489e-02
   1.0611150e-01
   5.1839180e-02
   4.9467482e-02
   5.0932776e-02
   4.4657674e-02
   1.4002593e-02
   4.8359662e-02
   3.3428937e-02
   4.8497248e-02
   9.7104367e-03
   9.9943224e-03
   1.7371362e-02
   4.9126290e-02
   2.1651361e-02
   3.2704253e-02
   4.9674593e-02
   5.9824690e-02
   2.5199031e-02
   5.4302875e-02
   2.7567206e-02
   2.8565483e-02
   9.4097564e-03
   5.3564366e-02
   2.3072852e-02
   3.0593341e-02
   8.4477244e-03
   1.0207081e-02
   2.4222607e-02
   3.8259130e-02
   2.1583512e-02
   7.7065967e-02
   3.2958940e-02
   3.6858600e-02
   2.7842233e-02
   1.4669597e-01
   1.5302206e-02
   1.6834415e-02
   2.2824783e-02
   1.1156757e-01
   1.4203263e-02
   2.3963502e-02
   1.5339910e-02
   1.7153498e-02
   2.8260734e-02
   4.9971160e-02
   2.7805055e-02
   1.4644861e-01
   3.5731778e-02
   4.3902498e-02
   5.5411376e-02
   2.4804188e-01
   2.8164683e-02
   2.8427426e-02
   5.8683295e-02
   1.0345310e-01
   2.2501789e-02
   4.0727098e-02
   3.4954675e-02
   1.3690881e-02
   3.1762742e-02
   5.8375109e-02
   4.6132617e-02
   6.6435553e-02
   4.7315624e-02
   5.1532291e-02
   4.1784685e-02
   1.1890808e-01
   5.2891351e-02
   4.4958733e-02
   3.3232655e-02
   7.0648432e-02
   5.2332256e-02
   5.9434101e-02
   2.6621163e-02
   1.0808747e-02
   3.1851403e-02
   5.0799839e-02
   3.3922490e-02
   3.8322736e-02
   3.6459066e-02
   4.3408770e-02
   3.1254120e-02
   7.3210426e-02
   3.2348357e-02
   2.3290236e-02
   1.3545099e-02
   6.4670779e-02
   3.7364319e-02
   3.4001745e-02
   1.3079477e-02
   9.4182706e-03
   2.7456274e-02
   4.7144946e-02
   1.8942067e-02
   2.8421536e-02
   3.5110865e-02
   4.0616523e-02
   2.4010483e-02
   4.7262799e-02
   1.6396819e-02
   1.5101905e-02
   8.3862161e-03
   5.0670862e-02
   1.6157163e-02
   2.5029007e-02
   9.4614169e-03
   8.8780606e-03
   2.4972251e-02
   5.0012171e-02
   1.7976625e-02
   2.6359564e-02
   5.9601124e-02
   6.3087918e-02
   3.2964498e-02
   4.6637911e-02
   2.9745128e-02
   2.7470278e-02
   1.2209205e-02
   4.9195472e-02
   2.2459535e-02
   2.8682970e-02
   9.5978742e-03
   1.1756892e-02
   2.5174242e-02
   6.8157412e-02
   4.0986009e-02
   4.3539926e-02
   7.5087622e-02
   1.3401079e-01
   7.3629454e-02
   6.1327096e-02
   3.3812732e-02
   4.8435137e-02
   1.3339756e-02
   5.1336732e-02
   4.7544338e-02
   6.5802149e-02
   1.3589384e-02
   1.3456327e-02
   2.2842348e-02
   6.1835695e-02
   3.7262484e-02
   4.6071317e-02
   4.9945671e-02
   9.0079069e-02
   3.3378538e-02
   5.9955325e-02
   1.8416984e-02
   3.7020478e-02
   8.5035432e-03
   7.0315339e-02
   3.9424054e-02
   4.6780877e-02
   1.1373761e-02
   1.3282404e-02
   3.1332422e-02
   3.6608517e-02
   3.4685291e-02
   7.7704526e-02
   5.0342724e-02
   5.7503559e-02
   4.5007695e-02
   1.0547034e-01
   2.1579875e-02
   2.8006788e-02
   3.9168350e-02
   1.4230616e-01
   2.2914208e-02
   2.6839944e-02
   1.9047873e-02
   2.2033695e-02
   3.5360273e-02
   3.8222626e-02
   3.3091586e-02
   1.0439814e-01
   5.1890306e-02
   4.4564664e-02
   1.0074650e-01
   1.5356588e-01
   4.1724849e-02
   3.9937645e-02
   1.0097302e-01
   1.0956107e-01
   3.5349462e-02
   4.9871173e-02
   4.1645806e-02
   1.8701093e-02
   2.6257435e-02
   5.2561652e-02
   5.4398976e-02
   6.1805554e-02
   4.2978853e-02
   5.6480795e-02
   6.5405771e-02
   8.9604095e-02
   7.5020798e-02
   5.2658189e-02
   5.3191688e-02
   9.1660738e-02
   9.0517715e-02
   7.4509814e-02
   3.3235978e-02
   1.2791862e-02
   2.1203469e-02
   4.8732270e-02
   4.4371381e-02
   4.9893238e-02
   4.8870537e-02
   5.6064110e-02
   3.6716208e-02
   8.5246451e-02
   4.6942167e-02
   3.0814297e-02
   2.1294205e-02
   9.3994990e-02
   5.9213072e-02
   3.7903015e-02
   1.9432027e-02
   1.2675498e-02
   2.4018772e-02
   3.5699990e-02
   2.3809077e-02
   4.3973375e-02
   4.9387947e-02
   4.5914747e-02
   2.4640935e-02
   6.2062707e-02
   2.1204934e-02
   2.2529537e-02
   1.0364427e-02
   7.2641008e-02
   2.5508560e-02
   2.9544678e-02
   1.2722486e-02
   1.3333354e-02
   2.2513667e-02
   5.7598997e-02
   2.9204737e-02
   3.9483067e-02
   5.9262212e-02
   7.4941479e-02
   4.6702351e-02
   7.5482391e-02
   2.4580691e-02
   2.9332880e-02
   1.3042751e-02
   5.9008345e-02
   3.2494701e-02
   3.3420969e-02
   1.3629840e-02
