   4.3663647e-02
   1.3969795e-01
   1.2320470e-01
   3.9191857e-02
   4.6713486e-02
   5.2937292e-02
   4.8947830e-02
   2.1504071e-02
   7.6193877e-02
   9.0709858e-02
   8.0194801e-02
   2.1110443e-02
   5.5383064e-02
   5.0248157e-02
   6.1052248e-02
   2.3194600e-02
   4.3261629e-02
   6.7969084e-02
   5.6220334e-02
   2.5163652e-02
   3.9688028e-02
   2.7388712e-02
   2.7752625e-02
   1.7028322e-02
   4.3287404e-02
   4.2668093e-02
   4.3942582e-02
   1.4385588e-02
   2.8412832e-02
   2.8327411e-02
   3.4730643e-02
   1.8686647e-02
   4.4487234e-02
   3.0726328e-02
   2.5099862e-02
   2.1081384e-02
   3.7811227e-02
   1.4305182e-02
   1.8269749e-02
   1.5537635e-02
   2.4806278e-02
   1.5920702e-02
   2.4301935e-02
   1.1733298e-02
   1.3954550e-02
   1.7639272e-02
   1.7955298e-02
   1.5437823e-02
   4.6110805e-02
   3.3282552e-02
   3.7028555e-02
   2.0951314e-02
   3.7863657e-02
   1.6546378e-02
   3.2366060e-02
   1.7078221e-02
   2.3284594e-02
   1.8785005e-02
   4.5129798e-02
   1.6533416e-02
   1.2010008e-02
   2.0017188e-02
   2.2790816e-02
   2.8684914e-02
   5.0283883e-02
   5.6714032e-02
   5.0095771e-02
   2.0945337e-02
   4.5057502e-02
   3.1320348e-02
   4.2638559e-02
   1.8434886e-02
   4.1354991e-02
   3.6620058e-02
   6.2738955e-02
   1.5834358e-02
   2.5427209e-02
   3.7565753e-02
   2.9403232e-02
   2.9835921e-02
   1.0255323e-01
   7.2509699e-02
   3.1988900e-02
   2.0213537e-02
   8.5975811e-02
   3.0859651e-02
   2.4839872e-02
   1.6594945e-02
   7.6992057e-02
   3.0725893e-02
   3.4172393e-02
   1.1590576e-02
   3.8336206e-02
   2.9240735e-02
   2.1471841e-02
   1.7508615e-02
   9.4837993e-02
   4.2405006e-02
   2.5257254e-02
   1.9747891e-02
   6.1546218e-02
   1.6092621e-02
   1.8801846e-02
   1.4854854e-02
   4.0202413e-02
   1.7234340e-02
   2.4709521e-02
   1.1027263e-02
   1.7364746e-02
   1.7959343e-02
   1.8494966e-02
   1.7605798e-02
   4.6191856e-02
   6.6417515e-02
   5.9620813e-02
   2.5174320e-02
   3.9281357e-02
   2.6309676e-02
   2.8852729e-02
   1.6092708e-02
   4.1077256e-02
   3.9950825e-02
   4.1238867e-02
   1.3939527e-02
   2.5721105e-02
   2.7582910e-02
   3.1849001e-02
   1.8320577e-02
   3.6473498e-02
   1.7431886e-01
   1.5849827e-01
   5.4485053e-02
   4.1333824e-02
   7.4014857e-02
   6.7652285e-02
   2.3902340e-02
   1.0586749e-01
   1.3114949e-01
   1.0453884e-01
   2.4863815e-02
   8.0149382e-02
   7.1826816e-02
   7.1958609e-02
   2.5894120e-02
   3.5117816e-02
   8.1155725e-02
   7.1404517e-02
   2.7503373e-02
   3.5415910e-02
   3.5174843e-02
   3.5518177e-02
   1.3965389e-02
   5.2243199e-02
   5.9191830e-02
   5.2528255e-02
   1.4510164e-02
   3.6022067e-02
   3.9531264e-02
   3.9180387e-02
   1.6130181e-02
   3.7378363e-02
   3.3044484e-02
   3.0590182e-02
   1.7742177e-02
   3.1887736e-02
   1.4341963e-02
   2.3534795e-02
   1.1723933e-02
   2.0819988e-02
   1.6043365e-02
   2.7089637e-02
   1.1247475e-02
   1.0841476e-02
   1.7216323e-02
   1.8370884e-02
   1.3841405e-02
   4.3897010e-02
   4.1311570e-02
   5.4144617e-02
   1.9105123e-02
   3.9016619e-02
   2.0338159e-02
   5.0012037e-02
   1.4751576e-02
   2.5314562e-02
   2.1211261e-02
   7.1072578e-02
   2.2708848e-02
   1.3600140e-02
   2.3635205e-02
   2.6206791e-02
   3.5106838e-02
   6.1872967e-02
   8.1651278e-02
   7.5498253e-02
   1.6558405e-02
   6.0161732e-02
   4.8020788e-02
   6.4056993e-02
   1.5214238e-02
   6.1704509e-02
   6.3484721e-02
   9.8055251e-02
   1.9853748e-02
   4.2710640e-02
   5.9224993e-02
   3.5862017e-02
   3.9246388e-02
   1.5911756e-01
   1.0461143e-01
   3.8059581e-02
   1.4423011e-02
   1.3367714e-01
   4.7274578e-02
   3.4571972e-02
   1.0848564e-02
   1.2296549e-01
   5.2628037e-02
   3.8136154e-02
   9.5877433e-03
   6.2417977e-02
   4.4247441e-02
   2.3840938e-02
   1.4793267e-02
   1.4440204e-01
   5.8456071e-02
   3.0248692e-02
   1.3036132e-02
   8.9408457e-02
   2.0758172e-02
   2.1121347e-02
   9.3232356e-03
   5.8078621e-02
   1.9569619e-02
   2.1831680e-02
   8.5079987e-03
   2.4266606e-02
   1.8668124e-02
   1.9400517e-02
   1.1135087e-02
   4.4344999e-02
   8.3671391e-02
   7.7701591e-02
   2.6071237e-02
   3.5592355e-02
   3.3355672e-02
   3.6744282e-02
   1.2833498e-02
   5.1554229e-02
   5.2377570e-02
   4.6714146e-02
   1.3584670e-02
   3.2870069e-02
   3.7770327e-02
   3.6665417e-02
   1.5826032e-02
   5.1847599e-02
   3.0320141e-01
   2.9545304e-01
   1.1414933e-01
   5.3493537e-02
   1.2078942e-01
   1.1212842e-01
   3.9774328e-02
   1.2550476e-01
   1.6324836e-01
   1.3431822e-01
   4.6564728e-02
   1.0895862e-01
   9.9374808e-02
   1.0637538e-01
   4.0070113e-02
   5.0237384e-02
   1.3543114e-01
   1.2531352e-01
   4.4059321e-02
   4.4180296e-02
   5.4709703e-02
   5.3109352e-02
   1.8300015e-02
   6.6064008e-02
   7.2601609e-02
   6.5745093e-02
   2.4364423e-02
   4.8449181e-02
   5.0251275e-02
   5.7617608e-02
   2.4730384e-02
   5.4320540e-02
   3.9001953e-02
   3.2964222e-02
   1.9524164e-02
   4.7570538e-02
   1.6808569e-02
   3.5050023e-02
   1.2002223e-02
   3.3549577e-02
   1.9234130e-02
   3.5256729e-02
   1.6450861e-02
   1.6394459e-02
   2.3562953e-02
   2.7168563e-02
   2.5617942e-02
   6.0404688e-02
   4.4526812e-02
   7.0807412e-02
   2.3912851e-02
   5.4165546e-02
   2.7765660e-02
   6.6591643e-02
   1.7193316e-02
   3.9900806e-02
   2.7319027e-02
   9.8164469e-02
   4.3117385e-02
   2.2880072e-02
   4.0235113e-02
   3.9803192e-02
   6.8024963e-02
   8.9298464e-02
   9.6915357e-02
   1.0039254e-01
   1.9099360e-02
   8.8367440e-02
   5.9262987e-02
   7.9151347e-02
   1.9219812e-02
   8.6816899e-02
   9.4022945e-02
   1.3418472e-01
   3.7811700e-02
   6.9663920e-02
   1.0367214e-01
   5.5383414e-02
   7.6141588e-02
   2.1686424e-01
   1.1031804e-01
   4.5663353e-02
   1.7661827e-02
   1.9133435e-01
   5.8166835e-02
   4.4123359e-02
   1.1070966e-02
   1.8604191e-01
   7.6563925e-02
   4.3839652e-02
   1.2752400e-02
   9.6572116e-02
   7.9011977e-02
   3.3547729e-02
   2.3374520e-02
   2.0093523e-01
   5.0595488e-02
   3.8853221e-02
   1.5539145e-02
   1.3384855e-01
   2.7486874e-02
   3.0308669e-02
   8.2739703e-03
   8.3851837e-02
   2.7585831e-02
   2.6050612e-02
   1.0112853e-02
   3.5687275e-02
   3.2023873e-02
   2.2590499e-02
   1.5725177e-02
   6.8073578e-02
   1.3207187e-01
   1.3869837e-01
   4.9827844e-02
   5.4526642e-02
   5.2141786e-02
   5.4383766e-02
   1.7628120e-02
   7.1673848e-02
   6.3094743e-02
   5.3337313e-02
   2.0427268e-02
   4.3465320e-02
   5.2422054e-02
   4.7576804e-02
   2.1374198e-02
   6.9971502e-02
   1.4283818e-01
   1.3475388e-01
   5.8320146e-02
   6.8897270e-02
   1.8951537e-01
   1.8023995e-01
   7.8589641e-02
   1.9116791e-01
   2.5176081e-01
   2.2657700e-01
   8.1112489e-02
   1.8084383e-01
   1.7074931e-01
   2.1559967e-01
   8.2256474e-02
   6.7921244e-02
   6.8462797e-02
   6.5156057e-02
   2.9486803e-02
   5.8464933e-02
   8.5196011e-02
   7.6943420e-02
   3.3056315e-02
   1.0206488e-01
   1.0902593e-01
   1.0620146e-01
   3.8435664e-02
   8.3498202e-02
   8.2793109e-02
   1.0628061e-01
   4.4545207e-02
   7.2426960e-02
   2.7630968e-02
   3.0240895e-02
   2.1312829e-02
   6.4093217e-02
   2.2127319e-02
   5.0102785e-02
   1.8969450e-02
   5.4340109e-02
   1.7584886e-02
   4.0607452e-02
   1.9625744e-02
   2.7635695e-02
   3.2158714e-02
   4.9276646e-02
   4.0176183e-02
   8.2149833e-02
   3.5634119e-02
   7.5361595e-02
   3.3942375e-02
   7.1020983e-02
   2.8179133e-02
   7.3964797e-02
   2.4162287e-02
   4.7305513e-02
   2.5150407e-02
   1.0671166e-01
   5.9973445e-02
   3.6341917e-02
   5.8950774e-02
   6.1954651e-02
   1.0152871e-01
   8.0277868e-02
   9.8654337e-02
   1.3004880e-01
   2.7625637e-02
   8.3329655e-02
   4.8417658e-02
   8.2435541e-02
   3.1974051e-02
   8.4051423e-02
   1.0211968e-01
   1.3385430e-01
   5.8113720e-02
   9.2768699e-02
   1.5939891e-01
   8.0819584e-02
   1.1264558e-01
   1.4123303e-01
   1.0496552e-01
   6.0323499e-02
   1.8381642e-02
   1.3027309e-01
   4.5591895e-02
   6.0357276e-02
   1.8388996e-02
   1.8240593e-01
   8.4535383e-02
   3.7895605e-02
   1.6944675e-02
   1.1998634e-01
   1.1921754e-01
   4.6580907e-02
   3.6683369e-02
   1.6073838e-01
   3.7364200e-02
   3.0401949e-02
   1.3660266e-02
   1.1327340e-01
   3.4289602e-02
   4.8075404e-02
   1.4968554e-02
   7.9482079e-02
   3.0400708e-02
   2.6591362e-02
   1.4753463e-02
   4.6621487e-02
   4.5872461e-02
   3.5850983e-02
   2.9628718e-02
   7.5089723e-02
   6.0253430e-02
   6.8285778e-02
   2.8084787e-02
   6.5542169e-02
   8.1240721e-02
   8.2488433e-02
   3.5529602e-02
   1.0974600e-01
   9.3727961e-02
   8.4394932e-02
   3.0679779e-02
   7.2641164e-02
   8.2778931e-02
   8.5266121e-02
   3.7771735e-02
