   2.1827813e-02
   3.1971589e-02
   3.7949942e-02
   5.9894335e-02
   1.6254509e-02
   3.6568869e-02
   7.4004047e-02
   6.0235240e-02
   1.6672386e-02
   6.0657971e-02
   6.5354325e-02
   6.2053349e-02
   9.0714181e-03
   2.1984534e-02
   2.9208152e-02
   3.7966959e-02
   3.0492468e-02
   2.1746369e-02
   2.6625903e-02
   4.8445307e-02
   1.5916264e-02
   2.6925649e-02
   4.1553091e-02
   5.9852760e-02
   1.6405866e-02
   3.4033827e-02
   4.4244852e-02
   6.0062636e-02
   7.5403517e-03
   1.1621512e-02
   1.8580319e-02
   3.9464355e-02
   3.1167457e-02
   1.9256422e-02
   1.9151058e-02
   4.2402100e-02
   1.6339727e-02
   1.9559227e-02
   2.5662601e-02
   5.9243247e-02
   1.6336294e-02
   1.5921352e-02
   3.8482457e-02
   6.6621639e-02
   7.3232707e-03
   5.8278888e-03
   1.3282058e-02
   5.0331388e-02
   2.0299720e-02
   2.1312403e-02
   2.0370372e-02
   4.4991717e-02
   1.9369517e-02
   2.3915183e-02
   2.6778797e-02
   6.1883673e-02
   1.7801374e-02
   1.4816227e-02
   3.0379701e-02
   6.0151063e-02
   6.8424330e-03
   5.1961630e-03
   2.2546357e-02
   3.8188584e-02
   2.1272479e-02
   1.3503365e-02
   3.2024819e-02
   5.2789677e-02
   2.2365738e-02
   3.5835776e-02
   3.4869831e-02
   6.7179158e-02
   2.0645324e-02
   1.7441045e-02
   2.7132632e-02
   5.3408202e-02
   8.0008805e-03
   5.5614505e-03
   2.1082068e-02
   3.2072462e-02
   1.8307786e-02
   1.1798463e-02
   3.4990016e-02
   5.1221207e-02
   1.7849537e-02
   2.1353181e-02
   2.9513009e-02
   6.0005035e-02
   1.8403670e-02
   2.2365881e-02
   2.3104452e-02
   5.2251045e-02
   7.8364378e-03
   5.5822218e-03
   1.3965168e-02
   3.2099932e-02
   1.8765422e-02
   1.2104789e-02
   2.6156593e-02
   6.1754737e-02
   1.6805680e-02
   1.4824309e-02
   3.3360887e-02
   6.1222915e-02
   2.3608994e-02
   2.6390949e-02
   2.2447607e-02
   5.1800024e-02
   1.4358500e-02
   6.3588684e-03
   1.4109761e-02
   3.1570911e-02
   1.9052299e-02
   1.8814329e-02
   2.7622186e-02
   5.5176809e-02
   1.6265955e-02
   2.2683276e-02
   4.7139972e-02
   6.3524358e-02
   2.2375058e-02
   3.7459951e-02
   3.7309244e-02
   5.5877578e-02
   1.4699610e-02
   1.1925237e-02
   1.8900128e-02
   3.4031942e-02
   1.7041190e-02
   3.3329863e-02
   3.6867898e-02
   6.0737293e-02
   9.7916601e-03
   5.4728042e-02
   8.2227863e-02
   3.2410767e-02
   1.0752641e-02
   5.7689693e-02
   6.5090902e-02
   3.5323642e-02
   8.0144973e-03
   2.5942765e-02
   3.2776564e-02
   2.8213380e-02
   2.7781861e-02
   2.1240810e-02
   2.4342334e-02
   4.0519267e-02
   9.5823267e-03
   3.8896032e-02
   4.0696982e-02
   3.1325877e-02
   1.0231126e-02
   3.1670667e-02
   4.3742608e-02
   4.0093038e-02
   5.1592533e-03
   1.2357093e-02
   1.7733278e-02
   3.1753376e-02
   2.7771603e-02
   1.7934119e-02
   1.6553834e-02
   3.3574708e-02
   9.6853767e-03
   2.3886321e-02
   2.2490779e-02
   3.2731045e-02
   1.0645308e-02
   1.5840000e-02
   3.8410988e-02
   5.3797841e-02
   4.6520443e-03
   4.5766481e-03
   1.1005563e-02
   4.6047796e-02
   1.5475539e-02
   1.8646223e-02
   1.9428441e-02
   4.1637294e-02
   1.4018446e-02
   3.1062577e-02
   2.8116366e-02
   3.4090996e-02
   1.3073958e-02
   1.5020782e-02
   3.1762283e-02
   4.1583467e-02
   4.2320811e-03
   4.1874363e-03
   2.8092314e-02
   2.9325422e-02
   1.6388651e-02
   1.1951841e-02
   3.7695874e-02
   4.9628746e-02
   2.0947903e-02
   4.7280520e-02
   4.2721778e-02
   3.5480641e-02
   1.8676678e-02
   1.8905941e-02
   2.7617982e-02
   3.3992711e-02
   5.5414424e-03
   5.1099914e-03
   2.7007431e-02
   1.9671863e-02
   1.1538969e-02
   8.9653544e-03
   4.3613352e-02
   5.0088767e-02
   1.2580710e-02
   2.6562188e-02
   3.1259231e-02
   3.4488928e-02
   1.2969241e-02
   2.7376486e-02
   2.1925712e-02
   2.9228026e-02
   6.2053618e-03
   5.9815738e-03
   1.0802067e-02
   1.7929666e-02
   1.0965962e-02
   9.2054084e-03
   2.5736867e-02
   5.9420019e-02
   9.3685994e-03
   1.5669588e-02
   3.4370281e-02
   3.4264304e-02
   1.8547051e-02
   3.6137484e-02
   2.0944046e-02
   3.1920012e-02
   1.5679451e-02
   7.0007052e-03
   8.5213976e-03
   1.9678487e-02
   1.1622249e-02
   1.9247055e-02
   2.5578603e-02
   5.5081647e-02
   9.0647200e-03
   2.8817158e-02
   5.7214189e-02
   3.1909946e-02
   1.7408201e-02
   4.3628730e-02
   3.6804155e-02
   3.2408901e-02
   1.6942374e-02
   1.4214983e-02
   1.5952311e-02
   2.1730023e-02
   1.6790412e-02
   4.5172486e-02
   4.3117590e-02
   7.2218962e-02
   6.9909445e-03
   5.6337871e-02
   8.0355279e-02
   2.0644216e-02
   8.8539664e-03
   7.2438695e-02
   7.3010109e-02
   2.6924159e-02
   1.0891941e-02
   3.9491832e-02
   3.9103724e-02
   2.6499061e-02
   3.3464670e-02
   3.0753419e-02
   2.7041499e-02
   4.6407737e-02
   7.4202511e-03
   4.6995584e-02
   4.5548007e-02
   1.6914727e-02
   7.2609447e-03
   4.0169995e-02
   4.3427635e-02
   3.6263507e-02
   5.0597009e-03
   1.9045828e-02
   1.9695343e-02
   3.2626405e-02
   3.2822467e-02
   2.9090280e-02
   1.9700298e-02
   3.9767969e-02
   7.0951297e-03
   3.7614267e-02
   2.7031016e-02
   1.8108804e-02
   6.9862874e-03
   2.0900954e-02
   3.5490695e-02
   5.2872263e-02
   4.0988005e-03
   6.4103077e-03
   1.6073013e-02
   5.2643225e-02
   1.5659297e-02
   2.7427683e-02
   2.5431408e-02
   5.5083219e-02
   1.2003462e-02
   4.5651536e-02
   3.9645061e-02
   2.0773644e-02
   1.2291130e-02
   1.9530909e-02
   3.5452999e-02
   3.6885317e-02
   4.3385364e-03
   5.5820676e-03
   4.4483609e-02
   2.6515912e-02
   1.6788758e-02
   1.3071150e-02
   5.1178657e-02
   6.7392759e-02
   2.2671251e-02
   6.6287279e-02
   6.7699127e-02
   2.5537802e-02
   2.1793673e-02
   2.6416231e-02
   3.5823729e-02
   2.9547317e-02
   6.9929347e-03
   6.5993029e-03
   4.2771481e-02
   1.4075839e-02
   1.0450420e-02
   9.3507012e-03
   5.9413210e-02
   6.4634882e-02
   1.0241256e-02
   3.6740568e-02
   4.1147269e-02
   2.2889495e-02
   1.2116375e-02
   3.9857093e-02
   2.5425991e-02
   2.1513781e-02
   6.9301589e-03
   8.3047152e-03
   1.2200479e-02
   1.2583047e-02
   9.2107104e-03
   1.0928494e-02
   2.8008619e-02
   7.2116941e-02
   6.5762703e-03
   2.3025133e-02
   3.2316901e-02
   1.8585006e-02
   2.3623887e-02
   5.4525618e-02
   2.0653350e-02
   1.8770197e-02
   1.8831866e-02
   9.6169887e-03
   8.6058509e-03
   1.4206632e-02
   1.0127270e-02
   2.6514487e-02
   3.1886037e-02
   6.7079872e-02
   6.0561625e-03
   3.3652715e-02
   5.5786598e-02
   1.9600257e-02
   2.0960353e-02
   6.0688108e-02
   3.7488803e-02
   2.3350397e-02
   2.4355125e-02
   1.9728951e-02
   1.9385181e-02
   2.0406418e-02
   2.6676295e-02
   6.9780938e-02
   6.1743375e-02
   7.3829971e-02
   8.4616859e-03
   7.6260768e-02
   8.9888625e-02
   1.2076916e-02
   1.1428257e-02
   9.5570266e-02
   9.3352735e-02
   2.6474947e-02
   2.1522524e-02
   5.6044552e-02
   5.1201243e-02
   3.6101740e-02
   6.1790124e-02
   4.5989316e-02
   3.9854363e-02
   6.1174806e-02
   7.5130640e-03
   6.3976482e-02
   5.0637208e-02
   9.8703196e-03
   7.6297601e-03
   6.1424002e-02
   5.6767859e-02
   3.4118231e-02
   9.8345904e-03
   2.8371416e-02
   2.3999907e-02
   3.2189488e-02
   6.0520660e-02
   4.4478226e-02
   2.7087962e-02
   4.5485314e-02
   6.0122958e-03
   4.5853917e-02
   3.9375335e-02
   1.3365246e-02
   7.2617489e-03
   3.1792495e-02
   5.6242891e-02
   5.0290432e-02
   6.9811908e-03
   7.7822795e-03
   2.7262894e-02
   4.0393468e-02
   1.8153654e-02
   4.6496592e-02
   3.8391139e-02
   5.6689732e-02
   1.2122629e-02
   6.6659108e-02
   5.2119631e-02
   1.6177991e-02
   1.5041593e-02
   2.5577422e-02
   5.9581045e-02
   3.6907624e-02
   6.4509693e-03
   8.1158271e-03
   7.4682757e-02
   2.2947678e-02
   1.9083213e-02
   1.9852776e-02
   7.2467610e-02
   6.8837389e-02
   2.5931146e-02
   7.0798144e-02
   9.3984812e-02
   1.9554181e-02
   2.6646424e-02
   3.5204824e-02
   4.9211793e-02
   2.7572911e-02
   1.3178384e-02
   9.8065203e-03
   7.5628348e-02
   1.5336270e-02
   1.2332514e-02
   1.3296553e-02
   6.2195282e-02
   6.4552933e-02
   1.0426361e-02
   4.5450006e-02
   6.0065307e-02
   1.8443102e-02
   1.4987880e-02
   5.4966461e-02
   3.3265781e-02
   1.5963729e-02
   1.2653746e-02
   1.1600518e-02
   2.0310186e-02
   1.3274006e-02
   1.2173140e-02
   1.6550492e-02
   3.2740518e-02
   5.9656169e-02
   6.6102920e-03
   3.3303197e-02
   4.5430880e-02
   1.5460390e-02
   3.4419671e-02
   6.7734204e-02
   2.4893396e-02
   1.8470943e-02
   3.6807481e-02
   1.3782889e-02
   1.4041044e-02
   1.5406483e-02
   1.5133581e-02
   4.4008657e-02
   4.0786941e-02
   5.6407604e-02
   7.8748045e-03
   4.7683019e-02
   5.3220522e-02
   1.5229461e-02
   3.2622118e-02
   8.8066570e-02
   4.3241501e-02
   1.9055007e-02
   5.0594933e-02
   2.9510448e-02
   2.4694599e-02
   2.5456978e-02
