   7.2404422e-02
   8.9928053e-02
   9.0698868e-02
   3.9693825e-02
   7.4617840e-02
   1.3843328e-01
   8.6224131e-02
   1.1042386e-02
   7.4169733e-02
   1.3539830e-01
   6.3344561e-02
   6.8655889e-03
   3.5650760e-02
   5.3810131e-02
   2.3590410e-02
   8.8611618e-03
   4.8674006e-02
   4.5292150e-02
   4.4326693e-02
   2.0156117e-02
   9.3084261e-02
   9.7831696e-02
   4.4230636e-02
   7.5423480e-03
   4.1551232e-02
   7.4262157e-02
   3.6196757e-02
   7.5921752e-03
   3.0038545e-02
   4.6546571e-02
   2.3810534e-02
   9.4994605e-03
   3.3286348e-02
   2.0395676e-02
   1.6080189e-02
   9.7142607e-03
   5.4345086e-02
   3.9869081e-02
   1.5670424e-02
   6.1914301e-03
   3.6508679e-02
   4.2024989e-02
   1.8952478e-02
   7.1582268e-03
   2.8771782e-02
   4.3402854e-02
   2.5873471e-02
   1.0705736e-02
   2.2494223e-02
   2.5794186e-02
   1.5609652e-02
   9.5487656e-03
   4.3634307e-02
   3.8943950e-02
   2.4102604e-02
   6.8009966e-03
   4.1279390e-02
   5.3111847e-02
   2.8984422e-02
   8.4393024e-03
   3.3639006e-02
   4.8609007e-02
   4.3113437e-02
   1.1875021e-02
   1.8254669e-02
   1.9955238e-02
   2.1446656e-02
   1.1707546e-02
   5.3685613e-02
   4.3566898e-02
   4.7077887e-02
   9.1959164e-03
   5.5113092e-02
   6.9726020e-02
   5.5723809e-02
   1.1156505e-02
   4.4970911e-02
   7.8426987e-02
   5.9847564e-02
   1.3561143e-02
   1.6175298e-02
   1.3430452e-02
   2.2716012e-02
   1.2920885e-02
   4.3601070e-02
   3.2831118e-02
   2.9558919e-02
   7.7792103e-03
   4.4828027e-02
   7.0950575e-02
   2.6012551e-02
   8.3860131e-03
   6.3137092e-02
   1.4074680e-01
   3.3599172e-02
   9.4327135e-03
   1.6848484e-02
   1.3900748e-02
   2.1386819e-02
   1.4380387e-02
   3.8723838e-02
   3.0709565e-02
   1.7505148e-02
   6.6168848e-03
   5.0689038e-02
   8.4732302e-02
   1.4341796e-02
   6.8431781e-03
   1.0203999e-01
   1.0279674e-01
   2.2703202e-02
   8.5121263e-03
   3.4801867e-02
   4.0304501e-02
   4.4715699e-02
   2.1830307e-02
   4.4907354e-02
   6.2110048e-02
   3.7432544e-02
   8.1152795e-03
   8.8154726e-02
   1.0356519e-01
   2.9339638e-02
   6.6982363e-03
   6.3964851e-02
   5.6752432e-02
   2.1181960e-02
   8.6032832e-03
   8.5599437e-02
   1.1335027e-01
   1.1023647e-01
   5.3689651e-02
   1.1034118e-01
   1.8487513e-01
   1.1783759e-01
   1.4140849e-02
   1.1642604e-01
   1.9180320e-01
   9.8754108e-02
   5.6022485e-03
   4.5952294e-02
   5.2199699e-02
   2.3375809e-02
   5.9700855e-03
   5.9271976e-02
   5.9950944e-02
   5.5522341e-02
   2.5977617e-02
   1.5232144e-01
   1.2407722e-01
   6.1136525e-02
   8.0253314e-03
   5.0545495e-02
   1.0183604e-01
   5.2776758e-02
   5.9429146e-03
   3.6058888e-02
   4.3404739e-02
   2.5577720e-02
   6.6796825e-03
   4.0302720e-02
   2.5951594e-02
   1.8945513e-02
   9.4614094e-03
   7.9808652e-02
   4.8407570e-02
   1.7651953e-02
   4.9497564e-03
   4.4305861e-02
   5.3721230e-02
   1.9030580e-02
   5.4830536e-03
   3.5026472e-02
   4.3066815e-02
   3.1459406e-02
   7.8256447e-03
   2.6006274e-02
   3.3216365e-02
   1.9860782e-02
   8.6393608e-03
   5.8355078e-02
   4.5892376e-02
   3.0222133e-02
   6.0055302e-03
   5.3371791e-02
   6.7791358e-02
   3.7900958e-02
   7.6214895e-03
   4.3807957e-02
   4.7536179e-02
   5.7091001e-02
   9.2034200e-03
   2.0791821e-02
   2.5343625e-02
   3.0745100e-02
   1.2489121e-02
   7.0060998e-02
   4.5062661e-02
   6.2484309e-02
   9.5992368e-03
   7.2174139e-02
   6.9805682e-02
   7.9972610e-02
   1.1411398e-02
   6.0126621e-02
   7.2480254e-02
   8.1861302e-02
   1.2017933e-02
   1.7783197e-02
   1.6635040e-02
   3.5319339e-02
   1.6176214e-02
   5.2815162e-02
   3.7061196e-02
   4.1702174e-02
   7.5808968e-03
   6.2610738e-02
   7.4580170e-02
   3.4535132e-02
   7.0698205e-03
   9.9712789e-02
   1.1562506e-01
   4.1601524e-02
   7.0301089e-03
   1.9549418e-02
   1.6349463e-02
   3.2497216e-02
   1.8074280e-02
   4.4221025e-02
   3.3630416e-02
   2.3345344e-02
   6.0408134e-03
   7.9087943e-02
   1.1081697e-01
   1.4137128e-02
   5.1383246e-03
   1.6434947e-01
   1.0510078e-01
   2.3551524e-02
   6.0871416e-03
   4.0621981e-02
   4.9982578e-02
   5.3443216e-02
   2.8008088e-02
   4.9704425e-02
   7.4897088e-02
   4.9301818e-02
   8.4580723e-03
   1.4132863e-01
   1.4773135e-01
   4.0850114e-02
   5.0183018e-03
   9.9918477e-02
   5.8778383e-02
   2.1077210e-02
   5.8900779e-03
   1.0555888e-01
   1.3903819e-01
   1.6208963e-01
   8.9087322e-02
   1.6432959e-01
   1.3132015e-01
   6.0802840e-02
   1.2669154e-02
   1.7703550e-01
   8.7764472e-02
   1.6455207e-02
   4.6753022e-03
   7.7593379e-02
   4.9585830e-02
   2.5894383e-02
   4.5478186e-03
   7.6733425e-02
   7.3963560e-02
   7.7659756e-02
   4.3615051e-02
   2.2048119e-01
   1.0263187e-01
   3.6295857e-02
   7.4816793e-03
   8.4515005e-02
   5.3139947e-02
   1.6162626e-02
   5.3868331e-03
   5.7200659e-02
   4.5601260e-02
   3.3150963e-02
   4.8354664e-03
   5.9088066e-02
   3.8037613e-02
   2.4738479e-02
   1.3995591e-02
   1.1546791e-01
   5.2971873e-02
   1.8964475e-02
   5.3020893e-03
   7.2666056e-02
   5.2836146e-02
   1.5879018e-02
   5.0370465e-03
   5.6640040e-02
   4.8757240e-02
   4.4979937e-02
   7.9587242e-03
   3.4745034e-02
   5.2968960e-02
   2.7988354e-02
   1.2689563e-02
   8.6505063e-02
   5.1792022e-02
   4.0495045e-02
   7.0681660e-03
   7.7829838e-02
   6.0979094e-02
   5.4198526e-02
   8.6445324e-03
   7.0770800e-02
   4.6948940e-02
   8.9654215e-02
   1.1324117e-02
   3.0301746e-02
   3.9091505e-02
   4.2560190e-02
   2.2035081e-02
   9.3660377e-02
   4.4036396e-02
   8.4920339e-02
   1.3152061e-02
   8.9025699e-02
   7.6484099e-02
   1.1375848e-01
   1.5594622e-02
   7.7919841e-02
   7.9775907e-02
   1.2247469e-01
   1.5252741e-02
   2.5332939e-02
   2.1555986e-02
   5.9426013e-02
   2.9328581e-02
   7.5694680e-02
   3.6632266e-02
   5.6716911e-02
   9.3190540e-03
   8.7270454e-02
   5.3575579e-02
   4.6484176e-02
   8.4808888e-03
   1.3467234e-01
   7.9140231e-02
   5.7177410e-02
   7.0371921e-03
   2.5954816e-02
   2.0037139e-02
   5.2860808e-02
   3.0510731e-02
   7.1712397e-02
   3.3577990e-02
   3.1828295e-02
   6.0476591e-03
   1.3288757e-01
   8.1732340e-02
   1.2346965e-02
   5.2790297e-03
   2.6541734e-01
   6.0233314e-02
   2.4682309e-02
   4.2918511e-03
   5.4219104e-02
   5.5549074e-02
   7.3650829e-02
   4.3991778e-02
   8.2250267e-02
   5.3719420e-02
   3.1562924e-02
   7.8729773e-03
   2.3096243e-01
   1.1055525e-01
   1.3326207e-02
   4.1721775e-03
   1.7178662e-01
   4.0686402e-02
   2.3417767e-02
   5.0922185e-03
   1.1405023e-01
   1.0519508e-01
   1.3394977e-01
   1.1989207e-01
   1.5252320e-01
   8.4319144e-02
   4.8724212e-02
   1.3915380e-02
   1.6837227e-01
   3.9597053e-02
   1.2178966e-02
   4.7175218e-03
   8.0899276e-02
   4.0047765e-02
   3.5768073e-02
   4.8966138e-03
   7.1295373e-02
   5.4451063e-02
   6.6137552e-02
   6.3211188e-02
   1.9619784e-01
   7.2178043e-02
   3.0088106e-02
   9.4855046e-03
   8.9989200e-02
   2.8356476e-02
   1.4983816e-02
   5.9576072e-03
   7.9573184e-02
   4.7617353e-02
   5.7268072e-02
   5.6012473e-03
   5.5265058e-02
   5.1395722e-02
   2.8332328e-02
   2.2938242e-02
   1.1278410e-01
   5.5506848e-02
   2.1366809e-02
   8.0513693e-03
   9.8091811e-02
   3.8097300e-02
   2.0588415e-02
   5.9664752e-03
   7.0293531e-02
   4.0822539e-02
   7.1363322e-02
   8.4912702e-03
   4.5506779e-02
   6.9967560e-02
   2.8054003e-02
   2.3282833e-02
   9.1681927e-02
   5.6171309e-02
   3.9691437e-02
   1.3592394e-02
   9.4894409e-02
   3.8369682e-02
   6.5404102e-02
   1.6595513e-02
   7.1480423e-02
   4.4357613e-02
   1.4133899e-01
   1.7375303e-02
   4.7336023e-02
   5.3310692e-02
   5.6561336e-02
   4.9480274e-02
   1.2959440e-01
   4.7296058e-02
   8.7085538e-02
   3.0161817e-02
   1.3266240e-01
   5.4937012e-02
   1.2870347e-01
   3.0067394e-02
   1.0372095e-01
   8.6623080e-02
   1.5843481e-01
   2.7639024e-02
   3.4773953e-02
   2.5845094e-02
   8.2004957e-02
   5.7924181e-02
   8.1629418e-02
   3.1012828e-02
   6.9349267e-02
   1.8600073e-02
   8.8396080e-02
   3.1590413e-02
   5.4669693e-02
   1.5269041e-02
   9.0704739e-02
   8.3591297e-02
   7.4492559e-02
   9.5918849e-03
   2.7245166e-02
   2.7752243e-02
   7.2651841e-02
   5.1463351e-02
   9.1766611e-02
   3.3376765e-02
   4.4682488e-02
   8.6398041e-03
   1.0581294e-01
   3.6396816e-02
   1.3465474e-02
   4.3778513e-03
   1.5267152e-01
   4.6681091e-02
   2.9223807e-02
   4.6099168e-03
   6.4837508e-02
   5.0401360e-02
   6.8287224e-02
   5.9819583e-02
   8.7428398e-02
   4.4673365e-02
   3.3455331e-02
   1.1093492e-02
   1.9785915e-01
   5.4002259e-02
   9.9071087e-03
   2.9808828e-03
   1.3575210e-01
   3.1271059e-02
   2.9283635e-02
   4.6989932e-03
