   1.3191981e-02
   2.9921882e-02
   3.4440972e-02
   3.6282130e-02
   7.3556043e-03
   5.0084151e-02
   7.3100932e-02
   3.9469682e-02
   6.6625965e-03
   4.4224497e-02
   5.3754076e-02
   3.3188026e-02
   9.6432082e-03
   2.6708063e-02
   3.0389195e-02
   3.0148074e-02
   1.6886825e-02
   1.8562300e-02
   2.5220579e-02
   3.4604255e-02
   7.6751201e-03
   3.4775861e-02
   4.2755108e-02
   3.6488310e-02
   6.6514732e-03
   3.2988258e-02
   3.5084821e-02
   3.6049139e-02
   9.1896541e-03
   1.3711743e-02
   2.1415671e-02
   3.1910494e-02
   2.1713788e-02
   1.2538812e-02
   2.0584641e-02
   3.5221629e-02
   8.3441529e-03
   2.8446387e-02
   3.0060774e-02
   3.8083676e-02
   6.4487499e-03
   2.5266284e-02
   2.9380195e-02
   3.6308363e-02
   8.7048002e-03
   9.1275135e-03
   1.9423284e-02
   4.9789563e-02
   1.6424855e-02
   1.4557362e-02
   2.5959821e-02
   3.7955336e-02
   1.4677661e-02
   4.5060623e-02
   3.9019220e-02
   4.0636145e-02
   8.9017488e-03
   4.1094624e-02
   4.1175853e-02
   3.7545599e-02
   8.6975424e-03
   9.6314764e-03
   2.6648065e-02
   5.2295506e-02
   1.8965341e-02
   1.8719578e-02
   3.7946619e-02
   4.3414414e-02
   2.4101529e-02
   7.1723290e-02
   5.7102241e-02
   4.8388951e-02
   1.2386829e-02
   7.1072817e-02
   5.6071568e-02
   4.4376604e-02
   9.3612447e-03
   1.1246630e-02
   2.9537350e-02
   3.7424717e-02
   1.4162525e-02
   1.3067648e-02
   3.1424295e-02
   4.6712726e-02
   1.2339957e-02
   3.9174806e-02
   4.0073927e-02
   4.0551830e-02
   8.1345122e-03
   3.8449161e-02
   3.5598852e-02
   3.7844397e-02
   9.9072577e-03
   9.9122468e-03
   1.9420309e-02
   3.2716013e-02
   1.2580842e-02
   1.3750763e-02
   2.4783747e-02
   5.0034143e-02
   7.9079736e-03
   2.6418872e-02
   3.0629359e-02
   3.5707165e-02
   6.4655473e-03
   2.6621260e-02
   2.7733209e-02
   3.3525232e-02
   1.0126208e-02
   9.3740178e-03
   1.8425297e-02
   3.0629203e-02
   1.1935443e-02
   1.9709006e-02
   2.5777761e-02
   3.7897557e-02
   7.4372767e-03
   3.6076881e-02
   4.7933504e-02
   3.8822901e-02
   6.7568175e-03
   3.4274779e-02
   3.7355430e-02
   3.2167654e-02
   9.5236646e-03
   1.5358119e-02
   2.2359325e-02
   2.9271154e-02
   1.1414423e-02
   4.1113574e-02
   3.5916384e-02
   2.1486895e-02
   5.1184609e-03
   4.9391739e-02
   7.7434897e-02
   2.5949739e-02
   4.4767433e-03
   4.0466145e-02
   5.2861702e-02
   2.0143289e-02
   7.0561375e-03
   3.2332040e-02
   3.1922255e-02
   1.9478371e-02
   1.3769768e-02
   1.9635174e-02
   2.1797407e-02
   2.1354685e-02
   5.3577828e-03
   3.7177969e-02
   4.1985337e-02
   2.2832459e-02
   4.5425710e-03
   3.0032190e-02
   3.2821033e-02
   2.2852676e-02
   6.1527584e-03
   1.5325841e-02
   1.9314677e-02
   2.1023588e-02
   1.7186625e-02
   1.2860089e-02
   1.5927559e-02
   2.2974359e-02
   6.8391305e-03
   3.7421864e-02
   2.8484084e-02
   2.1962749e-02
   5.5405381e-03
   2.9780706e-02
   2.7983062e-02
   2.2881189e-02
   5.6434963e-03
   8.5974736e-03
   1.7779790e-02
   4.1387141e-02
   1.2996222e-02
   1.5333452e-02
   2.4293212e-02
   2.5184339e-02
   1.5334827e-02
   4.9223166e-02
   4.2898908e-02
   2.6538098e-02
   9.5916130e-03
   4.3287132e-02
   4.5943908e-02
   2.8190302e-02
   6.2250304e-03
   9.2451042e-03
   3.2159731e-02
   4.6375457e-02
   1.6773568e-02
   2.2540165e-02
   4.5270976e-02
   3.1337023e-02
   2.5640193e-02
   7.8646190e-02
   6.8388999e-02
   3.5579257e-02
   1.6849674e-02
   7.9986088e-02
   6.9527358e-02
   3.5907127e-02
   7.8813033e-03
   1.0965738e-02
   3.5816122e-02
   2.8500985e-02
   1.1194694e-02
   1.3310021e-02
   3.3603482e-02
   3.6885895e-02
   1.2071416e-02
   4.3132767e-02
   4.3269210e-02
   2.8964389e-02
   7.7180336e-03
   4.0904336e-02
   3.9107911e-02
   2.4974065e-02
   7.6387022e-03
   9.1384174e-03
   1.7388940e-02
   2.2423174e-02
   9.4987992e-03
   1.3170416e-02
   2.1209223e-02
   3.9578293e-02
   6.3615013e-03
   3.2332115e-02
   2.9567940e-02
   2.2729279e-02
   4.3479903e-03
   2.9073589e-02
   2.6087174e-02
   2.0688415e-02
   8.4271282e-03
   9.4842957e-03
   1.4605816e-02
   1.9997299e-02
   1.0502577e-02
   2.2703240e-02
   2.3576759e-02
   2.4746424e-02
   5.3895372e-03
   3.5652574e-02
   5.0033841e-02
   2.6305383e-02
   4.3281307e-03
   3.2863200e-02
   3.6629155e-02
   1.9851800e-02
   7.1434714e-03
   1.7226825e-02
   2.1287324e-02
   1.8781837e-02
   1.3618991e-02
   7.9119459e-02
   5.4949686e-02
   1.5703321e-02
   5.2625597e-03
   5.6383159e-02
   9.3332261e-02
   1.6721493e-02
   4.6744682e-03
   5.5546507e-02
   5.8199286e-02
   1.5602468e-02
   8.3379447e-03
   6.2010594e-02
   4.8300691e-02
   1.4982990e-02
   1.9720392e-02
   3.4509748e-02
   2.6432276e-02
   1.5420740e-02
   5.5703046e-03
   4.9820229e-02
   5.6579705e-02
   1.4762150e-02
   4.5983861e-03
   3.7321448e-02
   4.5279793e-02
   1.7966677e-02
   6.8370351e-03
   2.6341021e-02
   2.2647342e-02
   1.6834153e-02
   2.5886474e-02
   1.3152367e-02
   1.5224907e-02
   1.8168146e-02
   7.0115351e-03
   4.5290623e-02
   3.8355771e-02
   1.5419871e-02
   4.9647689e-03
   2.8877417e-02
   3.6241062e-02
   1.5878648e-02
   5.5692070e-03
   9.0970993e-03
   1.8838126e-02
   4.1047841e-02
   1.7937489e-02
   1.3172734e-02
   2.8472846e-02
   2.2231534e-02
   2.0381551e-02
   4.9321380e-02
   5.9106234e-02
   2.2724940e-02
   1.4103961e-02
   4.4161201e-02
   6.7362711e-02
   2.4759123e-02
   7.6117422e-03
   1.0563640e-02
   4.5806095e-02
   4.8648153e-02
   2.3374451e-02
   1.9478196e-02
   6.4718045e-02
   2.6505927e-02
   3.8441453e-02
   8.5854456e-02
   9.6668944e-02
   3.8591482e-02
   2.9468076e-02
   8.6606465e-02
   9.9728204e-02
   4.0968094e-02
   1.0146626e-02
   1.2827286e-02
   5.3527527e-02
   2.3353465e-02
   1.3970928e-02
   1.3101376e-02
   4.4092089e-02
   3.5628676e-02
   1.4829712e-02
   4.2078741e-02
   5.3023424e-02
   2.3584859e-02
   1.1545608e-02
   4.0432770e-02
   4.8302945e-02
   2.4785427e-02
   9.9174706e-03
   1.1160349e-02
   1.9885439e-02
   1.7009119e-02
   9.4795087e-03
   1.3394225e-02
   2.0520844e-02
   3.5053369e-02
   6.9373162e-03
   3.7488010e-02
   3.8951579e-02
   1.5383544e-02
   3.7146565e-03
   2.6814699e-02
   2.8026788e-02
   1.3636673e-02
   1.1454558e-02
   1.0553093e-02
   1.3421235e-02
   1.5330344e-02
   1.1366303e-02
   4.0228207e-02
   3.3271626e-02
   1.8123373e-02
   5.4842518e-03
   4.7452275e-02
   6.1977565e-02
   1.7952904e-02
   4.2616106e-03
   4.3619040e-02
   4.0612228e-02
   1.3282437e-02
   7.8484593e-03
   2.9928045e-02
   2.7692458e-02
   1.2510866e-02
   2.4781920e-02
   1.4779881e-01
   1.0765581e-01
   2.0954784e-02
   3.5701804e-03
   6.7076817e-02
   1.4669724e-01
   1.4259300e-02
   7.7104312e-03
   7.3070452e-02
   7.6423109e-02
   1.6183302e-02
   1.4092999e-02
   8.8933036e-02
   5.8192566e-02
   1.3585890e-02
   3.2030601e-02
   6.3967310e-02
   4.7199290e-02
   1.7297445e-02
   5.8970223e-03
   5.5154026e-02
   7.5851403e-02
   1.0138410e-02
   6.9338125e-03
   3.8054980e-02
   6.8858847e-02
   1.5523720e-02
   1.1832272e-02
   3.9940324e-02
   2.5393546e-02
   1.7192671e-02
   4.2422727e-02
   1.8154323e-02
   2.4960378e-02
   1.6105633e-02
   8.3985468e-03
   4.3744877e-02
   5.2318275e-02
   9.0217981e-03
   6.6076010e-03
   2.6289316e-02
   4.6365686e-02
   1.6205175e-02
   1.0154965e-02
   1.4056273e-02
   2.6571771e-02
   4.1531023e-02
   2.6411897e-02
   1.9849800e-02
   2.9687995e-02
   2.0567114e-02
   2.8294910e-02
   6.5916821e-02
   7.8843184e-02
   2.8303195e-02
   2.2322087e-02
   5.1112175e-02
   7.8563750e-02
   3.0917985e-02
   1.2813435e-02
   1.6043160e-02
   7.1382418e-02
   4.4907905e-02
   3.1326186e-02
   2.8362865e-02
   7.4486062e-02
   2.6613224e-02
   5.5988438e-02
   1.0900839e-01
   1.4035457e-01
   6.1292253e-02
   4.7236405e-02
   1.0516411e-01
   1.1589994e-01
   5.8274135e-02
   1.6417377e-02
   1.7399667e-02
   8.9832157e-02
   2.6714919e-02
   2.2488171e-02
   1.7541461e-02
   5.5163823e-02
   3.7704047e-02
   1.8860502e-02
   4.5711536e-02
   7.4677579e-02
   2.8731711e-02
   1.8247848e-02
   5.2405663e-02
   5.1134504e-02
   3.0469354e-02
   1.7254835e-02
   1.5803661e-02
   2.7851613e-02
   1.8964259e-02
   1.7694851e-02
   1.4757175e-02
   3.0904321e-02
   3.5137620e-02
   8.5703079e-03
   3.1609092e-02
   6.3385464e-02
   1.4899004e-02
   4.3322151e-03
   2.3957955e-02
   3.4590971e-02
   1.5706394e-02
   2.1958200e-02
   1.8783204e-02
   1.8019443e-02
   1.7163197e-02
   2.1205140e-02
   7.0164479e-02
   5.9227172e-02
   1.9818317e-02
   6.2514017e-03
   5.3782634e-02
   1.1020101e-01
   1.5630109e-02
   6.5477728e-03
   4.7529090e-02
   4.6997190e-02
   1.3525358e-02
   1.2411434e-02
   4.7877919e-02
   3.5508309e-02
   1.3339259e-02
