   3.9870895e-02
   2.8604634e-02
   6.1119009e-02
   4.6444118e-02
   6.8463273e-02
   5.4721922e-02
   5.0541479e-02
   2.7330497e-02
   9.4339259e-02
   1.4410472e-01
   6.5363593e-02
   2.0079542e-02
   3.5422835e-02
   1.2004690e-01
   7.5222127e-02
   1.6415032e-02
   6.2164955e-02
   2.8170297e-02
   5.2126810e-02
   3.0501632e-02
   9.8656550e-02
   7.6205768e-02
   2.8427718e-02
   2.3349615e-02
   5.4692280e-02
   6.8948582e-02
   3.2241523e-02
   2.1030856e-02
   3.2114953e-02
   5.5410635e-02
   3.4581389e-02
   1.7483447e-02
   1.1997496e-01
   5.4525897e-02
   4.5147929e-02
   2.2883605e-02
   6.8002000e-02
   9.7776130e-02
   1.6257271e-02
   2.4323558e-02
   4.3219935e-02
   3.2004248e-02
   1.4629656e-02
   2.6700936e-02
   3.3977944e-02
   2.1749523e-02
   1.5784079e-02
   2.0098520e-02
   8.3174475e-02
   7.0053674e-02
   5.4106351e-02
   2.3828667e-02
   5.1731914e-02
   8.0985762e-02
   2.3111811e-02
   3.1495910e-02
   4.9912121e-02
   3.5874769e-02
   2.0530606e-02
   5.3956483e-02
   3.8488921e-02
   2.4793195e-02
   2.5987836e-02
   3.2908227e-02
   4.2455185e-02
   3.4833800e-02
   8.4982045e-02
   2.6078878e-02
   6.0503978e-02
   7.6380335e-02
   3.9463274e-02
   3.8514864e-02
   6.5777324e-02
   4.4870473e-02
   3.6535468e-02
   7.6173931e-02
   5.0503127e-02
   4.1012682e-02
   3.2420214e-02
   4.4823483e-02
   3.6417026e-02
   2.5753217e-02
   8.2990736e-02
   3.4027860e-02
   4.8824139e-02
   5.4734211e-02
   2.8807545e-02
   2.8618718e-02
   5.1501822e-02
   4.1073330e-02
   2.1625321e-02
   3.4662329e-02
   7.4859031e-02
   6.4885810e-02
   1.8129870e-02
   2.4372406e-02
   3.4578454e-02
   2.2021879e-02
   5.3299345e-02
   4.0313143e-02
   4.1916154e-02
   4.1649885e-02
   2.0840298e-02
   2.8289594e-02
   5.2177329e-02
   5.1666502e-02
   1.8451178e-02
   1.9601788e-02
   1.2674899e-01
   6.2154453e-02
   1.6051302e-02
   1.5996154e-02
   3.5398345e-02
   2.3166027e-02
   5.2854236e-02
   3.6485519e-02
   4.3876853e-02
   4.4153512e-02
   3.0092569e-02
   3.4219950e-02
   9.3363382e-02
   9.5410496e-02
   3.4102719e-02
   1.9563861e-02
   7.9949036e-02
   6.5596350e-02
   3.6479451e-02
   1.6025050e-02
   4.3300048e-02
   2.9083831e-02
   5.9810758e-02
   3.7050091e-02
   1.0042500e-01
   7.2481744e-02
   5.9238892e-02
   2.7805030e-02
   1.4513002e-01
   2.5816178e-01
   1.3850832e-01
   1.6746162e-02
   4.2672850e-02
   2.0566849e-01
   1.1655777e-01
   1.0385372e-02
   9.4301023e-02
   3.2305289e-02
   4.9038336e-02
   2.2611927e-02
   1.6036466e-01
   1.0842725e-01
   3.1243499e-02
   1.9468375e-02
   6.1928775e-02
   1.1755353e-01
   5.5517234e-02
   1.8529030e-02
   3.5391979e-02
   8.7183841e-02
   5.0903186e-02
   1.2355208e-02
   2.0065689e-01
   7.0570439e-02
   3.7934225e-02
   1.6449647e-02
   1.1107890e-01
   1.3177964e-01
   1.6879985e-02
   1.9730400e-02
   4.6706382e-02
   4.2162005e-02
   1.4525855e-02
   2.5880422e-02
   3.8294945e-02
   2.6701195e-02
   1.7786365e-02
   1.7060164e-02
   1.3777950e-01
   8.2114242e-02
   5.0930820e-02
   1.7233096e-02
   6.4396791e-02
   8.3674580e-02
   2.5739441e-02
   2.6231384e-02
   5.5920359e-02
   4.6196081e-02
   2.6508857e-02
   4.7398090e-02
   4.2483877e-02
   3.0864365e-02
   3.4972601e-02
   2.9267000e-02
   5.4898135e-02
   4.0251397e-02
   8.8464901e-02
   2.0519467e-02
   6.8251662e-02
   7.7547960e-02
   4.6428554e-02
   3.3249550e-02
   7.3915511e-02
   4.9669337e-02
   5.5531036e-02
   6.4541958e-02
   5.8348648e-02
   5.3996813e-02
   4.7624312e-02
   4.3242428e-02
   4.0354837e-02
   3.0420730e-02
   8.2516775e-02
   3.2838058e-02
   5.4526456e-02
   6.2429778e-02
   3.2839287e-02
   2.6103290e-02
   5.9760552e-02
   5.4470852e-02
   2.6202543e-02
   2.9629465e-02
   1.1223903e-01
   8.4412046e-02
   2.2936132e-02
   2.0106941e-02
   3.6394794e-02
   2.4753457e-02
   4.7787171e-02
   4.0988509e-02
   4.8119303e-02
   5.2447937e-02
   2.0832283e-02
   3.0857239e-02
   7.5291790e-02
   6.5186992e-02
   2.3636669e-02
   1.7166773e-02
   2.1141228e-01
   8.2217000e-02
   1.8414039e-02
   1.0578668e-02
   3.7534207e-02
   2.5317255e-02
   4.6093743e-02
   3.2777715e-02
   5.2216467e-02
   5.7630271e-02
   3.4426607e-02
   4.1757151e-02
   1.5105201e-01
   1.5102041e-01
   6.6371575e-02
   1.6868442e-02
   1.2674336e-01
   1.0495041e-01
   5.3905405e-02
   9.8492363e-03
   7.0901617e-02
   3.8118213e-02
   6.2578872e-02
   4.8655551e-02
   1.5665379e-01
   7.0299976e-02
   7.9957746e-02
   3.4442723e-02
   2.1218415e-01
   1.4701286e-01
   6.4283065e-02
   1.7056646e-02
   7.0671223e-02
   1.9290324e-01
   1.1027746e-01
   8.0430415e-03
   1.5509281e-01
   3.4244321e-02
   5.5366695e-02
   2.4183841e-02
   2.5461110e-01
   9.2287242e-02
   4.5492254e-02
   2.0410150e-02
   9.3681067e-02
   7.4504822e-02
   2.8417069e-02
   1.6489116e-02
   5.8969479e-02
   8.7373063e-02
   5.1289015e-02
   9.8933531e-03
   2.9647771e-01
   5.1090196e-02
   4.1495096e-02
   1.5295726e-02
   1.8280052e-01
   9.2290446e-02
   2.6748858e-02
   1.8453710e-02
   7.0623472e-02
   4.6566889e-02
   1.2210329e-02
   1.8199705e-02
   5.8222238e-02
   3.1227691e-02
   1.8816764e-02
   1.3139700e-02
   1.6570705e-01
   6.8288267e-02
   5.4507852e-02
   1.7394979e-02
   9.2897363e-02
   6.3300006e-02
   3.3490580e-02
   2.4630027e-02
   7.3887214e-02
   4.9466990e-02
   3.4187600e-02
   3.4016054e-02
   6.5333344e-02
   3.1361811e-02
   4.4917703e-02
   2.4596011e-02
   7.4442953e-02
   5.0770413e-02
   9.9769719e-02
   2.6011223e-02
   8.4921323e-02
   9.4515853e-02
   6.0230892e-02
   3.4013242e-02
   7.9486988e-02
   6.0933795e-02
   7.7711403e-02
   5.6590959e-02
   7.9768576e-02
   6.7580633e-02
   6.6916116e-02
   4.1700374e-02
   6.2855214e-02
   3.6660857e-02
   9.3606435e-02
   3.6797784e-02
   7.9305634e-02
   6.0777169e-02
   4.2128455e-02
   2.4818212e-02
   8.2758136e-02
   4.4736329e-02
   3.4726195e-02
   2.5135510e-02
   1.3608624e-01
   6.6816114e-02
   3.0652011e-02
   1.7800124e-02
   5.7002626e-02
   3.1771731e-02
   5.2867547e-02
   3.7272271e-02
   6.8573058e-02
   5.9222978e-02
   2.9908631e-02
   2.9330235e-02
   1.1335276e-01
   5.8678169e-02
   1.1408411e-02
   1.3903669e-02
   2.8390336e-01
   5.2787483e-02
   1.4299883e-02
   8.2096644e-03
   6.3702658e-02
   3.2050945e-02
   5.1033109e-02
   4.0129758e-02
   8.7144047e-02
   5.4113548e-02
   4.8589569e-02
   4.4863328e-02
   2.1699356e-01
   1.0546981e-01
   3.0576624e-02
   1.7332906e-02
   1.9288523e-01
   9.4455719e-02
   4.8294511e-02
   8.5787391e-03
   8.1187874e-02
   4.7339268e-02
   7.1632333e-02
   5.7762984e-02
   1.4269973e-01
   4.7996808e-02
   9.8159201e-02
   3.5733275e-02
   1.7573532e-01
   6.2214222e-02
   2.9918797e-02
   1.4094445e-02
   6.6066578e-02
   8.0305107e-02
   7.1618840e-02
   7.0784562e-03
   1.0750148e-01
   4.4599820e-02
   5.7952765e-02
   3.0035757e-02
   1.8993871e-01
   5.4345232e-02
   5.3447615e-02
   2.5417656e-02
   8.8715374e-02
   4.1625038e-02
   1.6378842e-02
   1.3626110e-02
   7.7018395e-02
   4.1559655e-02
   3.7160132e-02
   6.9802278e-03
   1.4028256e-01
   7.0229471e-02
   4.2815458e-02
   1.9703979e-02
   1.0840669e-01
   5.4820437e-02
   4.1590348e-02
   1.9974969e-02
   8.3798729e-02
   2.8520966e-02
   1.5436829e-02
   1.2337719e-02
   6.3948385e-02
   2.3147678e-02
   1.8830692e-02
   9.2627089e-03
   8.7366827e-02
   1.0346020e-01
   6.5092251e-02
   2.3223527e-02
   8.6077712e-02
   5.8941331e-02
   4.6790227e-02
   2.5845306e-02
   8.2095519e-02
   3.7295926e-02
   4.4801343e-02
   2.9923119e-02
   6.9543421e-02
   2.7308248e-02
   5.8752593e-02
   2.7330307e-02
   8.8577420e-02
   7.0944712e-02
   1.0840054e-01
   4.2111102e-02
   1.1840754e-01
   1.0117904e-01
   6.8163492e-02
   3.9372992e-02
   1.1172093e-01
   5.5654947e-02
   1.0276928e-01
   5.8289815e-02
   9.5166959e-02
   6.3558690e-02
   9.3607657e-02
   6.0420945e-02
   6.5672345e-02
   3.9644390e-02
   8.2447626e-02
   4.0442675e-02
   1.0034675e-01
   5.8102969e-02
   6.4071648e-02
   2.0516234e-02
   7.8880586e-02
   3.9715149e-02
   5.1056352e-02
   2.5813950e-02
   9.6100897e-02
   7.6075792e-02
   4.1543636e-02
   2.2216849e-02
   7.1348995e-02
   3.6153145e-02
   4.7868017e-02
   4.0975515e-02
   8.8503860e-02
   5.3059433e-02
   4.8567269e-02
   2.9559167e-02
   9.4069771e-02
   3.8008898e-02
   1.4049456e-02
   9.3923798e-03
   1.6133827e-01
   5.1311228e-02
   1.2020340e-02
   5.7521765e-03
   7.7236794e-02
   4.7801789e-02
   6.4418122e-02
   4.5977388e-02
   8.2796440e-02
   4.6580486e-02
   7.0604391e-02
   3.8979631e-02
   1.7916645e-01
   6.0079053e-02
   2.1015262e-02
   1.4571876e-02
   1.4848951e-01
   5.2657664e-02
   3.2642059e-02
   6.6829617e-03
