   3.6517803e-02
   3.1151216e-02
   3.5382602e-02
   4.0303264e-02
   4.3011047e-02
   3.1586017e-02
   3.9759517e-02
   3.3363894e-02
   8.5540367e-03
   1.2210450e-02
   1.0729152e-02
   2.9214859e-02
   1.7127339e-02
   9.7652553e-03
   1.5041526e-02
   2.9846566e-02
   3.0433990e-02
   2.8460678e-02
   2.6769953e-02
   3.8042467e-02
   3.2047436e-02
   2.6140409e-02
   2.6146729e-02
   3.0566659e-02
   5.2215359e-03
   7.9052197e-03
   8.3828345e-03
   2.7818661e-02
   1.6438700e-02
   7.7475370e-03
   1.3462313e-02
   2.8738510e-02
   3.2693792e-02
   2.6766192e-02
   2.5804242e-02
   3.9195202e-02
   3.3300314e-02
   2.2530906e-02
   2.2746414e-02
   3.0701101e-02
   4.5416234e-03
   6.8818098e-03
   7.5729154e-03
   2.7954753e-02
   1.6742166e-02
   6.7054657e-03
   1.3345106e-02
   2.9664388e-02
   4.3861348e-02
   3.0191178e-02
   2.8889971e-02
   4.4368468e-02
   4.4287100e-02
   2.9115839e-02
   2.5347870e-02
   3.4079403e-02
   5.1162303e-03
   8.0344006e-03
   8.4163575e-03
   3.0371960e-02
   1.7365886e-02
   7.0700804e-03
   1.5061427e-02
   3.4158885e-02
   3.7933633e-02
   3.3390898e-02
   3.5093155e-02
   5.1645488e-02
   3.7279669e-02
   3.0183110e-02
   3.1016655e-02
   3.8059793e-02
   5.4037012e-03
   7.9074511e-03
   1.1365090e-02
   3.2646369e-02
   1.8586185e-02
   7.4823848e-03
   1.8497648e-02
   3.5955656e-02
   3.0127984e-02
   2.7337303e-02
   3.0131172e-02
   4.9689282e-02
   2.9734014e-02
   2.2314498e-02
   2.6213216e-02
   3.7019245e-02
   4.5789606e-03
   5.9447126e-03
   1.0462227e-02
   3.0390890e-02
   1.7446950e-02
   7.0282388e-03
   1.6673461e-02
   3.2647878e-02
   2.7439397e-02
   2.6440343e-02
   2.5880173e-02
   4.0146533e-02
   2.7119594e-02
   2.2616677e-02
   2.2954790e-02
   3.1350315e-02
   3.9884662e-03
   5.6747752e-03
   8.0657918e-03
   2.7705561e-02
   1.5785255e-02
   6.6050645e-03
   1.3356003e-02
   2.9620374e-02
   2.9422233e-02
   2.7878799e-02
   2.7927505e-02
   3.8498867e-02
   3.1381208e-02
   2.7346497e-02
   2.7815674e-02
   3.0816175e-02
   5.4978817e-03
   8.2851080e-03
   8.8587953e-03
   2.7586706e-02
   1.5842929e-02
   7.4279485e-03
   1.3361020e-02
   2.8534846e-02
   4.7170501e-02
   3.9829306e-02
   4.7950022e-02
   4.1810166e-02
   6.3860007e-02
   4.4306621e-02
   5.8642101e-02
   3.6376849e-02
   1.1066413e-02
   1.7338201e-02
   1.1942519e-02
   2.8211057e-02
   1.5976600e-02
   1.2185141e-02
   1.5627474e-02
   2.9998200e-02
   3.4868781e-02
   3.6451645e-02
   3.1202883e-02
   3.8978238e-02
   3.8180120e-02
   3.4654263e-02
   3.2376133e-02
   3.1335074e-02
   6.0649626e-03
   1.0922236e-02
   9.0273116e-03
   2.6903944e-02
   1.5647236e-02
   8.4648626e-03
   1.3464360e-02
   2.9245803e-02
   3.8245484e-02
   3.1809110e-02
   2.8820191e-02
   3.9991383e-02
   4.1988529e-02
   2.6697109e-02
   2.5230218e-02
   3.1000953e-02
   5.2144574e-03
   8.7540420e-03
   8.0485847e-03
   2.7024180e-02
   1.6598081e-02
   6.7970110e-03
   1.3131694e-02
   3.0158285e-02
   5.7507519e-02
   3.4347426e-02
   3.2579660e-02
   4.3670226e-02
   6.8556964e-02
   3.5934187e-02
   2.8754300e-02
   3.3313625e-02
   6.0597025e-03
   1.0716097e-02
   8.7218760e-03
   2.8281044e-02
   1.5613040e-02
   7.0613855e-03
   1.4656527e-02
   3.5204519e-02
   4.4373170e-02
   3.9157543e-02
   4.2207498e-02
   5.2786484e-02
   4.8477769e-02
   3.6713403e-02
   3.7584879e-02
   3.8121425e-02
   5.9215454e-03
   1.0441864e-02
   1.2434635e-02
   2.9598903e-02
   1.5964832e-02
   7.4053686e-03
   1.8743074e-02
   3.6063831e-02
   3.1217135e-02
   3.0566126e-02
   3.4965318e-02
   5.3701613e-02
   3.4018651e-02
   2.4653165e-02
   3.0593732e-02
   3.9828274e-02
   4.8047970e-03
   7.4417000e-03
   1.1419362e-02
   2.8580667e-02
   1.5480765e-02
   6.9259540e-03
   1.7010303e-02
   3.2704618e-02
   2.8905261e-02
   3.1222774e-02
   2.8810779e-02
   4.1068729e-02
   3.0099673e-02
   2.7581958e-02
   2.5656387e-02
   3.2288469e-02
   4.2314725e-03
   7.3863328e-03
   8.5353833e-03
   2.6913483e-02
   1.4567949e-02
   6.6646347e-03
   1.3177344e-02
   3.0794032e-02
   3.3592671e-02
   3.4870569e-02
   3.4079097e-02
   3.9684281e-02
   3.8808633e-02
   3.7146144e-02
   3.6303956e-02
   3.2488473e-02
   6.5670102e-03
   1.1449016e-02
   9.5153656e-03
   2.6888080e-02
   1.4684067e-02
   8.2333619e-03
   1.3324728e-02
   2.9023765e-02
   5.7934169e-02
   5.1771026e-02
   6.4860456e-02
   3.8393784e-02
   7.9265982e-02
   6.4128496e-02
   8.2541510e-02
   3.7742913e-02
   1.2727289e-02
   2.2711677e-02
   1.2361972e-02
   2.5132041e-02
   1.2355607e-02
   1.5223186e-02
   1.5580714e-02
   2.9393723e-02
   3.5217416e-02
   4.4228170e-02
   3.4544531e-02
   3.2997116e-02
   4.0784143e-02
   4.5240168e-02
   3.9324641e-02
   2.8160054e-02
   6.5631401e-03
   1.3661614e-02
   9.0202335e-03
   2.3283442e-02
   1.2787130e-02
   9.1677606e-03
   1.2534757e-02
   2.6883919e-02
   3.7724238e-02
   3.3543166e-02
   2.7688961e-02
   3.3035569e-02
   3.5169628e-02
   2.9176174e-02
   2.5752826e-02
   2.6123241e-02
   5.0957240e-03
   9.8219030e-03
   7.8717330e-03
   2.3149736e-02
   1.5012263e-02
   6.2918901e-03
   1.1669663e-02
   2.7222412e-02
   6.4208016e-02
   3.5967298e-02
   3.2797746e-02
   3.6203969e-02
   5.0893798e-02
   4.2218659e-02
   3.1299733e-02
   2.7895136e-02
   5.3281547e-03
   1.2570304e-02
   8.5462630e-03
   2.3741083e-02
   1.2172675e-02
   6.5063252e-03
   1.3219611e-02
   3.3681337e-02
   4.6191797e-02
   4.2275142e-02
   4.7689881e-02
   4.6715651e-02
   4.1529488e-02
   4.2596459e-02
   4.5231618e-02
   3.3840142e-02
   5.7929084e-03
   1.1930751e-02
   1.3110390e-02
   2.4969645e-02
   1.1574523e-02
   6.7356606e-03
   1.8638954e-02
   3.3175141e-02
   2.7125705e-02
   3.0298907e-02
   3.7055511e-02
   4.8096579e-02
   2.8378660e-02
   2.5139971e-02
   3.4878876e-02
   3.6461312e-02
   4.8494115e-03
   8.4617948e-03
   1.2003900e-02
   2.4431808e-02
   1.1548280e-02
   6.3314103e-03
   1.6557522e-02
   2.9707538e-02
   2.5140287e-02
   3.3943951e-02
   2.8083837e-02
   3.4506988e-02
   2.5409518e-02
   3.0993670e-02
   2.6565721e-02
   2.8033257e-02
   4.0768301e-03
   8.7158913e-03
   8.2795313e-03
   2.3444321e-02
   1.0929718e-02
   6.1221700e-03
   1.1933058e-02
   2.9172342e-02
   3.5613272e-02
   4.1939061e-02
   4.0338479e-02
   3.4172874e-02
   4.3474670e-02
   4.8724107e-02
   4.6731863e-02
   3.0139403e-02
   7.1279528e-03
   1.4277581e-02
   9.3953144e-03
   2.3513326e-02
   1.0989503e-02
   9.0096928e-03
   1.2276212e-02
   2.7159417e-02
   5.9989695e-02
   7.8284025e-02
   9.1872834e-02
   3.5842169e-02
   9.4064318e-02
   1.0510085e-01
   1.3306171e-01
   4.2124681e-02
   1.6359584e-02
   2.6387185e-02
   1.3497206e-02
   2.1405058e-02
   9.9561028e-03
   1.7398069e-02
   1.4768182e-02
   3.0481055e-02
   3.4165837e-02
   6.5561824e-02
   3.9888810e-02
   2.6943702e-02
   4.5797687e-02
   7.1849898e-02
   5.3772010e-02
   2.5849817e-02
   7.5593288e-03
   1.5312416e-02
   8.4787533e-03
   1.8329134e-02
   1.1211158e-02
   9.7466428e-03
   1.1101940e-02
   2.3759304e-02
   3.6820326e-02
   4.2659059e-02
   2.5031829e-02
   2.4409093e-02
   3.3215545e-02
   4.2207193e-02
   2.6413530e-02
   2.0115804e-02
   5.0661461e-03
   1.0541604e-02
   6.3234055e-03
   1.7190306e-02
   1.5195835e-02
   5.4243607e-03
   9.2226285e-03
   2.2264803e-02
   6.6080898e-02
   4.1068386e-02
   3.1219136e-02
   2.7690426e-02
   3.9829381e-02
   6.1382521e-02
   3.3822712e-02
   2.1801857e-02
   5.3428141e-03
   1.5528755e-02
   7.6096598e-03
   1.7146403e-02
   9.9147102e-03
   5.9558842e-03
   1.1293728e-02
   3.1095902e-02
   4.8297327e-02
   4.6707682e-02
   5.0758079e-02
   3.8908731e-02
   3.7039053e-02
   5.9504539e-02
   5.3422332e-02
   2.8208725e-02
   5.9869606e-03
   1.3914845e-02
   1.5141963e-02
   1.8158814e-02
   8.0975592e-03
   6.2287552e-03
   1.9449344e-02
   2.9323403e-02
   2.2476202e-02
   3.1791233e-02
   3.6819845e-02
   3.8077056e-02
   2.3854567e-02
   2.9108388e-02
   3.8082112e-02
   3.1366792e-02
   4.6572769e-03
   8.9130122e-03
   1.3446040e-02
   1.7525895e-02
   7.8754537e-03
   5.6190910e-03
   1.6571322e-02
   2.6613265e-02
   2.0318279e-02
   4.2745136e-02
   2.6628504e-02
   2.4882879e-02
   2.0898905e-02
   4.2406961e-02
   2.7866384e-02
   2.1749323e-02
   3.6748683e-03
   9.4029810e-03
   7.2807400e-03
   1.7027572e-02
   7.1632825e-03
   5.1199691e-03
   9.4262110e-03
   2.7257012e-02
   3.5333537e-02
   5.9753295e-02
   4.9888026e-02
   2.8676769e-02
   4.8570674e-02
   7.8532457e-02
   6.7520171e-02
   2.8305611e-02
   8.5802106e-03
   1.6793704e-02
   9.1181835e-03
   1.8312076e-02
   7.7744448e-03
   9.2527941e-03
   1.0505067e-02
   2.4828589e-02
