   5.0740931e-02
   2.7354151e-02
   4.6263035e-02
   1.2247731e-02
   6.6366695e-02
   7.3019616e-02
   7.2083235e-02
   1.7226169e-02
   7.8866161e-02
   9.9798582e-02
   8.9907236e-02
   1.4043296e-02
   8.2263306e-02
   9.0291910e-02
   9.0358958e-02
   1.5998777e-02
   6.3788958e-02
   1.3690784e-02
   2.4919571e-02
   9.9898176e-03
   3.5177983e-02
   3.1801701e-02
   3.0907027e-02
   1.3566555e-02
   3.6815718e-02
   4.0080395e-02
   3.7183642e-02
   1.2404630e-02
   3.7987720e-02
   3.7212111e-02
   3.8543489e-02
   1.3373620e-02
   9.8501317e-02
   7.4555683e-03
   1.5028303e-02
   9.4732689e-03
   1.5870839e-02
   1.0483489e-02
   1.1305657e-02
   1.2277183e-02
   1.3983051e-02
   9.5206182e-03
   8.4538423e-03
   1.2015781e-02
   1.5751822e-02
   8.6487504e-03
   8.7299431e-03
   1.1039955e-02
   6.6586025e-02
   9.6898759e-03
   2.2446072e-02
   1.1477858e-02
   1.4571831e-02
   1.0315389e-02
   1.1533852e-02
   1.8692972e-02
   1.5075825e-02
   9.3491236e-03
   8.2897125e-03
   1.7276308e-02
   1.6569618e-02
   8.2569681e-03
   7.7001476e-03
   1.5137436e-02
   4.6977248e-02
   1.4498917e-02
   4.1231956e-02
   1.6809788e-02
   1.9060876e-02
   1.1878991e-02
   1.4275802e-02
   2.9694894e-02
   2.0063141e-02
   1.0623592e-02
   1.0080626e-02
   2.7391313e-02
   1.9355373e-02
   8.5081672e-03
   8.1387777e-03
   2.1741211e-02
   3.7340976e-02
   9.8521616e-03
   2.4279144e-02
   1.2317462e-02
   1.6325956e-02
   9.8556736e-03
   1.1479224e-02
   1.6939554e-02
   1.4762376e-02
   9.1809621e-03
   8.6350031e-03
   1.5500202e-02
   1.6758803e-02
   7.6534357e-03
   8.2401047e-03
   1.2119719e-02
   3.4566332e-02
   7.5749070e-03
   1.6409703e-02
   9.9461619e-03
   1.5204870e-02
   1.0377529e-02
   1.1335774e-02
   1.1792344e-02
   1.3739708e-02
   9.2281122e-03
   8.4316283e-03
   1.0886909e-02
   1.8287245e-02
   8.1756655e-03
   8.6754328e-03
   9.7949253e-03
   4.0137850e-02
   1.4604501e-02
   2.7543649e-02
   1.0088387e-02
   3.2502074e-02
   3.1913709e-02
   3.4655254e-02
   1.3976250e-02
   3.6510531e-02
   4.0710345e-02
   3.6086455e-02
   1.1708860e-02
   3.9892696e-02
   3.4711916e-02
   3.4786556e-02
   1.1763268e-02
   6.0449198e-02
   4.8742488e-02
   6.1667301e-02
   1.3473975e-02
   1.0452963e-01
   1.1365771e-01
   9.3446985e-02
   2.0865511e-02
   1.1218047e-01
   1.3289236e-01
   1.2894356e-01
   1.8589420e-02
   1.3069582e-01
   1.4786404e-01
   1.4185470e-01
   2.0358210e-02
   9.4468571e-02
   2.2464735e-02
   2.9360726e-02
   8.2765846e-03
   5.1657032e-02
   4.6449002e-02
   4.1316457e-02
   1.6218502e-02
   5.1418662e-02
   5.2688584e-02
   5.3722866e-02
   1.4647344e-02
   5.5410828e-02
   5.9600309e-02
   6.0324173e-02
   1.5892697e-02
   1.5156657e-01
   9.4925165e-03
   1.5943309e-02
   6.4721433e-03
   1.5831321e-02
   9.6284673e-03
   1.3176199e-02
   1.5134173e-02
   1.2756028e-02
   1.0352232e-02
   1.0030928e-02
   1.5965093e-02
   1.1397484e-02
   7.0491862e-03
   7.9304511e-03
   1.6532175e-02
   9.3775682e-02
   1.1423265e-02
   2.4737202e-02
   1.0872333e-02
   1.4194417e-02
   9.9732950e-03
   1.5914597e-02
   2.7568942e-02
   1.4912273e-02
   1.0295573e-02
   9.1517037e-03
   2.7423970e-02
   1.3578547e-02
   5.3111399e-03
   6.0465336e-03
   2.6095480e-02
   5.5389602e-02
   1.9385261e-02
   4.6181757e-02
   1.9562827e-02
   2.0961743e-02
   1.3222755e-02
   2.2045065e-02
   4.0399723e-02
   2.3404015e-02
   1.1038672e-02
   1.1211057e-02
   4.0975168e-02
   2.0532897e-02
   5.7582450e-03
   6.8961936e-03
   3.5440017e-02
   4.1590441e-02
   1.2180596e-02
   2.6838239e-02
   1.0958827e-02
   1.6747201e-02
   1.0852839e-02
   1.7055200e-02
   2.1244306e-02
   1.5839109e-02
   9.9937832e-03
   9.9919494e-03
   1.9577179e-02
   1.8192543e-02
   5.3815483e-03
   6.7719044e-03
   1.6247721e-02
   3.8283393e-02
   9.4361538e-03
   1.8594630e-02
   7.4539757e-03
   1.3347646e-02
   1.0085319e-02
   1.5327303e-02
   1.4316687e-02
   1.5148127e-02
   1.0045581e-02
   9.7899828e-03
   1.4375174e-02
   1.9232826e-02
   6.7105317e-03
   8.0884239e-03
   1.3535794e-02
   4.5276087e-02
   2.4170361e-02
   3.4970429e-02
   9.0929475e-03
   4.9053557e-02
   4.7316618e-02
   4.7961242e-02
   1.6571602e-02
   5.1180936e-02
   5.3623352e-02
   5.2297730e-02
   1.3856157e-02
   5.7131696e-02
   5.4054286e-02
   5.2586917e-02
   1.5177081e-02
   9.9834301e-02
   5.8972917e-02
   6.8067424e-02
   1.4542564e-02
   1.8119901e-01
   2.0506907e-01
   1.7247352e-01
   2.5025439e-02
   1.6940580e-01
   1.7945845e-01
   1.7075525e-01
   2.9628605e-02
   1.7011541e-01
   2.0549168e-01
   2.0063032e-01
   3.4413412e-02
   1.4316310e-01
   3.0412149e-02
   3.0037928e-02
   8.7440740e-03
   9.1010988e-02
   8.0492303e-02
   7.1868442e-02
   1.9154763e-02
   8.6976863e-02
   6.9527306e-02
   7.4736856e-02
   2.4411257e-02
   7.4561566e-02
   8.0426805e-02
   8.4088638e-02
   2.3868244e-02
   2.1620297e-01
   1.4126479e-02
   1.8435663e-02
   6.5973406e-03
   2.8148400e-02
   1.3548451e-02
   2.0573778e-02
   2.4886776e-02
   2.0075291e-02
   1.2052886e-02
   1.6416840e-02
   2.7488159e-02
   1.3219426e-02
   7.5676013e-03
   1.1511332e-02
   2.7413590e-02
   1.3794890e-01
   1.7397705e-02
   3.0989176e-02
   1.3352565e-02
   2.1393009e-02
   1.2404707e-02
   2.5682403e-02
   4.4003125e-02
   1.9276353e-02
   1.1314604e-02
   1.5300390e-02
   4.1042570e-02
   1.6615547e-02
   4.7017969e-03
   8.5028196e-03
   4.0567465e-02
   7.8626886e-02
   3.3647873e-02
   4.9584076e-02
   2.9712802e-02
   2.7681714e-02
   1.6240496e-02
   3.5894360e-02
   7.9222269e-02
   3.3373244e-02
   1.2806982e-02
   2.3109831e-02
   8.1699595e-02
   2.7935321e-02
   5.5742902e-03
   1.1541418e-02
   7.2634064e-02
   6.7810863e-02
   1.9487025e-02
   3.0403376e-02
   1.2907336e-02
   2.0100469e-02
   1.3863602e-02
   2.6694346e-02
   3.5099220e-02
   2.0363271e-02
   1.1378199e-02
   1.6344128e-02
   3.3377498e-02
   2.1663392e-02
   5.2251886e-03
   9.5399683e-03
   2.9824339e-02
   5.9929315e-02
   1.3422797e-02
   1.8994479e-02
   7.9531483e-03
   2.1712165e-02
   1.2979520e-02
   2.3382399e-02
   2.3512881e-02
   2.3314845e-02
   1.3020507e-02
   1.7341230e-02
   2.5168125e-02
   2.3717770e-02
   7.1263816e-03
   1.2481990e-02
   2.4571935e-02
   6.7958243e-02
   2.9473349e-02
   3.5337143e-02
   9.2749158e-03
   9.4408922e-02
   8.4883645e-02
   8.5951656e-02
   2.1874227e-02
   8.2200341e-02
   7.3621966e-02
   7.6420128e-02
   2.5213661e-02
   7.8303449e-02
   7.6637350e-02
   7.6983504e-02
   2.5961842e-02
   1.1937933e-01
   6.6275835e-02
   8.0191620e-02
   1.9668130e-02
   3.1045875e-01
   3.7506104e-01
   3.4205601e-01
   5.4776650e-02
   3.3300772e-01
   3.9773881e-01
   3.7512344e-01
   6.2522076e-02
   3.7559587e-01
   4.3829000e-01
   4.1768703e-01
   7.2552547e-02
   1.1571454e-01
   3.2925986e-02
   3.8225014e-02
   1.0639906e-02
   1.7324287e-01
   1.4582174e-01
   1.3615771e-01
   2.3071731e-02
   1.7861527e-01
   1.4806363e-01
   1.4870769e-01
   2.7788796e-02
   1.5931854e-01
   1.7000653e-01
   1.7103221e-01
   3.8918264e-02
   1.4372945e-01
   1.4192416e-02
   2.1463111e-02
   8.0262069e-03
   4.8282687e-02
   2.1455294e-02
   3.2098982e-02
   2.6635783e-02
   3.1815998e-02
   1.3741935e-02
   2.5361264e-02
   2.2796798e-02
   1.5992533e-02
   1.1144096e-02
   2.0082794e-02
   2.5278509e-02
   1.0042974e-01
   2.8390862e-02
   4.0728137e-02
   1.7970003e-02
   2.6300736e-02
   2.0469394e-02
   3.6510456e-02
   4.9129952e-02
   2.0130562e-02
   1.4894101e-02
   2.4360819e-02
   4.4765428e-02
   2.0206816e-02
   4.1244398e-03
   1.4383469e-02
   4.2954285e-02
   1.1540852e-01
   5.5913180e-02
   5.4112364e-02
   4.2245746e-02
   5.0973859e-02
   2.5087578e-02
   5.8720816e-02
   1.0918385e-01
   5.2413557e-02
   1.5707448e-02
   4.8933685e-02
   1.1248968e-01
   4.9475357e-02
   5.2669444e-03
   3.1881709e-02
   1.0712771e-01
   9.3575224e-02
   3.4316685e-02
   3.3436254e-02
   1.5572893e-02
   2.4705498e-02
   1.9891776e-02
   3.6825981e-02
   4.4372268e-02
   2.3535950e-02
   1.4989468e-02
   2.4041699e-02
   4.3290246e-02
   2.2069674e-02
   6.1784475e-03
   1.5446924e-02
   3.9478377e-02
   7.4567907e-02
   1.8562378e-02
   2.4138825e-02
   9.7436784e-03
   3.8741253e-02
   2.0969927e-02
   3.5807427e-02
   3.3547197e-02
   3.5372537e-02
   1.4639557e-02
   2.5535326e-02
   3.0946674e-02
   2.2647938e-02
   1.1062206e-02
   2.0648552e-02
   3.4064021e-02
   8.4257081e-02
   4.4832502e-02
   4.5866869e-02
   1.1637865e-02
   1.7172785e-01
   1.5065001e-01
   1.7037551e-01
   4.0187690e-02
   1.5337427e-01
   1.5601896e-01
   1.6380525e-01
   4.5080047e-02
   1.4130719e-01
   1.6334333e-01
   1.6378893e-01
   5.2403629e-02
