   1.8663691e-02
   4.0681373e-02
   6.4713746e-02
   1.5642487e-02
   4.9794734e-02
   8.5433617e-02
   1.2802882e-01
   6.8860203e-02
   7.1024321e-02
   6.9114037e-02
   9.9290229e-02
   3.8840294e-02
   7.2821572e-02
   6.8731725e-02
   1.1969170e-01
   3.5570998e-02
   1.6069578e-02
   2.7937179e-02
   4.7716580e-02
   1.3024745e-02
   2.7534256e-02
   4.7742654e-02
   6.4272411e-02
   3.7571952e-02
   3.8905133e-02
   3.4718763e-02
   5.1695887e-02
   2.5316972e-02
   3.8992431e-02
   3.7267320e-02
   6.5050036e-02
   2.3261409e-02
   1.8279618e-02
   1.8450288e-02
   3.6198270e-02
   1.1428158e-02
   1.6114684e-02
   2.0401275e-02
   2.4233380e-02
   1.8164802e-02
   2.0343265e-02
   1.5258589e-02
   1.9742688e-02
   1.6067348e-02
   2.7210522e-02
   1.5512750e-02
   2.6892122e-02
   1.3788980e-02
   4.9706981e-02
   2.9040273e-02
   3.9780498e-02
   1.0901423e-02
   2.9479004e-02
   2.3435609e-02
   2.4381945e-02
   1.6903006e-02
   2.4638593e-02
   2.4667699e-02
   1.9421339e-02
   1.4208310e-02
   3.0321909e-02
   2.2506243e-02
   2.9284474e-02
   1.4936827e-02
   4.6096954e-02
   3.9865006e-02
   5.7758566e-02
   1.6183274e-02
   2.5563750e-02
   2.6672795e-02
   3.2506999e-02
   2.0768508e-02
   2.1187948e-02
   2.4409965e-02
   2.4329307e-02
   1.9558258e-02
   2.0246537e-02
   2.3093192e-02
   4.0902074e-02
   1.9353472e-02
   1.9085217e-02
   2.5407515e-02
   4.9963292e-02
   1.5948769e-02
   1.4409871e-02
   2.0094588e-02
   2.9616568e-02
   3.0382508e-02
   2.1020021e-02
   1.5692282e-02
   2.1116635e-02
   3.3669144e-02
   2.1212699e-02
   1.5969418e-02
   3.4431554e-02
   2.7923437e-02
   2.1819761e-02
   2.0696556e-02
   3.6230955e-02
   1.1155208e-02
   1.5442114e-02
   2.0514695e-02
   2.4093427e-02
   2.1833384e-02
   1.8455770e-02
   1.6067285e-02
   1.8948793e-02
   2.1596668e-02
   1.9388886e-02
   1.6128333e-02
   2.8321521e-02
   2.0169469e-02
   1.8941522e-02
   2.6083836e-02
   4.6431579e-02
   1.3588856e-02
   2.5648491e-02
   4.3868814e-02
   5.8792681e-02
   3.4232963e-02
   3.3998162e-02
   3.4125797e-02
   4.4049103e-02
   2.2100776e-02
   3.4189969e-02
   3.1199640e-02
   5.6336518e-02
   2.1295838e-02
   1.0309434e-02
   3.5404697e-02
   4.8941154e-02
   1.2046639e-02
   6.4814284e-02
   9.3027741e-02
   1.4424857e-01
   8.1265323e-02
   1.0638043e-01
   9.0223186e-02
   1.2457126e-01
   4.6979409e-02
   1.1090051e-01
   1.0362532e-01
   1.5630794e-01
   4.9362198e-02
   8.4266504e-03
   2.2508634e-02
   3.9174262e-02
   9.2685623e-03
   3.4471277e-02
   5.0651107e-02
   7.2958030e-02
   4.1707937e-02
   5.3568922e-02
   4.4758569e-02
   6.2449250e-02
   2.8940726e-02
   5.5090830e-02
   5.4535381e-02
   8.2284965e-02
   2.9813932e-02
   1.6559059e-02
   1.7371941e-02
   2.9012445e-02
   7.3650479e-03
   1.8048108e-02
   1.9095095e-02
   2.0610273e-02
   1.8820964e-02
   2.2868793e-02
   1.7599862e-02
   1.8128866e-02
   1.3067199e-02
   3.2552373e-02
   2.1159820e-02
   2.9000524e-02
   1.5243877e-02
   7.1888290e-02
   3.3368226e-02
   3.2916013e-02
   8.0661820e-03
   4.0102717e-02
   2.8692691e-02
   2.1416022e-02
   1.6074155e-02
   3.2420356e-02
   3.5088785e-02
   1.7079273e-02
   1.2622803e-02
   3.6726389e-02
   3.3878174e-02
   3.1921290e-02
   1.7500289e-02
   6.7656539e-02
   4.3356583e-02
   6.1294556e-02
   1.6883325e-02
   3.2290369e-02
   3.2855108e-02
   3.8519558e-02
   2.1351235e-02
   2.5002539e-02
   3.4113657e-02
   2.5298646e-02
   2.0819845e-02
   2.1935374e-02
   3.3642884e-02
   5.2081190e-02
   2.5718121e-02
   1.5239018e-02
   2.1643728e-02
   5.0994594e-02
   1.6378999e-02
   1.2270424e-02
   1.8089330e-02
   3.0615097e-02
   3.3128552e-02
   2.1856230e-02
   1.5607929e-02
   2.1206738e-02
   3.9254189e-02
   1.8714780e-02
   1.6954927e-02
   4.3836620e-02
   3.8549844e-02
   9.7499723e-03
   1.8189583e-02
   2.9974259e-02
   8.2462020e-03
   1.1269028e-02
   1.7835217e-02
   2.1781893e-02
   2.2873368e-02
   1.7069120e-02
   1.2967348e-02
   1.7499860e-02
   2.5557866e-02
   1.7637724e-02
   1.5981901e-02
   3.1898871e-02
   2.6022019e-02
   8.9521296e-03
   2.1872835e-02
   3.5701428e-02
   8.5877655e-03
   2.7342584e-02
   4.3845847e-02
   6.2784977e-02
   3.9356265e-02
   4.1908577e-02
   3.8235284e-02
   4.7545750e-02
   2.5758164e-02
   4.3275077e-02
   4.0744215e-02
   6.5917939e-02
   2.6081933e-02
   9.3344040e-03
   4.7266014e-02
   5.6331050e-02
   1.4592227e-02
   1.1251251e-01
   1.1461049e-01
   1.1103083e-01
   1.1654978e-01
   1.6234307e-01
   1.2456631e-01
   1.4349584e-01
   7.0075102e-02
   1.6793160e-01
   1.4961307e-01
   1.6409759e-01
   8.0144286e-02
   8.4547838e-03
   2.7589111e-02
   4.5148775e-02
   1.1155684e-02
   5.9266124e-02
   5.9282530e-02
   5.5063032e-02
   6.4098805e-02
   8.7319754e-02
   6.7435026e-02
   6.9708027e-02
   4.3246582e-02
   8.1651635e-02
   7.8895763e-02
   8.7001182e-02
   4.7029983e-02
   2.6300160e-02
   2.9026248e-02
   3.3815458e-02
   8.5999183e-03
   2.7928393e-02
   2.5561592e-02
   2.2306155e-02
   2.5836969e-02
   2.9008470e-02
   3.1004153e-02
   2.2964250e-02
   1.7951153e-02
   4.8962314e-02
   3.4358677e-02
   2.8776506e-02
   2.1222675e-02
   1.2610322e-01
   4.4876903e-02
   3.9986037e-02
   9.9409372e-03
   6.1526343e-02
   4.8234757e-02
   2.9539622e-02
   2.0453548e-02
   3.4334883e-02
   5.0667133e-02
   2.2913730e-02
   1.7987454e-02
   5.7135995e-02
   5.3862032e-02
   3.6003392e-02
   2.4467506e-02
   1.2149865e-01
   5.6414783e-02
   7.9970106e-02
   2.6666008e-02
   5.0640259e-02
   4.9393665e-02
   5.8816440e-02
   3.2615535e-02
   2.6303126e-02
   5.0434183e-02
   3.1041540e-02
   3.4747161e-02
   3.5260282e-02
   5.3492233e-02
   6.7093842e-02
   4.2022634e-02
   2.4695678e-02
   2.6240647e-02
   6.5139621e-02
   2.5612500e-02
   1.8162733e-02
   2.4699392e-02
   4.7653779e-02
   4.7337383e-02
   2.7086079e-02
   2.6726408e-02
   2.8216444e-02
   7.1851403e-02
   2.6489971e-02
   2.7380342e-02
   5.6339875e-02
   7.7202044e-02
   1.0660760e-02
   2.3500871e-02
   3.5513934e-02
   9.5768925e-03
   1.4153145e-02
   1.7706655e-02
   2.6665010e-02
   3.1004392e-02
   2.5515694e-02
   2.1384604e-02
   2.1622999e-02
   4.3410007e-02
   2.4977656e-02
   2.2873990e-02
   3.7400439e-02
   4.6935719e-02
   7.7483933e-03
   2.4982255e-02
   4.0591016e-02
   9.8055517e-03
   4.6518661e-02
   5.3626977e-02
   5.1646169e-02
   5.6100350e-02
   6.5302826e-02
   5.4955967e-02
   5.5251382e-02
   3.9475821e-02
   6.2163830e-02
   5.8471140e-02
   6.7304328e-02
   4.2965490e-02
   2.2835786e-02
   9.1509245e-02
   7.0546299e-02
   2.8507615e-02
   1.2796856e-01
   1.4326030e-01
   1.6214427e-01
   1.6448659e-01
   2.0450377e-01
   2.0787628e-01
   2.1377203e-01
   1.4429583e-01
   2.4243246e-01
   2.7153361e-01
   2.5814256e-01
   1.5914212e-01
   1.9985352e-02
   4.8344705e-02
   4.9023855e-02
   1.9068116e-02
   7.4075952e-02
   8.7252915e-02
   7.6598778e-02
   7.8677975e-02
   1.1386994e-01
   1.0768250e-01
   1.0057580e-01
   7.5201392e-02
   1.1686005e-01
   1.2939329e-01
   1.2387121e-01
   8.4337860e-02
   3.8585812e-02
   2.3881925e-02
   3.4742031e-02
   1.1388877e-02
   5.4610837e-02
   3.7709009e-02
   3.2284070e-02
   3.2915998e-02
   4.5745466e-02
   6.0378976e-02
   2.8164588e-02
   2.8675808e-02
   7.1346842e-02
   4.9618308e-02
   3.1985905e-02
   3.1801768e-02
   1.4761493e-01
   5.9225343e-02
   5.6863938e-02
   1.4284075e-02
   8.0647394e-02
   5.6532849e-02
   5.2491993e-02
   2.9007008e-02
   4.9792144e-02
   8.6659335e-02
   3.4266360e-02
   3.3037867e-02
   8.2793646e-02
   8.2941443e-02
   3.4612235e-02
   3.4162059e-02
   1.4927191e-01
   7.6064721e-02
   1.1149932e-01
   3.4790907e-02
   6.5814860e-02
   5.6228206e-02
   9.5122226e-02
   5.7313334e-02
   3.8240328e-02
   8.3950020e-02
   3.9863344e-02
   6.8860352e-02
   5.9925288e-02
   8.4632657e-02
   7.2353989e-02
   6.7742594e-02
   3.7671547e-02
   2.7126636e-02
   1.0170516e-01
   3.5083413e-02
   3.3690911e-02
   2.8748967e-02
   7.5201310e-02
   8.4411964e-02
   4.5178078e-02
   4.5797132e-02
   3.6086891e-02
   1.6111396e-01
   4.5229767e-02
   3.9936237e-02
   5.6665141e-02
   1.3943413e-01
   1.6516160e-02
   1.8752012e-02
   5.0353121e-02
   1.6417798e-02
   2.2336384e-02
   2.4004595e-02
   4.7410980e-02
   5.5634551e-02
   4.1999035e-02
   3.0836258e-02
   2.4990726e-02
   8.2837626e-02
   3.3684615e-02
   3.2256633e-02
   3.7664779e-02
   7.4806929e-02
   1.3392213e-02
   4.1179184e-02
   4.9942315e-02
   1.5449396e-02
   5.4368056e-02
   6.0898710e-02
   6.4123213e-02
   8.0988035e-02
   8.5242860e-02
   8.9693688e-02
   7.3242985e-02
   7.2658949e-02
   9.2789739e-02
   9.7310387e-02
   9.4546467e-02
   7.1417093e-02
