   1.9348223e-02
   6.4883754e-03
   1.8383045e-02
   3.9504819e-02
   1.8000126e-02
   1.3236264e-02
   1.2996849e-02
   3.3206567e-02
   1.9619802e-02
   1.7167669e-02
   2.1401666e-02
   4.5266856e-02
   1.5462408e-02
   3.6923289e-02
   4.5439508e-02
   4.9059249e-02
   1.8553361e-02
   5.2191168e-03
   1.7099449e-02
   3.7118427e-02
   1.8469658e-02
   1.3184428e-02
   1.3901141e-02
   3.2845944e-02
   1.8086713e-02
   1.3693657e-02
   1.7196247e-02
   4.0101916e-02
   1.8806884e-02
   2.5258159e-02
   2.5028361e-02
   3.8496073e-02
   1.9170841e-02
   5.0341119e-03
   1.5899463e-02
   4.8120402e-02
   1.8480845e-02
   1.3417155e-02
   1.4768030e-02
   4.0020809e-02
   1.7067550e-02
   1.2592647e-02
   1.6119786e-02
   3.8151216e-02
   2.8168049e-02
   1.6693713e-02
   1.6105972e-02
   3.1381048e-02
   1.9011348e-02
   5.3392909e-03
   2.2596026e-02
   6.6878609e-02
   1.8285800e-02
   1.3618600e-02
   2.1736123e-02
   5.6126412e-02
   1.6593181e-02
   1.2957441e-02
   2.2206154e-02
   3.9398108e-02
   1.9511098e-02
   1.6542390e-02
   1.7628625e-02
   3.0774957e-02
   1.8981790e-02
   5.3645549e-03
   2.9560963e-02
   4.5703288e-02
   1.8617835e-02
   1.5299039e-02
   2.8076591e-02
   3.8777448e-02
   1.6517194e-02
   1.3159454e-02
   2.8569149e-02
   3.6686845e-02
   1.5701534e-02
   1.6387252e-02
   2.8564196e-02
   3.1895030e-02
   1.9233635e-02
   5.2551958e-03
   1.8807363e-02
   3.8387064e-02
   1.8658878e-02
   1.6379878e-02
   1.6550543e-02
   3.2566775e-02
   1.7206259e-02
   1.3167420e-02
   1.9246927e-02
   3.5512988e-02
   1.4507091e-02
   1.5415856e-02
   2.3857687e-02
   3.9861623e-02
   1.9295406e-02
   5.2739051e-03
   1.5698608e-02
   3.6271337e-02
   1.8340874e-02
   1.5068760e-02
   1.4307513e-02
   3.3492751e-02
   1.7508177e-02
   1.2683183e-02
   1.6067611e-02
   3.7395466e-02
   1.5100184e-02
   1.4737439e-02
   1.6492160e-02
   4.6232324e-02
   1.9657454e-02
   5.5875769e-03
   1.6629247e-02
   3.6466449e-02
   1.7296806e-02
   1.3869315e-02
   1.3703400e-02
   3.3108853e-02
   1.7675256e-02
   1.4097393e-02
   1.7725106e-02
   3.9075240e-02
   1.4955511e-02
   2.1184720e-02
   2.6637623e-02
   4.0041968e-02
   1.1199526e-02
   6.1239772e-03
   1.5067102e-02
   2.1799007e-02
   9.8737432e-03
   1.1669989e-02
   1.1407501e-02
   1.9634046e-02
   1.5925005e-02
   1.7798325e-02
   2.1188932e-02
   3.2812417e-02
   9.6673667e-03
   3.1961754e-02
   3.6071993e-02
   4.7185067e-02
   1.0314356e-02
   4.4315602e-03
   1.3709624e-02
   2.2656059e-02
   9.8295473e-03
   1.1071681e-02
   1.1783936e-02
   1.9930171e-02
   1.1277640e-02
   1.1507507e-02
   1.5256041e-02
   2.5367564e-02
   1.6784139e-02
   2.1146271e-02
   2.0694336e-02
   3.1598806e-02
   1.0228139e-02
   4.1540880e-03
   1.3020334e-02
   4.0166553e-02
   9.7837541e-03
   1.1155626e-02
   1.1996716e-02
   3.1754527e-02
   9.6826311e-03
   8.7376377e-03
   1.1913776e-02
   2.1004289e-02
   3.0915886e-02
   1.6439227e-02
   1.0479113e-02
   2.2200085e-02
   1.1808717e-02
   4.3854155e-03
   2.6785148e-02
   6.9822446e-02
   1.0694114e-02
   1.2620350e-02
   2.6453171e-02
   5.6658104e-02
   1.0018717e-02
   9.3510179e-03
   2.5153132e-02
   2.3105366e-02
   1.7060677e-02
   1.7118912e-02
   1.3863913e-02
   2.1398243e-02
   1.2184000e-02
   4.4600344e-03
   3.8776740e-02
   3.6907598e-02
   1.1964113e-02
   1.4388310e-02
   3.8713016e-02
   3.1115830e-02
   1.1051175e-02
   9.9101216e-03
   3.8428549e-02
   2.3860503e-02
   9.5193926e-03
   1.6041676e-02
   3.0452067e-02
   2.2404432e-02
   1.4655095e-02
   4.1506854e-03
   1.7299792e-02
   2.5625007e-02
   1.1994969e-02
   1.4347441e-02
   1.5479881e-02
   2.0707175e-02
   1.0028025e-02
   9.0221111e-03
   1.9299097e-02
   2.2314064e-02
   8.8207750e-03
   1.2351259e-02
   2.5447905e-02
   3.3782683e-02
   1.2517666e-02
   4.1145817e-03
   1.2723419e-02
   2.5253691e-02
   1.0307618e-02
   1.2556762e-02
   1.1507474e-02
   1.9292017e-02
   9.3426835e-03
   9.0621728e-03
   1.2323289e-02
   2.2074496e-02
   9.0503562e-03
   1.1676606e-02
   1.2834987e-02
   4.6558093e-02
   1.0388293e-02
   4.7203102e-03
   1.4412095e-02
   2.2247514e-02
   9.7912466e-03
   1.2043541e-02
   1.1581256e-02
   1.9324932e-02
   1.1530316e-02
   1.1679541e-02
   1.4978135e-02
   2.5340790e-02
   8.7379524e-03
   1.8146249e-02
   1.9531064e-02
   3.5165530e-02
   7.2384658e-03
   7.0893257e-03
   1.1119991e-02
   1.6665189e-02
   7.0169116e-03
   1.4724165e-02
   1.1766478e-02
   1.3164359e-02
   1.9059025e-02
   2.2649832e-02
   2.5599163e-02
   3.7011873e-02
   9.1272974e-03
   5.3525213e-02
   4.9898628e-02
   4.4788241e-02
   5.9326929e-03
   4.6650562e-03
   1.1599001e-02
   1.5565697e-02
   6.6573205e-03
   1.2900163e-02
   9.8807355e-03
   1.2987867e-02
   1.0386038e-02
   1.2438624e-02
   1.7197132e-02
   2.0743830e-02
   1.5233801e-02
   3.1241281e-02
   2.4493294e-02
   2.9308282e-02
   6.8529192e-03
   5.0170505e-03
   1.1209686e-02
   3.7416637e-02
   6.2642419e-03
   1.3773909e-02
   1.1718048e-02
   3.0136697e-02
   6.1809653e-03
   7.3807747e-03
   1.4008990e-02
   1.6587257e-02
   2.6085703e-02
   2.2389963e-02
   1.0606552e-02
   2.1040225e-02
   8.6957356e-03
   5.1017888e-03
   3.8142931e-02
   7.1823150e-02
   7.3329536e-03
   1.3875818e-02
   4.0907804e-02
   5.9220258e-02
   7.0125684e-03
   8.8169491e-03
   4.0355816e-02
   1.6628342e-02
   1.4109859e-02
   2.2642318e-02
   1.5788214e-02
   1.8348157e-02
   1.3058865e-02
   5.4831631e-03
   6.1143983e-02
   3.4768768e-02
   9.3867844e-03
   1.6023381e-02
   6.2680632e-02
   2.9715033e-02
   9.5021119e-03
   8.9452425e-03
   6.5100066e-02
   1.6161056e-02
   8.4351432e-03
   2.1951677e-02
   4.3509275e-02
   1.8985808e-02
   1.9946376e-02
   4.7207372e-03
   2.1247471e-02
   2.1291701e-02
   9.8844972e-03
   1.5136221e-02
   1.9655716e-02
   1.6757213e-02
   7.2335512e-03
   7.6546748e-03
   2.6747428e-02
   1.5196998e-02
   6.9647958e-03
   1.6091157e-02
   3.9770026e-02
   4.0859848e-02
   1.2213802e-02
   4.6897735e-03
   9.9566281e-03
   1.6050451e-02
   8.0930516e-03
   1.4942050e-02
   9.8051736e-03
   1.3788385e-02
   7.0403847e-03
   8.3841532e-03
   1.2167054e-02
   1.3800626e-02
   7.7747661e-03
   1.3299881e-02
   1.4037612e-02
   6.0467478e-02
   6.6228528e-03
   5.4907864e-03
   1.0242646e-02
   1.5111228e-02
   5.9741242e-03
   1.4760993e-02
   1.1293191e-02
   1.3042741e-02
   9.6100084e-03
   1.3041248e-02
   1.6937833e-02
   1.9512247e-02
   7.7193808e-03
   2.7092515e-02
   2.5284342e-02
   3.6631074e-02
   7.9670474e-03
   1.0447637e-02
   1.0943725e-02
   1.6263593e-02
   4.9658944e-03
   1.4783977e-02
   1.1336397e-02
   1.0453788e-02
   2.7860874e-02
   3.7228551e-02
   3.5391200e-02
   4.7405243e-02
   1.2970055e-02
   7.2383828e-02
   6.4007945e-02
   5.1084846e-02
   5.4862122e-03
   7.8592738e-03
   1.0273560e-02
   1.4692329e-02
   4.1799690e-03
   1.6223531e-02
   1.0903945e-02
   1.1588072e-02
   1.2638064e-02
   1.8001806e-02
   2.3260079e-02
   2.2433534e-02
   2.0878298e-02
   4.2882171e-02
   3.4802102e-02
   3.0660363e-02
   8.4876074e-03
   9.3516782e-03
   1.2279966e-02
   3.0853637e-02
   5.5863112e-03
   1.6096560e-02
   1.3464428e-02
   3.0513233e-02
   3.8364220e-03
   8.1780478e-03
   1.8277168e-02
   9.4700912e-03
   3.3878967e-02
   2.8048825e-02
   1.6913425e-02
   1.7759372e-02
   1.3956963e-02
   7.8021018e-03
   6.0238112e-02
   5.5813421e-02
   9.3566626e-03
   1.2845714e-02
   6.8320081e-02
   5.9526127e-02
   7.4614557e-03
   8.8444417e-03
   6.1869178e-02
   1.4994389e-02
   2.2352146e-02
   3.3139948e-02
   2.5915245e-02
   1.8247046e-02
   2.0894539e-02
   9.7913714e-03
   1.0102495e-01
   2.8669763e-02
   1.3271463e-02
   1.6379718e-02
   1.0757486e-01
   2.8529027e-02
   1.4705547e-02
   8.0572367e-03
   1.0759010e-01
   1.9874424e-02
   1.6124008e-02
   3.4847789e-02
   7.2491281e-02
   2.2391906e-02
   3.5953961e-02
   7.9137878e-03
   2.9921230e-02
   1.6497022e-02
   1.2507115e-02
   1.5781822e-02
   3.0744832e-02
   1.6602920e-02
   8.2430998e-03
   8.2260193e-03
   4.1000489e-02
   1.1117754e-02
   1.0437611e-02
   2.9486921e-02
   6.5675117e-02
   3.1596087e-02
   1.9857636e-02
   7.8346450e-03
   8.2133776e-03
   1.2671685e-02
   9.3604354e-03
   1.7194049e-02
   1.1718846e-02
   1.3944713e-02
   6.8881772e-03
   9.8496536e-03
   1.5986659e-02
   9.9694328e-03
   1.0927705e-02
   2.0248299e-02
   2.2917315e-02
   4.5987479e-02
   7.3585892e-03
   9.5352037e-03
   9.9030714e-03
   1.4596570e-02
   5.4484876e-03
   1.7059755e-02
   1.0409689e-02
   9.4913673e-03
   1.2867657e-02
   2.0130891e-02
   2.2221016e-02
   2.3203906e-02
   1.0199714e-02
   3.1632286e-02
   3.6254097e-02
   3.7828520e-02
