   2.1480169e-02
   6.4542539e-02
   1.0045496e-01
   4.9560845e-02
   1.6602252e-02
   1.2642727e-02
   3.9551076e-02
   3.6982231e-02
   1.7828785e-02
   2.7786020e-02
   1.4437008e-02
   3.7949719e-02
   3.1310700e-02
   2.0807466e-02
   1.3015728e-02
   3.1460114e-02
   2.3128834e-02
   7.3491648e-02
   9.0870768e-02
   4.6612658e-02
   1.5330919e-02
   1.1847924e-02
   3.4441747e-02
   3.5911947e-02
   1.6764214e-02
   2.4339335e-02
   1.3477785e-02
   3.8877681e-02
   2.6780192e-02
   1.6575607e-02
   1.2197241e-02
   3.2428633e-02
   2.3647118e-02
   7.4964039e-02
   8.5483335e-02
   4.5100670e-02
   1.5882568e-02
   1.1568837e-02
   3.1459752e-02
   3.8853221e-02
   1.6870266e-02
   2.3077829e-02
   1.3522647e-02
   4.0912554e-02
   2.3434706e-02
   1.6339807e-02
   1.2490015e-02
   3.6638223e-02
   4.3435548e-02
   7.0363455e-02
   8.0287725e-02
   5.3780936e-02
   3.7302773e-02
   1.2907968e-02
   3.5770860e-02
   5.0705403e-02
   4.1688897e-02
   2.3972686e-02
   2.1944165e-02
   4.9214687e-02
   4.5588698e-02
   1.9312751e-02
   1.9316439e-02
   4.7005277e-02
   7.7795751e-02
   6.4048916e-02
   8.5384838e-02
   7.6359555e-02
   7.8817263e-02
   1.5648037e-02
   4.3840356e-02
   6.1205443e-02
   8.3616473e-02
   3.1926930e-02
   3.4465503e-02
   5.5740293e-02
   9.7555704e-02
   2.1679109e-02
   3.1240590e-02
   5.1042333e-02
   3.7375934e-02
   6.1725911e-02
   8.7449208e-02
   6.6432588e-02
   3.5344653e-02
   1.4853009e-02
   3.7900575e-02
   5.2343402e-02
   3.9690394e-02
   2.8817259e-02
   2.0859931e-02
   4.7968481e-02
   4.8433494e-02
   1.7311495e-02
   1.8419491e-02
   4.0649187e-02
   2.0294696e-02
   5.8974903e-02
   8.8513844e-02
   5.2620634e-02
   1.5048144e-02
   1.3314951e-02
   3.8987115e-02
   4.2231549e-02
   1.8069251e-02
   2.8261770e-02
   1.3761203e-02
   4.0960483e-02
   2.5321286e-02
   1.6985413e-02
   1.2767478e-02
   3.5483725e-02
   1.9801579e-02
   5.9364293e-02
   9.6986860e-02
   4.9048480e-02
   1.5506418e-02
   1.2462505e-02
   3.7919577e-02
   3.8413726e-02
   1.7722169e-02
   2.9592365e-02
   1.2706695e-02
   3.8866479e-02
   2.6769822e-02
   1.7846592e-02
   1.2396455e-02
   3.2358676e-02
   2.2618575e-02
   6.4286858e-02
   9.3941115e-02
   4.1151147e-02
   1.5925467e-02
   1.7029807e-02
   4.0364917e-02
   2.8012380e-02
   2.0332893e-02
   3.6731970e-02
   1.5792776e-02
   2.9321145e-02
   2.7023442e-02
   2.4695190e-02
   1.1222709e-02
   2.4669588e-02
   2.2961427e-02
   7.2897919e-02
   8.6438343e-02
   3.7865948e-02
   1.4826984e-02
   1.6704336e-02
   3.2448366e-02
   2.6385574e-02
   1.8799270e-02
   2.6037980e-02
   1.2916975e-02
   3.2293923e-02
   2.3362165e-02
   1.6854487e-02
   9.5976954e-03
   2.4245976e-02
   2.5087893e-02
   7.9775028e-02
   7.2036356e-02
   3.3893790e-02
   1.7818218e-02
   1.5294772e-02
   2.9576009e-02
   3.0309709e-02
   1.9410815e-02
   2.3713471e-02
   1.2303969e-02
   3.1272899e-02
   2.0826634e-02
   1.6628210e-02
   1.0393691e-02
   2.8340664e-02
   6.4135186e-02
   7.1484275e-02
   7.0324555e-02
   4.4773415e-02
   5.1174190e-02
   1.7589798e-02
   3.3244364e-02
   3.9530113e-02
   5.7047401e-02
   2.5319070e-02
   2.4313897e-02
   3.8256425e-02
   5.6939200e-02
   2.1338133e-02
   2.0760672e-02
   3.8614042e-02
   1.1114857e-01
   6.8933107e-02
   8.0547966e-02
   6.8513580e-02
   1.0565375e-01
   2.1537602e-02
   4.6296977e-02
   5.0573744e-02
   1.1311887e-01
   3.7184063e-02
   4.3494601e-02
   4.2967215e-02
   1.3070172e-01
   2.4955267e-02
   3.9271545e-02
   4.4263575e-02
   4.8524752e-02
   5.9774209e-02
   7.7133082e-02
   5.7941042e-02
   4.8194136e-02
   2.0808643e-02
   3.9342858e-02
   4.0792756e-02
   5.6178235e-02
   3.1562537e-02
   2.3636026e-02
   3.9416198e-02
   6.0325522e-02
   2.0173728e-02
   1.9105406e-02
   3.3356611e-02
   2.0087719e-02
   5.5104516e-02
   7.5882547e-02
   4.2745352e-02
   1.6274815e-02
   1.8945789e-02
   4.0369671e-02
   3.0938895e-02
   2.1417275e-02
   3.5985518e-02
   1.1842536e-02
   3.2672498e-02
   2.1895794e-02
   1.8283749e-02
   9.7323265e-03
   2.9330505e-02
   1.9432900e-02
   5.4936092e-02
   9.1891177e-02
   3.9528247e-02
   1.5390859e-02
   1.5930472e-02
   4.0351182e-02
   2.8325180e-02
   2.0262213e-02
   3.8332760e-02
   1.2153244e-02
   2.9018074e-02
   2.2299515e-02
   2.0657927e-02
   1.0331808e-02
   2.5075754e-02
   2.4354093e-02
   6.1107438e-02
   6.1286755e-02
   5.0063360e-02
   2.1932108e-02
   2.2000849e-02
   5.1492270e-02
   2.6032260e-02
   2.5151040e-02
   4.1880608e-02
   1.4840164e-02
   2.7116181e-02
   2.8072340e-02
   3.0576490e-02
   1.0971651e-02
   2.2749105e-02
   2.8020840e-02
   6.7233935e-02
   6.3802123e-02
   3.6601771e-02
   2.1146705e-02
   1.7785197e-02
   3.6148939e-02
   2.5815267e-02
   2.7376441e-02
   3.2110438e-02
   1.2110858e-02
   3.2101944e-02
   2.3892725e-02
   2.2924326e-02
   7.9484582e-03
   1.9651394e-02
   3.9615855e-02
   6.6506334e-02
   6.4626046e-02
   3.1346418e-02
   2.3920443e-02
   2.1352427e-02
   4.1210737e-02
   2.3538519e-02
   2.6438169e-02
   2.3769338e-02
   1.2471107e-02
   2.6775084e-02
   1.9876795e-02
   1.6662600e-02
   9.6321926e-03
   2.2542942e-02
   6.9994010e-02
   6.3646317e-02
   6.1063550e-02
   4.5300439e-02
   5.0740574e-02
   2.3920769e-02
   4.0049225e-02
   3.2454111e-02
   4.9184784e-02
   2.6242759e-02
   2.9324353e-02
   2.7352305e-02
   5.0176758e-02
   1.9828105e-02
   2.4081668e-02
   3.2614697e-02
   1.2309544e-01
   6.5032020e-02
   9.1561183e-02
   7.1006551e-02
   1.0520835e-01
   2.9716842e-02
   4.5135122e-02
   4.0240809e-02
   9.8833576e-02
   4.3271799e-02
   5.5007089e-02
   3.1758688e-02
   1.0086105e-01
   2.5076611e-02
   4.9458060e-02
   3.9629530e-02
   5.3959273e-02
   5.2091103e-02
   7.0588700e-02
   4.8626557e-02
   4.8057500e-02
   2.3005495e-02
   4.4537596e-02
   3.2954980e-02
   4.9549885e-02
   3.4173045e-02
   2.6872737e-02
   2.8971743e-02
   5.5725403e-02
   1.8398887e-02
   2.1493550e-02
   2.7000746e-02
   2.7944883e-02
   5.3808473e-02
   6.7490593e-02
   3.7565924e-02
   2.4485538e-02
   2.1190723e-02
   4.7175884e-02
   2.4529530e-02
   2.2682281e-02
   3.1881772e-02
   1.1567319e-02
   2.6353693e-02
   2.4062527e-02
   1.7175438e-02
   8.5560866e-03
   2.5768384e-02
   2.5587337e-02
   5.1215097e-02
   6.3876741e-02
   4.1404411e-02
   2.1196235e-02
   1.8988280e-02
   5.4220211e-02
   2.3811368e-02
   2.7347399e-02
   3.9348330e-02
   1.2331020e-02
   2.8138371e-02
   2.4750214e-02
   2.3514852e-02
   8.6378334e-03
   2.1513212e-02
   2.6517428e-02
   6.3171029e-02
   5.3227816e-02
   6.8808094e-02
   3.3528447e-02
   2.4449235e-02
   6.3935801e-02
   2.7287483e-02
   3.5753261e-02
   4.2447232e-02
   1.7612142e-02
   2.6440656e-02
   3.2924630e-02
   3.1957496e-02
   1.6662950e-02
   1.2156639e-02
   3.5998739e-02
   6.4584464e-02
   4.3768585e-02
   4.4374216e-02
   2.9347586e-02
   1.8979246e-02
   5.3523611e-02
   2.5987351e-02
   3.0031230e-02
   3.2090522e-02
   1.3184806e-02
   2.0707386e-02
   2.7770938e-02
   2.3601603e-02
   9.8136552e-03
   1.5088088e-02
   4.3881472e-02
   5.8030982e-02
   4.7098882e-02
   2.4117243e-02
   1.9792128e-02
   2.3599800e-02
   5.8786202e-02
   2.2346109e-02
   2.9660989e-02
   2.3324627e-02
   1.0999119e-02
   2.2826986e-02
   2.6806822e-02
   1.8628189e-02
   9.8894816e-03
   2.0369124e-02
   5.9182238e-02
   6.6349424e-02
   5.6122474e-02
   4.2644564e-02
   5.0920963e-02
   2.4525685e-02
   6.4498685e-02
   2.7698997e-02
   5.4970123e-02
   3.0803567e-02
   3.4795538e-02
   2.5583489e-02
   5.1311582e-02
   1.9283170e-02
   3.0378914e-02
   2.4977347e-02
   1.1980787e-01
   6.9904841e-02
   1.0042061e-01
   7.9494588e-02
   1.0647158e-01
   2.8156217e-02
   5.8213416e-02
   4.0148214e-02
   1.0866068e-01
   5.3184163e-02
   6.9430977e-02
   3.1897094e-02
   1.0417750e-01
   2.8520457e-02
   6.7485221e-02
   3.0839672e-02
   5.6940716e-02
   4.8285790e-02
   7.1266368e-02
   6.0267195e-02
   5.2597728e-02
   1.7189294e-02
   4.3718021e-02
   3.2363981e-02
   4.6567366e-02
   3.7128802e-02
   3.0571047e-02
   2.1705881e-02
   6.3860625e-02
   2.0892162e-02
   2.8737266e-02
   2.5199501e-02
   3.9079979e-02
   4.6805609e-02
   4.2541075e-02
   4.8152078e-02
   2.3546506e-02
   1.9109285e-02
   4.1951489e-02
   2.3386084e-02
   2.4038820e-02
   2.5707908e-02
   1.0194351e-02
   2.2912346e-02
   2.9807873e-02
   1.8298693e-02
   9.8760221e-03
   2.7831536e-02
   3.4731802e-02
   3.8062736e-02
   5.9944190e-02
   5.0200943e-02
   2.2593299e-02
   1.8737761e-02
   5.5934422e-02
   2.5249867e-02
   3.7585653e-02
   3.2189090e-02
   1.3221007e-02
   3.2625277e-02
   3.1309441e-02
   2.8209962e-02
   9.8930532e-03
   1.6871531e-02
