   8.9019775e-02
   9.2600748e-02
   1.0070860e-01
   3.1580295e-02
   7.5272806e-02
   1.4096606e-01
   7.1005292e-02
   1.3446059e-02
   8.4085934e-02
   1.1600721e-01
   5.7080269e-02
   1.0069164e-02
   3.7628736e-02
   7.9559624e-02
   4.3567885e-02
   1.2240478e-02
   5.4973610e-02
   4.5385286e-02
   4.9425721e-02
   1.7346583e-02
   9.9821806e-02
   6.9746606e-02
   3.5520978e-02
   8.8254893e-03
   4.2355441e-02
   5.2864086e-02
   3.1209573e-02
   8.9880088e-03
   3.4455884e-02
   4.4365291e-02
   2.6887350e-02
   1.2125459e-02
   3.5603371e-02
   1.8019911e-02
   1.6945777e-02
   8.7626101e-03
   5.4239661e-02
   2.0626770e-02
   1.4253223e-02
   7.0499927e-03
   3.3965178e-02
   1.2688131e-02
   1.6246365e-02
   8.7794717e-03
   3.3612233e-02
   2.4712415e-02
   1.8606817e-02
   1.2448522e-02
   2.3399459e-02
   2.4401145e-02
   1.6093124e-02
   8.2874633e-03
   4.1873623e-02
   2.0805394e-02
   1.7708439e-02
   8.1493026e-03
   4.0257901e-02
   1.3653456e-02
   2.0381287e-02
   1.1011008e-02
   3.5210706e-02
   2.9575024e-02
   3.3716328e-02
   1.4399866e-02
   1.5532600e-02
   1.8125797e-02
   1.9411931e-02
   9.5821600e-03
   5.0679434e-02
   2.0334357e-02
   2.8375320e-02
   1.0295230e-02
   5.0208487e-02
   1.8002594e-02
   3.4893509e-02
   1.4480165e-02
   4.1206773e-02
   4.6685096e-02
   5.0795771e-02
   1.7098021e-02
   1.4994246e-02
   1.2892089e-02
   2.4142183e-02
   9.9931806e-03
   4.2492639e-02
   1.5246773e-02
   2.3156939e-02
   8.5729202e-03
   4.1923154e-02
   1.6213795e-02
   2.0125372e-02
   1.0751895e-02
   7.0987388e-02
   7.1909145e-02
   2.6199520e-02
   1.3432673e-02
   1.6052036e-02
   1.3027344e-02
   2.2926979e-02
   1.2187654e-02
   3.8344566e-02
   1.5041468e-02
   1.6919602e-02
   7.3676561e-03
   5.1184453e-02
   1.5570251e-02
   1.3859616e-02
   8.7559195e-03
   1.1296669e-01
   5.6584384e-02
   1.6406875e-02
   1.2128621e-02
   3.8541615e-02
   4.1502159e-02
   4.7801677e-02
   1.8684890e-02
   4.2441901e-02
   5.6728814e-02
   3.3228114e-02
   9.5970901e-03
   9.0520822e-02
   5.0219133e-02
   2.7610935e-02
   8.7622181e-03
   6.6687562e-02
   4.7768664e-02
   2.4571074e-02
   1.1776117e-02
   1.1760861e-01
   1.1936557e-01
   1.0689415e-01
   4.4900991e-02
   1.1085816e-01
   2.1030891e-01
   1.0283605e-01
   1.7348219e-02
   1.2442431e-01
   2.3794818e-01
   1.1024836e-01
   1.2028436e-02
   4.3797635e-02
   1.0583085e-01
   5.1374145e-02
   9.3005262e-03
   7.0742086e-02
   6.1589297e-02
   5.4886252e-02
   2.3452066e-02
   1.6097945e-01
   1.0227805e-01
   5.5688802e-02
   9.0703378e-03
   5.5107236e-02
   1.0882309e-01
   6.1000466e-02
   7.6884427e-03
   3.6596969e-02
   5.5986252e-02
   3.1842403e-02
   8.2838489e-03
   4.4362500e-02
   2.4660975e-02
   2.1752793e-02
   9.7646052e-03
   8.0889679e-02
   2.8284209e-02
   2.0827191e-02
   5.1650228e-03
   4.1581590e-02
   1.9414179e-02
   2.9452566e-02
   6.3277516e-03
   3.4853727e-02
   2.8812002e-02
   2.5463678e-02
   8.4836623e-03
   2.6898770e-02
   3.5235822e-02
   2.0053113e-02
   9.3087154e-03
   5.0826170e-02
   2.6276808e-02
   2.4453990e-02
   6.3911350e-03
   4.9084336e-02
   1.5959717e-02
   2.8063972e-02
   8.1512844e-03
   4.1923996e-02
   3.5086147e-02
   4.4355243e-02
   9.7572450e-03
   1.7709695e-02
   2.4755213e-02
   2.6370877e-02
   1.1829374e-02
   5.4469597e-02
   2.7550932e-02
   4.5649320e-02
   9.1350954e-03
   6.0202789e-02
   2.3760030e-02
   5.5892024e-02
   1.1230091e-02
   5.1246714e-02
   5.8283456e-02
   6.0339298e-02
   1.2132252e-02
   1.5950760e-02
   1.7729528e-02
   3.9554607e-02
   1.2433543e-02
   4.4967599e-02
   1.8809043e-02
   3.3995077e-02
   7.4751908e-03
   5.6257375e-02
   1.8669687e-02
   2.5663214e-02
   7.9479190e-03
   1.1447079e-01
   7.1324937e-02
   2.9181957e-02
   9.1822091e-03
   1.9245341e-02
   1.8173708e-02
   3.6606170e-02
   1.5967775e-02
   3.9250579e-02
   2.0701464e-02
   2.3260050e-02
   6.8945782e-03
   7.8294039e-02
   2.3655271e-02
   1.8159159e-02
   5.7458351e-03
   1.8271598e-01
   6.1665569e-02
   1.9830491e-02
   7.4768201e-03
   4.7305793e-02
   5.4555792e-02
   5.1427986e-02
   2.4910722e-02
   4.7244910e-02
   8.0793269e-02
   4.2451307e-02
   1.0223663e-02
   1.3920841e-01
   9.8317198e-02
   4.5003019e-02
   6.8061915e-03
   1.0252798e-01
   6.2625907e-02
   2.8730122e-02
   7.5767594e-03
   1.5641329e-01
   1.7033452e-01
   1.5658747e-01
   7.3658459e-02
   1.7066622e-01
   3.1816512e-01
   1.5262677e-01
   2.3073552e-02
   1.8766245e-01
   3.9926088e-01
   1.9130427e-01
   1.8283458e-02
   7.1433656e-02
   1.2784655e-01
   6.7805737e-02
   9.1547510e-03
   9.4663620e-02
   8.6828858e-02
   7.5161897e-02
   3.7502158e-02
   2.2268493e-01
   1.5035070e-01
   7.9846092e-02
   1.1364177e-02
   9.0333417e-02
   1.8068402e-01
   9.9682696e-02
   9.0667102e-03
   6.2268339e-02
   7.2618164e-02
   4.3674305e-02
   6.5113902e-03
   6.7816652e-02
   4.0641919e-02
   2.9702365e-02
   1.4485085e-02
   1.1408536e-01
   3.8994461e-02
   2.3180855e-02
   4.5718532e-03
   7.2569437e-02
   2.5473963e-02
   2.6061509e-02
   4.6445820e-03
   5.7210788e-02
   3.8620822e-02
   3.7280999e-02
   6.1787199e-03
   3.5875384e-02
   6.5349683e-02
   2.8220432e-02
   1.3479955e-02
   8.3943889e-02
   3.2470126e-02
   3.2876328e-02
   7.1934788e-03
   7.7273913e-02
   1.8871797e-02
   3.2047525e-02
   9.2365304e-03
   6.6464588e-02
   4.4404183e-02
   6.3319251e-02
   9.5251249e-03
   2.6593411e-02
   4.1947462e-02
   3.7884027e-02
   1.9007022e-02
   7.3849745e-02
   2.9753761e-02
   6.4197965e-02
   1.0513023e-02
   7.8594476e-02
   2.5953077e-02
   7.6757111e-02
   1.2579573e-02
   6.5462783e-02
   7.1290307e-02
   8.2816966e-02
   1.2219503e-02
   2.1877078e-02
   2.6181590e-02
   7.3175684e-02
   2.1399276e-02
   6.8559654e-02
   2.2662638e-02
   4.7034767e-02
   7.7321767e-03
   8.3948441e-02
   1.8576918e-02
   3.2055352e-02
   7.1138232e-03
   1.3538685e-01
   4.7167029e-02
   3.8188700e-02
   6.7188884e-03
   3.0061888e-02
   2.6438821e-02
   6.5478735e-02
   2.5457673e-02
   6.6358440e-02
   2.5240125e-02
   2.8912080e-02
   6.8639256e-03
   1.3295650e-01
   2.7270960e-02
   1.4543192e-02
   4.3788902e-03
   2.6797983e-01
   3.2726929e-02
   2.2337072e-02
   5.0106412e-03
   6.1334036e-02
   6.7840926e-02
   7.0940010e-02
   3.9313633e-02
   8.2514293e-02
   1.1855730e-01
   5.9734497e-02
   1.1716832e-02
   2.3367076e-01
   1.5857773e-01
   6.6088110e-02
   7.1948236e-03
   1.6911860e-01
   6.4696707e-02
   3.4739051e-02
   5.5700997e-03
   1.9231872e-01
   1.7105968e-01
   1.6875461e-01
   1.0709275e-01
   1.8285500e-01
   9.3440861e-02
   4.9874533e-02
   1.3567857e-02
   2.0134930e-01
   3.1194128e-02
   1.1007340e-02
   4.2819181e-03
   8.9369476e-02
   5.9058342e-02
   3.3746406e-02
   6.5861773e-03
   1.1445400e-01
   8.3628803e-02
   8.5632995e-02
   5.2818671e-02
   2.1902186e-01
   5.6538340e-02
   2.7051585e-02
   8.0830595e-03
   9.2096187e-02
   2.6252115e-02
   9.4677480e-03
   3.4639887e-03
   9.5183916e-02
   5.0969481e-02
   3.2549132e-02
   5.4665259e-03
   7.6368198e-02
   5.5412948e-02
   3.1550918e-02
   2.3509940e-02
   1.1083955e-01
   3.9454948e-02
   1.0845743e-02
   4.6485998e-03
   9.2850752e-02
   2.0256571e-02
   1.1026816e-02
   5.6398972e-03
   6.7029543e-02
   3.9116845e-02
   4.7905520e-02
   7.8991260e-03
   4.1362431e-02
   9.6623316e-02
   2.8926898e-02
   1.9832714e-02
   6.9731280e-02
   4.0750708e-02
   4.0095136e-02
   1.0788107e-02
   7.1478657e-02
   1.8523231e-02
   4.2297244e-02
   1.5123626e-02
   6.0699407e-02
   6.3621283e-02
   8.5324921e-02
   1.3294862e-02
   3.4107499e-02
   6.5289713e-02
   4.2423859e-02
   3.4530025e-02
   1.1394951e-01
   3.3321645e-02
   7.2516911e-02
   1.8013511e-02
   1.2300385e-01
   3.0321985e-02
   9.4112933e-02
   2.1636210e-02
   8.5130028e-02
   1.0806094e-01
   1.1473591e-01
   1.8208152e-02
   2.7442591e-02
   3.0159343e-02
   9.3612045e-02
   4.1324086e-02
   7.1686991e-02
   1.7644877e-02
   5.9549861e-02
   1.3407543e-02
   6.3519858e-02
   1.7391160e-02
   3.7918556e-02
   9.1731884e-03
   7.1431361e-02
   6.6272013e-02
   4.7204018e-02
   8.2384534e-03
   3.3650920e-02
   2.6682707e-02
   8.6244404e-02
   3.5520788e-02
   9.2291564e-02
   2.5715686e-02
   3.6086064e-02
   8.6568836e-03
   9.8473094e-02
   1.9695405e-02
   9.0354299e-03
   3.4844470e-03
   1.4748567e-01
   3.0392144e-02
   2.3729095e-02
   4.7712428e-03
   7.4918546e-02
   6.5414540e-02
   7.8655802e-02
   5.6784306e-02
   8.5209452e-02
   4.7384098e-02
   3.3608645e-02
   1.1521879e-02
   2.1796468e-01
   3.0179190e-02
   1.1468904e-02
   3.2484159e-03
   1.4371811e-01
   4.5617983e-02
   1.9647731e-02
   4.7002425e-03
