   1.1059557e-02
   1.2912306e-02
   2.0376677e-02
   3.5807986e-02
   1.2962216e-02
   1.3094174e-02
   4.3698851e-02
   4.3229140e-02
   2.2050813e-02
   5.0282862e-02
   8.9721695e-02
   2.2843925e-02
   2.5520962e-02
   3.6388297e-02
   4.3134660e-02
   1.1512535e-02
   1.1369845e-02
   1.3347275e-02
   1.9239079e-02
   3.1781286e-02
   1.2954986e-02
   1.2140864e-02
   3.9385993e-02
   4.1046616e-02
   1.8033696e-02
   4.6699859e-02
   7.9544395e-02
   1.9970661e-02
   2.6429290e-02
   1.9605119e-02
   2.2324843e-02
   1.0411008e-02
   1.1736765e-02
   1.4550684e-02
   1.9558012e-02
   3.1281244e-02
   1.2210617e-02
   1.1865416e-02
   3.8125478e-02
   3.6977723e-02
   3.2271389e-02
   4.4289723e-02
   6.7432381e-02
   2.0490099e-02
   5.8283947e-02
   1.1045832e-02
   1.2601605e-02
   1.2716481e-02
   1.1669898e-02
   1.5158743e-02
   2.1078376e-02
   3.4145489e-02
   1.3421636e-02
   1.2589210e-02
   3.8802966e-02
   3.6535975e-02
   4.9168475e-02
   5.4125536e-02
   6.7651123e-02
   3.0342650e-02
   6.7393325e-02
   1.8235894e-02
   2.5110804e-02
   2.6409067e-02
   1.1595980e-02
   1.4328077e-02
   1.9668736e-02
   3.8802091e-02
   1.2137947e-02
   1.2900778e-02
   3.6039900e-02
   4.0921252e-02
   2.4860300e-02
   5.9769794e-02
   8.2681924e-02
   3.2830458e-02
   3.4905605e-02
   3.0606778e-02
   4.0067598e-02
   2.2815606e-02
   1.1627262e-02
   1.3820830e-02
   2.0256840e-02
   3.6337342e-02
   1.1611282e-02
   1.3050416e-02
   3.4974050e-02
   3.9905842e-02
   1.6125543e-02
   4.6666916e-02
   7.5236335e-02
   2.4709584e-02
   2.8579436e-02
   1.9656271e-02
   2.1759747e-02
   1.2326530e-02
   1.1007588e-02
   1.3077480e-02
   1.9497391e-02
   3.3371165e-02
   1.1724889e-02
   1.2566528e-02
   3.4352098e-02
   3.6536649e-02
   1.4699402e-02
   4.1287851e-02
   6.9959417e-02
   1.9383382e-02
   2.3983231e-02
   1.1230637e-02
   1.2012725e-02
   1.1476601e-02
   1.0667581e-02
   1.2735939e-02
   2.0322880e-02
   3.6522631e-02
   1.2155376e-02
   1.2630081e-02
   4.0286906e-02
   4.2498242e-02
   1.7127680e-02
   4.4572819e-02
   8.3838806e-02
   2.0215090e-02
   2.4133442e-02
   1.9627566e-02
   2.1842768e-02
   1.1417127e-02
   7.6652002e-03
   9.1163600e-03
   1.6138684e-02
   3.6473852e-02
   9.9567072e-03
   1.2137561e-02
   3.8217850e-02
   3.7834644e-02
   2.3173263e-02
   4.9747616e-02
   6.9807678e-02
   2.4921745e-02
   2.9194318e-02
   4.8001755e-02
   5.1532269e-02
   8.5849902e-03
   7.8912238e-03
   9.9641988e-03
   1.5812445e-02
   2.9472930e-02
   1.0117107e-02
   1.1356968e-02
   3.6707196e-02
   3.5648614e-02
   2.1741949e-02
   4.4165686e-02
   7.0325397e-02
   2.0565523e-02
   3.3174921e-02
   2.6932528e-02
   2.6845420e-02
   7.5964546e-03
   8.5565103e-03
   1.0274530e-02
   1.5458204e-02
   2.8580526e-02
   9.3725752e-03
   1.0728504e-02
   3.8564492e-02
   3.0581653e-02
   4.8867051e-02
   4.3637361e-02
   6.2306270e-02
   2.0007875e-02
   8.9324422e-02
   1.4720667e-02
   1.4755663e-02
   1.2148983e-02
   9.3660969e-03
   1.0759085e-02
   1.6755845e-02
   3.9831746e-02
   1.1776162e-02
   1.0614309e-02
   3.6287930e-02
   3.3402260e-02
   7.3515393e-02
   4.0997792e-02
   5.9739087e-02
   3.5292067e-02
   1.0458127e-01
   2.2425657e-02
   2.5796928e-02
   3.5991531e-02
   8.8547682e-03
   1.1573111e-02
   1.4372675e-02
   4.7787253e-02
   1.0146712e-02
   1.2655175e-02
   3.3677038e-02
   3.8288366e-02
   3.6240507e-02
   4.0384457e-02
   6.4436466e-02
   3.9997697e-02
   5.2451629e-02
   3.8489643e-02
   3.9896265e-02
   2.9987134e-02
   8.4045390e-03
   1.0370955e-02
   1.6394610e-02
   3.8811605e-02
   9.1949683e-03
   1.3180521e-02
   3.0416295e-02
   3.6691077e-02
   2.2189332e-02
   4.1344002e-02
   6.3685305e-02
   2.4383351e-02
   3.7238713e-02
   2.3463905e-02
   2.1948243e-02
   1.1447444e-02
   7.7891126e-03
   9.7592734e-03
   1.6533466e-02
   2.8697141e-02
   8.7225055e-03
   1.2793609e-02
   3.1860720e-02
   3.1146752e-02
   1.6485156e-02
   3.7555657e-02
   6.4601965e-02
   1.7032344e-02
   3.0153738e-02
   1.3989164e-02
   1.3929662e-02
   8.3020749e-03
   7.5799418e-03
   9.4535816e-03
   1.7054599e-02
   3.4232941e-02
   9.0630958e-03
   1.2338117e-02
   3.4278519e-02
   3.2289021e-02
   1.7823931e-02
   4.5304902e-02
   6.9570191e-02
   1.9785926e-02
   2.9265422e-02
   2.6299493e-02
   2.7713763e-02
   7.8538908e-03
   6.8063396e-03
   7.9562711e-03
   1.7149866e-02
   4.4200893e-02
   7.8036198e-03
   1.3527337e-02
   3.7023481e-02
   4.0060855e-02
   3.5057858e-02
   5.3304899e-02
   7.4061558e-02
   3.4349583e-02
   4.8179053e-02
   5.9465788e-02
   5.8295682e-02
   9.2131114e-03
   5.9013562e-03
   7.0813727e-03
   1.3780527e-02
   3.4504358e-02
   8.1308959e-03
   1.2521706e-02
   3.8372874e-02
   2.9663188e-02
   3.5758000e-02
   3.8876407e-02
   5.4061253e-02
   2.2177614e-02
   5.9840266e-02
   3.5506006e-02
   3.2231580e-02
   7.4612512e-03
   6.3150660e-03
   7.8429338e-03
   1.3172723e-02
   3.5432003e-02
   8.5447440e-03
   1.1053479e-02
   3.6623914e-02
   2.5920711e-02
   8.7870665e-02
   4.2707801e-02
   5.2758828e-02
   2.2017473e-02
   1.6578026e-01
   1.8887255e-02
   1.8981006e-02
   1.5735382e-02
   7.7123991e-03
   9.3752826e-03
   1.3265606e-02
   5.3256322e-02
   1.2315823e-02
   1.0540169e-02
   3.9733998e-02
   3.4405965e-02
   1.2415094e-01
   4.4438720e-02
   5.7815194e-02
   4.2558964e-02
   1.7578827e-01
   3.2756921e-02
   3.1986836e-02
   5.6022689e-02
   8.5472893e-03
   1.1719109e-02
   1.4980593e-02
   6.4757802e-02
   1.0872359e-02
   1.1439499e-02
   4.0961195e-02
   4.2898960e-02
   5.2173890e-02
   4.4223625e-02
   6.7929566e-02
   5.4118231e-02
   9.0448394e-02
   5.7126164e-02
   4.8460074e-02
   4.5893386e-02
   7.9750000e-03
   9.9538909e-03
   1.9245381e-02
   5.3326782e-02
   1.0331731e-02
   1.2514357e-02
   3.2533657e-02
   4.3467350e-02
   3.8526606e-02
   4.3262336e-02
   6.1811015e-02
   3.2738425e-02
   6.8714686e-02
   3.2011483e-02
   2.5981875e-02
   1.5217448e-02
   6.3761650e-03
   7.9904003e-03
   1.7490281e-02
   3.0048609e-02
   9.4673373e-03
   1.2944202e-02
   2.6533896e-02
   3.6431000e-02
   3.0081978e-02
   3.8094144e-02
   5.8597792e-02
   2.2467451e-02
   6.2246334e-02
   1.9357750e-02
   1.6652418e-02
   8.2997940e-03
   7.3783365e-03
   7.5227986e-03
   1.6307883e-02
   3.5198763e-02
   8.5670268e-03
   1.2262005e-02
   3.1065969e-02
   3.5287749e-02
   2.7521823e-02
   4.8168939e-02
   6.9371335e-02
   2.5942385e-02
   4.9835172e-02
   3.4661803e-02
   3.1453539e-02
   8.8581983e-03
   8.1995754e-03
   7.8086029e-03
   2.1125309e-02
   7.0369117e-02
   9.5230462e-03
   1.6866477e-02
   4.7213383e-02
   5.8903415e-02
   4.9568862e-02
   6.2617667e-02
   9.5580213e-02
   5.5084929e-02
   5.3463109e-02
   5.1758576e-02
   6.0475990e-02
   1.4127322e-02
   7.8945048e-03
   8.1526451e-03
   1.6708625e-02
   4.9171425e-02
   9.5406407e-03
   1.7636469e-02
   5.3224172e-02
   4.5620963e-02
   5.8873184e-02
   3.4757081e-02
   6.5477587e-02
   3.6663435e-02
   7.0611075e-02
   3.9732672e-02
   4.3646608e-02
   1.2081308e-02
   7.3326398e-03
   6.9560399e-03
   1.4503554e-02
   5.2502804e-02
   1.2098926e-02
   1.4393428e-02
   4.5617543e-02
   3.4632910e-02
   9.7568691e-02
   3.4535132e-02
   4.4118896e-02
   2.8159602e-02
   1.8168853e-01
   2.5837751e-02
   2.1961143e-02
   2.6913203e-02
   8.9177890e-03
   7.3398827e-03
   1.9421995e-02
   7.2152935e-02
   1.7479079e-02
   1.4213137e-02
   5.0923087e-02
   4.9424998e-02
   1.2481961e-01
   4.3670565e-02
   4.6822555e-02
   5.8605358e-02
   1.6393247e-01
   4.9359843e-02
   4.2307679e-02
   9.6299313e-02
   1.3490281e-02
   1.1826528e-02
   2.7730240e-02
   1.0690266e-01
   1.5634440e-02
   1.4550353e-02
   5.5425655e-02
   5.7508133e-02
   6.0800578e-02
   5.1928081e-02
   6.8054646e-02
   6.7056544e-02
   8.1538282e-02
   8.5092798e-02
   6.5333813e-02
   8.0058329e-02
   9.8258294e-03
   9.2290733e-03
   3.3515979e-02
   8.2796939e-02
   1.4763921e-02
   1.3857574e-02
   4.3044787e-02
   6.5861084e-02
   5.0932605e-02
   4.9666386e-02
   5.7928506e-02
   3.7630521e-02
   7.7850759e-02
   4.0735427e-02
   3.2412872e-02
   2.2534087e-02
   6.2055462e-03
   7.3529561e-03
   2.4330694e-02
   3.8821056e-02
   9.5828855e-03
   1.2603965e-02
   3.1060286e-02
   5.5759251e-02
   4.7444064e-02
   4.6045754e-02
   4.1366879e-02
   2.3487620e-02
   9.5339440e-02
   2.1389687e-02
   2.2699231e-02
   1.0320082e-02
   8.9364415e-03
   7.3976787e-03
   2.0435194e-02
   5.9290491e-02
   9.5751937e-03
   1.2583544e-02
   3.7491087e-02
   5.0763998e-02
   4.2368647e-02
   6.4894535e-02
   7.1604207e-02
   3.2988388e-02
   6.6271134e-02
   3.4594629e-02
   3.0821895e-02
   1.2794762e-02
