   4.0138233e-02
   4.2464685e-02
   4.7485333e-02
   1.4083966e-02
   6.9896236e-02
   8.2071111e-02
   5.3811397e-02
   1.1933498e-02
   8.5882872e-02
   1.4670967e-01
   8.9854725e-02
   1.2394747e-02
   4.2041518e-02
   1.0847393e-01
   8.3137013e-02
   2.2329824e-02
   6.2395133e-02
   4.5633610e-02
   4.4329431e-02
   1.2655308e-02
   8.8740349e-02
   1.0380320e-01
   3.1679537e-02
   1.1357711e-02
   4.9428638e-02
   7.7840686e-02
   4.2063247e-02
   1.2340896e-02
   3.5512630e-02
   4.8972454e-02
   4.0240835e-02
   1.3993693e-02
   1.0363427e-01
   9.7047165e-02
   4.0301349e-02
   1.2888798e-02
   5.2481834e-02
   1.1614594e-01
   2.2345155e-02
   1.1484033e-02
   4.3624893e-02
   4.8624415e-02
   1.7807322e-02
   1.0963979e-02
   3.3398315e-02
   1.6895633e-02
   1.8099099e-02
   1.0020780e-02
   6.5010771e-02
   1.2519214e-01
   4.5172755e-02
   1.4578893e-02
   4.1590866e-02
   9.3109436e-02
   3.0964011e-02
   1.2677144e-02
   4.6335336e-02
   5.8625374e-02
   3.0341001e-02
   1.2866798e-02
   3.6872018e-02
   1.9017402e-02
   3.3815578e-02
   1.0675691e-02
   4.0479291e-02
   6.1429419e-02
   6.5124229e-02
   1.7823171e-02
   5.0476354e-02
   8.3385840e-02
   5.5146594e-02
   1.5032031e-02
   5.8241334e-02
   7.2394714e-02
   5.7206549e-02
   1.5531912e-02
   4.6030451e-02
   3.1027911e-02
   4.0829659e-02
   1.2515420e-02
   3.5573110e-02
   4.3620981e-02
   5.8497608e-02
   2.0028766e-02
   3.8975209e-02
   6.5452680e-02
   3.8974091e-02
   1.2946507e-02
   4.8598621e-02
   7.0227087e-02
   2.8396372e-02
   1.2515251e-02
   6.4169660e-02
   4.6850801e-02
   2.0456159e-02
   8.9323279e-03
   3.4499023e-02
   3.9282832e-02
   3.8504083e-02
   2.5221635e-02
   3.4732036e-02
   5.2334778e-02
   2.8757460e-02
   1.3006642e-02
   5.4444969e-02
   9.3968570e-02
   2.0127265e-02
   1.0774963e-02
   1.1562888e-01
   4.5937836e-02
   1.4217003e-02
   7.6150401e-03
   3.5161685e-02
   3.6144271e-02
   4.1008141e-02
   1.5995381e-02
   4.0331200e-02
   5.7828091e-02
   3.5302982e-02
   1.2723807e-02
   9.7354338e-02
   1.2136398e-01
   4.5810580e-02
   1.1596724e-02
   7.5300694e-02
   5.4307651e-02
   3.7639078e-02
   1.2146098e-02
   5.0418619e-02
   4.7792751e-02
   4.7717001e-02
   9.2143826e-03
   1.0628261e-01
   1.0766188e-01
   6.8078794e-02
   8.3144465e-03
   1.3149093e-01
   1.8656383e-01
   1.2795813e-01
   9.1966996e-03
   4.6009064e-02
   1.4257565e-01
   1.1640378e-01
   3.6710281e-02
   9.3892686e-02
   5.8824323e-02
   3.9789297e-02
   8.4370011e-03
   1.4297478e-01
   1.3984121e-01
   3.8113799e-02
   7.5895935e-03
   5.4629371e-02
   9.4174437e-02
   5.7060141e-02
   1.0024285e-02
   3.5576902e-02
   6.3961662e-02
   5.6106020e-02
   1.9617086e-02
   1.6596660e-01
   1.1750768e-01
   3.4533512e-02
   8.9045716e-03
   7.8206673e-02
   1.4371204e-01
   2.4703184e-02
   8.0173425e-03
   4.6395183e-02
   5.5006377e-02
   1.5115344e-02
   7.6828287e-03
   3.3829242e-02
   2.1289114e-02
   2.5097715e-02
   1.1210400e-02
   1.0491318e-01
   1.2653127e-01
   4.5083478e-02
   9.4277570e-03
   5.4647777e-02
   9.0960868e-02
   3.6550667e-02
   9.2094401e-03
   5.2491765e-02
   6.3269287e-02
   3.7346821e-02
   1.0040766e-02
   3.7786819e-02
   2.5958180e-02
   5.4186326e-02
   1.0314689e-02
   5.3159472e-02
   6.3464098e-02
   7.3489532e-02
   1.2514150e-02
   6.4314209e-02
   8.2036205e-02
   6.6433951e-02
   1.1357876e-02
   7.5215988e-02
   7.1074739e-02
   7.6450080e-02
   1.4519593e-02
   5.0214086e-02
   4.5169450e-02
   6.2399082e-02
   1.2358858e-02
   4.3412138e-02
   5.2451961e-02
   6.3391604e-02
   1.7960770e-02
   4.8117969e-02
   6.8208389e-02
   4.6072822e-02
   9.9132415e-03
   5.9609864e-02
   7.5006247e-02
   3.3266380e-02
   9.3946550e-03
   9.2062756e-02
   6.8542026e-02
   2.7105233e-02
   7.5715058e-03
   4.0234055e-02
   4.6841312e-02
   3.8249776e-02
   2.9602150e-02
   3.9101109e-02
   5.8144938e-02
   3.5008501e-02
   1.0733533e-02
   7.7951998e-02
   1.1113673e-01
   1.7642401e-02
   7.0731323e-03
   1.9205470e-01
   6.5597385e-02
   1.7330533e-02
   6.7887777e-03
   4.2020869e-02
   4.4028964e-02
   4.1154899e-02
   1.4903873e-02
   4.6027020e-02
   6.8682760e-02
   4.5568950e-02
   8.9707933e-03
   1.5664138e-01
   1.5239660e-01
   5.9626218e-02
   8.0584697e-03
   1.1699183e-01
   7.4429601e-02
   5.2181855e-02
   1.6533066e-02
   7.8548819e-02
   6.0454272e-02
   5.9101015e-02
   9.3473140e-03
   1.8000884e-01
   8.7953389e-02
   6.8125509e-02
   6.3216644e-03
   1.9451948e-01
   1.1090910e-01
   5.4107495e-02
   8.0980631e-03
   7.0969023e-02
   2.4250188e-01
   1.9647141e-01
   7.4659713e-02
   1.5459588e-01
   5.4419950e-02
   4.3450408e-02
   6.3045453e-03
   2.4495529e-01
   1.1774952e-01
   4.4068635e-02
   5.7876296e-03
   8.4795266e-02
   6.6516072e-02
   2.9562118e-02
   7.8548482e-03
   5.6102365e-02
   1.0448844e-01
   9.4850138e-02
   3.4197088e-02
   2.6375157e-01
   6.9051422e-02
   3.8820017e-02
   6.1936607e-03
   1.3878030e-01
   9.6346065e-02
   3.3095576e-02
   5.9830239e-03
   6.8680666e-02
   5.1378027e-02
   1.5130636e-02
   6.5433704e-03
   5.4094829e-02
   2.8060080e-02
   2.9638596e-02
   1.4414400e-02
   1.4358117e-01
   7.9891980e-02
   6.0799498e-02
   6.9640237e-03
   7.4664928e-02
   6.5725952e-02
   4.6745524e-02
   7.7578686e-03
   7.5267322e-02
   5.4246280e-02
   4.8155252e-02
   1.1445151e-02
   5.7845473e-02
   3.2072600e-02
   7.2933845e-02
   1.3107028e-02
   8.3351679e-02
   6.7736231e-02
   1.0102937e-01
   1.2851237e-02
   6.6682823e-02
   9.7169809e-02
   8.4136814e-02
   1.2341300e-02
   7.7182457e-02
   7.3144004e-02
   1.0696580e-01
   1.8582065e-02
   7.4608393e-02
   6.0470898e-02
   8.8686436e-02
   1.7215269e-02
   7.2625123e-02
   5.7656694e-02
   8.2509972e-02
   2.6988573e-02
   7.3801123e-02
   6.6526681e-02
   5.8067117e-02
   9.9612270e-03
   8.2994908e-02
   5.7561692e-02
   4.4102311e-02
   9.7960327e-03
   1.3645272e-01
   7.9445794e-02
   3.5514906e-02
   9.7068008e-03
   6.6415399e-02
   6.1206423e-02
   4.8414383e-02
   5.2174255e-02
   6.1722215e-02
   6.1983865e-02
   4.7649983e-02
   1.1606601e-02
   1.1710282e-01
   9.0450488e-02
   1.2715610e-02
   5.7739182e-03
   2.7588320e-01
   6.5848909e-02
   2.3643976e-02
   8.1965402e-03
   6.1924756e-02
   6.2176391e-02
   5.5400785e-02
   2.2719370e-02
   7.2984554e-02
   5.7896677e-02
   5.9290867e-02
   8.3029456e-03
   2.3159370e-01
   1.2214515e-01
   2.6791828e-02
   6.1888704e-03
   1.7785040e-01
   1.1168546e-01
   8.6936012e-02
   3.1015940e-02
   8.4319405e-02
   7.4208885e-02
   7.5047918e-02
   1.7161818e-02
   1.8049885e-01
   4.4262376e-02
   7.6293141e-02
   6.7772637e-03
   1.6935864e-01
   7.0243299e-02
   3.2040991e-02
   8.9932131e-03
   8.0975354e-02
   1.3410330e-01
   1.1029807e-01
   3.7384581e-02
   1.2129059e-01
   5.9615083e-02
   5.8355752e-02
   1.0485472e-02
   2.2604454e-01
   5.4822247e-02
   5.0946880e-02
   5.5168080e-03
   8.6299039e-02
   3.4596227e-02
   2.4373958e-02
   6.9164610e-03
   7.7517264e-02
   6.9053993e-02
   5.7433445e-02
   2.2807039e-02
   1.4076090e-01
   6.9153026e-02
   5.9403796e-02
   7.8180982e-03
   1.1034283e-01
   4.7125105e-02
   4.6480890e-02
   5.8930125e-03
   8.4124520e-02
   3.0508697e-02
   1.7265994e-02
   5.3629288e-03
   7.4003071e-02
   2.7626902e-02
   3.1085528e-02
   2.1606360e-02
   8.6580336e-02
   8.3077610e-02
   9.9243335e-02
   1.0301184e-02
   7.8349300e-02
   5.2323375e-02
   6.0504690e-02
   1.1352868e-02
   7.8867137e-02
   3.7839450e-02
   5.7656098e-02
   1.5266859e-02
   6.8717554e-02
   2.6986415e-02
   7.9119571e-02
   1.8369349e-02
   1.1559258e-01
   6.8781130e-02
   1.5176633e-01
   2.2406919e-02
   9.4708569e-02
   7.9317242e-02
   9.3087077e-02
   2.0458942e-02
   9.7850062e-02
   6.1750483e-02
   1.3110450e-01
   2.8199246e-02
   9.6320875e-02
   6.3036248e-02
   9.3853533e-02
   2.4411662e-02
   8.3416790e-02
   5.1271725e-02
   9.8085038e-02
   4.5257796e-02
   7.6462694e-02
   5.0867815e-02
   7.9841740e-02
   1.6541768e-02
   8.2135543e-02
   4.6100084e-02
   5.9950169e-02
   1.3539438e-02
   9.8297909e-02
   8.5782729e-02
   3.9858464e-02
   1.1378619e-02
   8.3912559e-02
   7.7569805e-02
   7.3617645e-02
   8.9202859e-02
   7.6197430e-02
   5.1156417e-02
   6.6914685e-02
   1.6896095e-02
   1.0622332e-01
   4.6286039e-02
   1.2626695e-02
   4.3430557e-03
   1.8913282e-01
   5.8134891e-02
   2.0428848e-02
   7.6891351e-03
   7.5794682e-02
   8.3056629e-02
   1.0404880e-01
   4.0950350e-02
   8.3767846e-02
   3.3699311e-02
   7.6800153e-02
   1.1173334e-02
   2.1067129e-01
   6.6276118e-02
   1.6962109e-02
   6.2201745e-03
   1.6099575e-01
   6.0073934e-02
   5.1609948e-02
   1.8043587e-02
