   3.8371671e-02
   1.2513195e-02
   3.5579730e-02
   9.1558071e-03
   6.8247840e-02
   1.3706193e-02
   3.1168578e-02
   9.9016856e-03
   9.5675744e-02
   1.1549544e-01
   8.3903328e-02
   1.4419039e-02
   9.2066050e-02
   8.8888235e-02
   8.8923365e-02
   2.1247571e-02
   6.6765890e-02
   8.5754534e-03
   2.0323589e-02
   8.6294441e-03
   8.4992774e-02
   1.0594983e-02
   1.7587235e-02
   9.6133295e-03
   4.4879381e-02
   4.7176108e-02
   3.8767572e-02
   1.2960319e-02
   4.2769793e-02
   3.9223738e-02
   3.9644182e-02
   1.7634334e-02
   1.1061411e-01
   7.6412265e-03
   1.3401615e-02
   9.0202447e-03
   5.5264913e-02
   9.1685001e-03
   1.0808929e-02
   9.5315790e-03
   2.2297984e-02
   1.1421575e-02
   1.2677561e-02
   1.2574794e-02
   1.7759414e-02
   1.1367165e-02
   1.0656971e-02
   1.5755177e-02
   6.7145079e-02
   1.1528912e-02
   2.2594132e-02
   1.2978470e-02
   4.8078004e-02
   1.7020006e-02
   1.9795742e-02
   1.6505690e-02
   2.5408152e-02
   1.1493816e-02
   1.2315222e-02
   1.8064110e-02
   1.7715489e-02
   1.1149385e-02
   1.1324298e-02
   1.8933009e-02
   4.6138752e-02
   2.0811975e-02
   4.1179270e-02
   2.1451626e-02
   5.7825007e-02
   3.2594211e-02
   3.9741121e-02
   3.1125937e-02
   3.2793272e-02
   1.3794152e-02
   1.3250690e-02
   2.7674116e-02
   2.1323079e-02
   1.3962278e-02
   1.3633809e-02
   2.5949590e-02
   3.6099955e-02
   1.0822760e-02
   2.3029260e-02
   1.4345481e-02
   4.4620808e-02
   1.6851200e-02
   2.3541907e-02
   1.6591424e-02
   2.6200496e-02
   1.1185671e-02
   1.1879875e-02
   1.6033195e-02
   2.0001471e-02
   1.1978271e-02
   1.1137212e-02
   1.6241720e-02
   3.4744613e-02
   6.1883614e-03
   1.4606856e-02
   1.0565073e-02
   3.8791504e-02
   9.0794647e-03
   1.1562590e-02
   9.9560069e-03
   2.2871217e-02
   1.2347463e-02
   1.1619663e-02
   1.1443569e-02
   2.2282207e-02
   1.1184365e-02
   1.1579618e-02
   1.3974518e-02
   3.5961315e-02
   8.1580319e-03
   2.1320457e-02
   9.4012693e-03
   4.1999303e-02
   1.0152551e-02
   1.7358497e-02
   9.8076062e-03
   4.8750628e-02
   4.8477195e-02
   3.5546314e-02
   1.1978747e-02
   4.4273186e-02
   3.6012199e-02
   3.5669819e-02
   1.6949877e-02
   4.6582781e-02
   1.7064461e-02
   3.6202375e-02
   6.1687650e-03
   1.0348243e-01
   1.5533562e-02
   4.0145412e-02
   6.0779308e-03
   1.2476052e-01
   1.5447485e-01
   1.2004287e-01
   1.8047167e-02
   1.5031724e-01
   1.5144683e-01
   1.4621976e-01
   2.5823992e-02
   1.0262863e-01
   1.2409042e-02
   2.2636283e-02
   5.6382967e-03
   1.3542607e-01
   1.1997986e-02
   2.2163015e-02
   5.6274044e-03
   5.7751980e-02
   6.1420843e-02
   5.4270409e-02
   1.4156600e-02
   6.4025067e-02
   6.5270893e-02
   6.4592876e-02
   1.9810870e-02
   1.7532162e-01
   1.0978783e-02
   1.4952689e-02
   5.3501548e-03
   7.9196341e-02
   1.1480430e-02
   1.2679797e-02
   6.1219884e-03
   2.4354512e-02
   1.1725334e-02
   1.4697266e-02
   1.3151585e-02
   1.4757401e-02
   1.1718075e-02
   1.2360550e-02
   1.9311123e-02
   9.8214939e-02
   1.5273415e-02
   2.3446264e-02
   1.2491991e-02
   6.0095713e-02
   2.1277396e-02
   2.3206722e-02
   1.9091437e-02
   2.7718604e-02
   1.0555196e-02
   1.4246271e-02
   2.5285590e-02
   1.5774162e-02
   1.1282689e-02
   1.2150533e-02
   2.6286989e-02
   5.4464888e-02
   2.8779211e-02
   4.3956283e-02
   2.6386581e-02
   7.1469896e-02
   4.0207952e-02
   4.8641730e-02
   4.3236189e-02
   3.8866702e-02
   1.3635761e-02
   1.6522134e-02
   3.9951399e-02
   2.1605421e-02
   1.6157379e-02
   1.6384400e-02
   3.8298398e-02
   4.1978087e-02
   1.4443854e-02
   2.4535621e-02
   1.3881197e-02
   5.2427020e-02
   2.0700332e-02
   3.0534999e-02
   1.8983144e-02
   2.9428530e-02
   1.0799519e-02
   1.3293278e-02
   1.9961387e-02
   2.0622134e-02
   1.2405049e-02
   1.2025072e-02
   2.0592695e-02
   3.6798194e-02
   8.9071672e-03
   1.5275402e-02
   7.6517668e-03
   4.2657889e-02
   1.0629750e-02
   1.3357821e-02
   6.5513751e-03
   2.7418686e-02
   1.1996482e-02
   1.2910685e-02
   1.2105077e-02
   2.2529300e-02
   1.1585932e-02
   1.2364675e-02
   1.7642135e-02
   3.7977003e-02
   1.1756212e-02
   2.2989597e-02
   5.7791104e-03
   4.8613340e-02
   1.2252328e-02
   2.1295561e-02
   5.9305835e-03
   6.4453147e-02
   6.3366175e-02
   4.8804633e-02
   1.2855843e-02
   6.4877011e-02
   5.8970012e-02
   5.6339990e-02
   1.8969625e-02
   7.2767541e-02
   2.5261819e-02
   3.8532894e-02
   5.5851364e-03
   1.5293919e-01
   2.3084730e-02
   5.5873565e-02
   5.1034465e-03
   1.7050464e-01
   1.8074191e-01
   1.4506592e-01
   2.8308315e-02
   1.9267787e-01
   1.8756233e-01
   1.7802353e-01
   3.9761346e-02
   1.7516944e-01
   2.1703580e-02
   2.4771838e-02
   4.5781075e-03
   1.9503087e-01
   2.0380605e-02
   3.4456100e-02
   3.8964832e-03
   9.5735103e-02
   7.3733702e-02
   6.8066239e-02
   2.0341374e-02
   8.2908005e-02
   8.0780677e-02
   7.6688334e-02
   2.8230559e-02
   2.8127751e-01
   1.8299231e-02
   1.8841378e-02
   4.3646614e-03
   1.2550372e-01
   1.6503913e-02
   1.9639498e-02
   4.6462193e-03
   4.2600155e-02
   1.3734725e-02
   2.0886797e-02
   1.9332182e-02
   2.0280147e-02
   1.4239836e-02
   1.8862544e-02
   2.9842857e-02
   1.5083353e-01
   2.3512818e-02
   2.8574970e-02
   1.6006507e-02
   8.9919627e-02
   3.0619189e-02
   3.0570202e-02
   2.6597563e-02
   3.8812019e-02
   1.2780319e-02
   2.2862224e-02
   3.8512081e-02
   2.2992661e-02
   1.5595802e-02
   1.8983714e-02
   3.9705947e-02
   7.2864927e-02
   4.7839761e-02
   5.0899755e-02
   3.7357882e-02
   7.8831650e-02
   6.0528982e-02
   6.4112119e-02
   6.5643035e-02
   4.9410246e-02
   1.6441960e-02
   2.8478518e-02
   7.4136443e-02
   3.0230122e-02
   2.3151619e-02
   2.7349014e-02
   7.5603075e-02
   7.1146369e-02
   2.2085823e-02
   2.8320434e-02
   1.6436895e-02
   6.9112547e-02
   2.7990608e-02
   4.3371100e-02
   2.7284469e-02
   3.9209548e-02
   1.4139353e-02
   2.2018362e-02
   3.3077452e-02
   2.4917103e-02
   1.7256355e-02
   1.8662523e-02
   3.3784490e-02
   6.0991537e-02
   1.3167940e-02
   1.7441049e-02
   6.8543372e-03
   6.2069576e-02
   1.3315091e-02
   2.0439522e-02
   6.1272155e-03
   4.4614647e-02
   1.2490562e-02
   1.7264297e-02
   1.8431768e-02
   2.7445978e-02
   1.5706303e-02
   1.8451216e-02
   2.9515672e-02
   5.5870190e-02
   1.8050374e-02
   2.4744570e-02
   4.8840614e-03
   8.9806668e-02
   1.8658934e-02
   3.1910181e-02
   5.3847414e-03
   9.5454112e-02
   7.2311856e-02
   6.1979663e-02
   2.0525131e-02
   8.2646243e-02
   7.4570477e-02
   7.3502362e-02
   2.9856551e-02
   9.5563307e-02
   2.9969553e-02
   4.9470663e-02
   7.3728720e-03
   1.8526728e-01
   3.2119285e-02
   9.2921987e-02
   6.9831870e-03
   2.8029272e-01
   3.0261469e-01
   2.9496303e-01
   5.0880235e-02
   3.7018007e-01
   3.3453289e-01
   3.5706750e-01
   7.9766512e-02
   1.5430732e-01
   2.8432332e-02
   3.9486729e-02
   5.9453887e-03
   2.0876446e-01
   2.8758243e-02
   6.2210452e-02
   5.4164845e-03
   1.4310879e-01
   1.2437174e-01
   1.2632704e-01
   2.2219345e-02
   1.6211724e-01
   1.4114714e-01
   1.4878117e-01
   4.0948614e-02
   1.9114199e-01
   2.1988494e-02
   2.4127442e-02
   5.1555322e-03
   1.1760197e-01
   2.3049552e-02
   3.2779269e-02
   5.2022850e-03
   5.2068520e-02
   1.8272750e-02
   3.1764079e-02
   2.0997977e-02
   2.1921348e-02
   2.3560952e-02
   2.9563008e-02
   2.6980594e-02
   1.0040880e-01
   3.3165220e-02
   3.5068132e-02
   1.8342599e-02
   8.9349501e-02
   4.8778474e-02
   4.5317661e-02
   2.9855035e-02
   5.5201098e-02
   1.7246112e-02
   3.7679750e-02
   4.5021906e-02
   2.2760123e-02
   2.7343139e-02
   3.2187223e-02
   4.3776855e-02
   1.0414802e-01
   7.8987323e-02
   6.3377157e-02
   4.4037282e-02
   1.2679183e-01
   9.1166519e-02
   9.9445522e-02
   7.3020160e-02
   7.7277377e-02
   2.4132922e-02
   5.4200631e-02
   1.0169777e-01
   4.6748850e-02
   3.4616709e-02
   5.4654088e-02
   1.0878365e-01
   8.1914626e-02
   3.5788160e-02
   3.2992322e-02
   1.7120982e-02
   9.3323067e-02
   4.3383654e-02
   5.9744429e-02
   2.9534696e-02
   5.2260172e-02
   2.4322463e-02
   3.7149690e-02
   4.0918611e-02
   2.1656714e-02
   2.8223842e-02
   2.8932899e-02
   4.0340196e-02
   7.7644937e-02
   1.9434737e-02
   2.3071885e-02
   6.0490519e-03
   8.4392101e-02
   1.8437119e-02
   3.5689563e-02
   5.9411079e-03
   5.9038963e-02
   1.8720562e-02
   3.3483449e-02
   2.7663464e-02
   2.1542968e-02
   2.3144100e-02
   2.9921776e-02
   3.7316050e-02
   7.7622719e-02
   2.4330260e-02
   3.2584649e-02
   5.5033970e-03
   1.1104397e-01
   2.2110542e-02
   5.8659364e-02
   7.3201936e-03
   1.2709607e-01
   1.1630618e-01
   1.3170786e-01
   3.2751262e-02
   1.3288902e-01
   1.2459539e-01
   1.5158144e-01
   5.3538080e-02
