   5.5468325e-02
   9.0685844e-02
   7.2647378e-02
   8.6971829e-03
   3.5331756e-02
   4.2973839e-02
   2.6053011e-02
   7.3633306e-03
   4.0672142e-02
   3.1066827e-02
   4.4529188e-02
   9.8551111e-03
   3.4657780e-02
   4.1262552e-02
   2.7413985e-02
   1.3119554e-02
   3.7325416e-02
   4.1287228e-02
   3.6744520e-02
   7.5469329e-03
   3.3003382e-02
   3.8928870e-02
   1.9038141e-02
   7.4903411e-03
   4.0894866e-02
   3.6772847e-02
   4.3201920e-02
   9.3108071e-03
   3.4675937e-02
   4.2495117e-02
   2.8694374e-02
   1.2501291e-02
   2.9231129e-02
   1.5127976e-02
   1.9933527e-02
   7.2798301e-03
   2.8587805e-02
   3.2797702e-02
   1.7298883e-02
   8.3814189e-03
   3.6622796e-02
   3.8752988e-02
   4.1566145e-02
   1.0978106e-02
   3.3724606e-02
   4.7373310e-02
   2.9645232e-02
   1.3832003e-02
   3.2272339e-02
   1.7323678e-02
   2.7035767e-02
   7.5098453e-03
   2.8832538e-02
   3.7091807e-02
   2.9389877e-02
   1.2888308e-02
   3.3940330e-02
   3.7777964e-02
   4.8476879e-02
   1.9720215e-02
   3.0075874e-02
   5.7128556e-02
   3.9023966e-02
   2.3141455e-02
   3.8096357e-02
   2.1754438e-02
   3.6537983e-02
   9.9406522e-03
   7.0778154e-02
   8.3935335e-02
   3.6925320e-02
   1.2274271e-02
   1.0072047e-01
   5.0921991e-02
   5.3795006e-02
   1.5660360e-02
   9.5059156e-02
   9.4069108e-02
   4.9164027e-02
   1.8914549e-02
   6.9241486e-02
   2.4712302e-02
   2.8554322e-02
   8.4082279e-03
   1.6148777e-01
   9.6162848e-02
   2.5094265e-02
   9.1114314e-03
   1.7087966e-01
   5.0458439e-02
   4.2135213e-02
   1.0587686e-02
   1.4103419e-01
   8.2778312e-02
   3.1761840e-02
   1.3315349e-02
   6.1940618e-02
   1.7936300e-02
   2.2398205e-02
   7.5564045e-03
   8.0510817e-02
   3.9678089e-02
   1.6623961e-02
   7.2604171e-03
   6.3395731e-02
   3.6773853e-02
   4.0549114e-02
   9.9445349e-03
   4.6220057e-02
   5.6667257e-02
   2.6478361e-02
   1.3819801e-02
   4.2094883e-02
   3.9916299e-02
   3.9329894e-02
   7.4641211e-03
   3.2473046e-02
   3.5137534e-02
   1.8605184e-02
   7.0370547e-03
   3.5527330e-02
   3.6699489e-02
   4.1864935e-02
   1.0730967e-02
   3.0325994e-02
   4.9567927e-02
   2.6995631e-02
   1.3204572e-02
   7.2192840e-02
   1.3264577e-01
   9.2364840e-02
   8.3183693e-03
   3.3758886e-02
   3.8593613e-02
   2.0153135e-02
   4.2097028e-03
   3.3487111e-02
   3.2136522e-02
   4.2062283e-02
   5.4645785e-03
   2.1351367e-02
   5.3201079e-02
   3.3364046e-02
   7.6599582e-03
   4.7782708e-02
   5.8107994e-02
   4.6766520e-02
   5.6052567e-03
   2.9653231e-02
   3.8328689e-02
   1.8824913e-02
   4.1214339e-03
   2.9302927e-02
   3.1868100e-02
   4.0374398e-02
   5.4200809e-03
   1.9993342e-02
   5.0797127e-02
   3.0161971e-02
   7.3748985e-03
   3.4527872e-02
   1.6692145e-02
   2.4315499e-02
   4.8156166e-03
   2.9135678e-02
   3.4546968e-02
   1.9996626e-02
   6.6390266e-03
   2.8955195e-02
   3.1448469e-02
   3.6983032e-02
   1.0719797e-02
   2.0788088e-02
   5.3909138e-02
   3.1594925e-02
   1.1217549e-02
   4.0034164e-02
   1.8531676e-02
   3.2766186e-02
   5.2538579e-03
   3.4381617e-02
   4.6137884e-02
   3.6899433e-02
   1.6961830e-02
   4.1517358e-02
   3.1934120e-02
   4.9704608e-02
   2.9568030e-02
   3.1877674e-02
   5.1348615e-02
   5.3941168e-02
   2.7435655e-02
   5.4535661e-02
   2.4090471e-02
   4.8920240e-02
   9.1311121e-03
   1.0712532e-01
   8.4897779e-02
   4.6464015e-02
   1.4664259e-02
   1.4310876e-01
   4.2015109e-02
   6.0736027e-02
   2.0737795e-02
   1.4452413e-01
   8.6277045e-02
   7.1238033e-02
   2.0943891e-02
   1.0703257e-01
   2.7891001e-02
   3.7414484e-02
   6.7446325e-03
   2.5941420e-01
   8.7052926e-02
   2.6190717e-02
   6.5792808e-03
   2.5304043e-01
   4.2229351e-02
   4.1135121e-02
   7.4765366e-03
   2.1761189e-01
   7.4472286e-02
   4.0382780e-02
   8.9501617e-03
   9.2207238e-02
   2.1103822e-02
   2.6100524e-02
   4.5983279e-03
   1.3221104e-01
   4.4362534e-02
   1.4081399e-02
   4.3387502e-03
   9.9745497e-02
   3.2243442e-02
   3.3695322e-02
   5.2354266e-03
   6.8578847e-02
   5.9556872e-02
   2.9692771e-02
   7.9291118e-03
   5.6505166e-02
   5.6064054e-02
   5.0023250e-02
   5.3451578e-03
   3.6845282e-02
   3.3996824e-02
   1.6781088e-02
   4.0725227e-03
   3.8636558e-02
   3.0288747e-02
   3.5643905e-02
   5.1907673e-03
   2.4377514e-02
   5.9099190e-02
   2.9374707e-02
   7.5410153e-03
   1.2481495e-01
   2.0241255e-01
   1.3736223e-01
   1.3472944e-02
   4.8181444e-02
   3.9243799e-02
   2.0753903e-02
   3.0860130e-03
   4.4557150e-02
   3.7712697e-02
   4.8105419e-02
   4.6382686e-03
   2.5915643e-02
   8.7492779e-02
   4.5441851e-02
   4.8159114e-03
   8.4372342e-02
   9.2345469e-02
   7.1952842e-02
   7.4425586e-03
   4.2508528e-02
   3.6766317e-02
   1.8651405e-02
   3.0286210e-03
   4.4484470e-02
   3.2281816e-02
   4.8344318e-02
   4.0304586e-03
   2.5289949e-02
   6.6210836e-02
   4.4188283e-02
   4.6707275e-03
   5.4841906e-02
   1.9864177e-02
   3.9189372e-02
   4.5920894e-03
   4.6873961e-02
   3.7240434e-02
   2.1727391e-02
   8.9257816e-03
   4.1506253e-02
   3.0400218e-02
   4.5269709e-02
   1.4879586e-02
   2.7603524e-02
   6.1704878e-02
   4.5191806e-02
   1.4509107e-02
   5.7611823e-02
   2.4792954e-02
   4.5325346e-02
   5.5101579e-03
   5.2851837e-02
   6.0466785e-02
   5.5790197e-02
   2.8567992e-02
   6.0814589e-02
   3.4686025e-02
   5.9467144e-02
   5.3236410e-02
   3.9632414e-02
   4.7520049e-02
   7.5928800e-02
   4.8169836e-02
   6.7372486e-02
   2.7336502e-02
   7.7565201e-02
   1.1162538e-02
   1.0082544e-01
   9.6743174e-02
   7.8195557e-02
   2.2619730e-02
   1.1574964e-01
   4.6711978e-02
   6.9385655e-02
   3.4833390e-02
   1.2604299e-01
   6.2276389e-02
   9.8926172e-02
   3.4751087e-02
   1.5965742e-01
   1.6870625e-02
   5.1188804e-02
   7.2981827e-03
   2.7511677e-01
   6.8067536e-02
   4.1108057e-02
   7.5065754e-03
   2.2738421e-01
   6.2940188e-02
   4.9134769e-02
   7.9882564e-03
   1.9412760e-01
   6.3628912e-02
   5.3300727e-02
   9.2852004e-03
   1.4679241e-01
   1.7073037e-02
   3.2603588e-02
   3.9464892e-03
   1.6867346e-01
   3.6890101e-02
   1.3035797e-02
   3.4860922e-03
   1.0972476e-01
   3.8272541e-02
   3.8018335e-02
   3.7064624e-03
   7.3659368e-02
   7.5134657e-02
   4.1293520e-02
   5.4356097e-03
   8.8731766e-02
   7.8763679e-02
   7.0828378e-02
   6.7004617e-03
   5.5695802e-02
   3.4888383e-02
   1.4268678e-02
   3.1104649e-03
   5.4137111e-02
   3.1578999e-02
   3.7586063e-02
   3.8111457e-03
   3.1538434e-02
   7.9099059e-02
   3.8574122e-02
   4.8558381e-03
   1.4278808e-01
   2.6397571e-01
   1.8420221e-01
   2.0027677e-02
   5.7726923e-02
   3.5711300e-02
   2.1122070e-02
   3.2566942e-03
   4.9457125e-02
   4.0948827e-02
   7.9180807e-02
   4.9722162e-03
   3.4909233e-02
   1.2250296e-01
   7.1162425e-02
   5.6354930e-03
   9.9411570e-02
   1.2085452e-01
   1.0197227e-01
   1.2096445e-02
   6.5156288e-02
   3.5795391e-02
   2.2621693e-02
   2.8956553e-03
   5.4480392e-02
   3.5352185e-02
   6.4309530e-02
   3.8187038e-03
   2.6707379e-02
   7.7071607e-02
   7.4036025e-02
   5.8036335e-03
   8.3664790e-02
   2.8788442e-02
   5.4052670e-02
   7.6632490e-03
   4.5650639e-02
   3.3028245e-02
   3.0316249e-02
   1.3446315e-02
   3.9302584e-02
   3.0910132e-02
   5.3185012e-02
   2.3481421e-02
   3.6177322e-02
   5.5124030e-02
   7.0719689e-02
   2.4703730e-02
   8.2273975e-02
   4.2806633e-02
   5.8620982e-02
   9.5223505e-03
   6.0903803e-02
   7.8166507e-02
   8.7132290e-02
   5.0566152e-02
   6.1293919e-02
   3.9230943e-02
   7.2655991e-02
   9.4532266e-02
   4.7748990e-02
   5.4728571e-02
   9.9631883e-02
   8.6392507e-02
   6.6472501e-02
   4.3898840e-02
   9.7291932e-02
   2.0346366e-02
   4.3959707e-02
   1.3955659e-01
   1.1170310e-01
   4.2543847e-02
   6.0161058e-02
   6.6338301e-02
   8.8209219e-02
   6.3696958e-02
   9.8258473e-02
   9.5690720e-02
   1.5043953e-01
   6.4294323e-02
   1.2497106e-01
   2.2914950e-02
   6.6820055e-02
   1.1413745e-02
   1.0046892e-01
   7.9534650e-02
   6.3172944e-02
   1.3236941e-02
   8.6566038e-02
   8.4521465e-02
   5.6561641e-02
   1.0836956e-02
   1.1321963e-01
   8.0156796e-02
   7.4412130e-02
   1.3924119e-02
   1.5233630e-01
   2.1942232e-02
   3.4998599e-02
   4.8223571e-03
   9.6167713e-02
   3.0714760e-02
   1.8907392e-02
   3.9721197e-03
   6.3863903e-02
   3.2343477e-02
   5.2843265e-02
   3.4502756e-03
   5.7039745e-02
   6.1877493e-02
   6.2552705e-02
   6.8308236e-03
   1.0656843e-01
   1.0486209e-01
   8.4543534e-02
   1.0462865e-02
   6.1246339e-02
   2.9795336e-02
   1.3895676e-02
   2.5875631e-03
   5.4470170e-02
   3.0754868e-02
   6.0850244e-02
   3.9899042e-03
   3.9235737e-02
   7.9995804e-02
   6.5164588e-02
   5.4318053e-03
