   8.5554905e-03
   9.7205834e-03
   8.8910311e-03
   8.8491710e-03
   5.7162337e-02
   8.7106094e-02
   6.5926410e-02
   3.0920522e-02
   8.8066958e-02
   1.1629675e-01
   5.4919168e-02
   6.9292388e-03
   3.2208957e-02
   9.5853619e-02
   5.0884679e-02
   8.4375720e-03
   6.6985115e-03
   7.0762499e-03
   6.7852624e-03
   7.4505378e-03
   4.9429141e-02
   4.2546112e-02
   3.6628239e-02
   1.6056728e-02
   4.3568887e-02
   5.1922746e-02
   2.9208774e-02
   6.2791798e-03
   2.8997609e-02
   4.6799481e-02
   2.8059658e-02
   8.1049474e-03
   5.8469223e-03
   6.1489288e-03
   6.5645580e-03
   7.0802243e-03
   2.4596328e-02
   1.5621624e-02
   2.0544136e-02
   7.8268936e-03
   3.3249334e-02
   1.3947037e-02
   1.3587306e-02
   6.1226729e-03
   2.7448883e-02
   1.8391663e-02
   1.4773632e-02
   8.5906759e-03
   6.2802448e-03
   6.6069406e-03
   6.8383892e-03
   7.1904189e-03
   2.3781510e-02
   1.5362946e-02
   2.0666264e-02
   8.1622107e-03
   3.8099028e-02
   1.5251135e-02
   1.7879717e-02
   7.9169553e-03
   3.1130612e-02
   2.1500072e-02
   2.4592707e-02
   9.6824337e-03
   6.4527304e-03
   7.6272083e-03
   7.4128960e-03
   7.8404853e-03
   2.9891049e-02
   1.6006129e-02
   2.4562605e-02
   9.1421045e-03
   4.7773931e-02
   2.0021116e-02
   3.0760886e-02
   1.0126421e-02
   3.8752887e-02
   3.2726411e-02
   4.0665962e-02
   1.2249917e-02
   5.7924576e-03
   6.5727234e-03
   6.6821417e-03
   7.2799516e-03
   2.5849026e-02
   1.3776343e-02
   2.0517569e-02
   7.4554682e-03
   3.9996356e-02
   1.7901234e-02
   1.8500276e-02
   7.4510504e-03
   6.0723640e-02
   4.8127249e-02
   2.2193460e-02
   8.8195559e-03
   5.6121568e-03
   5.8236215e-03
   5.9600659e-03
   7.3381965e-03
   2.4434768e-02
   1.4327041e-02
   2.0647140e-02
   7.2024376e-03
   4.4868074e-02
   1.6974043e-02
   1.2006043e-02
   5.9107780e-03
   1.0181825e-01
   3.7514716e-02
   1.4088880e-02
   7.7516921e-03
   6.0073226e-03
   6.7708865e-03
   6.6483975e-03
   6.9753877e-03
   3.2818027e-02
   4.0508583e-02
   4.0498678e-02
   1.5805397e-02
   8.5012943e-02
   5.2317835e-02
   2.5702082e-02
   5.7413671e-03
   6.6513598e-02
   4.7830623e-02
   2.6066052e-02
   7.4954620e-03
   8.2749892e-03
   1.1288822e-02
   8.9468285e-03
   7.4012661e-03
   8.4358111e-02
   1.2564377e-01
   9.1301329e-02
   3.9151985e-02
   1.2924232e-01
   2.3240148e-01
   1.0591719e-01
   8.6177830e-03
   4.4529386e-02
   1.5815537e-01
   8.2090676e-02
   8.2586007e-03
   5.7787448e-03
   6.6524902e-03
   6.6095986e-03
   5.6200121e-03
   7.4318774e-02
   6.2427394e-02
   5.0301407e-02
   2.1659983e-02
   5.3701591e-02
   1.0428292e-01
   5.7523690e-02
   5.9499880e-03
   3.4719322e-02
   7.5560078e-02
   4.4064313e-02
   6.1266422e-03
   4.5332834e-03
   5.2253315e-03
   6.0330015e-03
   5.7539642e-03
   2.9004695e-02
   2.2080470e-02
   2.6508939e-02
   8.2907770e-03
   3.8871214e-02
   2.1279374e-02
   2.4563923e-02
   4.6105450e-03
   3.4099001e-02
   2.2909485e-02
   2.4063852e-02
   5.7952087e-03
   4.7704712e-03
   6.0748099e-03
   7.1787038e-03
   5.8005140e-03
   2.6515588e-02
   2.0244900e-02
   2.8063418e-02
   8.0172773e-03
   4.2279378e-02
   1.8450828e-02
   2.5543073e-02
   6.1885607e-03
   4.1472390e-02
   2.6593087e-02
   3.3141520e-02
   7.2028739e-03
   5.5845678e-03
   7.3761083e-03
   7.6728058e-03
   6.9209370e-03
   3.0584352e-02
   2.0379072e-02
   3.2889780e-02
   9.3740886e-03
   5.7803120e-02
   2.6857166e-02
   5.1243577e-02
   8.6825164e-03
   4.8422977e-02
   3.9757468e-02
   5.6792900e-02
   1.0234131e-02
   4.4994904e-03
   5.7235132e-03
   6.2148352e-03
   5.5284747e-03
   2.6655776e-02
   1.7321011e-02
   2.4438480e-02
   7.3515493e-03
   5.2740961e-02
   2.1136193e-02
   2.3650525e-02
   5.8219153e-03
   9.7088464e-02
   4.9877428e-02
   2.7459163e-02
   6.4845644e-03
   4.4631911e-03
   4.7637331e-03
   5.1005790e-03
   5.4298537e-03
   2.3661179e-02
   1.7128572e-02
   2.7454961e-02
   7.5461855e-03
   7.0938542e-02
   2.5641056e-02
   1.7427592e-02
   4.2641782e-03
   1.6702609e-01
   4.3632716e-02
   1.8955091e-02
   4.9999310e-03
   5.2264575e-03
   6.3241678e-03
   5.4810704e-03
   5.5350014e-03
   3.4639105e-02
   5.4479066e-02
   5.5748284e-02
   1.7642556e-02
   1.2950763e-01
   1.0191667e-01
   4.2595711e-02
   4.8026186e-03
   1.0711467e-01
   7.1634799e-02
   3.6570039e-02
   5.1661171e-03
   1.0569825e-02
   1.7954312e-02
   1.3834002e-02
   8.3095133e-03
   1.4166723e-01
   1.6994911e-01
   1.0301457e-01
   5.8699552e-02
   1.9793920e-01
   3.7968156e-01
   1.8741801e-01
   1.3411340e-02
   7.9183944e-02
   2.6745617e-01
   1.4382154e-01
   1.1564890e-02
   6.0856724e-03
   9.1844322e-03
   7.8579113e-03
   5.5702329e-03
   1.1633447e-01
   8.3936363e-02
   5.7048526e-02
   3.3166781e-02
   8.7954871e-02
   1.7166497e-01
   9.5978685e-02
   7.0419917e-03
   6.1327837e-02
   1.2926103e-01
   7.2156727e-02
   6.7312638e-03
   4.0892186e-03
   6.2372820e-03
   6.8275984e-03
   4.4196332e-03
   4.7758538e-02
   2.7629560e-02
   2.8435068e-02
   1.3476464e-02
   6.3893698e-02
   2.7470270e-02
   2.3060363e-02
   3.6186099e-03
   5.8396157e-02
   2.9114017e-02
   2.8145259e-02
   4.7521084e-03
   4.4876072e-03
   7.9781059e-03
   8.8095209e-03
   5.5169463e-03
   4.0117003e-02
   2.2415791e-02
   2.9341049e-02
   1.2901583e-02
   6.6666335e-02
   2.0926237e-02
   3.3869591e-02
   8.1385896e-03
   6.8050787e-02
   3.1065248e-02
   4.0243201e-02
   1.0027538e-02
   6.6970461e-03
   9.5824087e-03
   8.8995090e-03
   6.5751891e-03
   3.6888752e-02
   2.0256223e-02
   3.4179747e-02
   1.4308524e-02
   7.5203769e-02
   2.8689465e-02
   7.6105408e-02
   1.1322397e-02
   6.5599114e-02
   4.6191785e-02
   7.4914947e-02
   1.4114780e-02
   4.3985676e-03
   6.9564325e-03
   7.9462985e-03
   4.6800515e-03
   3.5504501e-02
   1.7712384e-02
   2.8552039e-02
   1.0491691e-02
   7.5934082e-02
   2.1606993e-02
   3.1217305e-02
   6.0625616e-03
   1.3018332e-01
   3.3664640e-02
   3.5151161e-02
   7.0615998e-03
   3.3135714e-03
   5.0056339e-03
   6.0447217e-03
   4.8221806e-03
   3.3921916e-02
   1.9721936e-02
   3.1189581e-02
   1.0531316e-02
   1.1856707e-01
   3.1256504e-02
   1.2537715e-02
   3.5892313e-03
   2.7563095e-01
   2.7451802e-02
   1.9538868e-02
   3.9915969e-03
   5.3607617e-03
   8.6049270e-03
   6.9298921e-03
   5.3497097e-03
   5.8570456e-02
   6.9590159e-02
   6.0602035e-02
   2.2923101e-02
   2.1414810e-01
   1.6100195e-01
   6.5512031e-02
   5.6197578e-03
   1.8679209e-01
   1.0506657e-01
   5.8386505e-02
   5.1208753e-03
   1.8369231e-02
   3.5239752e-02
   2.5299763e-02
   1.3485031e-02
   2.0345351e-01
   1.3407360e-01
   9.8451942e-02
   8.2986683e-02
   2.1140628e-01
   3.7326772e-02
   1.1158556e-02
   3.5619298e-03
   9.6529312e-02
   6.2793247e-02
   3.5263002e-02
   5.5420501e-03
   8.7199034e-03
   1.7699674e-02
   1.2141744e-02
   6.6162688e-03
   1.5053019e-01
   7.6274768e-02
   5.4064825e-02
   5.4207444e-02
   9.4909184e-02
   2.5578979e-02
   9.4163660e-03
   3.6125183e-03
   9.0072349e-02
   4.6238974e-02
   2.4408927e-02
   4.8950533e-03
   4.3159910e-03
   6.9858003e-03
   9.7754290e-03
   3.3806567e-03
   4.9286481e-02
   2.7566567e-02
   3.2674212e-02
   2.4984540e-02
   8.7810278e-02
   1.9919900e-02
   1.0679726e-02
   3.8373324e-03
   6.6472724e-02
   3.0215258e-02
   2.3744840e-02
   5.8693457e-03
   7.9565747e-03
   8.1384173e-03
   1.4447053e-02
   4.9361708e-03
   4.0300854e-02
   2.8285054e-02
   3.8063083e-02
   2.4266876e-02
   7.3696949e-02
   1.6484117e-02
   4.8088823e-02
   1.3162478e-02
   5.9695721e-02
   4.1690186e-02
   5.4660987e-02
   1.3630660e-02
   1.2702897e-02
   1.0755444e-02
   1.5008420e-02
   6.7139356e-03
   5.9257712e-02
   2.1517782e-02
   4.4773497e-02
   2.4077699e-02
   1.1693960e-01
   2.8307270e-02
   1.0056426e-01
   1.7833503e-02
   9.5613375e-02
   5.7604179e-02
   1.1022566e-01
   2.1419289e-02
   6.3879793e-03
   7.1630003e-03
   1.0777921e-02
   4.9552550e-03
   4.1238636e-02
   1.6712587e-02
   4.0625881e-02
   1.5555281e-02
   6.2556535e-02
   1.6431298e-02
   3.9455358e-02
   8.9127338e-03
   7.5297624e-02
   4.0890377e-02
   4.4238161e-02
   9.2088114e-03
   3.9195991e-03
   5.9197494e-03
   9.1251209e-03
   5.5754851e-03
   4.2679936e-02
   2.1540366e-02
   3.7475336e-02
   1.7820509e-02
   9.5209107e-02
   2.0188365e-02
   7.6771132e-03
   3.8787834e-03
   1.6377240e-01
   2.8117694e-02
   1.8645715e-02
   3.4267132e-03
   8.3213821e-03
   1.6408898e-02
   1.2153158e-02
   6.1510466e-03
   7.3179826e-02
   5.9901211e-02
   6.2689893e-02
   3.1848248e-02
   2.0786652e-01
   3.0060839e-02
   8.3491784e-03
   2.9928866e-03
   1.6002972e-01
   3.9184272e-02
   1.7979898e-02
   3.2217836e-03
