   2.7994569e-02
   2.8220519e-02
   9.3755260e-02
   3.1080602e-02
   2.4489025e-02
   7.0406962e-03
   5.2099176e-02
   1.8325476e-02
   1.7984858e-02
   6.3745300e-03
   4.6505559e-02
   1.3535145e-02
   2.8234612e-02
   1.5629107e-02
   5.5433769e-02
   1.8104633e-02
   2.5899585e-02
   3.1247864e-02
   8.8576674e-02
   3.0179828e-02
   1.6664933e-02
   6.5092440e-03
   5.3320929e-02
   1.7461125e-02
   1.7930925e-02
   6.0305358e-03
   4.6701293e-02
   1.3001099e-02
   2.9624751e-02
   1.3365943e-02
   4.6913072e-02
   1.7562812e-02
   3.6968898e-02
   3.3447295e-02
   8.0314353e-02
   2.9467430e-02
   2.0769656e-02
   6.3548288e-03
   5.9054680e-02
   1.6415963e-02
   4.0384348e-02
   5.6168269e-03
   4.5150194e-02
   1.4003506e-02
   6.9658443e-02
   1.8092524e-02
   4.6199441e-02
   1.6875824e-02
   9.3257546e-02
   3.6430351e-02
   7.4111216e-02
   3.2428470e-02
   3.7213031e-02
   6.5871375e-03
   5.9664808e-02
   1.8368674e-02
   7.1935587e-02
   6.4106262e-03
   4.5707021e-02
   1.5181319e-02
   9.6189857e-02
   3.1080138e-02
   5.4423612e-02
   1.6893275e-02
   6.6910245e-02
   3.8489990e-02
   7.4617229e-02
   3.9223853e-02
   2.1493031e-02
   7.1713049e-03
   5.5185091e-02
   2.0974213e-02
   3.0970830e-02
   6.2246332e-03
   4.8133787e-02
   1.6281312e-02
   4.3861579e-02
   2.5647515e-02
   6.1271686e-02
   1.6873686e-02
   2.9493611e-02
   3.5255108e-02
   7.4187495e-02
   3.3480678e-02
   1.2986361e-02
   6.2071728e-03
   5.5671629e-02
   1.9292006e-02
   1.7359816e-02
   5.7148580e-03
   4.4537794e-02
   1.3976094e-02
   3.2164499e-02
   1.7368566e-02
   5.2097511e-02
   1.5680572e-02
   2.5743295e-02
   2.8055556e-02
   8.1024714e-02
   2.7171779e-02
   1.2054567e-02
   5.8811419e-03
   5.4336719e-02
   1.6363129e-02
   1.7495846e-02
   5.6228884e-03
   4.3186676e-02
   1.2603018e-02
   2.8861459e-02
   1.3705899e-02
   4.7175590e-02
   1.5516005e-02
   2.7668850e-02
   2.7129993e-02
   8.4440120e-02
   3.0417690e-02
   1.5773311e-02
   6.3752118e-03
   5.2131329e-02
   1.6500752e-02
   1.8720806e-02
   5.9139663e-03
   4.3256398e-02
   1.3190528e-02
   2.7979942e-02
   1.4916115e-02
   5.0891966e-02
   1.6532781e-02
   2.4725519e-02
   2.7295278e-02
   8.0107488e-02
   3.4448113e-02
   3.0875714e-02
   6.8252771e-03
   4.2193722e-02
   1.6329922e-02
   1.5711006e-02
   5.0469041e-03
   4.9055740e-02
   1.2392258e-02
   3.2684490e-02
   1.7179299e-02
   6.0028519e-02
   1.5588623e-02
   2.1000903e-02
   2.4270970e-02
   7.1441121e-02
   3.0828459e-02
   2.2304278e-02
   5.7131550e-03
   4.4475716e-02
   1.3197467e-02
   1.9638661e-02
   4.7111078e-03
   4.7770444e-02
   1.1635492e-02
   3.8952142e-02
   1.6641466e-02
   4.8542824e-02
   1.4335036e-02
   4.8933271e-02
   2.9642414e-02
   6.7980178e-02
   3.0222178e-02
   3.3117589e-02
   5.4626418e-03
   5.0116297e-02
   1.1830198e-02
   7.1518399e-02
   4.6068043e-03
   4.5584101e-02
   1.2590098e-02
   1.2165376e-01
   2.4108170e-02
   4.6881732e-02
   1.4298414e-02
   1.3704590e-01
   3.4662958e-02
   6.0200881e-02
   2.9839322e-02
   6.4357154e-02
   5.9091956e-03
   5.3187229e-02
   1.5605809e-02
   1.3255802e-01
   5.4629138e-03
   5.0508056e-02
   1.4784660e-02
   1.7421909e-01
   4.2417131e-02
   5.8119856e-02
   1.4647664e-02
   1.0063351e-01
   3.9595962e-02
   6.0870934e-02
   4.2884145e-02
   3.6467593e-02
   6.1054984e-03
   5.3210177e-02
   2.2115884e-02
   5.2712746e-02
   5.1243920e-03
   5.4458160e-02
   1.6852884e-02
   7.1910575e-02
   3.0911373e-02
   7.4401833e-02
   1.3361045e-02
   3.4931138e-02
   3.4866095e-02
   6.1602648e-02
   3.7082314e-02
   1.7991258e-02
   5.2012042e-03
   5.1754795e-02
   1.8205523e-02
   2.1336116e-02
   4.1871457e-03
   4.6495572e-02
   1.3359019e-02
   4.0442128e-02
   2.1145057e-02
   5.8831442e-02
   1.1876289e-02
   2.0315789e-02
   2.7813133e-02
   6.4880192e-02
   2.6513793e-02
   1.4272995e-02
   4.4213175e-03
   4.5014177e-02
   1.4086332e-02
   1.8390102e-02
   4.0084650e-03
   4.0400147e-02
   1.0308727e-02
   3.2599300e-02
   1.7922418e-02
   4.4579562e-02
   1.1148729e-02
   1.9445686e-02
   2.8792327e-02
   7.6311737e-02
   3.2546058e-02
   1.9282458e-02
   5.3947568e-03
   4.3931201e-02
   1.4242312e-02
   1.6706394e-02
   4.2037568e-03
   4.1403197e-02
   1.1558455e-02
   3.2158192e-02
   1.6851062e-02
   4.9190070e-02
   1.1765243e-02
   3.9701845e-02
   2.9943809e-02
   6.8473004e-02
   4.3118130e-02
   4.6680983e-02
   7.6551451e-03
   4.8128277e-02
   2.4261285e-02
   2.3556380e-02
   4.0875110e-03
   6.6429518e-02
   1.8263679e-02
   5.1133830e-02
   2.2732908e-02
   7.6079369e-02
   1.5568438e-02
   3.0834865e-02
   2.2644483e-02
   6.3418105e-02
   3.4057312e-02
   3.8504336e-02
   6.2362216e-03
   4.6104204e-02
   1.6659494e-02
   3.2602843e-02
   3.8902359e-03
   6.1190464e-02
   1.5753748e-02
   6.8041578e-02
   2.2840621e-02
   6.5311991e-02
   1.7840100e-02
   6.0716856e-02
   2.8278859e-02
   6.1040211e-02
   3.6131244e-02
   5.6346092e-02
   5.9232200e-03
   5.0075073e-02
   1.5330234e-02
   1.2518173e-01
   4.4908016e-03
   5.5821419e-02
   1.8016707e-02
   2.1719962e-01
   2.3757759e-02
   5.3203657e-02
   1.4953746e-02
   1.3967544e-01
   3.4333803e-02
   5.3164646e-02
   3.6232874e-02
   1.0514245e-01
   5.9446292e-03
   5.8318533e-02
   1.8453138e-02
   2.2880773e-01
   6.0654250e-03
   6.7040868e-02
   1.8999301e-02
   2.8957585e-01
   3.6291804e-02
   5.8921847e-02
   1.3107385e-02
   1.0867310e-01
   4.5760181e-02
   6.1037775e-02
   5.1082708e-02
   5.4451294e-02
   6.0963430e-03
   6.9779061e-02
   3.0833922e-02
   8.5918412e-02
   5.6722159e-03
   8.4451653e-02
   2.1994228e-02
   1.0929222e-01
   3.2107841e-02
   7.7153496e-02
   1.3702228e-02
   5.1973674e-02
   3.7108794e-02
   5.4262925e-02
   4.3924604e-02
   3.3560168e-02
   4.9361847e-03
   6.6137716e-02
   2.8634306e-02
   3.9732590e-02
   3.8119555e-03
   5.5333696e-02
   1.6465614e-02
   6.4643361e-02
   3.0937595e-02
   6.9852278e-02
   1.2510689e-02
   3.0456044e-02
   2.5144236e-02
   5.4446429e-02
   2.6881451e-02
   2.7505169e-02
   4.8221899e-03
   4.8877459e-02
   1.9741464e-02
   3.0487174e-02
   3.1725655e-03
   4.9598288e-02
   1.3401140e-02
   5.7071567e-02
   2.3609512e-02
   4.7835592e-02
   1.0004509e-02
   2.6843520e-02
   3.0328417e-02
   5.9896417e-02
   4.2177018e-02
   3.1790614e-02
   6.5449444e-03
   4.4161394e-02
   1.9850725e-02
   2.5106093e-02
   3.5302157e-03
   5.8093343e-02
   1.5541862e-02
   5.2335355e-02
   2.4263589e-02
   6.0059000e-02
   1.0785365e-02
   5.0441951e-02
   3.6516353e-02
   6.8406142e-02
   6.4454265e-02
   6.9911845e-02
   1.1417641e-02
   5.3572096e-02
   3.2834064e-02
   3.4885749e-02
   4.8107095e-03
   8.1037790e-02
   2.9170513e-02
   5.6043968e-02
   2.9922729e-02
   9.8360799e-02
   2.8446058e-02
   3.5511609e-02
   2.2535069e-02
   6.2619828e-02
   4.2841740e-02
   5.4442849e-02
   9.9613052e-03
   5.0712578e-02
   2.9646698e-02
   4.6790339e-02
   3.4521199e-03
   7.1972005e-02
   2.0093475e-02
   7.8525901e-02
   2.9771809e-02
   7.1660727e-02
   2.5740737e-02
   5.2020673e-02
   2.1629285e-02
   5.9213296e-02
   5.3897802e-02
   6.5261446e-02
   7.7881375e-03
   5.7202041e-02
   2.8869493e-02
   1.1861056e-01
   5.3126621e-03
   7.3206760e-02
   2.7171342e-02
   1.7924538e-01
   3.6669731e-02
   5.9144378e-02
   1.5762584e-02
   1.2856625e-01
   2.7374770e-02
   5.0873328e-02
   5.1190086e-02
   9.1888189e-02
   8.3491346e-03
   6.0443472e-02
   2.4635732e-02
   1.8497787e-01
   8.2842801e-03
   6.9396906e-02
   2.9707244e-02
   2.0389375e-01
   6.3479155e-02
   5.4812573e-02
   1.5676511e-02
   1.2131741e-01
   5.8722623e-02
   6.3724265e-02
   5.8840383e-02
   4.5286048e-02
   9.7860340e-03
   8.0159277e-02
   4.2250898e-02
   6.8853863e-02
   7.4925907e-03
   1.1335229e-01
   2.8072948e-02
   9.4712712e-02
   5.7547517e-02
   8.2829311e-02
   2.5292579e-02
   6.6799417e-02
   5.3301953e-02
   5.2866485e-02
   5.6633662e-02
   4.7012016e-02
   8.0690198e-03
   8.7756500e-02
   3.9189104e-02
   5.0216604e-02
   4.7091800e-03
   6.8614215e-02
   1.7255198e-02
   8.4934898e-02
   3.7584629e-02
   8.6300604e-02
   2.1842774e-02
   4.5228686e-02
   3.1956244e-02
   4.9499601e-02
   4.3035999e-02
   5.1234156e-02
   7.1664900e-03
   6.3432969e-02
   3.3132821e-02
   5.3519025e-02
   4.2581679e-03
   5.3458385e-02
   1.7356532e-02
   7.5611241e-02
   2.6294064e-02
   5.6664880e-02
   1.1158481e-02
   3.9264996e-02
   3.6022283e-02
   5.1178209e-02
   6.3578539e-02
   5.1241133e-02
   9.7770393e-03
   6.8368345e-02
   3.3699524e-02
   4.4754118e-02
   4.3432652e-03
   8.1126802e-02
   2.2480808e-02
   7.2530463e-02
   3.6957260e-02
   7.2134778e-02
   1.7554082e-02
