   3.0906530e-02
   3.0760711e-02
   3.0203251e-02
   3.6879186e-02
   5.8410142e-02
   9.2898287e-02
   7.5671159e-02
   1.6855551e-02
   8.7997220e-02
   1.0478779e-01
   5.1692359e-02
   6.3786651e-03
   3.5149951e-02
   1.0774168e-01
   5.9170842e-02
   7.7774883e-03
   1.5569298e-02
   1.5237201e-02
   1.4457129e-02
   1.8437805e-02
   5.4878641e-02
   4.5573797e-02
   3.7404954e-02
   9.5833037e-03
   4.5438062e-02
   4.5615580e-02
   2.7293457e-02
   5.6166695e-03
   3.0127736e-02
   4.8607085e-02
   3.1104537e-02
   7.2449297e-03
   6.6484469e-03
   5.3533171e-03
   5.8981911e-03
   9.3599372e-03
   3.1612754e-02
   1.5716905e-02
   1.3997642e-02
   5.7086921e-03
   3.6727760e-02
   9.2200097e-03
   1.2758614e-02
   5.4116743e-03
   2.8964303e-02
   1.4809773e-02
   1.5098115e-02
   7.9140328e-03
   6.5292455e-03
   5.6426465e-03
   6.1849193e-03
   8.7771062e-03
   3.4011435e-02
   1.5245460e-02
   1.6269527e-02
   6.2219924e-03
   4.3049704e-02
   8.6625749e-03
   1.7464098e-02
   7.2943582e-03
   3.3563096e-02
   1.5277950e-02
   2.2561537e-02
   1.0115941e-02
   6.8571297e-03
   6.3832039e-03
   6.9882097e-03
   9.3998164e-03
   4.0234033e-02
   1.2884955e-02
   2.1574700e-02
   7.9140831e-03
   5.6873530e-02
   9.8365610e-03
   2.9692132e-02
   1.0187336e-02
   4.2923331e-02
   2.0964162e-02
   3.6953468e-02
   1.2445590e-02
   6.1217230e-03
   5.7929386e-03
   6.8255281e-03
   9.0502035e-03
   3.1782869e-02
   1.2147427e-02
   1.8229024e-02
   6.3580601e-03
   4.7112759e-02
   9.0004774e-03
   1.7573686e-02
   6.9121202e-03
   6.4388253e-02
   2.7913921e-02
   2.2019470e-02
   8.5617909e-03
   6.1017615e-03
   5.6167915e-03
   6.0369326e-03
   8.5524991e-03
   2.9408634e-02
   1.3172491e-02
   1.7350484e-02
   5.6860140e-03
   5.0765678e-02
   8.9690397e-03
   1.1968856e-02
   5.1408587e-03
   1.0059710e-01
   2.3731658e-02
   1.3873449e-02
   7.4563343e-03
   1.3253892e-02
   1.2540001e-02
   1.3529237e-02
   1.7268483e-02
   3.4800086e-02
   3.9940517e-02
   3.6933627e-02
   9.8218806e-03
   8.7881319e-02
   4.1702893e-02
   2.4911340e-02
   5.0898190e-03
   6.5335035e-02
   4.6621472e-02
   2.8952770e-02
   7.1630846e-03
   2.6486732e-02
   3.0220706e-02
   3.1561997e-02
   3.7106443e-02
   8.1721403e-02
   1.4319290e-01
   9.7466514e-02
   1.9751720e-02
   1.3265269e-01
   2.1592964e-01
   9.7055726e-02
   6.6523422e-03
   5.1517826e-02
   1.8621652e-01
   8.8376492e-02
   7.9246657e-03
   1.3356805e-02
   1.4567315e-02
   1.4410979e-02
   1.7841546e-02
   7.8368589e-02
   6.8474807e-02
   5.3098924e-02
   1.0200700e-02
   6.1722673e-02
   9.5096633e-02
   5.2540597e-02
   4.6372404e-03
   3.8130399e-02
   8.0808677e-02
   4.7640607e-02
   5.3245099e-03
   5.7422994e-03
   4.9161999e-03
   5.8465842e-03
   6.8322681e-03
   4.2920038e-02
   2.2052441e-02
   2.1987574e-02
   4.4733817e-03
   4.8743099e-02
   1.1623774e-02
   2.5045259e-02
   3.9329962e-03
   3.5132576e-02
   1.5879357e-02
   2.5487928e-02
   5.5201328e-03
   6.0998988e-03
   5.3079198e-03
   6.0636462e-03
   6.4370958e-03
   4.3111335e-02
   2.1199388e-02
   2.4843998e-02
   4.8944983e-03
   5.5244751e-02
   8.0158077e-03
   2.6355274e-02
   5.9652701e-03
   4.3385431e-02
   1.6182786e-02
   3.0588070e-02
   7.7471971e-03
   6.3683363e-03
   6.8636560e-03
   7.3900628e-03
   7.1991943e-03
   5.0087865e-02
   1.6752418e-02
   3.5633761e-02
   7.4856314e-03
   7.6582603e-02
   1.1268213e-02
   5.1081352e-02
   8.9814216e-03
   5.9189320e-02
   2.1517348e-02
   5.2126586e-02
   1.0347961e-02
   5.1031765e-03
   5.4967874e-03
   6.5785251e-03
   6.7082923e-03
   4.0095951e-02
   1.3794094e-02
   2.5332399e-02
   5.3747022e-03
   6.3229568e-02
   8.9768087e-03
   2.4202816e-02
   5.6527578e-03
   1.0338881e-01
   2.6327346e-02
   2.6371075e-02
   5.7340851e-03
   5.2718543e-03
   4.7714831e-03
   5.3137895e-03
   6.5440689e-03
   3.4735437e-02
   1.5625929e-02
   2.7008763e-02
   4.5720981e-03
   7.9038709e-02
   1.2697633e-02
   1.7793519e-02
   3.7464921e-03
   1.6238977e-01
   2.4257740e-02
   1.9687116e-02
   4.5717917e-03
   1.1297066e-02
   1.2399199e-02
   1.3921623e-02
   1.6041283e-02
   4.1638948e-02
   6.2860377e-02
   4.6997897e-02
   9.9598905e-03
   1.3512507e-01
   8.4490187e-02
   4.2081241e-02
   3.8964569e-03
   1.0221361e-01
   7.6009057e-02
   3.9213445e-02
   5.1299944e-03
   5.1835537e-02
   5.6647725e-02
   4.8284009e-02
   4.4744726e-02
   1.1735646e-01
   2.1025252e-01
   1.2408697e-01
   4.0158417e-02
   1.8807660e-01
   4.1707397e-01
   1.9458804e-01
   1.1562465e-02
   9.1717988e-02
   3.4032881e-01
   1.6403018e-01
   1.2615541e-02
   2.4129588e-02
   2.5654849e-02
   2.0784395e-02
   2.0980928e-02
   1.0599780e-01
   9.6400194e-02
   6.8206772e-02
   1.8489350e-02
   9.7890399e-02
   1.8510322e-01
   1.0063785e-01
   6.0092933e-03
   6.8734877e-02
   1.4656462e-01
   8.5018098e-02
   6.8776449e-03
   6.4871744e-03
   6.4977580e-03
   6.8798303e-03
   6.1883307e-03
   6.1486129e-02
   3.0201517e-02
   2.7562974e-02
   4.9104658e-03
   7.7287868e-02
   1.8939320e-02
   2.6894214e-02
   3.4836391e-03
   6.2294725e-02
   2.0259710e-02
   3.3896573e-02
   4.6387920e-03
   7.1907584e-03
   6.2769623e-03
   8.2917186e-03
   5.8961036e-03
   6.0683593e-02
   2.7980728e-02
   3.3733841e-02
   5.8978512e-03
   7.8529634e-02
   1.0443918e-02
   3.0586030e-02
   7.2139683e-03
   7.1661331e-02
   2.0906324e-02
   3.5857022e-02
   9.2101041e-03
   7.9631153e-03
   8.9673968e-03
   1.1082597e-02
   6.6310279e-03
   5.5600032e-02
   2.4251677e-02
   4.8975445e-02
   8.7137269e-03
   8.3324842e-02
   1.6711852e-02
   7.3673338e-02
   1.0921692e-02
   7.9864681e-02
   2.9540570e-02
   6.7611367e-02
   1.3884519e-02
   6.0948045e-03
   6.5268818e-03
   8.8208998e-03
   4.9566044e-03
   5.3503342e-02
   1.9320125e-02
   3.7965596e-02
   6.1252760e-03
   9.4527967e-02
   1.0378898e-02
   2.9695170e-02
   5.7743397e-03
   1.4029500e-01
   2.1961402e-02
   3.2130077e-02
   6.0022776e-03
   5.9901602e-03
   5.9141242e-03
   6.3136402e-03
   5.1469882e-03
   4.7104280e-02
   2.0638049e-02
   3.8205184e-02
   5.2882037e-03
   1.3284653e-01
   1.8817194e-02
   1.5270567e-02
   2.9837375e-03
   2.6163909e-01
   2.0128628e-02
   2.1817904e-02
   3.0978618e-03
   1.8113684e-02
   2.1912886e-02
   2.0098126e-02
   1.8184138e-02
   5.9812464e-02
   9.1028452e-02
   6.7920536e-02
   1.6693847e-02
   2.1319470e-01
   1.6236918e-01
   6.9995008e-02
   4.7731604e-03
   1.7360121e-01
   1.2925644e-01
   6.4794838e-02
   5.5093924e-03
   9.4350293e-02
   8.7740012e-02
   6.9781289e-02
   5.4222509e-02
   1.5527156e-01
   1.2334692e-01
   8.2125686e-02
   6.7986637e-02
   1.7861076e-01
   5.1529355e-02
   2.0631790e-02
   3.9682672e-03
   1.0420597e-01
   9.1343947e-02
   4.8327453e-02
   5.3113196e-03
   4.3469988e-02
   4.0155239e-02
   2.9277904e-02
   2.5412826e-02
   1.3555665e-01
   6.3630447e-02
   3.9758950e-02
   3.1164007e-02
   1.0206280e-01
   2.7785657e-02
   1.1466885e-02
   3.3387481e-03
   8.9078948e-02
   4.7285438e-02
   3.0898076e-02
   4.2299051e-03
   7.9371389e-03
   9.9503854e-03
   9.6810274e-03
   6.7313924e-03
   6.1924361e-02
   3.3724021e-02
   2.1524938e-02
   8.2778670e-03
   1.1154775e-01
   1.1958104e-02
   6.1439984e-03
   4.2579793e-03
   7.4456997e-02
   2.6013054e-02
   2.4476759e-02
   5.4756454e-03
   8.9502651e-03
   9.3392180e-03
   1.0379946e-02
   5.6256936e-03
   5.5972457e-02
   2.8156789e-02
   4.1349512e-02
   1.1931234e-02
   7.9718448e-02
   1.4234021e-02
   4.3363079e-02
   1.1652763e-02
   7.0332937e-02
   3.6332831e-02
   4.7176551e-02
   1.5830131e-02
   1.1044087e-02
   1.2530091e-02
   1.4192138e-02
   8.9475354e-03
   6.4922787e-02
   2.5280632e-02
   5.3360168e-02
   1.4719470e-02
   1.0415880e-01
   2.5874058e-02
   1.0050610e-01
   2.0046828e-02
   8.9197263e-02
   4.8050638e-02
   1.0176622e-01
   2.2633497e-02
   6.6459416e-03
   8.2514910e-03
   1.1151819e-02
   6.2712724e-03
   6.1069343e-02
   1.8954545e-02
   5.1206741e-02
   9.5498916e-03
   7.7514157e-02
   1.2924283e-02
   3.7986647e-02
   8.3342930e-03
   7.2360188e-02
   3.5598304e-02
   4.3611191e-02
   7.4481680e-03
   7.7335676e-03
   8.4207626e-03
   8.9802267e-03
   5.6285313e-03
   6.0784899e-02
   2.2691878e-02
   4.8326090e-02
   7.8621358e-03
   1.0963564e-01
   1.3759759e-02
   5.7684630e-03
   3.0956827e-03
   1.4421143e-01
   1.7825788e-02
   1.6023858e-02
   3.7767200e-03
   3.1808399e-02
   3.5121974e-02
   3.0037651e-02
   2.2162067e-02
   7.1226999e-02
   5.9027188e-02
   6.6203892e-02
   2.6839068e-02
   1.8945229e-01
   2.6696425e-02
   8.8346591e-03
   3.1918699e-03
   1.3615550e-01
   4.7461752e-02
   2.1063797e-02
   4.4725840e-03
