   3.2473501e-02
   2.3532225e-02
   3.6282603e-02
   1.9013414e-02
   3.4915566e-02
   2.7787561e-02
   3.0601474e-02
   1.3519078e-02
   2.5232747e-02
   4.9865410e-02
   7.4125439e-02
   1.5423797e-02
   1.1604385e-02
   3.5470862e-02
   6.0893796e-02
   2.0591103e-02
   2.9427968e-02
   1.4946328e-02
   2.4777859e-02
   1.9671246e-02
   3.3197321e-02
   2.1115582e-02
   2.2446431e-02
   1.3340590e-02
   2.2487354e-02
   4.3494456e-02
   5.7831623e-02
   1.4423879e-02
   1.0885726e-02
   5.4439902e-02
   6.5076113e-02
   1.9267423e-02
   2.9343860e-02
   1.0487738e-02
   1.9199735e-02
   2.0872910e-02
   3.0194746e-02
   2.0089239e-02
   2.2016035e-02
   1.3221477e-02
   2.0390730e-02
   4.0149435e-02
   4.6635278e-02
   1.5186739e-02
   1.0988386e-02
   7.0207685e-02
   6.5033413e-02
   1.9675326e-02
   3.5471819e-02
   1.8167267e-02
   2.9478518e-02
   2.7624989e-02
   3.4513671e-02
   3.9149959e-02
   3.6603458e-02
   1.4121138e-02
   2.0191664e-02
   3.7927810e-02
   5.2949179e-02
   1.9988978e-02
   1.1980367e-02
   5.2570567e-02
   6.2410779e-02
   3.1602502e-02
   3.8779471e-02
   2.3471843e-02
   6.0956154e-02
   4.0816829e-02
   5.8823179e-02
   8.1998035e-02
   5.8248553e-02
   1.5988680e-02
   4.8498038e-02
   4.6343707e-02
   6.2080428e-02
   1.9042365e-02
   2.2367615e-02
   8.2402527e-02
   6.8132326e-02
   3.1359684e-02
   5.8467530e-02
   1.3917048e-02
   3.9839275e-02
   3.5046801e-02
   1.2668426e-01
   5.5236608e-02
   4.1932803e-02
   1.5199929e-02
   9.7358286e-02
   3.9835226e-02
   5.2216638e-02
   1.5834112e-02
   3.6233619e-02
   6.9478318e-02
   6.1425526e-02
   2.1790393e-02
   5.9967130e-02
   1.0918631e-02
   2.0653134e-02
   2.0513117e-02
   7.2915852e-02
   2.0972034e-02
   2.0659927e-02
   1.3601550e-02
   4.4873398e-02
   3.6961153e-02
   4.6006344e-02
   1.4333592e-02
   1.8092599e-02
   7.5195879e-02
   6.6337869e-02
   2.0823788e-02
   3.3197328e-02
   1.5539592e-02
   2.5655607e-02
   1.8869165e-02
   3.3924416e-02
   1.8949801e-02
   2.2033067e-02
   1.2912769e-02
   2.3791676e-02
   4.4898305e-02
   5.4957002e-02
   1.3920126e-02
   1.1713415e-02
   7.0265703e-02
   6.3792668e-02
   2.0645374e-02
   3.9289292e-02
   2.3219442e-02
   3.3967268e-02
   1.2373527e-02
   3.3476233e-02
   3.1070910e-02
   3.1164233e-02
   9.8340837e-03
   2.4709715e-02
   5.2186113e-02
   7.6550409e-02
   9.2404122e-03
   8.9199441e-03
   3.6688209e-02
   5.0671797e-02
   1.3364930e-02
   3.9601378e-02
   1.5307886e-02
   2.2714997e-02
   1.2855003e-02
   3.3027597e-02
   2.7968213e-02
   2.2260398e-02
   9.2461817e-03
   2.0420182e-02
   4.2962775e-02
   6.1417200e-02
   8.9005521e-03
   7.8777913e-03
   5.5397071e-02
   5.3108837e-02
   1.1932630e-02
   4.1069735e-02
   1.0943839e-02
   1.8316163e-02
   1.4671443e-02
   3.1208750e-02
   1.9596640e-02
   1.5698217e-02
   9.2368536e-03
   2.0641886e-02
   3.5697553e-02
   4.4568732e-02
   1.0490497e-02
   9.4335256e-03
   6.6114224e-02
   5.1437091e-02
   1.5992291e-02
   5.0557703e-02
   2.3168167e-02
   3.0718269e-02
   1.9210981e-02
   4.6086214e-02
   2.8095439e-02
   2.6863810e-02
   1.0242653e-02
   2.7971506e-02
   3.9775327e-02
   6.0565766e-02
   2.0247091e-02
   1.3467679e-02
   4.9161687e-02
   5.2018594e-02
   3.4777090e-02
   5.7901427e-02
   3.1448442e-02
   7.1089417e-02
   3.1725228e-02
   9.4973616e-02
   4.8952214e-02
   6.1648719e-02
   1.0668170e-02
   7.7825837e-02
   5.3831935e-02
   7.4852586e-02
   1.7949425e-02
   3.3252813e-02
   7.7264942e-02
   5.6988366e-02
   3.3701710e-02
   8.6608373e-02
   1.4314541e-02
   4.7362428e-02
   2.6384417e-02
   2.1241879e-01
   3.1094961e-02
   4.3869700e-02
   1.1147568e-02
   1.6487464e-01
   4.2793214e-02
   6.2837154e-02
   1.1554666e-02
   5.9068292e-02
   6.5044381e-02
   5.1777650e-02
   1.6454823e-02
   8.8080615e-02
   1.0886661e-02
   1.9539114e-02
   1.4471549e-02
   1.2072034e-01
   1.9631686e-02
   1.7579691e-02
   1.0267364e-02
   7.5143903e-02
   3.8836006e-02
   4.4581037e-02
   9.3276380e-03
   2.4389874e-02
   7.0563897e-02
   5.6596592e-02
   1.2820083e-02
   4.3523327e-02
   1.6860301e-02
   2.4506250e-02
   1.1675772e-02
   3.9313868e-02
   2.1711184e-02
   2.4060084e-02
   1.0130728e-02
   2.7452290e-02
   4.6644330e-02
   5.1755961e-02
   9.0847304e-03
   9.2038326e-03
   6.6998526e-02
   5.3907774e-02
   1.1873840e-02
   6.2761292e-02
   2.1659922e-02
   3.4861162e-02
   9.7979084e-03
   5.4805718e-02
   4.5644887e-02
   3.6416586e-02
   7.6967082e-03
   3.5342198e-02
   6.1085738e-02
   8.9412220e-02
   8.6195823e-03
   8.7938877e-03
   3.4016728e-02
   5.2615184e-02
   1.6357075e-02
   6.4665414e-02
   1.9143110e-02
   2.2347450e-02
   9.0048723e-03
   5.5600327e-02
   3.4650534e-02
   2.6971629e-02
   6.2577082e-03
   3.0898720e-02
   4.7735367e-02
   6.8392321e-02
   7.4179554e-03
   8.7035261e-03
   3.0954303e-02
   5.1182549e-02
   1.2206879e-02
   7.4310414e-02
   1.5301740e-02
   2.0547675e-02
   1.2466402e-02
   5.4261215e-02
   2.3875317e-02
   1.7969912e-02
   6.6696205e-03
   3.8163569e-02
   3.7115302e-02
   5.1124539e-02
   9.5443092e-03
   1.4516389e-02
   3.7970047e-02
   4.9469139e-02
   1.8220425e-02
   8.8931032e-02
   3.5264764e-02
   3.4278598e-02
   1.6237291e-02
   7.9317681e-02
   3.8928434e-02
   3.6272101e-02
   6.9312844e-03
   5.1943075e-02
   4.7625531e-02
   7.3223524e-02
   2.6891442e-02
   2.2901269e-02
   3.9155081e-02
   5.6432832e-02
   5.2078929e-02
   9.7200111e-02
   4.7277503e-02
   9.2308603e-02
   2.6012255e-02
   1.2531795e-01
   6.7502163e-02
   9.2392184e-02
   8.5712587e-03
   1.0703580e-01
   5.1837869e-02
   9.3178205e-02
   2.3746325e-02
   4.8368104e-02
   4.8490070e-02
   7.1993381e-02
   4.8707642e-02
   1.2405337e-01
   1.7449861e-02
   6.3218124e-02
   2.3603713e-02
   2.8899604e-01
   3.8542069e-02
   5.6877010e-02
   7.6432531e-03
   2.3354015e-01
   4.1229565e-02
   8.0837302e-02
   9.6348776e-03
   8.0024160e-02
   4.6557669e-02
   5.6406714e-02
   1.7768374e-02
   1.5160996e-01
   1.0811222e-02
   2.2811569e-02
   1.1478736e-02
   1.7561349e-01
   2.1979809e-02
   2.0018809e-02
   6.4330027e-03
   1.1276109e-01
   4.2835910e-02
   5.1494014e-02
   7.0435526e-03
   3.3183001e-02
   3.7563562e-02
   4.5182534e-02
   1.1660416e-02
   7.9848528e-02
   1.5489273e-02
   3.0957056e-02
   8.6354772e-03
   6.6176862e-02
   2.7627027e-02
   2.9914211e-02
   7.1828747e-03
   4.3257508e-02
   4.4325724e-02
   6.2013403e-02
   7.1224007e-03
   1.0039367e-02
   3.3603124e-02
   4.4259947e-02
   1.2678659e-02
   5.9421297e-02
   3.3188425e-02
   3.6907122e-02
   8.0414172e-03
   5.8757387e-02
   3.7302151e-02
   2.6488034e-02
   4.8749358e-03
   5.5964623e-02
   6.1279371e-02
   1.1509091e-01
   9.2345309e-03
   1.5775358e-02
   5.1996879e-02
   6.9234937e-02
   1.6745100e-02
   7.4468866e-02
   2.9695079e-02
   2.6257107e-02
   7.0409426e-03
   7.3469482e-02
   3.5889588e-02
   2.0276351e-02
   4.6886471e-03
   4.1934170e-02
   4.9578264e-02
   8.2572646e-02
   7.6106968e-03
   1.4904782e-02
   3.0793240e-02
   6.0202155e-02
   1.8242808e-02
   9.4145365e-02
   2.5958901e-02
   2.4307257e-02
   8.8353651e-03
   6.5962560e-02
   3.5089634e-02
   2.3505330e-02
   5.9594060e-03
   5.6116760e-02
   4.7489293e-02
   5.8537357e-02
   1.0407320e-02
   2.3917396e-02
   2.6667099e-02
   6.5098010e-02
   2.6791401e-02
   1.0432291e-01
   6.0586255e-02
   4.4798002e-02
   1.2788380e-02
   9.6124038e-02
   5.8781568e-02
   4.8949078e-02
   9.4952015e-03
   5.6750946e-02
   5.2009165e-02
   9.4085552e-02
   3.9668623e-02
   3.2065619e-02
   5.6924030e-02
   8.2905166e-02
   6.7597307e-02
   1.0574495e-01
   8.1618384e-02
   1.2907830e-01
   2.6776785e-02
   9.6681960e-02
   9.8167486e-02
   1.1427192e-01
   1.5173282e-02
   6.0597889e-02
   4.6282806e-02
   1.0152473e-01
   3.6083743e-02
   6.7048647e-02
   3.1624738e-02
   8.2120270e-02
   6.1081652e-02
   1.0491237e-01
   2.7372131e-02
   8.4937580e-02
   2.3110883e-02
   1.6191727e-01
   5.8345653e-02
   8.0570288e-02
   1.0088813e-02
   1.3755006e-01
   6.6803180e-02
   8.9870885e-02
   1.0868748e-02
   9.3955494e-02
   6.2214814e-02
   7.2955608e-02
   2.8713655e-02
   1.4336993e-01
   1.8135309e-02
   2.2808895e-02
   8.7528713e-03
   1.1867032e-01
   3.0448141e-02
   2.6498182e-02
   7.3269708e-03
   9.1012448e-02
   6.3707337e-02
   6.6568792e-02
   8.6055696e-03
   4.2994369e-02
   4.6520136e-02
   6.0511552e-02
   1.9055318e-02
   8.5286207e-02
   2.6772410e-02
   2.5628189e-02
   6.8202177e-03
   7.4948885e-02
   2.2128452e-02
   2.3934821e-02
   5.0176070e-03
   5.7393633e-02
   4.7542498e-02
   8.2676098e-02
   6.8710740e-03
   1.6521515e-02
   2.9436620e-02
   5.9998926e-02
   1.4910212e-02
