   1.4119165e-02
   8.1823608e-03
   7.0804399e-03
   3.8497120e-02
   1.3284202e-02
   9.4200708e-03
   8.8118436e-03
   2.8124150e-02
   3.6794104e-02
   3.9842851e-02
   4.1746408e-02
   2.7874043e-02
   1.0896896e-02
   1.2817546e-02
   1.5337489e-02
   3.2271501e-02
   1.3094991e-02
   7.2163506e-03
   6.2698643e-03
   3.6772821e-02
   9.3654525e-03
   6.5074107e-03
   6.6843592e-03
   2.5703741e-02
   2.3992533e-02
   2.8689630e-02
   2.6259672e-02
   2.3676882e-02
   9.0763150e-03
   7.4290521e-03
   1.1248631e-02
   2.8870875e-02
   1.2963671e-02
   7.1020406e-03
   6.0690739e-03
   3.7222788e-02
   7.5505334e-03
   4.9503176e-03
   5.7408614e-03
   2.5533427e-02
   2.3394018e-02
   2.2317084e-02
   2.0303078e-02
   2.2675758e-02
   9.3416255e-03
   5.3532193e-03
   9.8106954e-03
   2.8388551e-02
   1.4385491e-02
   7.6593244e-03
   6.9174138e-03
   4.2035311e-02
   8.0790156e-03
   5.1478227e-03
   6.5150415e-03
   2.7967924e-02
   2.3533726e-02
   2.8522221e-02
   2.3245046e-02
   2.4645355e-02
   8.5250214e-03
   6.1191116e-03
   1.1247592e-02
   3.1355873e-02
   1.5837587e-02
   8.0770291e-03
   8.7791523e-03
   4.7045130e-02
   8.9384103e-03
   5.3039980e-03
   8.9554675e-03
   3.0319432e-02
   1.9935502e-02
   2.7254613e-02
   3.0272797e-02
   2.7248092e-02
   7.8917993e-03
   6.3294116e-03
   1.3852515e-02
   3.3881128e-02
   1.4255028e-02
   7.5926585e-03
   8.1175668e-03
   4.2706799e-02
   8.1592118e-03
   4.9734274e-03
   8.2018869e-03
   2.8039780e-02
   1.7773405e-02
   2.0996178e-02
   2.4553986e-02
   2.6008103e-02
   7.0492425e-03
   5.0435346e-03
   1.2249112e-02
   3.1533055e-02
   1.2981752e-02
   7.0545501e-03
   6.0756723e-03
   3.7487619e-02
   7.5741159e-03
   4.7807735e-03
   5.6225215e-03
   2.5529500e-02
   1.7257059e-02
   2.1628873e-02
   2.0432238e-02
   2.2860957e-02
   6.4650136e-03
   4.8794281e-03
   1.0319130e-02
   2.9230690e-02
   1.3183172e-02
   7.2428142e-03
   6.3007642e-03
   3.6782533e-02
   9.3122246e-03
   6.0764262e-03
   6.4733312e-03
   2.5656281e-02
   2.3525322e-02
   3.1551775e-02
   2.6264580e-02
   2.3849273e-02
   7.9284748e-03
   7.2221141e-03
   1.1342220e-02
   2.8808044e-02
   1.3044604e-02
   8.0159698e-03
   7.2184969e-03
   3.6092788e-02
   1.5573582e-02
   1.0796013e-02
   9.9332202e-03
   2.8947260e-02
   5.4184966e-02
   6.2881112e-02
   6.6020079e-02
   3.4068417e-02
   1.2236946e-02
   1.7974466e-02
   1.8507844e-02
   3.5315167e-02
   1.2513033e-02
   7.3193717e-03
   6.4357142e-03
   3.5497926e-02
   1.0176233e-02
   7.4791554e-03
   7.2893384e-03
   2.5809990e-02
   3.0983241e-02
   4.0461291e-02
   3.5806347e-02
   2.5353545e-02
   1.0027548e-02
   9.7186314e-03
   1.2538071e-02
   3.0229542e-02
   1.2407678e-02
   7.3342416e-03
   6.3567264e-03
   3.5957012e-02
   7.6097213e-03
   5.6154784e-03
   6.1664274e-03
   2.5339564e-02
   2.9977737e-02
   2.7024770e-02
   2.3266375e-02
   2.2817208e-02
   1.1148074e-02
   6.2255221e-03
   1.0247326e-02
   2.8779488e-02
   1.3172849e-02
   7.7921469e-03
   7.0639383e-03
   3.8814384e-02
   7.8103677e-03
   5.6541380e-03
   7.0076576e-03
   2.6712947e-02
   3.0996718e-02
   3.7422873e-02
   2.7818538e-02
   2.3669716e-02
   8.9086015e-03
   7.6685376e-03
   1.1559317e-02
   3.0490207e-02
   1.3987374e-02
   7.9659242e-03
   9.1535142e-03
   4.2419892e-02
   8.4794303e-03
   5.6871311e-03
   1.0151004e-02
   2.7919117e-02
   2.3168884e-02
   3.5077713e-02
   3.9090909e-02
   2.5484208e-02
   7.5772353e-03
   7.7831671e-03
   1.4654459e-02
   3.1671040e-02
   1.3022739e-02
   7.5662620e-03
   8.5501755e-03
   3.9889634e-02
   7.9949088e-03
   5.2677128e-03
   9.2190271e-03
   2.6739035e-02
   1.9627407e-02
   2.3726700e-02
   3.0228108e-02
   2.6371768e-02
   6.8134498e-03
   5.8445376e-03
   1.3091952e-02
   3.1419169e-02
   1.2369289e-02
   7.3024984e-03
   6.3552614e-03
   3.6307909e-02
   7.6562730e-03
   5.1834658e-03
   6.0447059e-03
   2.5135791e-02
   1.9163566e-02
   2.6248960e-02
   2.3410700e-02
   2.3414990e-02
   6.5064887e-03
   5.7273707e-03
   1.0816631e-02
   3.0985679e-02
   1.2477512e-02
   7.3004812e-03
   6.6104382e-03
   3.5426147e-02
   1.0273489e-02
   6.8481667e-03
   7.0607313e-03
   2.5728142e-02
   3.0552402e-02
   4.6102438e-02
   3.5869513e-02
   2.5843054e-02
   8.5295681e-03
   9.8352460e-03
   1.2633272e-02
   2.9995076e-02
   9.8362770e-03
   7.0494078e-03
   6.5385723e-03
   2.9498495e-02
   1.7756391e-02
   1.2142858e-02
   1.1493393e-02
   2.9824700e-02
   7.3289640e-02
   9.5489837e-02
   1.0209739e-01
   4.4049021e-02
   1.3460428e-02
   2.3249697e-02
   2.1467263e-02
   3.6962919e-02
   9.6365130e-03
   6.3886782e-03
   5.9890584e-03
   2.9765422e-02
   1.0146581e-02
   7.9570860e-03
   7.6901219e-03
   2.4184575e-02
   3.8517911e-02
   5.7606589e-02
   4.9363509e-02
   2.6440751e-02
   1.0696421e-02
   1.1769329e-02
   1.3116834e-02
   2.7959039e-02
   9.6598286e-03
   6.5305880e-03
   5.9507000e-03
   3.1524882e-02
   6.5851579e-03
   5.6577697e-03
   6.0246484e-03
   2.2797570e-02
   3.3643037e-02
   3.2231506e-02
   2.5318375e-02
   2.0025572e-02
   1.2753305e-02
   6.6810558e-03
   9.7917458e-03
   2.4801789e-02
   1.0196349e-02
   6.7743962e-03
   6.5235686e-03
   3.2912441e-02
   6.5860590e-03
   5.5933227e-03
   6.9499984e-03
   2.3560638e-02
   3.0542031e-02
   4.4393439e-02
   3.1247731e-02
   2.0383297e-02
   8.9481771e-03
   8.6750230e-03
   1.0960621e-02
   2.5624121e-02
   1.0751463e-02
   6.8772975e-03
   9.1621298e-03
   3.5651464e-02
   7.2625559e-03
   5.4701422e-03
   1.1252713e-02
   2.4228550e-02
   2.3386657e-02
   4.1503865e-02
   4.6415385e-02
   2.1864217e-02
   6.6697476e-03
   8.6635267e-03
   1.4584702e-02
   2.6349848e-02
   1.0105615e-02
   6.5277177e-03
   8.5776625e-03
   3.4039535e-02
   6.7723198e-03
   5.1593822e-03
   1.0076379e-02
   2.3666598e-02
   1.9307213e-02
   2.5136333e-02
   3.5170320e-02
   2.3667620e-02
   5.8524562e-03
   6.1030388e-03
   1.3039485e-02
   2.8537806e-02
   9.7282920e-03
   6.4872135e-03
   5.8234273e-03
   3.0544873e-02
   6.6120760e-03
   5.1500229e-03
   5.8447672e-03
   2.2396443e-02
   1.8998755e-02
   3.0381558e-02
   2.5423966e-02
   2.0628398e-02
   5.6758304e-03
   6.2011820e-03
   1.0249563e-02
   2.9859640e-02
   9.6212383e-03
   6.5302672e-03
   5.9190583e-03
   2.9370287e-02
   1.0571064e-02
   7.2860853e-03
   7.4486546e-03
   2.4388403e-02
   3.7462063e-02
   6.6785157e-02
   4.9705628e-02
   2.7452672e-02
   8.3923088e-03
   1.2384203e-02
   1.3089562e-02
   2.8042430e-02
   7.1513229e-03
   5.9171249e-03
   5.4454356e-03
   2.2065420e-02
   2.2440549e-02
   1.4221752e-02
   1.3798933e-02
   3.4338258e-02
   1.2569356e-01
   1.3905968e-01
   1.6094324e-01
   5.9187796e-02
   1.7533218e-02
   3.0116212e-02
   2.5345825e-02
   3.9520562e-02
   6.8129105e-03
   4.9520195e-03
   4.7360691e-03
   2.1677922e-02
   1.0677703e-02
   8.4429095e-03
   8.0067208e-03
   2.2401251e-02
   6.0463969e-02
   8.1269689e-02
   7.1478985e-02
   2.9022593e-02
   1.3280841e-02
   1.4778227e-02
   1.3340380e-02
   2.5472043e-02
   6.6628419e-03
   4.9144123e-03
   4.6806829e-03
   2.2547236e-02
   5.4481798e-03
   5.0720489e-03
   5.1002717e-03
   1.7193852e-02
   4.4065185e-02
   4.5688633e-02
   3.2041147e-02
   1.5319737e-02
   1.6173689e-02
   7.9571279e-03
   8.2025882e-03
   1.8939713e-02
   7.0575206e-03
   5.1358812e-03
   5.5243592e-03
   2.3150429e-02
   5.2038403e-03
   4.8374003e-03
   6.1516636e-03
   1.7094221e-02
   3.8294233e-02
   6.1867345e-02
   3.9194632e-02
   1.5164536e-02
   1.0258827e-02
   1.0962308e-02
   9.9555179e-03
   1.9338366e-02
   7.9389671e-03
   5.1773740e-03
   1.0198342e-02
   2.7285492e-02
   5.7960432e-03
   4.8338571e-03
   1.3162141e-02
   1.8427482e-02
   2.6379015e-02
   5.8525186e-02
   6.4133711e-02
   1.6825033e-02
   6.0481741e-03
   1.0714378e-02
   1.6466899e-02
   2.0295430e-02
   6.9628716e-03
   4.8929974e-03
   9.3849245e-03
   2.6422430e-02
   5.3095873e-03
   4.3625985e-03
   1.1535305e-02
   1.7832031e-02
   1.8997669e-02
   3.1704396e-02
   4.5112401e-02
   1.9523529e-02
   4.8349281e-03
   7.3026116e-03
   1.3965914e-02
   2.7640734e-02
   6.8126651e-03
   4.7477526e-03
   4.7960756e-03
   2.2732012e-02
   5.4061417e-03
   4.5313141e-03
   5.1173889e-03
   1.7060453e-02
   1.9205760e-02
   4.2110879e-02
   2.9823385e-02
   1.6564332e-02
   4.8013218e-03
   6.9440627e-03
   9.1327978e-03
   3.2824714e-02
   6.8696295e-03
   5.0243032e-03
   4.9163206e-03
   2.1339625e-02
   1.1812063e-02
   7.6782601e-03
   7.9075554e-03
   2.2644280e-02
   5.8782756e-02
   1.0500155e-01
   7.0667513e-02
   3.0714041e-02
   9.7586252e-03
   1.5963297e-02
   1.3404645e-02
   2.7486831e-02
