   4.7581617e-02
   4.1579392e-02
   6.7854509e-02
   2.2407223e-02
   9.3485922e-02
   1.0609087e-01
   1.1766341e-01
   1.9084774e-02
   1.0216440e-01
   1.0578600e-01
   1.0081725e-01
   2.9949719e-02
   7.7695794e-02
   7.7313602e-02
   7.9993390e-02
   4.2413242e-02
   2.4448076e-02
   1.9562259e-02
   3.3599567e-02
   1.2887901e-02
   4.7346096e-02
   4.9335632e-02
   5.8253299e-02
   1.3141346e-02
   4.9632538e-02
   4.9464986e-02
   4.7205999e-02
   2.3771873e-02
   3.9636310e-02
   3.6868505e-02
   4.0862642e-02
   2.9854987e-02
   1.1209391e-02
   6.8345894e-03
   1.2356977e-02
   9.8878816e-03
   2.2430982e-02
   1.2402218e-02
   1.7858254e-02
   1.0119101e-02
   1.8695649e-02
   1.3468068e-02
   1.1657507e-02
   1.7264038e-02
   1.6476892e-02
   1.2375796e-02
   1.3169074e-02
   1.8607656e-02
   2.8644318e-02
   1.5918327e-02
   1.8722849e-02
   1.0154360e-02
   3.4795158e-02
   1.4220528e-02
   2.0710757e-02
   1.3255253e-02
   1.8081170e-02
   1.2449790e-02
   1.0058007e-02
   2.0842673e-02
   1.6784506e-02
   1.2521626e-02
   1.2721809e-02
   2.2340877e-02
   2.3052394e-02
   2.4449958e-02
   3.7522785e-02
   2.1536266e-02
   2.5504176e-02
   1.6803293e-02
   3.3003949e-02
   1.5053708e-02
   1.7332481e-02
   1.1737227e-02
   1.0195697e-02
   2.1316528e-02
   1.6714962e-02
   1.2562785e-02
   1.3014060e-02
   2.1304833e-02
   1.3250513e-02
   1.1106479e-02
   2.4039654e-02
   2.2033414e-02
   1.8232049e-02
   1.1367523e-02
   2.6238861e-02
   1.3847842e-02
   1.7410941e-02
   1.1476836e-02
   1.0219960e-02
   1.8906694e-02
   1.6630394e-02
   1.1805342e-02
   1.2914801e-02
   1.7203925e-02
   1.5094560e-02
   7.1462458e-03
   1.2477659e-02
   9.1288807e-03
   1.9392418e-02
   1.1676132e-02
   1.8541986e-02
   1.0084307e-02
   1.9001750e-02
   1.2843430e-02
   1.1902303e-02
   1.6192961e-02
   1.6917840e-02
   1.1967257e-02
   1.3180538e-02
   1.7156046e-02
   2.3837777e-02
   1.7078333e-02
   3.0767240e-02
   1.2597373e-02
   4.2320110e-02
   4.2668022e-02
   5.1851261e-02
   1.3137253e-02
   4.3626040e-02
   4.2951759e-02
   4.2165529e-02
   2.1884687e-02
   3.3958137e-02
   3.1883411e-02
   3.3735700e-02
   2.5619969e-02
   6.8407677e-02
   6.4559162e-02
   8.2509257e-02
   2.7559308e-02
   1.4380269e-01
   1.7259297e-01
   1.8073633e-01
   2.3464961e-02
   1.5508966e-01
   1.5329120e-01
   1.5318982e-01
   3.5176765e-02
   1.1677670e-01
   1.2082782e-01
   1.2024257e-01
   5.5798657e-02
   3.0996364e-02
   3.0269258e-02
   4.1456349e-02
   1.4272083e-02
   6.8032868e-02
   7.8492559e-02
   8.6667672e-02
   1.4723336e-02
   7.0050985e-02
   6.9016628e-02
   7.0369922e-02
   2.8863128e-02
   5.3626850e-02
   5.4721363e-02
   5.9227478e-02
   3.5693515e-02
   1.6793322e-02
   9.8207407e-03
   1.4936748e-02
   8.8658435e-03
   2.6634714e-02
   1.3367365e-02
   1.8121680e-02
   1.0025543e-02
   1.3989379e-02
   1.3118639e-02
   1.2729449e-02
   2.0211034e-02
   1.2259582e-02
   1.0500637e-02
   1.2530801e-02
   1.9996345e-02
   5.0455928e-02
   2.9722312e-02
   2.6901251e-02
   1.3548777e-02
   4.7962926e-02
   1.8192453e-02
   2.4412364e-02
   1.8035034e-02
   1.1690024e-02
   9.4561419e-03
   8.4206052e-03
   2.8636118e-02
   9.7396187e-03
   8.7524932e-03
   1.1159894e-02
   2.7716052e-02
   4.1780874e-02
   4.6320196e-02
   6.5831564e-02
   4.1244019e-02
   3.2973994e-02
   2.3867616e-02
   4.9266830e-02
   2.1314209e-02
   1.2615862e-02
   8.7248143e-03
   7.6417280e-03
   3.1110421e-02
   1.0660000e-02
   9.4710020e-03
   1.1716249e-02
   2.7776323e-02
   1.6913516e-02
   1.6189639e-02
   4.0207826e-02
   4.1519579e-02
   1.6959727e-02
   1.2032549e-02
   3.9488651e-02
   2.1155132e-02
   1.1861697e-02
   8.6833574e-03
   7.9612462e-03
   2.7658068e-02
   9.8627741e-03
   9.9897105e-03
   1.1383217e-02
   1.9328618e-02
   1.2248051e-02
   9.4518363e-03
   1.5481762e-02
   1.2627618e-02
   1.6332941e-02
   1.3095833e-02
   2.2538960e-02
   1.2963313e-02
   1.4546542e-02
   1.1754760e-02
   1.2894576e-02
   1.9177118e-02
   1.1324571e-02
   1.0692759e-02
   1.2795546e-02
   1.7449507e-02
   2.6734419e-02
   2.4779383e-02
   3.4823097e-02
   1.3130353e-02
   5.4728337e-02
   6.2406100e-02
   6.9737360e-02
   1.5302634e-02
   5.6215845e-02
   5.6133434e-02
   5.7010859e-02
   2.5042815e-02
   4.1916382e-02
   4.3443169e-02
   4.3667551e-02
   3.1122940e-02
   9.4758153e-02
   9.3057871e-02
   1.1145800e-01
   4.3182299e-02
   1.9524314e-01
   2.3336910e-01
   2.3850141e-01
   3.7355281e-02
   2.2464341e-01
   2.3590934e-01
   2.3294294e-01
   5.7393432e-02
   1.7949802e-01
   1.8090259e-01
   1.8374255e-01
   8.5324109e-02
   4.1947160e-02
   4.2380992e-02
   5.5717889e-02
   2.2099104e-02
   9.4933793e-02
   1.0383297e-01
   1.1306597e-01
   1.9756421e-02
   1.0212462e-01
   1.0554666e-01
   1.0653685e-01
   4.4921938e-02
   8.0256745e-02
   8.0872625e-02
   8.7232046e-02
   5.6117553e-02
   2.3605319e-02
   1.2634000e-02
   1.8025102e-02
   1.1862730e-02
   3.8468443e-02
   1.4803812e-02
   1.9948382e-02
   1.1255916e-02
   1.3234411e-02
   1.3827380e-02
   1.4880421e-02
   2.7921136e-02
   1.0969548e-02
   1.0546649e-02
   1.6796386e-02
   3.2481465e-02
   7.5810105e-02
   4.0032312e-02
   3.1609591e-02
   1.8927934e-02
   7.0277430e-02
   2.4567023e-02
   3.1244736e-02
   2.8671045e-02
   8.7252362e-03
   8.9175990e-03
   1.1596637e-02
   5.8605876e-02
   7.2712032e-03
   8.9141950e-03
   1.2047053e-02
   5.3739123e-02
   6.5816596e-02
   6.3804641e-02
   8.6803317e-02
   6.9022708e-02
   4.7998644e-02
   3.0034831e-02
   6.2625937e-02
   3.4250505e-02
   1.2193041e-02
   8.2479138e-03
   9.4646150e-03
   5.5428252e-02
   9.0936599e-03
   1.1929492e-02
   1.2734963e-02
   5.4567572e-02
   2.8377743e-02
   2.1020418e-02
   5.3137366e-02
   6.9037624e-02
   2.4331726e-02
   1.4078739e-02
   5.0352629e-02
   3.2012206e-02
   1.0098157e-02
   8.6742183e-03
   9.8864352e-03
   5.1335692e-02
   7.7479142e-03
   1.1639110e-02
   1.2580665e-02
   3.7725892e-02
   2.0121830e-02
   9.4115743e-03
   1.8931471e-02
   1.8434379e-02
   2.1813896e-02
   1.4672288e-02
   3.0428067e-02
   2.3301661e-02
   1.3145627e-02
   1.3870145e-02
   1.6990041e-02
   3.2299537e-02
   1.0970984e-02
   1.2405312e-02
   1.5299069e-02
   2.5042152e-02
   3.6459856e-02
   3.2214276e-02
   4.8437521e-02
   2.1266581e-02
   7.4300028e-02
   7.9319738e-02
   9.6354738e-02
   2.5114167e-02
   7.4428104e-02
   7.8288101e-02
   7.8313485e-02
   3.6281407e-02
   6.0592778e-02
   6.1046161e-02
   6.2132593e-02
   4.2783991e-02
   1.4868307e-01
   1.4435191e-01
   1.4432955e-01
   7.3772803e-02
   1.7456447e-01
   2.0334518e-01
   1.9433233e-01
   4.7469102e-02
   4.4578230e-01
   4.7718629e-01
   4.6557796e-01
   1.1349266e-01
   3.2612601e-01
   3.4983411e-01
   3.4124678e-01
   1.4370410e-01
   6.5502100e-02
   6.5169193e-02
   6.4316675e-02
   3.4894358e-02
   8.8415883e-02
   8.9841738e-02
   9.3930170e-02
   2.6001083e-02
   2.0418775e-01
   2.1279563e-01
   2.1170698e-01
   7.7067889e-02
   1.5419759e-01
   1.5749702e-01
   1.5639198e-01
   1.0959454e-01
   3.0361289e-02
   1.3067823e-02
   1.6723454e-02
   1.6300792e-02
   4.9204610e-02
   1.4488081e-02
   2.0901524e-02
   1.8169057e-02
   1.8053005e-02
   1.7977979e-02
   2.0379527e-02
   2.9599594e-02
   1.3602344e-02
   1.5125227e-02
   1.9835372e-02
   5.1375791e-02
   9.4983935e-02
   4.3749910e-02
   3.1596128e-02
   2.1253224e-02
   8.0112264e-02
   2.8154450e-02
   4.5422789e-02
   4.8877552e-02
   1.0196646e-02
   1.1048897e-02
   1.8127283e-02
   1.0677928e-01
   8.7502627e-03
   1.1933791e-02
   1.4003023e-02
   1.0904197e-01
   8.7699622e-02
   7.0335455e-02
   9.3869098e-02
   8.0809474e-02
   5.8680717e-02
   3.4700114e-02
   7.2210036e-02
   5.9094645e-02
   1.7827481e-02
   9.5372247e-03
   1.4118268e-02
   9.0370789e-02
   1.3766362e-02
   1.5755400e-02
   1.5470644e-02
   1.0578895e-01
   4.3576099e-02
   2.2985984e-02
   5.9037749e-02
   7.5679332e-02
   2.9461406e-02
   1.5074860e-02
   4.3606281e-02
   2.8778873e-02
   1.0602090e-02
   7.5456095e-03
   1.0798501e-02
   4.1897602e-02
   1.0101074e-02
   1.4673503e-02
   2.0166449e-02
   5.8770955e-02
   3.3347417e-02
   9.4479760e-03
   2.3564259e-02
   2.1978678e-02
   2.6633920e-02
   1.4496376e-02
   2.6314320e-02
   2.1370240e-02
   1.2337979e-02
   1.4181852e-02
   1.8709511e-02
   4.7907621e-02
   1.2446956e-02
   1.4579976e-02
   1.8157708e-02
   4.6315804e-02
   5.6372724e-02
   4.8585750e-02
   6.3630171e-02
   3.5849541e-02
   6.6927433e-02
   6.9230258e-02
   7.7009618e-02
   3.3393145e-02
   1.4241862e-01
   1.5471403e-01
   1.5345614e-01
   5.9243903e-02
   1.0480046e-01
   1.1338434e-01
   1.1225576e-01
   5.7633255e-02
