   6.5098591e-02
   6.6336319e-02
   7.3585443e-02
   3.5468001e-02
   6.1520614e-02
   6.7628138e-02
   6.4064600e-02
   1.8695235e-02
   4.1699536e-02
   5.2008159e-02
   3.2219984e-02
   1.3260798e-02
   2.8400242e-02
   4.4118244e-02
   5.7963729e-02
   1.9687088e-02
   2.8299453e-02
   2.7796112e-02
   2.9664034e-02
   2.4420951e-02
   4.2713717e-02
   3.7679289e-02
   3.3321735e-02
   1.4362542e-02
   3.9954431e-02
   2.9295016e-02
   2.2260489e-02
   1.2622469e-02
   3.0163378e-02
   5.1054515e-02
   5.6007203e-02
   1.8212639e-02
   8.6764880e-03
   6.0227369e-03
   6.4659580e-03
   1.6620057e-02
   2.9285742e-02
   2.4508992e-02
   1.7016690e-02
   1.5554808e-02
   3.7527788e-02
   1.7417643e-02
   1.9942243e-02
   1.6047688e-02
   2.6185388e-02
   5.9428141e-02
   4.7345709e-02
   1.8813543e-02
   8.2329577e-03
   5.6116949e-03
   6.0426607e-03
   1.6808694e-02
   3.1634960e-02
   3.0936452e-02
   2.0369288e-02
   2.0332485e-02
   3.6455840e-02
   2.5901465e-02
   3.0353704e-02
   2.4175361e-02
   2.5628677e-02
   5.0807532e-02
   5.7071991e-02
   2.1975329e-02
   8.1623225e-03
   6.0886564e-03
   6.2565110e-03
   2.4365915e-02
   5.3974748e-02
   4.6253037e-02
   3.2640979e-02
   2.0060457e-02
   1.1369876e-01
   3.9555497e-02
   4.1733474e-02
   1.8860985e-02
   7.9610631e-02
   5.8649432e-02
   6.4813055e-02
   2.2773687e-02
   8.1685949e-03
   6.3261217e-03
   5.9487354e-03
   2.6499102e-02
   9.9688597e-02
   3.6145363e-02
   2.6496422e-02
   1.8088059e-02
   1.9362085e-01
   3.1838924e-02
   2.9122900e-02
   1.4932025e-02
   1.2259781e-01
   4.9801655e-02
   4.9057275e-02
   1.9419646e-02
   8.6793657e-03
   6.2881974e-03
   5.9418068e-03
   1.8123753e-02
   5.5062454e-02
   2.1463335e-02
   1.5150121e-02
   1.5027539e-02
   6.8813100e-02
   1.8664015e-02
   1.7203718e-02
   1.3351258e-02
   4.1253839e-02
   5.9401855e-02
   4.7950212e-02
   1.7669387e-02
   2.5834722e-02
   2.5558542e-02
   2.8989935e-02
   2.4394257e-02
   4.1562662e-02
   3.2164790e-02
   3.1211250e-02
   1.5326260e-02
   3.7217282e-02
   2.8194996e-02
   1.9980246e-02
   1.2931967e-02
   2.6190238e-02
   5.7885792e-02
   5.0909974e-02
   1.8919785e-02
   1.0318601e-01
   1.0482680e-01
   1.0571978e-01
   4.2201016e-02
   8.1543222e-02
   9.3646660e-02
   8.8159218e-02
   2.2403393e-02
   2.9516550e-02
   5.2323878e-02
   3.8498357e-02
   8.1895934e-03
   1.9083118e-02
   3.9659265e-02
   6.2314644e-02
   1.1386737e-02
   4.1972280e-02
   4.2703617e-02
   4.1297399e-02
   2.8248679e-02
   4.8315059e-02
   4.9058188e-02
   4.2743720e-02
   1.5768096e-02
   2.7113747e-02
   3.3077538e-02
   2.6398720e-02
   8.1214057e-03
   1.7240547e-02
   5.1123206e-02
   5.2431837e-02
   1.0755059e-02
   6.0441927e-03
   5.2260994e-03
   4.8755924e-03
   1.5423466e-02
   3.1815197e-02
   2.2079103e-02
   1.3132708e-02
   1.5765117e-02
   2.8237918e-02
   2.2239853e-02
   2.1277361e-02
   1.3132033e-02
   1.8782573e-02
   5.6516774e-02
   4.3588601e-02
   1.2029597e-02
   5.1028314e-03
   4.0825917e-03
   3.8590645e-03
   1.8583693e-02
   4.2666558e-02
   2.5129996e-02
   1.5800625e-02
   2.3184305e-02
   4.5087032e-02
   3.1281494e-02
   3.2762252e-02
   2.4182478e-02
   2.9414551e-02
   4.4438373e-02
   6.2030982e-02
   1.4672846e-02
   5.6657577e-03
   4.0697176e-03
   3.7341428e-03
   3.2664463e-02
   8.2027972e-02
   3.4046739e-02
   3.3349823e-02
   2.3532139e-02
   1.6137370e-01
   4.1794889e-02
   5.1558781e-02
   1.5636992e-02
   1.1624187e-01
   5.3545877e-02
   7.7195056e-02
   1.4833545e-02
   5.1089092e-03
   4.2700013e-03
   3.8911654e-03
   3.5908204e-02
   1.5706852e-01
   2.5939377e-02
   2.6406167e-02
   1.9732242e-02
   2.8536379e-01
   3.0286662e-02
   3.7284240e-02
   9.9819601e-03
   1.8166298e-01
   4.7891077e-02
   4.5595732e-02
   1.1834301e-02
   5.7364618e-03
   4.7606174e-03
   4.7630914e-03
   2.4619928e-02
   8.6873606e-02
   1.9649826e-02
   1.2948635e-02
   1.5918298e-02
   1.0408419e-01
   2.2335272e-02
   1.8530598e-02
   8.6050937e-03
   6.0905170e-02
   5.0470408e-02
   3.4998741e-02
   1.0733404e-02
   3.7712112e-02
   3.8228065e-02
   4.0415540e-02
   2.8598791e-02
   5.3826619e-02
   4.1468374e-02
   3.7649866e-02
   1.6667226e-02
   3.5617195e-02
   3.3483706e-02
   2.3295987e-02
   7.9995096e-03
   2.0685460e-02
   5.1171850e-02
   4.4428807e-02
   1.1407473e-02
   1.6023685e-01
   1.7310381e-01
   1.7424522e-01
   5.2316524e-02
   1.4142527e-01
   1.3558528e-01
   1.1254447e-01
   3.2571714e-02
   4.3579109e-02
   6.3567176e-02
   4.7806740e-02
   6.4941407e-03
   2.3454124e-02
   4.1348342e-02
   7.7391334e-02
   7.5282478e-03
   6.4750835e-02
   7.0290118e-02
   6.8518803e-02
   3.9981496e-02
   7.8223757e-02
   6.6718817e-02
   5.2919045e-02
   2.2638559e-02
   4.2461947e-02
   4.1852299e-02
   3.6548473e-02
   5.7756775e-03
   2.1000652e-02
   3.7452489e-02
   5.4457244e-02
   8.4816441e-03
   6.1469418e-03
   5.7299826e-03
   5.1338100e-03
   2.3657750e-02
   4.8738617e-02
   2.8494880e-02
   1.3518336e-02
   2.5891596e-02
   4.3788161e-02
   2.9408665e-02
   3.3625945e-02
   1.9614158e-02
   2.6549762e-02
   3.5514683e-02
   4.4939518e-02
   9.4615435e-03
   4.6350360e-03
   3.0972706e-03
   2.9984622e-03
   3.3934414e-02
   6.2127165e-02
   3.3225894e-02
   1.9986169e-02
   4.3620825e-02
   7.0030518e-02
   4.0996488e-02
   4.1711401e-02
   4.4431631e-02
   4.2267412e-02
   4.3483853e-02
   6.7436114e-02
   1.2957161e-02
   5.7482077e-03
   3.1361824e-03
   3.3007590e-03
   6.0463071e-02
   8.8633180e-02
   4.7083046e-02
   4.4430058e-02
   3.6918938e-02
   1.3360187e-01
   4.5696288e-02
   6.1702207e-02
   2.2359390e-02
   1.1362317e-01
   3.9217625e-02
   8.4186107e-02
   1.2365217e-02
   4.6879123e-03
   3.3262097e-03
   3.2165549e-03
   6.4829350e-02
   1.6163759e-01
   3.0986249e-02
   3.2593630e-02
   2.8485982e-02
   2.4677101e-01
   3.3594806e-02
   4.9017061e-02
   9.0312157e-03
   1.7984378e-01
   4.2425007e-02
   5.3106450e-02
   1.0092223e-02
   5.8370437e-03
   4.8873546e-03
   5.2370778e-03
   5.0278194e-02
   1.0563076e-01
   2.2820590e-02
   1.4667162e-02
   2.2654874e-02
   1.1526921e-01
   2.9542658e-02
   2.6622705e-02
   6.1276131e-03
   7.3801540e-02
   3.6250830e-02
   3.6716055e-02
   7.9501411e-03
   5.8232613e-02
   6.2711686e-02
   6.7063145e-02
   4.0100258e-02
   8.2652479e-02
   5.8269836e-02
   4.7484148e-02
   2.6290921e-02
   5.0573412e-02
   4.6758804e-02
   3.3867747e-02
   5.5509191e-03
   2.8230511e-02
   3.2003637e-02
   5.1180821e-02
   7.8003709e-03
   2.6771733e-01
   2.8518957e-01
   2.8771800e-01
   8.5787334e-02
   2.2190544e-01
   1.7516583e-01
   1.5104567e-01
   4.0319495e-02
   6.2506169e-02
   7.5836584e-02
   6.3814573e-02
   4.8096166e-03
   3.7423003e-02
   6.3568585e-02
   8.1294544e-02
   8.6206766e-03
   1.0684674e-01
   1.1455678e-01
   1.1870705e-01
   6.5085165e-02
   1.2454031e-01
   9.2218034e-02
   7.6746933e-02
   3.5178844e-02
   5.1180795e-02
   4.7111586e-02
   4.4582248e-02
   4.3377844e-03
   2.8989028e-02
   4.1948482e-02
   6.2630132e-02
   8.8464208e-03
   8.0063967e-03
   8.1948806e-03
   7.9856887e-03
   4.5849521e-02
   5.5269405e-02
   3.2267042e-02
   1.8290477e-02
   5.0109591e-02
   4.9230240e-02
   3.4226734e-02
   5.1688012e-02
   3.3126798e-02
   3.3536918e-02
   3.1026013e-02
   5.6990236e-02
   1.0087837e-02
   6.6421400e-03
   3.0226759e-03
   3.8858426e-03
   5.8987852e-02
   7.5083517e-02
   5.0335266e-02
   2.8908065e-02
   7.0376292e-02
   7.6958150e-02
   5.7212472e-02
   5.7275269e-02
   7.9860985e-02
   4.5974437e-02
   4.9566418e-02
   7.7593297e-02
   1.4231560e-02
   9.1948574e-03
   3.3059760e-03
   4.7140708e-03
   1.1286030e-01
   6.1583590e-02
   5.7142593e-02
   5.7251632e-02
   6.1736159e-02
   8.5088044e-02
   7.2170153e-02
   8.0605313e-02
   3.6553383e-02
   9.0132587e-02
   3.5814662e-02
   9.6905045e-02
   1.6738329e-02
   6.1780829e-03
   4.2954581e-03
   3.7320391e-03
   1.2384114e-01
   6.8710417e-02
   3.9877020e-02
   5.1437244e-02
   4.0786210e-02
   1.1906873e-01
   5.9279289e-02
   5.8065034e-02
   1.1488867e-02
   1.1450564e-01
   5.2788004e-02
   7.5191170e-02
   1.1295804e-02
   8.0222208e-03
   7.3017702e-03
   8.1775794e-03
   7.0180200e-02
   6.8493471e-02
   3.3686813e-02
   2.6330801e-02
   3.0956663e-02
   8.0199473e-02
   4.8917484e-02
   4.8016291e-02
   6.6626971e-03
   5.4120451e-02
   4.3719977e-02
   5.2140571e-02
   8.8745542e-03
   1.0046460e-01
   1.0392406e-01
   1.1534074e-01
   6.4634271e-02
   1.0861659e-01
   7.2753206e-02
   7.2930343e-02
   3.2545615e-02
   5.9711430e-02
   7.1357794e-02
   5.1382657e-02
   4.4424529e-03
   3.2078970e-02
   3.8083982e-02
   6.6659853e-02
   9.3031581e-03
