   1.5914120e-02
   9.8460857e-03
   1.4683380e-02
   3.0805433e-02
   1.4393216e-02
   1.3778966e-02
   2.1658530e-02
   3.7763085e-02
   1.4348705e-02
   1.7198710e-02
   2.3454800e-02
   3.6161162e-02
   1.2676280e-02
   1.0074480e-02
   1.5839214e-02
   3.1218467e-02
   1.7083578e-02
   7.9749702e-03
   1.2936076e-02
   2.9312845e-02
   1.3825757e-02
   1.1509120e-02
   1.6256962e-02
   3.5515137e-02
   1.3480322e-02
   1.1678317e-02
   1.7448667e-02
   3.6322974e-02
   9.2579117e-03
   5.5984273e-03
   1.2852885e-02
   2.9901702e-02
   1.6484970e-02
   6.1589265e-03
   1.2626088e-02
   2.9968744e-02
   1.3875008e-02
   1.0958387e-02
   1.4438469e-02
   3.7943937e-02
   1.3365538e-02
   8.5750064e-03
   1.5866250e-02
   4.0296763e-02
   8.4077623e-03
   3.9161374e-03
   1.2229480e-02
   3.1402227e-02
   1.5375182e-02
   6.3737244e-03
   1.4504748e-02
   3.4491614e-02
   1.6297245e-02
   1.2957410e-02
   1.5717177e-02
   4.9580418e-02
   1.5273951e-02
   8.5969232e-03
   1.6634038e-02
   4.8725214e-02
   8.9986231e-03
   4.0326542e-03
   1.5013096e-02
   3.3439118e-02
   1.6302571e-02
   6.1321207e-03
   1.8035596e-02
   4.0315244e-02
   1.9430000e-02
   1.5767651e-02
   1.8347871e-02
   6.4228751e-02
   1.7750585e-02
   9.5248651e-03
   1.6796799e-02
   5.6898672e-02
   9.8340260e-03
   4.2783967e-03
   1.5847726e-02
   3.5136562e-02
   1.4981735e-02
   5.7025230e-03
   1.6791996e-02
   3.9672956e-02
   1.6045272e-02
   1.1766646e-02
   1.7432451e-02
   6.0876656e-02
   1.5411965e-02
   9.9459216e-03
   1.5335294e-02
   5.0904255e-02
   9.8505430e-03
   4.0400652e-03
   1.3299465e-02
   3.2340989e-02
   1.3704473e-02
   5.3410595e-03
   1.3045088e-02
   3.5783187e-02
   1.3841983e-02
   9.7509921e-03
   1.6436763e-02
   4.8361313e-02
   1.4396606e-02
   1.0038994e-02
   1.4494951e-02
   4.0705327e-02
   1.0724548e-02
   3.9520604e-03
   1.2001337e-02
   2.9352406e-02
   1.4171096e-02
   6.6351155e-03
   1.3112340e-02
   3.1351853e-02
   1.3695264e-02
   1.0910989e-02
   1.6892485e-02
   4.0176436e-02
   1.4425504e-02
   1.2277931e-02
   1.6869366e-02
   3.6445785e-02
   1.1271991e-02
   5.6938115e-03
   1.2268803e-02
   2.9034404e-02
   1.5328112e-02
   1.2236319e-02
   1.6098710e-02
   3.2985266e-02
   1.3944541e-02
   1.6571080e-02
   3.0590016e-02
   5.0214354e-02
   1.4207378e-02
   2.3905141e-02
   3.3033367e-02
   4.5689601e-02
   1.2793952e-02
   1.1408867e-02
   1.6469594e-02
   3.1002857e-02
   1.8386859e-02
   9.0360576e-03
   1.3484485e-02
   3.0348277e-02
   1.3480330e-02
   1.3520990e-02
   2.0307465e-02
   4.6002947e-02
   1.3477837e-02
   1.4404060e-02
   2.2268791e-02
   4.6579644e-02
   8.9867804e-03
   6.0038478e-03
   1.3196673e-02
   3.0823311e-02
   1.8037695e-02
   6.8098200e-03
   1.2835803e-02
   3.0862752e-02
   1.3444216e-02
   1.2640177e-02
   1.6423907e-02
   4.8401244e-02
   1.3169379e-02
   9.0779848e-03
   1.8907556e-02
   5.2135214e-02
   7.8494111e-03
   3.8667929e-03
   1.2373774e-02
   3.3649657e-02
   1.4211053e-02
   7.1377787e-03
   1.4851655e-02
   3.5363846e-02
   1.6255837e-02
   1.5274381e-02
   1.7770698e-02
   5.9598532e-02
   1.5068816e-02
   8.8838721e-03
   1.8509306e-02
   5.8474813e-02
   8.1825787e-03
   3.9667143e-03
   1.5480925e-02
   3.3229474e-02
   1.4601354e-02
   6.3754818e-03
   1.9577885e-02
   4.2176284e-02
   2.0527061e-02
   1.9788416e-02
   2.1414507e-02
   7.3490106e-02
   1.8361507e-02
   1.0317062e-02
   1.8138543e-02
   6.5370761e-02
   8.7186443e-03
   4.1434704e-03
   1.6059762e-02
   3.3053555e-02
   1.3621177e-02
   5.7710139e-03
   1.8225310e-02
   4.3651938e-02
   1.5750887e-02
   1.3185829e-02
   2.0440314e-02
   7.2967827e-02
   1.5166084e-02
   1.1573977e-02
   1.6372848e-02
   6.0212556e-02
   9.2603797e-03
   3.9890297e-03
   1.3164523e-02
   3.1286813e-02
   1.2823613e-02
   5.5711530e-03
   1.3489285e-02
   4.2186785e-02
   1.3445913e-02
   1.0187291e-02
   1.9968793e-02
   6.3873827e-02
   1.5336168e-02
   1.2181344e-02
   1.5786666e-02
   5.1442947e-02
   1.1808721e-02
   3.9377655e-03
   1.2290369e-02
   2.9278047e-02
   1.3474471e-02
   7.6026791e-03
   1.3648388e-02
   3.5306796e-02
   1.3416909e-02
   1.2086605e-02
   2.1723095e-02
   5.4061666e-02
   1.5410691e-02
   1.5638171e-02
   2.0459896e-02
   4.6709787e-02
   1.2032486e-02
   6.0637635e-03
   1.2455981e-02
   2.8731026e-02
   1.2496287e-02
   1.4833021e-02
   1.7628064e-02
   3.2015562e-02
   1.1641770e-02
   2.0270385e-02
   4.0453546e-02
   5.0909378e-02
   1.2614811e-02
   3.1876732e-02
   4.3339569e-02
   4.3747872e-02
   1.2158756e-02
   1.3336815e-02
   1.7430836e-02
   2.8704781e-02
   1.8813066e-02
   1.0085298e-02
   1.3500179e-02
   2.8420735e-02
   1.1306534e-02
   1.6017921e-02
   2.4074268e-02
   4.5354214e-02
   1.1454373e-02
   1.7535524e-02
   2.7608775e-02
   4.5268469e-02
   7.7238083e-03
   6.4657363e-03
   1.2743352e-02
   2.8859498e-02
   1.9203182e-02
   7.2916686e-03
   1.1660554e-02
   2.8283695e-02
   1.1376564e-02
   1.3999125e-02
   1.6662601e-02
   4.5458324e-02
   1.1236507e-02
   8.9238221e-03
   2.1856828e-02
   4.9712062e-02
   6.3002701e-03
   3.4332874e-03
   1.1333184e-02
   3.3729587e-02
   1.1724032e-02
   7.6828194e-03
   1.4280709e-02
   3.2168098e-02
   1.5794294e-02
   1.6467478e-02
   1.7803421e-02
   5.0865732e-02
   1.3985502e-02
   8.5732518e-03
   1.9516846e-02
   5.0385706e-02
   6.4228619e-03
   3.4785473e-03
   1.5396911e-02
   2.9482482e-02
   1.1448974e-02
   6.1436049e-03
   2.0888969e-02
   3.7260488e-02
   2.3239659e-02
   2.2562101e-02
   2.3252202e-02
   5.8543801e-02
   1.9395228e-02
   1.0593593e-02
   1.8225528e-02
   5.4041777e-02
   6.8965233e-03
   3.7025590e-03
   1.6041486e-02
   2.7376968e-02
   1.0508651e-02
   5.2821399e-03
   1.9445313e-02
   3.7879284e-02
   1.4833323e-02
   1.3678809e-02
   2.2093486e-02
   5.6727163e-02
   1.4200850e-02
   1.3008842e-02
   1.5654044e-02
   4.9312565e-02
   8.1525752e-03
   3.5842811e-03
   1.1831855e-02
   2.6139623e-02
   1.0037244e-02
   5.2654119e-03
   1.3017975e-02
   4.1132309e-02
   1.1100779e-02
   9.7425524e-03
   2.2976618e-02
   5.3469270e-02
   1.5308391e-02
   1.4415758e-02
   1.5093099e-02
   4.5270730e-02
   1.2864044e-02
   3.4996551e-03
   1.0985527e-02
   2.4827637e-02
   1.0494436e-02
   8.4645394e-03
   1.3868792e-02
   3.4458108e-02
   1.1084538e-02
   1.3202637e-02
   2.6723592e-02
   5.0336987e-02
   1.5495475e-02
   1.9594196e-02
   2.3354447e-02
   4.4115823e-02
   1.2404607e-02
   6.4106057e-03
   1.1856364e-02
   2.5048019e-02
   1.0754682e-02
   1.6749360e-02
   1.7969750e-02
   3.1158991e-02
   8.8400170e-03
   2.4924202e-02
   4.9318023e-02
   3.8506057e-02
   1.1292102e-02
   3.9475553e-02
   5.3842030e-02
   3.3291090e-02
   1.2925548e-02
   1.6651612e-02
   1.9708203e-02
   2.6935235e-02
   2.1645539e-02
   1.1300275e-02
   1.2842608e-02
   2.5006287e-02
   8.8962121e-03
   1.8998416e-02
   2.6903424e-02
   3.2795999e-02
   9.4065759e-03
   2.1072976e-02
   3.2936268e-02
   3.4836572e-02
   6.9441041e-03
   7.4157920e-03
   1.2217300e-02
   2.7289072e-02
   2.2498339e-02
   7.8205103e-03
   9.8503670e-03
   2.2106394e-02
   8.6287260e-03
   1.5360505e-02
   1.5478131e-02
   3.2536712e-02
   8.8379998e-03
   8.8991141e-03
   2.4592759e-02
   4.1039284e-02
   4.7689490e-03
   2.6499606e-03
   9.0264184e-03
   3.6416262e-02
   9.6722525e-03
   8.1592854e-03
   1.3490809e-02
   2.4636731e-02
   1.5301152e-02
   1.8490406e-02
   1.6922630e-02
   3.4846649e-02
   1.3477447e-02
   8.2006417e-03
   2.0146154e-02
   3.8445394e-02
   4.7409488e-03
   2.5187172e-03
   1.5240284e-02
   2.5437025e-02
   8.8220984e-03
   5.8686016e-03
   2.3520553e-02
   3.0293401e-02
   2.6663529e-02
   2.6564606e-02
   2.5631994e-02
   3.9690595e-02
   2.1890767e-02
   1.0673518e-02
   1.8040884e-02
   3.8911380e-02
   5.3412965e-03
   2.8182112e-03
   1.5867844e-02
   1.9789321e-02
   7.5273705e-03
   4.6196990e-03
   2.2292608e-02
   3.1993117e-02
   1.3561294e-02
   1.4468704e-02
   2.3305049e-02
   3.6286388e-02
   1.3972704e-02
   1.3215466e-02
   1.4208182e-02
   3.4167156e-02
   7.7835834e-03
   2.6942953e-03
   9.3645202e-03
   1.8669501e-02
   7.2457595e-03
   4.6880185e-03
   1.2477675e-02
   4.1394189e-02
   7.9444936e-03
   9.1581764e-03
   2.5367446e-02
   3.3842817e-02
   1.5832905e-02
   1.6479062e-02
   1.3472788e-02
   3.1283561e-02
   1.5488729e-02
   2.7020581e-03
   8.4456382e-03
   1.7767524e-02
   7.6767053e-03
   8.8983597e-03
   1.3034364e-02
   3.4397367e-02
   8.1267264e-03
   1.4810461e-02
   3.1046273e-02
   3.4131464e-02
   1.5756708e-02
   2.3989880e-02
   2.6833825e-02
   3.1775579e-02
   1.4351066e-02
   7.2276141e-03
   1.0915134e-02
   1.9413488e-02
