   2.4795720e-02
   2.6006352e-02
   4.7534484e-02
   1.3710856e-02
   2.2724742e-02
   3.4785993e-02
   2.9127836e-02
   1.1307432e-02
   2.0333035e-02
   2.5137397e-02
   2.5427012e-02
   1.2043401e-02
   2.9322965e-02
   1.7750561e-02
   4.4631869e-02
   1.4095907e-02
   2.3621071e-02
   4.2147908e-02
   4.8095733e-02
   1.3657961e-02
   2.1570403e-02
   3.6457073e-02
   2.8497597e-02
   1.0719839e-02
   2.0525157e-02
   3.3436611e-02
   2.6271429e-02
   1.1696049e-02
   2.7141739e-02
   2.4041152e-02
   4.2663824e-02
   1.4294438e-02
   2.4499435e-02
   5.1285040e-02
   4.6383001e-02
   1.3797194e-02
   2.1828448e-02
   3.9976340e-02
   3.0472068e-02
   1.0930160e-02
   2.0606564e-02
   3.7112761e-02
   2.7446972e-02
   1.1664561e-02
   2.6706750e-02
   2.7360503e-02
   4.2688653e-02
   1.4820465e-02
   6.8118073e-02
   4.2460561e-02
   5.2491941e-02
   1.7864862e-02
   6.5584227e-02
   4.9794026e-02
   3.6145743e-02
   1.5614767e-02
   6.2470805e-02
   4.0114395e-02
   3.3932984e-02
   1.5947293e-02
   7.6392286e-02
   2.9118938e-02
   4.7225062e-02
   1.8553728e-02
   1.5148455e-01
   5.4303978e-02
   6.5041214e-02
   2.6146015e-02
   1.5052101e-01
   8.1542484e-02
   5.0825242e-02
   2.4542700e-02
   1.5100938e-01
   5.8635101e-02
   4.4916008e-02
   2.4432112e-02
   1.7986333e-01
   4.1712567e-02
   5.5197004e-02
   2.5442408e-02
   6.4172894e-02
   4.1026175e-02
   5.4238871e-02
   1.8457977e-02
   6.2410321e-02
   5.6353334e-02
   3.6671396e-02
   1.5410635e-02
   6.3805662e-02
   4.3292705e-02
   3.1107254e-02
   1.5266148e-02
   7.8575872e-02
   2.9701242e-02
   4.5272049e-02
   1.7187685e-02
   2.3059124e-02
   4.9200632e-02
   4.9099825e-02
   1.4117357e-02
   2.1619240e-02
   4.4769388e-02
   2.9890874e-02
   1.1353248e-02
   2.0317946e-02
   4.2364955e-02
   2.6597679e-02
   1.1784690e-02
   2.6958920e-02
   2.8611679e-02
   4.0911119e-02
   1.4330498e-02
   2.3702515e-02
   4.1337416e-02
   4.7244865e-02
   1.3969824e-02
   2.2084726e-02
   3.9578717e-02
   2.8452266e-02
   1.1410668e-02
   2.0074314e-02
   3.4438908e-02
   2.5329139e-02
   1.1278921e-02
   2.6863810e-02
   2.5061961e-02
   4.4376630e-02
   1.3934889e-02
   2.1364098e-02
   2.2952745e-02
   4.3274488e-02
   7.4994429e-03
   2.0778446e-02
   3.9743014e-02
   3.3378582e-02
   8.0196867e-03
   1.5556647e-02
   3.0144272e-02
   3.2099906e-02
   6.6968543e-03
   2.6806382e-02
   1.7627740e-02
   4.2736173e-02
   7.9991082e-03
   2.1045115e-02
   3.2774676e-02
   3.9891042e-02
   7.7222055e-03
   1.9276058e-02
   4.0834300e-02
   3.2043826e-02
   7.3104906e-03
   1.7356152e-02
   3.7355427e-02
   3.1639896e-02
   7.1607279e-03
   2.4600949e-02
   2.2743836e-02
   3.8466118e-02
   7.9332599e-03
   2.6305951e-02
   4.0446833e-02
   3.6469650e-02
   8.5226465e-03
   2.3576325e-02
   4.4383422e-02
   3.1809628e-02
   7.4570575e-03
   1.9028245e-02
   4.2342998e-02
   3.2133259e-02
   7.6071047e-03
   2.5165729e-02
   2.5294939e-02
   4.0245578e-02
   9.4257360e-03
   1.0109223e-01
   3.6934089e-02
   4.6581686e-02
   1.6733551e-02
   1.0033941e-01
   5.2178610e-02
   4.5037497e-02
   1.4519021e-02
   9.6598417e-02
   3.9659757e-02
   4.3032691e-02
   1.5137025e-02
   1.0781506e-01
   2.9318469e-02
   5.0802950e-02
   1.6313840e-02
   2.2239505e-01
   4.3887913e-02
   7.0903361e-02
   2.9741446e-02
   2.2971481e-01
   7.5518467e-02
   6.9306687e-02
   2.7576594e-02
   2.3572832e-01
   5.1624354e-02
   5.8405433e-02
   2.8170438e-02
   2.5711423e-01
   4.0297125e-02
   6.4477041e-02
   2.8960871e-02
   9.6489832e-02
   3.4737229e-02
   5.1309984e-02
   1.5736496e-02
   9.6536852e-02
   4.9950849e-02
   4.2862333e-02
   1.3585613e-02
   9.9141926e-02
   4.0937502e-02
   3.6385097e-02
   1.3987279e-02
   1.1287382e-01
   2.7167924e-02
   4.4341508e-02
   1.4500557e-02
   2.4171470e-02
   3.7760332e-02
   3.7344545e-02
   8.7614572e-03
   2.3081420e-02
   4.6589855e-02
   3.2814838e-02
   7.3115001e-03
   1.8805901e-02
   4.4727746e-02
   2.9108619e-02
   7.4054343e-03
   2.7359292e-02
   2.5055107e-02
   3.3898138e-02
   8.1588561e-03
   2.1081364e-02
   3.3029884e-02
   3.6655255e-02
   7.6409760e-03
   1.9951073e-02
   4.8750337e-02
   3.2212958e-02
   8.0401804e-03
   1.6532863e-02
   3.9457660e-02
   3.0393623e-02
   6.3910149e-03
   2.4945151e-02
   2.1129150e-02
   3.6431409e-02
   8.1686620e-03
   2.6659884e-02
   2.8863998e-02
   5.1776573e-02
   6.1046393e-03
   2.6506878e-02
   5.9028015e-02
   5.0798424e-02
   6.1965059e-03
   1.4224896e-02
   4.7087349e-02
   4.5790378e-02
   4.8467261e-03
   3.4162272e-02
   2.4576440e-02
   6.0405292e-02
   6.0173562e-03
   2.5022499e-02
   2.4867754e-02
   4.1040063e-02
   4.9054567e-03
   2.3525987e-02
   5.3561274e-02
   4.7270317e-02
   4.8243776e-03
   1.9577241e-02
   3.9292216e-02
   4.6589039e-02
   5.3070514e-03
   3.3032022e-02
   2.0620029e-02
   4.8786089e-02
   5.2518528e-03
   3.9310854e-02
   2.9421411e-02
   3.9226435e-02
   5.9502413e-03
   3.4656867e-02
   5.2494470e-02
   3.7905447e-02
   4.7823843e-03
   2.5851516e-02
   3.8425867e-02
   3.9743498e-02
   6.1702598e-03
   3.4036901e-02
   2.3003446e-02
   4.3409888e-02
   7.3263198e-03
   1.0253924e-01
   3.6960889e-02
   5.7680614e-02
   2.1797121e-02
   1.0387968e-01
   4.4742357e-02
   6.0237452e-02
   2.0922858e-02
   1.0174025e-01
   3.7724562e-02
   6.3700065e-02
   2.2184392e-02
   9.5677353e-02
   3.4236472e-02
   5.4145280e-02
   2.3114178e-02
   2.1726006e-01
   3.5705496e-02
   7.5917996e-02
   4.9384568e-02
   2.2359876e-01
   5.6645080e-02
   1.0370240e-01
   4.8966445e-02
   2.3774298e-01
   3.9533548e-02
   8.7423213e-02
   4.8304107e-02
   2.1114889e-01
   4.4323009e-02
   7.5402401e-02
   4.9776763e-02
   9.9276587e-02
   3.2031465e-02
   5.2951310e-02
   2.0272553e-02
   1.0005987e-01
   5.0481744e-02
   6.3288137e-02
   1.9392673e-02
   1.0311944e-01
   4.0852085e-02
   4.5361899e-02
   1.7970437e-02
   9.8693997e-02
   3.2667603e-02
   4.9262408e-02
   1.9377980e-02
   3.6190718e-02
   2.7151665e-02
   4.0195957e-02
   6.1966265e-03
   3.4706835e-02
   6.0358517e-02
   5.0623026e-02
   5.5216686e-03
   2.1835016e-02
   4.5881715e-02
   3.7061978e-02
   5.2698962e-03
   3.5979055e-02
   2.6775500e-02
   3.7486371e-02
   6.9648456e-03
   2.9277675e-02
   2.3042595e-02
   4.1542739e-02
   6.0030255e-03
   2.3047041e-02
   6.1118398e-02
   5.1465720e-02
   5.4310504e-03
   2.1449178e-02
   4.3858472e-02
   4.3381073e-02
   4.8720720e-03
   3.4589093e-02
   2.2471294e-02
   4.3180529e-02
   5.9340307e-03
   3.1049538e-02
   4.3667279e-02
   6.5725543e-02
   8.3749136e-03
   4.0563218e-02
   8.3104201e-02
   9.0503581e-02
   7.2377776e-03
   1.6146254e-02
   6.3062161e-02
   6.7558415e-02
   6.7613171e-03
   3.7950147e-02
   3.9426047e-02
   9.3620449e-02
   8.5957097e-03
   3.3254426e-02
   3.2657571e-02
   5.8065642e-02
   5.9785508e-03
   3.3242192e-02
   5.9997872e-02
   7.7202946e-02
   6.0461801e-03
   1.6466873e-02
   4.2884342e-02
   7.1148939e-02
   7.0127528e-03
   4.2607531e-02
   2.9450340e-02
   7.9494983e-02
   7.2224997e-03
   4.9769681e-02
   3.2566566e-02
   5.8078732e-02
   6.5799858e-03
   2.2125965e-02
   4.1672710e-02
   5.5203773e-02
   5.2324776e-03
   2.5181988e-02
   3.9945021e-02
   6.4575680e-02
   8.9300303e-03
   4.7011256e-02
   2.6803067e-02
   6.5027088e-02
   9.1988835e-03
   5.9856776e-02
   3.9556049e-02
   6.4398818e-02
   3.8068764e-02
   6.2319070e-02
   4.8257142e-02
   7.5763628e-02
   3.6079880e-02
   5.5938046e-02
   5.3658389e-02
   8.3052628e-02
   3.5645097e-02
   5.7972133e-02
   4.3966968e-02
   7.1823478e-02
   3.6620092e-02
   1.2880778e-01
   3.5853375e-02
   1.0104305e-01
   9.1806352e-02
   1.1935437e-01
   7.4984677e-02
   1.3838977e-01
   8.9205854e-02
   1.1459145e-01
   5.2788440e-02
   1.2314284e-01
   8.4366173e-02
   8.3472364e-02
   6.3582569e-02
   1.0276243e-01
   8.1593722e-02
   7.1774706e-02
   3.7585296e-02
   7.4124664e-02
   3.3161987e-02
   6.3536726e-02
   5.9624877e-02
   8.2142137e-02
   3.3193991e-02
   5.3697299e-02
   4.7239102e-02
   6.2113285e-02
   3.0520147e-02
   6.4685054e-02
   4.6673108e-02
   6.9692634e-02
   2.7887227e-02
   4.6128120e-02
   2.8248446e-02
   5.9781875e-02
   5.0737844e-03
   2.9282818e-02
   5.8974348e-02
   8.4700041e-02
   6.0138968e-03
   2.2562113e-02
   4.4388782e-02
   5.4866198e-02
   5.3130081e-03
   4.2423256e-02
   3.3553064e-02
   6.3045397e-02
   5.5337721e-03
   4.0815230e-02
   3.0857833e-02
   5.8589127e-02
   7.1304701e-03
   1.8379791e-02
   6.7197368e-02
   7.7190727e-02
   6.8045035e-03
   2.9240428e-02
   4.8937146e-02
   7.1912378e-02
   6.5287570e-03
   4.4537544e-02
   3.3736899e-02
   7.8338459e-02
   7.2877915e-03
