   4.3807458e-02
   2.4180563e-02
   3.3222556e-02
   1.4143966e-02
   3.9249066e-02
   3.5940737e-02
   3.3434652e-02
   1.8133055e-02
   2.4992354e-02
   4.2572562e-02
   4.5090411e-02
   1.6467586e-02
   2.5670379e-02
   4.0498823e-02
   3.3676855e-02
   1.9265527e-02
   3.9826490e-02
   1.6842332e-02
   2.4803340e-02
   1.5281790e-02
   3.7107557e-02
   3.1468086e-02
   3.1451017e-02
   1.7555444e-02
   2.4069443e-02
   5.6473695e-02
   4.6499707e-02
   1.6227797e-02
   2.4941986e-02
   3.9493017e-02
   3.4140635e-02
   1.9111253e-02
   3.8044300e-02
   1.2307907e-02
   2.1979868e-02
   2.3728017e-02
   3.3735286e-02
   2.9853404e-02
   2.8831603e-02
   1.9421486e-02
   2.1291085e-02
   5.8681589e-02
   4.6597213e-02
   1.7066652e-02
   2.2266848e-02
   4.1332632e-02
   3.3804573e-02
   2.0026647e-02
   4.4012621e-02
   1.9770220e-02
   3.5158884e-02
   2.2561092e-02
   3.3393517e-02
   3.6579274e-02
   3.9846066e-02
   2.1290125e-02
   2.1183517e-02
   5.0831579e-02
   5.4806475e-02
   2.0140054e-02
   2.2463512e-02
   4.4997573e-02
   4.2521376e-02
   2.4657991e-02
   5.5304006e-02
   2.6111873e-02
   6.4917743e-02
   1.5967626e-02
   7.8697354e-02
   6.2016387e-02
   5.1205914e-02
   2.0538505e-02
   6.2663421e-02
   5.9852004e-02
   5.8781032e-02
   1.9666729e-02
   6.6693738e-02
   8.0367036e-02
   4.8161335e-02
   2.5207961e-02
   1.1036021e-01
   1.7554712e-02
   4.1568033e-02
   1.4482484e-02
   1.6744612e-01
   5.6991633e-02
   3.5223126e-02
   2.0367965e-02
   1.2512946e-01
   5.1693883e-02
   4.5056775e-02
   1.7900404e-02
   9.8835662e-02
   7.7947699e-02
   3.6185365e-02
   1.9777184e-02
   9.1229260e-02
   1.3020602e-02
   2.4841862e-02
   1.3387401e-02
   7.9933479e-02
   3.3943798e-02
   2.6043620e-02
   1.8231541e-02
   4.9505476e-02
   5.4363567e-02
   4.2546075e-02
   1.7523794e-02
   3.9186012e-02
   5.9767798e-02
   3.2144148e-02
   1.8912083e-02
   4.6721186e-02
   1.6141916e-02
   2.5283862e-02
   1.3679743e-02
   3.6463071e-02
   3.1189060e-02
   2.7270686e-02
   1.7619863e-02
   2.2713099e-02
   5.8814038e-02
   4.4881046e-02
   1.7204825e-02
   2.6674207e-02
   4.7705162e-02
   3.2686893e-02
   1.8435527e-02
   4.6824437e-02
   2.4527347e-02
   3.0627489e-02
   9.1777351e-03
   3.6551960e-02
   3.9371606e-02
   3.1595208e-02
   1.0437230e-02
   1.7588718e-02
   4.3495122e-02
   4.2489268e-02
   1.0631518e-02
   2.1052668e-02
   4.7309779e-02
   3.5224643e-02
   1.1125020e-02
   4.5367233e-02
   1.9116167e-02
   2.2441512e-02
   1.0781056e-02
   3.2316402e-02
   3.8452100e-02
   2.9214783e-02
   1.0803465e-02
   1.6751176e-02
   4.7906056e-02
   4.2969715e-02
   1.1088310e-02
   1.9642780e-02
   4.7721680e-02
   3.1817708e-02
   1.1555057e-02
   4.4367503e-02
   1.5099904e-02
   2.1354154e-02
   2.3848202e-02
   3.4307364e-02
   3.1087803e-02
   2.6681783e-02
   1.3543008e-02
   1.7621454e-02
   4.6586964e-02
   4.5756441e-02
   1.2460765e-02
   1.8275319e-02
   5.1521797e-02
   3.2709122e-02
   1.3057562e-02
   5.5304192e-02
   2.5708277e-02
   2.8538682e-02
   2.2494262e-02
   4.3588612e-02
   3.9218966e-02
   4.2189036e-02
   1.5504493e-02
   2.4485128e-02
   4.2443644e-02
   6.2343523e-02
   1.4286062e-02
   2.5676342e-02
   4.9070846e-02
   5.0314415e-02
   2.2457127e-02
   8.0861077e-02
   3.5841387e-02
   6.5621220e-02
   1.1862029e-02
   1.1984641e-01
   7.0677772e-02
   6.3680753e-02
   1.3024729e-02
   9.9951580e-02
   5.2865606e-02
   7.0918873e-02
   1.2215221e-02
   9.1491289e-02
   8.6923912e-02
   6.0992114e-02
   2.2940658e-02
   1.7782031e-01
   2.2702837e-02
   4.1943930e-02
   1.0065644e-02
   2.7396914e-01
   6.4368695e-02
   3.8595743e-02
   1.3049502e-02
   2.0548752e-01
   4.5788039e-02
   4.5984276e-02
   1.0949915e-02
   1.3757481e-01
   7.9493597e-02
   3.8157538e-02
   1.2275330e-02
   1.5086699e-01
   1.5998054e-02
   2.1088813e-02
   9.3102930e-03
   1.3518544e-01
   3.4126870e-02
   2.3001947e-02
   1.1283875e-02
   8.1028573e-02
   4.0246904e-02
   4.1494325e-02
   1.0762863e-02
   5.2128427e-02
   6.2453479e-02
   2.8730357e-02
   1.1322332e-02
   5.7846643e-02
   1.8082403e-02
   2.4854774e-02
   8.9549394e-03
   4.2728886e-02
   3.1374644e-02
   2.6011690e-02
   1.1165708e-02
   2.0860136e-02
   4.8129987e-02
   3.9505448e-02
   1.0138731e-02
   2.3039958e-02
   5.9759375e-02
   3.0020138e-02
   1.1088545e-02
   6.2299609e-02
   2.6220826e-02
   2.2964796e-02
   8.9351069e-03
   5.3117841e-02
   4.3564465e-02
   3.3486638e-02
   7.6275379e-03
   2.3024771e-02
   5.4466102e-02
   4.6344109e-02
   7.7598062e-03
   2.8635928e-02
   7.2110072e-02
   5.3167526e-02
   8.0115013e-03
   6.1283734e-02
   2.3223827e-02
   1.8454203e-02
   1.2594390e-02
   4.8818968e-02
   4.3761000e-02
   3.2813340e-02
   7.1776430e-03
   2.2033142e-02
   4.2340584e-02
   4.2584971e-02
   8.1940154e-03
   2.2711223e-02
   6.0394879e-02
   4.4417668e-02
   7.9589346e-03
   6.8756863e-02
   1.8587109e-02
   1.7786603e-02
   3.9056234e-02
   5.9710637e-02
   3.4452427e-02
   3.0746641e-02
   1.0617093e-02
   2.9430026e-02
   3.9226867e-02
   4.6251476e-02
   9.5396377e-03
   2.6631396e-02
   6.2933385e-02
   4.1701220e-02
   1.0334630e-02
   8.0583028e-02
   4.0402636e-02
   3.0499788e-02
   3.6543820e-02
   6.7259468e-02
   4.2701431e-02
   5.1695142e-02
   1.2719820e-02
   3.9394550e-02
   4.6864089e-02
   7.8414299e-02
   1.1370088e-02
   3.7338614e-02
   5.8760922e-02
   6.9376849e-02
   2.7959211e-02
   9.9050239e-02
   5.4170556e-02
   8.4545955e-02
   1.4051012e-02
   1.1419307e-01
   7.4722953e-02
   8.3699912e-02
   1.0652345e-02
   1.2440034e-01
   3.9730497e-02
   9.0594970e-02
   1.0197115e-02
   1.0631432e-01
   7.3921271e-02
   9.0519026e-02
   2.8081520e-02
   2.4474564e-01
   2.4234384e-02
   5.3291176e-02
   9.7206896e-03
   2.9370824e-01
   5.7244048e-02
   4.7668859e-02
   9.0815043e-03
   2.6394758e-01
   4.4389781e-02
   5.4830734e-02
   7.9028904e-03
   1.6456392e-01
   7.0689827e-02
   5.4031670e-02
   1.0478895e-02
   2.3325203e-01
   1.8483786e-02
   1.9204807e-02
   8.5913995e-03
   1.7496623e-01
   2.9370073e-02
   2.2149477e-02
   6.1030998e-03
   1.1333793e-01
   4.2873394e-02
   4.5632865e-02
   7.1720122e-03
   7.1987368e-02
   7.1791962e-02
   4.1423678e-02
   8.0630146e-03
   9.3179539e-02
   2.0034980e-02
   2.1639608e-02
   8.2698483e-03
   6.6447549e-02
   3.2832637e-02
   2.3635363e-02
   7.2147981e-03
   2.8794168e-02
   4.4062082e-02
   4.1835405e-02
   7.7294889e-03
   3.4708329e-02
   6.9415554e-02
   4.3827839e-02
   7.7532642e-03
   6.9755547e-02
   3.3942338e-02
   2.7079506e-02
   1.1792527e-02
   7.0424348e-02
   4.3120723e-02
   3.3836592e-02
   6.9825067e-03
   3.4136001e-02
   5.0689533e-02
   6.9453649e-02
   7.8656105e-03
   5.3588938e-02
   1.2736848e-01
   6.5279983e-02
   8.8710291e-03
   8.5480943e-02
   2.8427759e-02
   2.0537119e-02
   1.9895900e-02
   5.6873158e-02
   4.6785038e-02
   3.9290104e-02
   7.1650734e-03
   3.7589513e-02
   3.8614035e-02
   5.9514821e-02
   6.0749273e-03
   4.2699508e-02
   8.3687395e-02
   7.4729629e-02
   9.6837226e-03
   7.0046030e-02
   2.6283724e-02
   2.0288272e-02
   7.3160738e-02
   6.2254176e-02
   3.9330494e-02
   4.0626410e-02
   1.1820265e-02
   3.6988985e-02
   3.2405533e-02
   5.7606969e-02
   5.1770695e-03
   4.2920645e-02
   8.3303496e-02
   7.8444198e-02
   1.0177517e-02
   1.1325616e-01
   7.3500305e-02
   4.1771241e-02
   7.0044696e-02
   8.2522720e-02
   6.1640166e-02
   7.1520388e-02
   1.2948683e-02
   3.9937284e-02
   4.7788199e-02
   9.7407319e-02
   8.0694826e-03
   4.0994931e-02
   6.3723199e-02
   1.1303928e-01
   3.2795567e-02
   9.8203711e-02
   9.6869543e-02
   1.1079567e-01
   2.4272438e-02
   6.7435950e-02
   1.0148974e-01
   1.1788429e-01
   1.4829664e-02
   7.9500258e-02
   4.8635364e-02
   1.1291434e-01
   1.2415214e-02
   8.8375516e-02
   7.8086562e-02
   1.4802913e-01
   3.8476925e-02
   1.4987344e-01
   3.5828698e-02
   7.5956754e-02
   1.7852517e-02
   1.3456863e-01
   8.4499814e-02
   6.7215294e-02
   1.0598018e-02
   1.3661547e-01
   5.4367490e-02
   6.5076500e-02
   6.5224352e-03
   1.2689103e-01
   7.2027728e-02
   7.7444933e-02
   1.2713098e-02
   1.6740856e-01
   2.1780021e-02
   1.7775090e-02
   1.3942283e-02
   1.1050975e-01
   4.3837555e-02
   2.9329332e-02
   6.4937435e-03
   6.8163112e-02
   3.9956495e-02
   6.1760075e-02
   4.5786877e-03
   5.7680257e-02
   8.8805944e-02
   7.7781461e-02
   8.0569331e-03
   8.8327810e-02
   2.6650496e-02
   1.7419621e-02
   1.1088956e-02
   7.1985900e-02
   3.7475981e-02
   1.8894613e-02
   6.7137852e-03
   3.2808628e-02
   3.3238605e-02
   6.1426759e-02
   6.5399422e-03
   5.5002823e-02
   9.9265546e-02
   6.4422391e-02
   9.4972150e-03
