   3.7563082e-02
   3.9291892e-02
   4.8261456e-02
   1.8796975e-02
   6.8150103e-02
   6.9870174e-02
   5.3347670e-02
   2.0474069e-02
   8.3750531e-02
   1.4664350e-01
   1.0935729e-01
   1.2455346e-02
   3.7089024e-02
   9.3254857e-02
   1.0096858e-01
   2.1355134e-02
   6.3224226e-02
   4.3563504e-02
   4.2037260e-02
   1.7762601e-02
   8.9901462e-02
   1.0486958e-01
   3.5322119e-02
   1.6335772e-02
   4.6356622e-02
   7.9220355e-02
   4.8865579e-02
   1.2818514e-02
   3.3512488e-02
   4.8365708e-02
   4.9188320e-02
   1.3655130e-02
   1.0325437e-01
   9.0170056e-02
   3.8745549e-02
   1.7551189e-02
   5.2677613e-02
   1.2549259e-01
   2.8019454e-02
   1.8388562e-02
   4.0066544e-02
   5.1814873e-02
   1.6038829e-02
   1.1881390e-02
   3.3153847e-02
   2.5396012e-02
   2.0354195e-02
   1.1235510e-02
   6.1937906e-02
   1.1559045e-01
   3.9723285e-02
   1.8280610e-02
   4.0153082e-02
   9.4312459e-02
   3.4474730e-02
   1.9081542e-02
   4.2141248e-02
   6.0462125e-02
   2.7165381e-02
   1.3629074e-02
   3.4861214e-02
   2.9308014e-02
   3.7823092e-02
   1.0697194e-02
   3.8916226e-02
   6.1450589e-02
   5.5463351e-02
   1.9883987e-02
   4.6763375e-02
   8.3762236e-02
   5.2538469e-02
   1.9332208e-02
   5.0961990e-02
   7.7838399e-02
   5.2639522e-02
   1.5882498e-02
   4.2283870e-02
   5.0813265e-02
   4.7799144e-02
   1.1323390e-02
   3.2351881e-02
   4.1613951e-02
   6.6177905e-02
   2.1045070e-02
   4.0275216e-02
   6.5315858e-02
   4.0621325e-02
   1.7189713e-02
   4.1810740e-02
   7.9090752e-02
   2.5795123e-02
   1.3203916e-02
   6.0715929e-02
   8.8143967e-02
   2.3711352e-02
   8.6258966e-03
   3.2191932e-02
   4.2037744e-02
   4.5253612e-02
   2.3169296e-02
   3.4985561e-02
   5.4335162e-02
   3.4300003e-02
   1.9896001e-02
   5.0439931e-02
   9.8904066e-02
   1.9977607e-02
   1.1768554e-02
   1.1527211e-01
   8.4984124e-02
   1.8186901e-02
   8.3658556e-03
   3.3529408e-02
   3.7850078e-02
   4.2837564e-02
   1.9839495e-02
   4.0033989e-02
   5.5531710e-02
   4.1440077e-02
   2.9349331e-02
   9.3362719e-02
   1.2930752e-01
   5.1655792e-02
   1.1417739e-02
   7.6533340e-02
   5.9362691e-02
   4.7190249e-02
   1.2145541e-02
   4.5067959e-02
   4.2536248e-02
   4.4788748e-02
   1.3988119e-02
   1.0346790e-01
   8.4082961e-02
   5.8625404e-02
   1.9739157e-02
   1.3106805e-01
   1.7367518e-01
   1.3333839e-01
   8.3288541e-03
   4.1659676e-02
   1.2707521e-01
   1.2405757e-01
   3.2984454e-02
   9.6780181e-02
   5.5900402e-02
   3.5086300e-02
   1.2723654e-02
   1.4302649e-01
   1.3714431e-01
   4.0055238e-02
   9.9088633e-03
   5.2045725e-02
   8.7820448e-02
   5.6375906e-02
   8.9674583e-03
   3.4766085e-02
   6.3942254e-02
   6.1616600e-02
   1.7528063e-02
   1.6441864e-01
   1.1821511e-01
   2.9580310e-02
   1.1989320e-02
   7.6564722e-02
   1.5644114e-01
   3.0445646e-02
   1.0369795e-02
   4.2507436e-02
   5.7164606e-02
   1.3988259e-02
   8.2476800e-03
   3.3947442e-02
   3.0191313e-02
   2.5835728e-02
   1.1890476e-02
   9.9430166e-02
   1.2884687e-01
   3.2620423e-02
   1.3673508e-02
   4.7732193e-02
   9.6965462e-02
   3.9372388e-02
   1.0437874e-02
   4.7018714e-02
   6.7855589e-02
   3.3191185e-02
   9.5669432e-03
   3.4920648e-02
   3.8242459e-02
   5.3113688e-02
   1.0220946e-02
   4.7712263e-02
   6.4746484e-02
   5.6333181e-02
   1.5761483e-02
   5.4417387e-02
   8.8606246e-02
   6.6870570e-02
   1.2359369e-02
   5.8779012e-02
   7.8536071e-02
   6.9666892e-02
   1.2462865e-02
   4.7001712e-02
   6.9134906e-02
   6.6387683e-02
   1.0792704e-02
   3.6694508e-02
   5.0851583e-02
   6.7226104e-02
   1.4846048e-02
   4.4601638e-02
   7.6528855e-02
   5.0576244e-02
   1.1800813e-02
   4.9973927e-02
   7.8596473e-02
   3.0533899e-02
   9.5911240e-03
   8.9418903e-02
   1.1771148e-01
   2.9908402e-02
   7.1261367e-03
   3.5600565e-02
   5.2844290e-02
   4.5274623e-02
   1.7576428e-02
   3.7578322e-02
   6.2795341e-02
   3.9534211e-02
   1.7951777e-02
   7.2631724e-02
   1.1724637e-01
   1.5163170e-02
   8.1771389e-03
   1.9413051e-01
   1.1205164e-01
   2.1545634e-02
   6.8249274e-03
   3.7618496e-02
   4.2674087e-02
   4.1834451e-02
   1.5693797e-02
   4.4980537e-02
   6.3599065e-02
   5.0735220e-02
   3.1972442e-02
   1.5414244e-01
   1.6022907e-01
   6.0438003e-02
   7.7047651e-03
   1.2139432e-01
   7.9581335e-02
   5.8540333e-02
   1.4672454e-02
   7.5441860e-02
   5.2785147e-02
   5.6501459e-02
   1.3510511e-02
   1.7291169e-01
   7.9669893e-02
   7.7950746e-02
   2.6094615e-02
   2.0032325e-01
   1.0295875e-01
   3.4793805e-02
   5.8895615e-03
   6.5596662e-02
   1.8797627e-01
   1.6966061e-01
   5.4176826e-02
   1.6637512e-01
   5.5743407e-02
   3.9901532e-02
   1.0650113e-02
   2.2928663e-01
   1.1750705e-01
   5.0492428e-02
   7.9050437e-03
   8.4775589e-02
   5.7791226e-02
   2.1237377e-02
   6.5312074e-03
   5.3108230e-02
   9.5775537e-02
   8.2693502e-02
   2.4912843e-02
   2.7997926e-01
   6.8207808e-02
   3.1318221e-02
   9.6336138e-03
   1.3170949e-01
   1.0771132e-01
   3.6175866e-02
   6.4762281e-03
   6.4955391e-02
   5.1525917e-02
   1.4410003e-02
   6.4809355e-03
   5.3537477e-02
   3.5811000e-02
   3.2082334e-02
   1.3368058e-02
   1.4926381e-01
   7.5076438e-02
   3.8817465e-02
   9.6972417e-03
   7.3715314e-02
   6.8471633e-02
   5.7955667e-02
   7.9951938e-03
   6.8955354e-02
   5.6841787e-02
   4.2594351e-02
   8.7090088e-03
   5.4217484e-02
   4.1583471e-02
   6.5931015e-02
   1.1736130e-02
   7.3467419e-02
   6.4217366e-02
   7.4284874e-02
   1.3874794e-02
   6.6607930e-02
   9.0183727e-02
   9.5603660e-02
   1.2471223e-02
   7.0722185e-02
   7.2129630e-02
   9.0513170e-02
   1.4100574e-02
   7.1750246e-02
   8.0706723e-02
   8.0931053e-02
   1.3277625e-02
   6.8050250e-02
   5.5979107e-02
   1.0135762e-01
   1.2653188e-02
   6.7147665e-02
   6.4765520e-02
   6.7516454e-02
   1.0293507e-02
   7.8510366e-02
   6.4604759e-02
   4.1636322e-02
   8.4539466e-03
   1.2703528e-01
   9.2867807e-02
   3.5522770e-02
   8.5776374e-03
   6.3796997e-02
   6.4196832e-02
   6.4849406e-02
   1.3075363e-02
   5.7086665e-02
   6.0071588e-02
   5.1262952e-02
   2.0677073e-02
   1.1065334e-01
   9.8620579e-02
   1.1986073e-02
   5.1788394e-03
   2.7871278e-01
   7.7236712e-02
   2.6067024e-02
   7.2907051e-03
   5.7053205e-02
   5.8430761e-02
   5.8709990e-02
   1.2087857e-02
   7.8146338e-02
   5.2492648e-02
   7.0886090e-02
   4.4412430e-02
   2.2846402e-01
   1.2669703e-01
   2.1275805e-02
   5.6267302e-03
   1.8642075e-01
   9.8145761e-02
   7.4365236e-02
   2.2480221e-02
   8.5406601e-02
   5.5727266e-02
   6.7512788e-02
   1.7497515e-02
   1.8222083e-01
   3.6943562e-02
   6.3119948e-02
   4.6756126e-02
   1.7819634e-01
   5.5212263e-02
   3.0019782e-02
   5.7449858e-03
   7.0349887e-02
   6.9080986e-02
   6.1761066e-02
   1.8064357e-02
   1.2883961e-01
   6.0076419e-02
   5.8932099e-02
   1.2418224e-02
   2.1157378e-01
   4.8559926e-02
   6.0111199e-02
   1.0136745e-02
   9.4313793e-02
   2.7483793e-02
   2.3671556e-02
   6.4752540e-03
   6.8705238e-02
   4.9298707e-02
   3.9905529e-02
   1.3936848e-02
   1.6305645e-01
   6.9545053e-02
   4.8216332e-02
   9.7244577e-03
   1.0468030e-01
   5.6295663e-02
   5.7539281e-02
   7.8914082e-03
   8.3150387e-02
   3.4366593e-02
   1.8059533e-02
   8.1057390e-03
   6.4975493e-02
   3.4373257e-02
   3.2347929e-02
   1.7969353e-02
   9.2620261e-02
   7.8434616e-02
   6.0863290e-02
   9.2419358e-03
   7.8896202e-02
   5.1663380e-02
   8.1430145e-02
   1.1464676e-02
   7.7018462e-02
   3.6871504e-02
   6.0694441e-02
   1.5104775e-02
   6.2685505e-02
   2.9584574e-02
   6.7109287e-02
   1.8402278e-02
   1.0109880e-01
   6.9101885e-02
   8.8228621e-02
   1.7840207e-02
   1.0651289e-01
   6.7935534e-02
   1.1740384e-01
   1.9500131e-02
   1.1709110e-01
   5.9224803e-02
   1.2523371e-01
   2.3054129e-02
   8.8903345e-02
   7.2053328e-02
   1.0519741e-01
   2.0863958e-02
   8.1953421e-02
   6.2329419e-02
   1.0221980e-01
   1.4881229e-02
   8.2450718e-02
   4.0653333e-02
   8.9444727e-02
   1.1622688e-02
   7.9366408e-02
   4.3879312e-02
   6.6723414e-02
   1.1519577e-02
   9.2713192e-02
   9.8547332e-02
   4.5860931e-02
   1.0382812e-02
   9.0336949e-02
   7.9058364e-02
   8.6130463e-02
   1.0893790e-02
   7.5439692e-02
   3.9773680e-02
   9.3239434e-02
   3.3717535e-02
   1.0145867e-01
   5.0358459e-02
   1.8566325e-02
   4.8023644e-03
   1.8349333e-01
   6.2608108e-02
   2.4898462e-02
   8.6876666e-03
   7.5000696e-02
   7.6081462e-02
   8.1080288e-02
   1.1078482e-02
   8.6780049e-02
   3.2151118e-02
   8.8549629e-02
   7.9169191e-02
   2.0050654e-01
   6.6075176e-02
   2.1712774e-02
   4.9037812e-03
   1.5632313e-01
   4.3910701e-02
   3.5456799e-02
   1.0701833e-02
