   1.6267641e-02
   7.0340998e-02
   1.0023550e-01
   2.3965836e-02
   1.0592594e-02
   4.3433070e-02
   5.1649895e-02
   1.6482120e-02
   4.8268326e-02
   5.0502248e-02
   5.2649029e-02
   4.7472190e-02
   1.8123820e-02
   4.6336465e-02
   4.6689354e-02
   1.6100038e-02
   1.7866030e-02
   4.0143639e-02
   5.5198226e-02
   1.7792052e-02
   8.4980642e-03
   2.5183497e-02
   3.4564275e-02
   1.2182482e-02
   2.5955440e-02
   2.3449637e-02
   2.9326564e-02
   2.2433640e-02
   1.3430852e-02
   2.1545777e-02
   3.0383199e-02
   1.2884777e-02
   2.8091978e-02
   2.2676954e-02
   3.0268274e-02
   1.3235364e-02
   8.4048156e-03
   1.4706634e-02
   2.5692306e-02
   1.0054315e-02
   1.3495865e-02
   9.2295967e-03
   1.8336769e-02
   8.7768948e-03
   1.0716414e-02
   8.4824469e-03
   1.9738916e-02
   1.0974341e-02
   3.0119082e-02
   2.5379675e-02
   4.1958943e-02
   1.7929804e-02
   2.1692868e-02
   2.5333341e-02
   3.7379332e-02
   1.4364101e-02
   2.2929093e-02
   1.4454041e-02
   2.5869347e-02
   1.1235342e-02
   2.5868025e-02
   1.7777195e-02
   3.3851460e-02
   1.4115052e-02
   5.3599358e-02
   3.6797855e-02
   6.7204885e-02
   2.6592160e-02
   5.0861131e-02
   4.4171263e-02
   6.2965170e-02
   2.5219467e-02
   4.3448441e-02
   2.4955695e-02
   3.5445407e-02
   1.6099302e-02
   6.1135769e-02
   3.7011549e-02
   6.0580380e-02
   2.2248445e-02
   2.7158305e-02
   2.3908526e-02
   4.0652417e-02
   1.7710702e-02
   2.4460185e-02
   2.4191132e-02
   3.7561517e-02
   1.5000395e-02
   2.4483372e-02
   1.4965332e-02
   2.3866596e-02
   1.1642046e-02
   2.9408796e-02
   1.9073196e-02
   3.2289810e-02
   1.1711273e-02
   1.1847275e-02
   1.9448327e-02
   2.9489003e-02
   1.6499482e-02
   8.4182359e-03
   1.4820137e-02
   2.4639623e-02
   1.0851123e-02
   1.3636667e-02
   9.3911234e-03
   1.8297661e-02
   9.0881288e-03
   1.0904134e-02
   9.7332029e-03
   1.8743975e-02
   7.4467165e-03
   1.2814975e-02
   3.8739059e-02
   5.7024777e-02
   1.9670470e-02
   8.2939435e-03
   2.3528039e-02
   3.4854401e-02
   1.3264586e-02
   2.5424261e-02
   2.3043109e-02
   2.7524732e-02
   2.0206360e-02
   1.3118900e-02
   2.1241818e-02
   2.7357897e-02
   9.9323019e-03
   1.3046945e-02
   6.1913483e-02
   5.4597251e-02
   1.7387623e-02
   8.3437376e-03
   4.9192734e-02
   4.6411291e-02
   1.5436319e-02
   6.5101869e-02
   7.5631291e-02
   7.6568455e-02
   7.1478106e-02
   1.5449717e-02
   4.2195749e-02
   6.0061157e-02
   2.2202779e-02
   1.5600810e-02
   3.2848325e-02
   3.6141481e-02
   1.2763728e-02
   6.3013686e-03
   2.6334425e-02
   3.2346856e-02
   9.9826353e-03
   3.2448921e-02
   3.2495353e-02
   4.0612489e-02
   3.1602267e-02
   1.1362780e-02
   2.1342285e-02
   3.6926124e-02
   1.6361129e-02
   2.7398510e-02
   1.7610626e-02
   2.3932844e-02
   9.9139959e-03
   6.2218988e-03
   1.5074703e-02
   2.2930078e-02
   8.0220969e-03
   1.2498045e-02
   8.8772839e-03
   1.8690383e-02
   7.3699346e-03
   9.2437742e-03
   1.0643999e-02
   2.1245811e-02
   1.2572290e-02
   3.4510344e-02
   1.9855008e-02
   4.3451894e-02
   1.6010527e-02
   2.9160967e-02
   2.5298456e-02
   3.9695758e-02
   1.4100906e-02
   2.9752649e-02
   1.4083053e-02
   2.6811898e-02
   9.1044381e-03
   3.6293305e-02
   2.0105861e-02
   3.8847800e-02
   1.7088566e-02
   6.5343939e-02
   2.4542267e-02
   8.2817957e-02
   2.6853306e-02
   7.2598368e-02
   4.4576321e-02
   8.0065452e-02
   2.6460148e-02
   6.5364964e-02
   2.4565583e-02
   3.7488531e-02
   1.5021302e-02
   9.7163253e-02
   3.9566301e-02
   7.2625488e-02
   2.7541686e-02
   3.2127876e-02
   1.9437501e-02
   4.0936507e-02
   1.5744263e-02
   3.2808769e-02
   2.5287606e-02
   4.2362932e-02
   1.4533173e-02
   3.3196427e-02
   1.4299975e-02
   2.5458783e-02
   9.0593630e-03
   4.3349791e-02
   2.1099346e-02
   3.8765289e-02
   1.3127206e-02
   1.0488490e-02
   1.6365593e-02
   2.2244243e-02
   1.2608711e-02
   6.7063896e-03
   1.5003330e-02
   2.0411829e-02
   9.9356472e-03
   1.2916231e-02
   9.1256499e-03
   1.7674576e-02
   6.3564316e-03
   9.2389043e-03
   1.2341653e-02
   2.2193648e-02
   7.0981397e-03
   9.9188965e-03
   3.2527044e-02
   3.7093665e-02
   1.4096184e-02
   5.5212551e-03
   2.3607159e-02
   3.2177806e-02
   1.2921417e-02
   3.1579629e-02
   3.1818986e-02
   3.4921799e-02
   2.7129246e-02
   1.0449522e-02
   2.2356028e-02
   3.4922328e-02
   1.1311326e-02
   1.5113567e-02
   7.3202156e-02
   4.4782326e-02
   1.8342830e-02
   9.1065196e-03
   5.0353657e-02
   5.3281523e-02
   2.2024080e-02
   9.9786043e-02
   1.2625511e-01
   1.2479901e-01
   1.2041049e-01
   2.0529997e-02
   6.1090220e-02
   7.6248668e-02
   2.9771876e-02
   1.8572550e-02
   3.6683299e-02
   3.1055927e-02
   1.1990270e-02
   6.1987611e-03
   2.9012306e-02
   3.3560265e-02
   1.3643917e-02
   5.0445046e-02
   5.1253878e-02
   6.1310761e-02
   5.1188774e-02
   1.3725465e-02
   3.1835094e-02
   5.0189197e-02
   2.1419944e-02
   3.7789725e-02
   2.8263448e-02
   2.1019641e-02
   9.4739571e-03
   6.4453389e-03
   1.7373029e-02
   2.7752144e-02
   9.6441573e-03
   2.0580543e-02
   1.1065311e-02
   2.4066836e-02
   7.8349272e-03
   1.1018116e-02
   1.4983240e-02
   3.1935509e-02
   1.4716551e-02
   5.3893406e-02
   2.2967754e-02
   5.5580344e-02
   1.6684473e-02
   4.8888180e-02
   2.7292585e-02
   5.6261439e-02
   1.8586565e-02
   5.2183628e-02
   1.5392198e-02
   3.8616784e-02
   1.2735623e-02
   6.4886883e-02
   2.0874377e-02
   4.8633456e-02
   2.3910429e-02
   1.1124305e-01
   2.1406336e-02
   1.2916759e-01
   3.1355437e-02
   1.2287286e-01
   4.6558984e-02
   1.2889986e-01
   3.2286309e-02
   1.1306549e-01
   2.7967853e-02
   5.0562155e-02
   2.3275230e-02
   1.7891636e-01
   4.2696692e-02
   9.3922608e-02
   4.3955211e-02
   5.2285675e-02
   2.1989608e-02
   5.7326298e-02
   1.9306408e-02
   5.3700153e-02
   2.8093113e-02
   6.0705714e-02
   1.6677802e-02
   5.9663285e-02
   1.8354731e-02
   3.4023661e-02
   1.2089420e-02
   7.7905118e-02
   2.2230500e-02
   4.8698701e-02
   1.9903494e-02
   1.2020594e-02
   2.1755880e-02
   2.3688354e-02
   1.1699692e-02
   7.7522104e-03
   1.6009443e-02
   1.9798815e-02
   1.1010196e-02
   2.0784432e-02
   1.2664223e-02
   2.2917503e-02
   6.4136670e-03
   1.2000715e-02
   1.4249061e-02
   2.9302845e-02
   1.0547346e-02
   1.0433761e-02
   3.4270562e-02
   3.3766292e-02
   1.3739629e-02
   6.0851262e-03
   2.7050935e-02
   3.6973204e-02
   1.6574897e-02
   4.9939945e-02
   5.1703800e-02
   5.2681867e-02
   4.3999702e-02
   1.4464122e-02
   3.4435846e-02
   4.3311037e-02
   1.5970593e-02
   2.6825670e-02
   1.0071106e-01
   4.4959150e-02
   2.3489524e-02
   2.0446494e-02
   6.6021331e-02
   5.2946277e-02
   3.2997437e-02
   1.6625670e-01
   1.7648488e-01
   1.8089686e-01
   1.7260522e-01
   2.9361382e-02
   9.5501184e-02
   9.9533156e-02
   5.1299259e-02
   3.1987026e-02
   4.9663518e-02
   2.9259926e-02
   1.4604284e-02
   1.1379592e-02
   3.5826653e-02
   3.0713616e-02
   1.8232930e-02
   8.7171838e-02
   7.3566698e-02
   8.1029907e-02
   7.5693175e-02
   1.9752717e-02
   3.8194038e-02
   5.8470942e-02
   3.2830004e-02
   5.7450682e-02
   2.4814492e-02
   2.4539804e-02
   1.2051851e-02
   1.0874758e-02
   1.6537294e-02
   3.0973623e-02
   1.5022350e-02
   3.8093738e-02
   1.1264656e-02
   3.4224246e-02
   1.1311518e-02
   1.5648142e-02
   1.4460424e-02
   4.2653147e-02
   2.0122116e-02
   8.7099276e-02
   2.7093947e-02
   8.2883291e-02
   2.2288531e-02
   9.3684077e-02
   3.3985343e-02
   8.6020537e-02
   2.9554201e-02
   7.5783387e-02
   1.6999537e-02
   6.1657287e-02
   1.6518120e-02
   8.6471669e-02
   2.5283836e-02
   8.6351544e-02
   3.2976549e-02
   2.0621184e-01
   3.3613615e-02
   1.9913487e-01
   4.7348723e-02
   2.3263870e-01
   5.9344433e-02
   1.8444921e-01
   4.6505865e-02
   1.5634812e-01
   3.7633061e-02
   7.1655385e-02
   3.0856552e-02
   2.3635612e-01
   5.4792918e-02
   1.7489611e-01
   5.2035902e-02
   9.2900641e-02
   2.3755560e-02
   8.5320488e-02
   2.8038699e-02
   1.0311237e-01
   3.4011841e-02
   7.9406008e-02
   1.8460352e-02
   8.7888144e-02
   2.3523074e-02
   5.2119829e-02
   1.6725974e-02
   1.0231549e-01
   2.6629683e-02
   8.1850722e-02
   2.8517827e-02
   1.6385952e-02
   1.8541407e-02
   2.4531793e-02
   1.3533680e-02
   1.1409993e-02
   1.6842803e-02
   2.3023987e-02
   1.3058410e-02
   3.1529032e-02
   1.4039930e-02
   3.0330600e-02
   9.9515235e-03
   1.5966952e-02
   1.2623533e-02
   3.8032454e-02
   1.7253460e-02
   1.5061039e-02
   4.6351623e-02
   3.2084346e-02
   1.6906105e-02
   1.1801049e-02
   3.5208419e-02
   3.7491657e-02
   1.9802168e-02
   8.2698964e-02
   7.1545579e-02
   7.0604011e-02
   6.3811362e-02
   2.0783668e-02
   4.5131259e-02
   5.2694462e-02
   2.7161831e-02
