   1.0371353e-02
   1.2107025e-02
   1.2211233e-02
   2.2364052e-02
   8.1030233e-03
   1.2046622e-02
   1.8849635e-02
   2.3524821e-02
   8.3437031e-03
   1.0210917e-02
   2.0198612e-02
   2.1387298e-02
   1.1461623e-02
   8.4982999e-03
   1.5450386e-02
   2.5256434e-02
   9.8182308e-03
   1.1901526e-02
   1.1334172e-02
   1.9594796e-02
   7.6294933e-03
   1.0106802e-02
   1.5665403e-02
   2.1088168e-02
   7.7560525e-03
   9.8449867e-03
   1.8398456e-02
   2.0511467e-02
   1.0878590e-02
   5.8596293e-03
   1.1543992e-02
   2.5175430e-02
   1.0120107e-02
   1.2028159e-02
   1.0715454e-02
   1.7385874e-02
   7.8375796e-03
   9.7574033e-03
   1.1366053e-02
   1.5996549e-02
   7.7879792e-03
   8.5979840e-03
   1.4025932e-02
   1.5416873e-02
   1.2454343e-02
   4.7070561e-03
   1.0024408e-02
   2.9788081e-02
   1.2388968e-02
   2.1111922e-02
   1.4019496e-02
   2.0099247e-02
   8.9200633e-03
   1.6512064e-02
   1.2795065e-02
   1.6303228e-02
   8.6760586e-03
   1.5094475e-02
   1.5682949e-02
   1.5811013e-02
   1.2822613e-02
   5.2176220e-03
   1.1474689e-02
   3.8711257e-02
   1.3179605e-02
   2.7438832e-02
   2.3072461e-02
   2.8523387e-02
   9.5523531e-03
   2.0538775e-02
   1.8612314e-02
   1.9321367e-02
   9.3014445e-03
   1.7595381e-02
   2.2617042e-02
   1.8372834e-02
   1.2866233e-02
   5.6500467e-03
   1.4133153e-02
   4.0820606e-02
   1.1001211e-02
   1.4993120e-02
   1.8024381e-02
   3.0535540e-02
   8.6371871e-03
   1.1258375e-02
   1.5176613e-02
   2.1653565e-02
   8.6517325e-03
   8.8633224e-03
   1.8806299e-02
   2.2058181e-02
   1.1691693e-02
   3.9036162e-03
   1.2082413e-02
   3.2913562e-02
   9.7909542e-03
   1.0905046e-02
   1.1351396e-02
   2.1118453e-02
   7.7979811e-03
   8.2781482e-03
   1.0651279e-02
   1.7214913e-02
   7.9039345e-03
   6.7218137e-03
   1.2697143e-02
   1.7311608e-02
   1.0434721e-02
   4.0103653e-03
   1.0083587e-02
   2.5713351e-02
   9.6857157e-03
   1.0635377e-02
   1.0733966e-02
   1.9602414e-02
   7.6789111e-03
   9.1076549e-03
   1.2399801e-02
   1.7817596e-02
   7.8626648e-03
   7.7321394e-03
   1.3935180e-02
   1.6343787e-02
   1.0575115e-02
   6.4212494e-03
   1.1662498e-02
   2.3473760e-02
   1.0987964e-02
   1.6426085e-02
   1.6761161e-02
   3.1009268e-02
   8.8107511e-03
   1.6836112e-02
   2.8596776e-02
   3.3236023e-02
   9.1008442e-03
   1.4796908e-02
   3.1332295e-02
   3.0203298e-02
   1.2544487e-02
   1.2098410e-02
   2.1408848e-02
   3.1778507e-02
   1.0727018e-02
   1.6439600e-02
   1.5550523e-02
   2.6773646e-02
   8.5120033e-03
   1.3636666e-02
   2.4007319e-02
   3.0465689e-02
   8.6462330e-03
   1.4407140e-02
   2.8826797e-02
   2.9866559e-02
   1.2394397e-02
   7.6143015e-03
   1.4832390e-02
   3.3031840e-02
   1.0825245e-02
   1.5589196e-02
   1.3940071e-02
   2.1264808e-02
   8.7430151e-03
   1.2353339e-02
   1.5382007e-02
   2.0363910e-02
   8.6890692e-03
   1.1247770e-02
   1.9398266e-02
   2.0180797e-02
   1.5296558e-02
   5.4677888e-03
   1.2003222e-02
   3.9982058e-02
   1.2968956e-02
   2.8794846e-02
   1.7809048e-02
   2.3352128e-02
   9.4656767e-03
   2.2406669e-02
   1.7409949e-02
   1.9478859e-02
   9.2425374e-03
   1.9953320e-02
   2.1265168e-02
   1.9016648e-02
   1.4417136e-02
   6.2629217e-03
   1.3224996e-02
   4.8843820e-02
   1.3270005e-02
   3.9181754e-02
   3.1816199e-02
   3.6775354e-02
   9.8700421e-03
   2.9390717e-02
   2.7696017e-02
   2.4393473e-02
   9.6806847e-03
   2.4263527e-02
   3.3882640e-02
   2.3678772e-02
   1.3023197e-02
   6.8714805e-03
   1.6596789e-02
   4.9134806e-02
   1.1233306e-02
   1.9581266e-02
   2.4755923e-02
   4.1974824e-02
   9.1503160e-03
   1.4586646e-02
   2.2030795e-02
   3.0938892e-02
   9.2059923e-03
   1.1332213e-02
   2.8048854e-02
   3.5281211e-02
   1.2181519e-02
   4.4596842e-03
   1.4258335e-02
   4.1645210e-02
   1.0586653e-02
   1.3750223e-02
   1.4947319e-02
   2.6992880e-02
   8.6750723e-03
   1.0314634e-02
   1.4389181e-02
   2.2925647e-02
   8.7988945e-03
   8.4383301e-03
   1.7307444e-02
   2.5077870e-02
   1.1497088e-02
   4.8720902e-03
   1.1987958e-02
   3.3367656e-02
   1.0505509e-02
   1.3700712e-02
   1.4212066e-02
   2.5413487e-02
   8.5713034e-03
   1.2158184e-02
   1.7304173e-02
   2.3006119e-02
   8.8143554e-03
   1.0628713e-02
   1.9606968e-02
   2.1290744e-02
   1.1755537e-02
   8.9789135e-03
   1.5063314e-02
   2.9290771e-02
   8.9313267e-03
   1.9324053e-02
   1.9957323e-02
   3.6459744e-02
   7.2821490e-03
   2.1873524e-02
   3.9554600e-02
   4.1007314e-02
   7.8102876e-03
   1.9476600e-02
   4.3182749e-02
   3.5056643e-02
   1.0425931e-02
   1.7044904e-02
   2.9290313e-02
   3.3785440e-02
   8.9220610e-03
   1.9178465e-02
   1.8063663e-02
   3.1144135e-02
   7.1891900e-03
   1.6733805e-02
   3.3110391e-02
   3.7266094e-02
   7.4562207e-03
   1.8572113e-02
   3.9129838e-02
   3.5777111e-02
   1.1177635e-02
   9.6916100e-03
   1.7380059e-02
   3.2654144e-02
   9.1657387e-03
   1.7159136e-02
   1.5450213e-02
   2.2682846e-02
   7.2997771e-03
   1.3926183e-02
   1.9044045e-02
   2.2319214e-02
   7.5160572e-03
   1.3502286e-02
   2.3515766e-02
   2.2121122e-02
   1.7500792e-02
   6.3687097e-03
   1.2283156e-02
   3.4836967e-02
   1.1911817e-02
   3.6331281e-02
   2.0458965e-02
   2.4452917e-02
   7.7895233e-03
   2.8704228e-02
   2.1829564e-02
   2.0772135e-02
   7.6463539e-03
   2.6324462e-02
   2.5315842e-02
   1.9609055e-02
   1.4817363e-02
   7.2190668e-03
   1.3234942e-02
   3.9959401e-02
   1.1822687e-02
   5.2525021e-02
   4.0983148e-02
   4.3820567e-02
   7.9345424e-03
   3.8953628e-02
   3.8180050e-02
   2.9014116e-02
   7.6845819e-03
   3.3387564e-02
   4.3522406e-02
   2.5839884e-02
   1.0715866e-02
   8.0572907e-03
   1.7924488e-02
   4.0253956e-02
   9.1180233e-03
   2.3335680e-02
   3.1607889e-02
   5.2177709e-02
   7.4663367e-03
   1.7560259e-02
   2.9781954e-02
   4.0899009e-02
   7.6472191e-03
   1.3854423e-02
   3.5274949e-02
   4.0897444e-02
   1.0134072e-02
   4.6975627e-03
   1.5196453e-02
   4.2654704e-02
   8.7170294e-03
   1.4855109e-02
   1.7057301e-02
   2.9924866e-02
   7.2442018e-03
   1.1275285e-02
   1.7612720e-02
   2.7502354e-02
   7.5246608e-03
   9.7790314e-03
   1.9743500e-02
   2.8071946e-02
   9.7585497e-03
   5.8819922e-03
   1.2627452e-02
   3.6869973e-02
   8.6444682e-03
   1.5704341e-02
   1.5986571e-02
   2.7705625e-02
   7.2290441e-03
   1.4787979e-02
   2.1781754e-02
   2.5920102e-02
   7.6468131e-03
   1.3595061e-02
   2.4480987e-02
   2.2965997e-02
   9.9273361e-03
   1.3151947e-02
   1.8243700e-02
   3.0178256e-02
   6.5478440e-03
   2.0339724e-02
   2.3847418e-02
   3.9579228e-02
   5.2950107e-03
   2.9129898e-02
   5.2116189e-02
   5.0879415e-02
   5.9836688e-03
   2.1936033e-02
   5.6027520e-02
   4.0195011e-02
   8.0430498e-03
   1.8713005e-02
   3.7471402e-02
   2.9319646e-02
   6.6290186e-03
   1.9632099e-02
   2.1258855e-02
   3.3594668e-02
   5.4170196e-03
   2.0393092e-02
   4.2180188e-02
   4.7185771e-02
   5.6808153e-03
   2.2080950e-02
   4.9782485e-02
   3.7857689e-02
   1.0445151e-02
   1.0629120e-02
   1.9927152e-02
   2.4807952e-02
   7.2124596e-03
   1.8088771e-02
   1.5857849e-02
   2.3553502e-02
   5.6126714e-03
   1.6072439e-02
   2.2929242e-02
   2.6815860e-02
   5.8917790e-03
   1.6301323e-02
   2.8362336e-02
   2.2587799e-02
   2.2426933e-02
   6.7061801e-03
   1.1774551e-02
   2.4359265e-02
   1.1066667e-02
   5.0277427e-02
   2.2980420e-02
   2.6474008e-02
   6.3215550e-03
   3.8604006e-02
   2.7126739e-02
   2.3638753e-02
   6.0965638e-03
   3.4581326e-02
   2.9413305e-02
   2.0978399e-02
   1.7216455e-02
   9.1625145e-03
   1.3034613e-02
   2.7744509e-02
   1.0924629e-02
   7.7694133e-02
   5.5048283e-02
   5.4382481e-02
   6.3142753e-03
   5.3870086e-02
   4.7967482e-02
   3.3765517e-02
   6.2012938e-03
   4.4360906e-02
   5.5133361e-02
   2.7890317e-02
   8.6792149e-03
   1.0597070e-02
   2.1535402e-02
   3.0217519e-02
   7.1085826e-03
   2.9577201e-02
   4.1039575e-02
   6.4364143e-02
   5.5447565e-03
   2.2018077e-02
   3.8164951e-02
   4.6814106e-02
   5.9390836e-03
   1.6555889e-02
   4.4193674e-02
   4.2809326e-02
   7.7837957e-03
   4.8358776e-03
   1.7056301e-02
   4.2345580e-02
   6.5827905e-03
   1.4836120e-02
   1.7934924e-02
   3.2655761e-02
   5.3675268e-03
   1.1717849e-02
   2.1248074e-02
   3.2066476e-02
   5.7959035e-03
   1.0330967e-02
   2.3131505e-02
   3.1007148e-02
   7.3834057e-03
   6.7669488e-03
   1.2469072e-02
   3.6006227e-02
   6.5207616e-03
   1.6765524e-02
   1.7274674e-02
   2.8710308e-02
   5.3011202e-03
   1.8037988e-02
   2.7996939e-02
   3.0379882e-02
   6.0071857e-03
   1.4845949e-02
   2.9840302e-02
   2.4962619e-02
   7.3797680e-03
   1.5582520e-02
   2.1479098e-02
   2.5369262e-02
