   9.9315979e-03
   4.9486994e-03
   7.8895018e-03
   5.7880357e-03
   7.0957998e-03
   1.3396332e-02
   1.2314024e-02
   1.6781352e-02
   6.8867761e-03
   1.1081465e-02
   1.7250083e-02
   2.4671778e-02
   1.2494749e-02
   8.8458937e-03
   1.4122487e-02
   2.6679907e-02
   8.9700250e-03
   3.4405135e-03
   6.3533904e-03
   4.5812861e-03
   6.4346511e-03
   9.9269543e-03
   9.6246032e-03
   1.6234327e-02
   6.5629533e-03
   9.5168650e-03
   1.5003598e-02
   2.4911305e-02
   1.1368689e-02
   6.1661061e-03
   1.1782774e-02
   2.5609599e-02
   9.0570170e-03
   2.9887969e-03
   6.3931686e-03
   3.7271366e-03
   6.2770299e-03
   7.7473670e-03
   8.4279422e-03
   1.7603515e-02
   6.7308526e-03
   9.7774761e-03
   1.4083386e-02
   2.8133119e-02
   1.1252154e-02
   4.4740150e-03
   1.0883114e-02
   2.7663194e-02
   1.0481785e-02
   3.2509766e-03
   9.3554733e-03
   3.8407147e-03
   7.5672711e-03
   9.0379845e-03
   1.0098983e-02
   2.1195253e-02
   8.2379924e-03
   1.1706581e-02
   1.5878916e-02
   3.7006631e-02
   1.2560406e-02
   4.6834862e-03
   1.3153364e-02
   3.4869451e-02
   1.2414145e-02
   3.4283791e-03
   1.4256624e-02
   4.2999578e-03
   9.9832732e-03
   1.1923588e-02
   1.2921112e-02
   2.4250112e-02
   1.1518458e-02
   1.5967062e-02
   1.7384613e-02
   4.3608285e-02
   1.3789566e-02
   4.9379566e-03
   1.5998691e-02
   3.9354905e-02
   1.1015969e-02
   3.2959173e-03
   9.7614033e-03
   6.5990593e-03
   8.2144747e-03
   9.6001178e-03
   1.1061533e-02
   2.2699904e-02
   8.9223478e-03
   1.2412304e-02
   1.5782394e-02
   3.3998471e-02
   1.2670260e-02
   4.6769227e-03
   1.3000610e-02
   3.2248348e-02
   9.4327228e-03
   3.0781184e-03
   6.5351627e-03
   8.2257241e-03
   6.3919225e-03
   7.9854056e-03
   9.8366253e-03
   2.2788389e-02
   6.7963791e-03
   9.8160245e-03
   1.4044164e-02
   2.5991349e-02
   1.1368877e-02
   4.3599713e-03
   1.0594569e-02
   2.5903352e-02
   8.7790517e-03
   3.2211726e-03
   6.4758537e-03
   5.1809512e-03
   6.2004407e-03
   9.1291787e-03
   9.7820386e-03
   1.7922208e-02
   6.6139875e-03
   9.7008785e-03
   1.4305143e-02
   2.3808986e-02
   1.1407967e-02
   5.6390767e-03
   1.1020757e-02
   2.4776373e-02
   1.0892301e-02
   5.2117486e-03
   8.5977353e-03
   6.0330098e-03
   8.3167041e-03
   1.7319031e-02
   1.6219720e-02
   2.0729529e-02
   7.6777460e-03
   1.3797671e-02
   2.2945173e-02
   3.1292528e-02
   1.3462801e-02
   1.0181746e-02
   1.6363394e-02
   3.1490166e-02
   1.0151843e-02
   3.8340790e-03
   7.2597363e-03
   4.8847306e-03
   7.4933949e-03
   1.2431744e-02
   1.2171913e-02
   2.0936968e-02
   7.5465646e-03
   1.1916835e-02
   1.8988507e-02
   3.3251278e-02
   1.2410811e-02
   7.1051857e-03
   1.3713020e-02
   3.1434182e-02
   1.0516829e-02
   3.4168020e-03
   7.3512397e-03
   4.0524662e-03
   7.2524794e-03
   9.6265208e-03
   1.0255029e-02
   2.3309253e-02
   7.6874034e-03
   1.2669588e-02
   1.6649000e-02
   3.8811821e-02
   1.2247569e-02
   5.0915321e-03
   1.2602681e-02
   3.5466202e-02
   1.1870074e-02
   3.6204485e-03
   1.0644364e-02
   4.1310750e-03
   8.5435668e-03
   1.1131642e-02
   1.2007073e-02
   2.7783295e-02
   9.2041735e-03
   1.5252541e-02
   1.8402733e-02
   5.0738662e-02
   1.3054428e-02
   5.1888553e-03
   1.4874781e-02
   4.4241231e-02
   1.4811068e-02
   3.7922738e-03
   1.6840404e-02
   4.6099150e-03
   1.1459887e-02
   1.5261919e-02
   1.5833344e-02
   3.1758763e-02
   1.3238845e-02
   2.1664890e-02
   2.0376684e-02
   5.9840005e-02
   1.4133237e-02
   5.4619629e-03
   1.8021712e-02
   4.8764456e-02
   1.2799619e-02
   3.6635685e-03
   1.1482993e-02
   8.1500998e-03
   9.3275411e-03
   1.1875346e-02
   1.3348563e-02
   3.0096151e-02
   1.0159203e-02
   1.6425379e-02
   1.8349513e-02
   4.5474466e-02
   1.3334838e-02
   5.2587860e-03
   1.4514781e-02
   3.9335605e-02
   1.0617095e-02
   3.4909064e-03
   7.5728539e-03
   1.2477634e-02
   7.3295021e-03
   9.8028984e-03
   1.2339925e-02
   3.1133771e-02
   7.8245346e-03
   1.2938022e-02
   1.6591603e-02
   3.4518503e-02
   1.2548853e-02
   5.0577209e-03
   1.2214066e-02
   3.1368222e-02
   9.9578369e-03
   3.5760342e-03
   7.3541617e-03
   6.8669394e-03
   7.3014717e-03
   1.1341021e-02
   1.2214000e-02
   2.3403177e-02
   7.6755551e-03
   1.2142351e-02
   1.7353997e-02
   3.0648941e-02
   1.2644897e-02
   6.5557300e-03
   1.2754524e-02
   2.9446749e-02
   1.0127338e-02
   5.1116650e-03
   8.1581166e-03
   5.8753034e-03
   8.4737763e-03
   2.1425081e-02
   2.0950712e-02
   2.3037139e-02
   6.9583892e-03
   1.7246805e-02
   2.8375579e-02
   3.5081491e-02
   1.1899304e-02
   1.1702817e-02
   1.9487867e-02
   3.4381393e-02
   9.4918655e-03
   3.7242947e-03
   6.9905957e-03
   4.7518988e-03
   7.2894343e-03
   1.4607633e-02
   1.3882019e-02
   2.2730889e-02
   6.8863956e-03
   1.4236691e-02
   2.1512534e-02
   3.6812298e-02
   1.0716225e-02
   7.6622288e-03
   1.4838669e-02
   3.3600703e-02
   1.0130840e-02
   3.2570309e-03
   7.0010046e-03
   3.9538462e-03
   6.9247331e-03
   1.0637608e-02
   1.0290056e-02
   2.3829859e-02
   7.0817936e-03
   1.5826492e-02
   1.6711436e-02
   4.0905584e-02
   1.0400724e-02
   4.9139587e-03
   1.2387197e-02
   3.6567885e-02
   1.1757154e-02
   3.3414729e-03
   1.1060638e-02
   4.1433736e-03
   8.4471311e-03
   1.2774783e-02
   1.2959394e-02
   2.7644541e-02
   9.1459220e-03
   1.9494591e-02
   1.8634889e-02
   4.8710842e-02
   1.0991758e-02
   4.8507769e-03
   1.5026298e-02
   4.2622659e-02
   1.5835077e-02
   3.4187171e-03
   1.8997937e-02
   4.6475818e-03
   1.2456609e-02
   1.9640313e-02
   1.8342078e-02
   3.2428619e-02
   1.4979902e-02
   3.0391123e-02
   2.1702945e-02
   5.8666024e-02
   1.2328954e-02
   5.1235007e-03
   1.9056255e-02
   4.7335532e-02
   1.3131431e-02
   3.3874644e-03
   1.2349935e-02
   9.6930470e-03
   9.7006001e-03
   1.4110013e-02
   1.4815732e-02
   3.2108750e-02
   1.0657657e-02
   2.1473754e-02
   1.9206038e-02
   4.6084523e-02
   1.1728206e-02
   4.9875826e-03
   1.4698952e-02
   3.8524698e-02
   1.0053531e-02
   3.3104471e-03
   7.3043322e-03
   1.6821055e-02
   7.2388491e-03
   1.0931768e-02
   1.3484812e-02
   3.7264619e-02
   7.3053646e-03
   1.6423596e-02
   1.6853943e-02
   3.7198588e-02
   1.0974859e-02
   4.8097027e-03
   1.2169094e-02
   3.2377977e-02
   9.1196839e-03
   3.4151967e-03
   7.0601502e-03
   8.5440008e-03
   7.3603923e-03
   1.3000561e-02
   1.4059054e-02
   2.7477620e-02
   7.1120453e-03
   1.4756711e-02
   1.8540302e-02
   3.3941843e-02
   1.1106123e-02
   6.8166275e-03
   1.3356428e-02
   3.0778017e-02
   9.9959886e-03
   4.8886146e-03
   7.5209546e-03
   5.8795810e-03
   8.9055402e-03
   2.6229151e-02
   2.9340932e-02
   2.1136401e-02
   5.8976044e-03
   2.2039860e-02
   3.0407907e-02
   3.1353068e-02
   1.1272997e-02
   1.5459979e-02
   2.5039079e-02
   3.4277357e-02
   9.3730763e-03
   3.4491322e-03
   6.1685112e-03
   4.5184446e-03
   7.1392516e-03
   1.6195226e-02
   1.7132372e-02
   1.9301003e-02
   6.0197888e-03
   1.5979899e-02
   2.1563767e-02
   3.0780612e-02
   9.0988381e-03
   9.0238284e-03
   1.6562279e-02
   3.1462368e-02
   9.8986914e-03
   2.7733343e-03
   6.1600837e-03
   3.7124595e-03
   6.4127375e-03
   9.6711712e-03
   9.8942835e-03
   1.9259129e-02
   6.2217889e-03
   1.5223625e-02
   1.5361362e-02
   3.0967448e-02
   8.2906140e-03
   4.5417659e-03
   1.1608339e-02
   3.0947326e-02
   1.1997828e-02
   2.7951901e-03
   1.2470102e-02
   3.9370195e-03
   8.4652677e-03
   1.2991532e-02
   1.3283671e-02
   2.3289742e-02
   9.5793111e-03
   1.9147603e-02
   1.8314945e-02
   4.0662330e-02
   9.2441402e-03
   4.6011172e-03
   1.4937116e-02
   3.8012668e-02
   1.6602065e-02
   2.9393798e-03
   2.4538163e-02
   4.6865884e-03
   1.4830939e-02
   2.4710100e-02
   2.0598779e-02
   3.0404333e-02
   1.9796290e-02
   3.5156861e-02
   2.2204814e-02
   5.6384582e-02
   1.1975747e-02
   4.6196831e-03
   2.0984964e-02
   4.6300851e-02
   1.2972967e-02
   2.8514506e-03
   1.4115066e-02
   1.1426937e-02
   1.0591595e-02
   1.5152847e-02
   1.5758287e-02
   2.8716721e-02
   1.2325761e-02
   2.2095596e-02
   1.8169522e-02
   3.8240820e-02
   1.0618828e-02
   4.3934318e-03
   1.4912452e-02
   3.3521537e-02
   9.6125333e-03
   2.7296063e-03
   6.4067976e-03
   2.1838509e-02
   6.7396355e-03
   9.9844467e-03
   1.3196327e-02
   3.6150031e-02
   6.3364664e-03
   1.6023599e-02
   1.5256113e-02
   3.0163795e-02
   8.8981334e-03
   4.1786372e-03
   1.1155846e-02
   2.7938977e-02
   8.5453438e-03
   2.9918780e-03
   6.1474922e-03
   1.0683484e-02
   7.1979105e-03
   1.4200971e-02
   1.6583214e-02
   2.5907014e-02
   5.9002801e-03
   1.6048228e-02
   1.7926391e-02
   2.8538188e-02
   9.0719834e-03
   7.4257427e-03
   1.3737024e-02
   2.8471949e-02
