   3.7890706e-02
   3.0719267e-02
   5.0290320e-02
   1.5093286e-02
   4.4143710e-02
   4.8561845e-02
   3.7963890e-02
   1.3790930e-02
   1.0035666e-01
   9.7787708e-02
   1.0998890e-01
   3.7582472e-02
   6.9034196e-02
   5.0100490e-02
   6.8398960e-02
   4.0487330e-02
   3.6265079e-02
   2.4200359e-02
   4.1012324e-02
   1.2815177e-02
   3.8156074e-02
   3.0806195e-02
   2.2196718e-02
   1.1826291e-02
   4.6497274e-02
   4.1250911e-02
   4.5313854e-02
   2.5475578e-02
   2.8405145e-02
   2.4357552e-02
   3.1534553e-02
   2.4943456e-02
   5.2264839e-02
   2.0708676e-02
   3.6693346e-02
   1.2449507e-02
   6.8390541e-02
   2.5997134e-02
   1.5806925e-02
   1.2218603e-02
   2.3485426e-02
   1.4012296e-02
   1.2604209e-02
   1.9034471e-02
   9.2116296e-03
   1.1243109e-02
   1.0081307e-02
   1.7614378e-02
   1.6876999e-01
   2.4149066e-02
   3.9170470e-02
   1.3816604e-02
   1.9864182e-01
   5.7447359e-02
   2.6816549e-02
   1.6426330e-02
   2.9114837e-02
   1.4450320e-02
   1.2909383e-02
   2.5024442e-02
   9.4124917e-03
   1.1524620e-02
   1.1829040e-02
   2.5957260e-02
   1.1722524e-01
   2.6396019e-02
   4.4953931e-02
   1.3704102e-02
   1.2052910e-01
   6.0387775e-02
   3.5295084e-02
   1.5791975e-02
   2.2155393e-02
   1.5204486e-02
   1.5430230e-02
   2.2886254e-02
   9.6844062e-03
   1.4003808e-02
   1.5477005e-02
   2.2245340e-02
   3.4578267e-02
   2.3555238e-02
   4.0143631e-02
   1.2271692e-02
   3.9672248e-02
   3.1855389e-02
   2.5332119e-02
   1.2611888e-02
   1.5495970e-02
   1.3545235e-02
   1.4315713e-02
   1.7204160e-02
   9.3738735e-03
   1.3387860e-02
   1.1583883e-02
   1.5934709e-02
   3.9649595e-02
   2.1765169e-02
   3.6348648e-02
   1.1567011e-02
   4.4698056e-02
   2.6056008e-02
   1.7093731e-02
   1.1115665e-02
   1.6515363e-02
   1.4149702e-02
   1.3532440e-02
   1.6441103e-02
   9.3915053e-03
   1.1462668e-02
   9.8847412e-03
   1.6485946e-02
   3.9082855e-02
   2.5780218e-02
   4.5513477e-02
   1.2488033e-02
   4.7339026e-02
   3.3470135e-02
   2.3727812e-02
   1.2180492e-02
   4.5936093e-02
   4.5954589e-02
   4.6980094e-02
   2.4681635e-02
   2.9059868e-02
   2.4931377e-02
   2.9378377e-02
   2.5457252e-02
   2.3246728e-02
   3.1703826e-02
   5.3349700e-02
   1.5533987e-02
   3.0756695e-02
   4.3754373e-02
   5.0195329e-02
   1.5599244e-02
   1.5494229e-01
   1.5148748e-01
   1.7344975e-01
   4.7395542e-02
   1.0782152e-01
   8.2339510e-02
   1.0340808e-01
   5.3979252e-02
   2.6061064e-02
   2.7516702e-02
   4.0222049e-02
   1.1395355e-02
   3.2675870e-02
   3.1361379e-02
   2.8128898e-02
   1.1234161e-02
   6.3916355e-02
   5.9529062e-02
   6.7857578e-02
   3.2240130e-02
   4.1413505e-02
   3.8122494e-02
   4.6539277e-02
   3.1668130e-02
   7.5661682e-02
   2.1815272e-02
   3.2313894e-02
   1.0661587e-02
   1.0268915e-01
   3.1110642e-02
   2.2491438e-02
   1.0709353e-02
   3.1601559e-02
   1.5880225e-02
   1.4812822e-02
   2.7147045e-02
   6.4562620e-03
   1.4379326e-02
   1.0962323e-02
   2.3455815e-02
   2.4740301e-01
   2.5294391e-02
   4.1045610e-02
   1.0894913e-02
   2.8965718e-01
   5.8310114e-02
   3.6924418e-02
   1.6161665e-02
   3.8237251e-02
   1.5521556e-02
   1.4301475e-02
   3.1491421e-02
   5.6326431e-03
   1.4005529e-02
   1.2880411e-02
   3.3868972e-02
   1.6674022e-01
   2.5884077e-02
   4.9412645e-02
   1.1448652e-02
   1.7131440e-01
   6.6423319e-02
   4.5201745e-02
   1.5607106e-02
   2.9297028e-02
   1.6897326e-02
   1.7570086e-02
   2.8613595e-02
   6.4353100e-03
   1.6791096e-02
   1.6235113e-02
   2.9806556e-02
   3.8410634e-02
   2.2325780e-02
   3.9852187e-02
   9.8751336e-03
   4.6432670e-02
   4.1932598e-02
   2.8613936e-02
   1.1563797e-02
   1.6484581e-02
   1.6331062e-02
   1.8305449e-02
   2.1685883e-02
   6.4049228e-03
   1.7043784e-02
   1.2736305e-02
   1.8452350e-02
   2.4118267e-02
   2.0883964e-02
   3.8152099e-02
   8.7272059e-03
   2.8985571e-02
   2.2961557e-02
   1.9249441e-02
   8.6547313e-03
   1.6094282e-02
   1.6088376e-02
   1.6679151e-02
   1.9009532e-02
   6.9600604e-03
   1.4813280e-02
   1.1092254e-02
   1.6947519e-02
   2.1021778e-02
   2.8703772e-02
   4.3025061e-02
   1.1112138e-02
   2.8778689e-02
   2.8656932e-02
   3.0602656e-02
   1.0319962e-02
   6.4805865e-02
   6.7730851e-02
   7.3452324e-02
   3.0499116e-02
   4.2253915e-02
   3.9270934e-02
   4.2272322e-02
   3.2267392e-02
   2.8672606e-02
   4.1372091e-02
   7.5191081e-02
   2.4754047e-02
   4.3122932e-02
   5.2755777e-02
   8.5555643e-02
   2.3533136e-02
   2.7955347e-01
   2.4725068e-01
   2.2522306e-01
   5.4187309e-02
   1.4589843e-01
   1.2812154e-01
   1.6699816e-01
   7.5886361e-02
   3.2383442e-02
   3.6861070e-02
   4.9401350e-02
   1.5401006e-02
   4.9618218e-02
   4.0473152e-02
   4.4591922e-02
   1.4790713e-02
   1.0540982e-01
   9.7053207e-02
   9.0301350e-02
   4.8688449e-02
   5.6971449e-02
   5.6631077e-02
   7.5054981e-02
   5.0431080e-02
   7.8401327e-02
   2.4750732e-02
   3.5261337e-02
   1.1908411e-02
   1.1503754e-01
   4.2025633e-02
   3.3153642e-02
   1.3933915e-02
   3.2209359e-02
   2.1166524e-02
   1.9472741e-02
   4.9764451e-02
   6.3001406e-03
   1.9354803e-02
   1.5586270e-02
   4.9815241e-02
   2.1386749e-01
   3.1140108e-02
   4.3586120e-02
   1.2690204e-02
   2.4565597e-01
   5.8556024e-02
   5.1436789e-02
   2.4538180e-02
   3.6066011e-02
   1.8487509e-02
   1.7399238e-02
   5.1570434e-02
   6.2298300e-03
   2.0146033e-02
   1.6108310e-02
   6.1999142e-02
   1.3535866e-01
   3.3744927e-02
   5.4986261e-02
   1.3681984e-02
   1.4850003e-01
   7.5768754e-02
   5.6703262e-02
   2.2041779e-02
   3.4015704e-02
   1.9143771e-02
   1.9402014e-02
   4.3849688e-02
   7.1805492e-03
   2.4231886e-02
   1.9085564e-02
   5.2996397e-02
   4.7360402e-02
   2.1832595e-02
   4.5413617e-02
   1.1119802e-02
   7.0577621e-02
   5.2350510e-02
   3.4670480e-02
   1.4694032e-02
   1.8030386e-02
   2.1178273e-02
   2.0890046e-02
   3.3873387e-02
   7.4433088e-03
   2.5871798e-02
   1.8434150e-02
   3.1999733e-02
   2.9804859e-02
   2.2273026e-02
   3.6694124e-02
   1.0841729e-02
   4.1981071e-02
   3.4348514e-02
   2.6617456e-02
   8.7548941e-03
   1.6831258e-02
   2.3949042e-02
   2.4001919e-02
   3.2827888e-02
   7.3249163e-03
   2.0871585e-02
   1.6328940e-02
   2.4927840e-02
   2.4317238e-02
   3.3373084e-02
   5.1865075e-02
   1.6214749e-02
   4.4952527e-02
   4.1167185e-02
   4.8329327e-02
   1.3860493e-02
   1.1388227e-01
   1.1169131e-01
   9.5669657e-02
   4.5903210e-02
   5.8520552e-02
   6.0162749e-02
   6.7171685e-02
   4.9139563e-02
   3.8862824e-02
   5.6954943e-02
   8.2295485e-02
   3.8514785e-02
   8.5774496e-02
   6.8221159e-02
   1.2452484e-01
   4.1283265e-02
   3.0926818e-01
   2.8020772e-01
   2.9092136e-01
   7.8594558e-02
   3.0580184e-01
   2.1486361e-01
   2.8383240e-01
   1.2125145e-01
   4.6333630e-02
   4.3161392e-02
   6.1052550e-02
   2.5879962e-02
   5.6502089e-02
   5.4927509e-02
   7.1267687e-02
   2.5669534e-02
   1.1503171e-01
   1.0331913e-01
   1.2671188e-01
   6.4219996e-02
   1.2120400e-01
   8.2910188e-02
   1.3431227e-01
   8.7319180e-02
   5.7951812e-02
   3.6635820e-02
   5.0924070e-02
   1.9387055e-02
   7.4244000e-02
   6.1305542e-02
   5.3133763e-02
   1.9940261e-02
   1.6339194e-02
   3.3477601e-02
   3.0483926e-02
   4.7311451e-02
   1.1112666e-02
   2.5810925e-02
   2.6084190e-02
   6.9239669e-02
   1.0404030e-01
   4.7882531e-02
   5.8007617e-02
   1.7452599e-02
   8.9992881e-02
   8.6469546e-02
   6.8874948e-02
   3.6903117e-02
   1.6430590e-02
   2.3889048e-02
   2.2511870e-02
   9.6179016e-02
   7.4625215e-03
   2.3842202e-02
   2.1964308e-02
   1.2320123e-01
   9.2851244e-02
   5.6154501e-02
   7.0504464e-02
   2.5076700e-02
   6.9498748e-02
   1.0810743e-01
   6.3903607e-02
   3.7934337e-02
   2.3098171e-02
   2.9509125e-02
   2.2201799e-02
   7.0543282e-02
   1.0740554e-02
   2.4239428e-02
   2.1798747e-02
   9.9006452e-02
   4.5801278e-02
   3.2376051e-02
   5.9032295e-02
   1.4615333e-02
   7.3835388e-02
   6.8145707e-02
   5.6452267e-02
   2.2988243e-02
   1.5600589e-02
   3.5214756e-02
   1.7246671e-02
   3.0840108e-02
   9.0787867e-03
   2.9119581e-02
   2.3436230e-02
   5.6348935e-02
   4.2524774e-02
   2.5735071e-02
   3.6167663e-02
   1.5089010e-02
   5.3523865e-02
   4.5453615e-02
   4.5329537e-02
   9.0342499e-03
   1.7418249e-02
   3.0524259e-02
   2.7638769e-02
   4.2395439e-02
   1.0494887e-02
   3.0496126e-02
   2.6951790e-02
   5.0459601e-02
   2.9180648e-02
   3.9062802e-02
   6.4358182e-02
   2.5367092e-02
   5.7592645e-02
   5.3147942e-02
   7.2488815e-02
   2.2910023e-02
   1.2629586e-01
   1.4721970e-01
   1.2991698e-01
   6.2114131e-02
   1.2416781e-01
   9.5595181e-02
   1.1031937e-01
   8.3300821e-02
