   5.6402933e-02
   7.2057560e-02
   6.1834227e-02
   2.8810380e-02
   2.8525608e-02
   2.5406813e-02
   5.0491329e-02
   1.2034196e-02
   2.0421322e-02
   3.0164976e-02
   2.5834614e-02
   1.1433677e-02
   2.6264034e-02
   2.4085665e-02
   2.4951447e-02
   1.0809789e-02
   4.0739879e-02
   3.4620114e-02
   3.1333808e-02
   2.2275256e-02
   2.7907453e-02
   3.4023043e-02
   4.1323390e-02
   1.1522712e-02
   2.1062573e-02
   3.2701384e-02
   2.6142431e-02
   1.1199660e-02
   2.6916215e-02
   3.4535591e-02
   2.7501056e-02
   1.1597078e-02
   3.8177989e-02
   1.4547453e-02
   1.6873274e-02
   1.8414384e-02
   2.9032338e-02
   3.7837930e-02
   3.7483331e-02
   1.1531083e-02
   2.1384329e-02
   3.3806413e-02
   2.6609061e-02
   1.1185635e-02
   2.6892563e-02
   4.0180519e-02
   2.9523309e-02
   1.1690733e-02
   6.1919808e-02
   1.5166127e-02
   1.8189745e-02
   1.9904163e-02
   7.5618938e-02
   3.1936187e-02
   4.4546355e-02
   1.4764983e-02
   7.1252160e-02
   4.0179048e-02
   3.1953830e-02
   1.4567402e-02
   7.1586624e-02
   3.9513100e-02
   3.5942499e-02
   1.5018065e-02
   1.0646633e-01
   1.7340265e-02
   2.1614291e-02
   2.5002733e-02
   1.7569806e-01
   4.0710289e-02
   5.9924882e-02
   2.2888912e-02
   1.8233572e-01
   6.5952078e-02
   4.5612711e-02
   2.2864847e-02
   1.7494899e-01
   5.4176979e-02
   4.9086466e-02
   2.2650480e-02
   6.4759828e-02
   1.5571958e-02
   1.8648177e-02
   2.2305453e-02
   8.0154419e-02
   3.3837393e-02
   4.5533605e-02
   1.4990631e-02
   7.9134673e-02
   4.7018062e-02
   3.3062063e-02
   1.4405497e-02
   8.1439845e-02
   4.2537045e-02
   3.2310277e-02
   1.4089764e-02
   3.7877589e-02
   1.4065048e-02
   1.6176462e-02
   2.0624556e-02
   2.6749801e-02
   3.7537936e-02
   3.7026417e-02
   1.2108679e-02
   2.1268139e-02
   3.9456222e-02
   2.5908707e-02
   1.1127324e-02
   2.6860034e-02
   4.3737650e-02
   2.6363537e-02
   1.1337250e-02
   3.8304750e-02
   3.1987932e-02
   3.1395219e-02
   2.2688787e-02
   2.7549142e-02
   3.3553928e-02
   4.1970871e-02
   1.2542089e-02
   2.0724842e-02
   3.3933721e-02
   2.5436398e-02
   1.0985402e-02
   2.5422022e-02
   3.5885435e-02
   2.5575047e-02
   1.1570667e-02
   7.0900276e-02
   1.1371303e-01
   7.6013237e-02
   3.1360745e-02
   2.7409203e-02
   2.6291071e-02
   4.9698170e-02
   8.2465187e-03
   1.4385487e-02
   3.6417853e-02
   3.1508956e-02
   7.6424605e-03
   2.3517590e-02
   2.9559616e-02
   3.0586215e-02
   6.2588970e-03
   4.3864653e-02
   4.9847778e-02
   3.5565626e-02
   2.0528376e-02
   2.6554555e-02
   2.6194941e-02
   3.7657280e-02
   7.4609565e-03
   1.4471360e-02
   3.5959963e-02
   3.0435480e-02
   7.3855291e-03
   2.4760475e-02
   3.4124151e-02
   3.0578317e-02
   7.1696695e-03
   3.7605971e-02
   1.4980774e-02
   1.3817492e-02
   1.4946531e-02
   3.3123929e-02
   2.6152309e-02
   3.4006793e-02
   7.2689652e-03
   1.7014490e-02
   4.0493932e-02
   3.1973999e-02
   7.2488096e-03
   2.8664246e-02
   3.9589133e-02
   2.9719137e-02
   7.6270970e-03
   7.0103236e-02
   1.4397553e-02
   1.6949790e-02
   1.9209458e-02
   1.0533861e-01
   2.7012523e-02
   4.7049426e-02
   1.5770614e-02
   1.0205050e-01
   4.2879038e-02
   4.0808916e-02
   1.6608791e-02
   1.0025174e-01
   3.7326656e-02
   4.5136962e-02
   1.7049970e-02
   1.2011772e-01
   1.6988466e-02
   2.1502800e-02
   2.7772058e-02
   2.4277309e-01
   3.4311511e-02
   7.0185363e-02
   3.2205310e-02
   2.6777884e-01
   5.8173988e-02
   6.1658751e-02
   3.3409219e-02
   2.4461944e-01
   4.6970963e-02
   6.0712256e-02
   3.3844613e-02
   7.6079153e-02
   1.5216567e-02
   1.8270299e-02
   2.1304401e-02
   1.1465763e-01
   2.5714019e-02
   4.9161013e-02
   1.5272805e-02
   1.1501260e-01
   4.1319162e-02
   3.8553245e-02
   1.4993764e-02
   1.1582141e-01
   3.8999666e-02
   3.6477912e-02
   1.5006306e-02
   3.7410710e-02
   1.3198908e-02
   1.4416113e-02
   1.9696066e-02
   2.9766254e-02
   2.4580933e-02
   3.3722457e-02
   6.8613035e-03
   1.7958978e-02
   3.9864987e-02
   2.9170215e-02
   7.5637023e-03
   2.9927419e-02
   4.0158130e-02
   2.7269147e-02
   6.8482766e-03
   4.0063180e-02
   4.5966201e-02
   3.4158174e-02
   2.4013394e-02
   2.5388431e-02
   2.5108883e-02
   3.8317498e-02
   7.4464669e-03
   1.4685858e-02
   4.0951353e-02
   3.1295285e-02
   7.4595110e-03
   2.5166301e-02
   3.5581768e-02
   3.0408783e-02
   6.5548825e-03
   1.2663387e-01
   1.2626210e-01
   9.0149015e-02
   4.3360002e-02
   3.4465019e-02
   3.4000024e-02
   5.7555065e-02
   6.8815304e-03
   1.1416860e-02
   5.7651035e-02
   4.7971789e-02
   5.9084366e-03
   2.8294329e-02
   4.6952076e-02
   3.9093748e-02
   5.4111974e-03
   6.8818383e-02
   5.6974385e-02
   3.9493237e-02
   2.9536037e-02
   3.3355985e-02
   2.3502605e-02
   4.6053983e-02
   5.8527817e-03
   1.5113792e-02
   4.8904952e-02
   4.5011479e-02
   5.8721267e-03
   3.3002183e-02
   3.7259258e-02
   3.9740503e-02
   5.1522651e-03
   3.5222165e-02
   1.4873174e-02
   1.5587064e-02
   2.1010425e-02
   4.0553752e-02
   2.3539314e-02
   3.7269734e-02
   5.7970597e-03
   1.9847067e-02
   4.8236396e-02
   4.1168723e-02
   5.7217185e-03
   3.9554570e-02
   3.4521222e-02
   3.7614159e-02
   5.8915177e-03
   5.0011229e-02
   1.6077556e-02
   2.1435801e-02
   3.1861980e-02
   9.7705387e-02
   3.0189460e-02
   5.0890725e-02
   2.3325957e-02
   8.9730985e-02
   3.6917262e-02
   5.7006143e-02
   2.5166715e-02
   9.3320481e-02
   3.4826964e-02
   6.4692654e-02
   2.4393244e-02
   9.1096535e-02
   1.6756134e-02
   2.6084421e-02
   4.4504639e-02
   2.1556628e-01
   3.2869998e-02
   8.1385016e-02
   5.3308066e-02
   2.2891948e-01
   4.8018303e-02
   8.8895112e-02
   5.6455817e-02
   2.0319694e-01
   3.8847625e-02
   8.5857175e-02
   5.6770682e-02
   5.5604413e-02
   1.5775276e-02
   2.0269584e-02
   2.8691633e-02
   1.1152311e-01
   2.6196007e-02
   6.6709854e-02
   2.1123393e-02
   1.0001399e-01
   4.2829063e-02
   5.4488435e-02
   2.1488719e-02
   1.0359954e-01
   3.8820997e-02
   4.7336373e-02
   2.1890955e-02
   3.3291169e-02
   1.4768040e-02
   1.8855998e-02
   3.1663019e-02
   4.3848552e-02
   2.1878410e-02
   4.3421812e-02
   5.5874237e-03
   1.9279411e-02
   5.3798657e-02
   4.7342438e-02
   6.2550195e-03
   3.8810324e-02
   3.9752364e-02
   3.5446789e-02
   5.5611897e-03
   6.0904358e-02
   5.4713726e-02
   4.4350121e-02
   3.7769441e-02
   3.1655639e-02
   2.2446848e-02
   4.7472619e-02
   5.0517446e-03
   1.5803963e-02
   5.6575939e-02
   4.9072754e-02
   5.5416804e-03
   3.2267876e-02
   4.0957894e-02
   4.2558894e-02
   5.1265820e-03
   1.2601812e-01
   1.7948496e-01
   1.2131216e-01
   5.4611105e-02
   4.6026438e-02
   4.8959456e-02
   7.3442638e-02
   9.2719495e-03
   1.5768174e-02
   7.7656910e-02
   8.8742085e-02
   8.4277522e-03
   2.6047375e-02
   5.3863779e-02
   6.6464186e-02
   7.2181001e-03
   7.4515693e-02
   7.8930885e-02
   5.3267967e-02
   4.2743325e-02
   4.5228578e-02
   3.3526853e-02
   5.9176914e-02
   6.5442482e-03
   1.5378255e-02
   5.5658113e-02
   7.8993082e-02
   7.2441101e-03
   3.7819766e-02
   3.5041843e-02
   6.8402782e-02
   7.4961986e-03
   3.4386788e-02
   2.0027537e-02
   1.9150918e-02
   3.9806586e-02
   3.4325499e-02
   2.2619221e-02
   4.9690578e-02
   9.1156522e-03
   1.8166266e-02
   4.0804245e-02
   5.6786679e-02
   6.7243720e-03
   5.0068904e-02
   3.4432575e-02
   6.6418841e-02
   6.6445791e-03
   3.0103588e-02
   2.2392651e-02
   2.6713530e-02
   5.4236572e-02
   6.4104728e-02
   3.1834874e-02
   5.7532553e-02
   4.1308898e-02
   4.5021109e-02
   4.8090067e-02
   7.1466714e-02
   4.2664472e-02
   6.5261751e-02
   5.0972421e-02
   7.6736189e-02
   4.2274807e-02
   5.5210013e-02
   2.1123888e-02
   2.8065681e-02
   5.7111274e-02
   1.1986475e-01
   4.6084639e-02
   1.0229292e-01
   9.8670587e-02
   9.6170478e-02
   8.0673240e-02
   1.2184045e-01
   1.0242382e-01
   1.1813629e-01
   5.8322284e-02
   1.1835668e-01
   1.0378575e-01
   4.1855995e-02
   1.8467151e-02
   2.3464525e-02
   5.1089793e-02
   7.5070791e-02
   3.6252595e-02
   8.2186833e-02
   3.6994901e-02
   4.6582904e-02
   5.8566023e-02
   7.4152313e-02
   3.6347464e-02
   5.7966396e-02
   4.8999570e-02
   6.7724362e-02
   3.8886189e-02
   3.2657608e-02
   1.7690776e-02
   2.4872793e-02
   5.5950813e-02
   3.0697480e-02
   2.5072942e-02
   6.3068822e-02
   8.4709423e-03
   2.0186191e-02
   4.3243527e-02
   8.1857577e-02
   7.7632573e-03
   4.0488038e-02
   3.9623126e-02
   5.1493917e-02
   6.9659939e-03
   5.6348432e-02
   7.9263449e-02
   6.9253422e-02
   5.5018499e-02
   2.3100173e-02
   3.1469695e-02
   7.4273035e-02
   7.3026083e-03
   1.9711148e-02
   5.5433489e-02
   7.6356314e-02
   7.2498037e-03
   3.9048687e-02
   4.2246547e-02
   7.1826510e-02
   5.5439221e-03
