   4.6533912e-02
   4.3882459e-02
   3.9624806e-02
   4.9289569e-02
   1.2246603e-02
   3.0918408e-02
   4.1590232e-02
   1.2508687e-02
   5.3191319e-02
   7.0418559e-02
   6.5284364e-02
   6.4655222e-02
   1.9004021e-02
   5.8576781e-02
   4.6974126e-02
   1.9123059e-02
   2.7004048e-02
   2.2050949e-02
   2.0051084e-02
   2.5649741e-02
   1.0203910e-02
   1.7445760e-02
   2.6279321e-02
   8.1380522e-03
   2.8974451e-02
   3.5974987e-02
   3.8841914e-02
   3.1671926e-02
   1.9547772e-02
   4.1857731e-02
   4.0764775e-02
   1.6108569e-02
   1.7820429e-02
   1.0629836e-02
   1.1315500e-02
   1.4141350e-02
   9.4579067e-03
   9.6072638e-03
   1.8623946e-02
   6.3441428e-03
   1.4777289e-02
   1.7582113e-02
   2.3670711e-02
   1.2511660e-02
   1.9717136e-02
   3.4452535e-02
   3.5554938e-02
   1.4826735e-02
   1.7521255e-02
   1.1053072e-02
   1.5019828e-02
   1.4828421e-02
   9.5396172e-03
   1.2919738e-02
   3.5280094e-02
   7.4843797e-03
   1.5171318e-02
   1.6084243e-02
   3.2892656e-02
   1.5690586e-02
   1.8083207e-02
   3.6857888e-02
   5.3807769e-02
   2.8011924e-02
   2.0102082e-02
   1.1766141e-02
   1.6817585e-02
   1.4883392e-02
   1.6895743e-02
   1.7333517e-02
   4.3573204e-02
   7.6839668e-03
   1.9236552e-02
   2.2532899e-02
   3.7521251e-02
   1.5228793e-02
   3.0897059e-02
   5.6543440e-02
   6.4825907e-02
   2.9475158e-02
   2.5572253e-02
   1.0821516e-02
   1.3084337e-02
   1.5375522e-02
   4.4701841e-02
   1.2287940e-02
   2.2360764e-02
   8.0900928e-03
   3.2335415e-02
   2.4391921e-02
   2.4794241e-02
   1.2683781e-02
   3.8367841e-02
   4.9398564e-02
   4.1953404e-02
   1.8324228e-02
   2.1679142e-02
   1.0601165e-02
   1.1670979e-02
   1.5641944e-02
   2.5743544e-02
   8.3660074e-03
   1.9078579e-02
   6.9416333e-03
   2.1504398e-02
   1.6337100e-02
   2.3330562e-02
   1.2435322e-02
   1.7232368e-02
   3.0019278e-02
   3.7144251e-02
   1.8797545e-02
   2.6456587e-02
   2.1039775e-02
   2.0469459e-02
   2.6187425e-02
   9.9737458e-03
   1.5701689e-02
   2.6187070e-02
   8.4975176e-03
   2.7054552e-02
   3.2939952e-02
   3.6425598e-02
   2.8179305e-02
   1.6037380e-02
   3.9440595e-02
   3.9547477e-02
   1.7931895e-02
   5.9762422e-02
   6.3090459e-02
   5.2409012e-02
   6.2663317e-02
   1.1546866e-02
   3.3446942e-02
   3.7527155e-02
   1.4701465e-02
   7.4833363e-02
   9.9688686e-02
   7.9059996e-02
   9.0952151e-02
   1.0564616e-02
   4.5609262e-02
   3.7254371e-02
   1.1654753e-02
   2.8230257e-02
   2.8070908e-02
   2.2831736e-02
   2.7201207e-02
   6.9327918e-03
   1.6449699e-02
   2.3396920e-02
   7.6385746e-03
   3.6427531e-02
   4.3935452e-02
   4.2587064e-02
   4.0511098e-02
   9.7304536e-03
   3.2105830e-02
   3.4482468e-02
   9.2380224e-03
   1.2702641e-02
   8.3991205e-03
   9.2883669e-03
   9.6068848e-03
   5.9477999e-03
   7.6231654e-03
   1.5915830e-02
   4.5948289e-03
   1.2237286e-02
   1.2120890e-02
   2.0393986e-02
   9.5638670e-03
   1.1339221e-02
   2.5011372e-02
   2.9900556e-02
   1.1024418e-02
   1.2602446e-02
   8.4717814e-03
   1.5404720e-02
   9.8752212e-03
   6.9443188e-03
   1.4992331e-02
   4.9755897e-02
   6.1355191e-03
   1.2112889e-02
   1.2509300e-02
   3.9207902e-02
   1.4012314e-02
   1.4945194e-02
   3.1752709e-02
   5.8287341e-02
   3.3468641e-02
   1.6224168e-02
   9.3163960e-03
   1.9511335e-02
   9.8222680e-03
   2.4102120e-02
   2.2888333e-02
   6.4640708e-02
   7.5422055e-03
   1.9929133e-02
   2.2132181e-02
   5.0815541e-02
   1.4016329e-02
   3.8617142e-02
   6.7013107e-02
   7.8697741e-02
   3.3608895e-02
   2.4868339e-02
   8.4925275e-03
   1.1836195e-02
   9.5964652e-03
   7.2907947e-02
   1.3293855e-02
   2.2012215e-02
   8.5605141e-03
   3.7098657e-02
   2.4955219e-02
   2.3664327e-02
   9.4687110e-03
   4.5933712e-02
   5.7985693e-02
   3.8661841e-02
   1.2821762e-02
   1.9304631e-02
   8.0487272e-03
   1.0685369e-02
   9.8930458e-03
   3.9274681e-02
   7.8963051e-03
   1.4506311e-02
   6.0843648e-03
   2.2618370e-02
   1.4190015e-02
   2.0438654e-02
   9.7466726e-03
   1.5841166e-02
   2.7584530e-02
   3.0753301e-02
   1.0264681e-02
   2.9009392e-02
   2.6193833e-02
   2.4214536e-02
   2.8583864e-02
   8.5017653e-03
   1.6187735e-02
   2.2478594e-02
   8.9216614e-03
   3.2707565e-02
   3.9932169e-02
   3.7945721e-02
   3.4520723e-02
   1.0093126e-02
   3.2276325e-02
   2.9800046e-02
   9.7394884e-03
   9.0167254e-02
   1.0147972e-01
   8.4112689e-02
   1.0480444e-01
   2.2499129e-02
   6.0708307e-02
   4.4000987e-02
   2.5426136e-02
   1.2356506e-01
   1.6805266e-01
   1.2676397e-01
   1.5800618e-01
   1.0045120e-02
   4.6968326e-02
   3.0793253e-02
   1.1722126e-02
   4.0197752e-02
   4.3591172e-02
   3.4846235e-02
   4.1414946e-02
   1.1515913e-02
   2.9447854e-02
   2.4680225e-02
   1.2529349e-02
   5.8710042e-02
   7.2400980e-02
   6.5418512e-02
   6.8424605e-02
   9.3049249e-03
   2.9891528e-02
   3.0333690e-02
   8.1955185e-03
   1.5063468e-02
   1.0508684e-02
   1.2875305e-02
   6.9987075e-03
   6.7419475e-03
   1.2392825e-02
   2.1556325e-02
   6.2520290e-03
   1.7383927e-02
   1.4268341e-02
   2.7208818e-02
   1.0531306e-02
   1.3385469e-02
   3.1887010e-02
   3.2337356e-02
   1.1192968e-02
   1.4596968e-02
   1.1913843e-02
   2.8014615e-02
   6.9673434e-03
   8.3632264e-03
   3.1712350e-02
   9.2283465e-02
   8.0217905e-03
   1.8412510e-02
   1.5970908e-02
   5.7322592e-02
   1.7575772e-02
   1.9148370e-02
   3.4334216e-02
   7.8792021e-02
   4.2426847e-02
   1.9501111e-02
   1.2521399e-02
   3.5911586e-02
   8.2320496e-03
   3.5968099e-02
   4.6593558e-02
   1.2123626e-01
   1.0309076e-02
   3.0908346e-02
   3.2609928e-02
   7.5390920e-02
   1.6296513e-02
   6.0330506e-02
   7.7850193e-02
   1.1144792e-01
   4.4507992e-02
   3.1382270e-02
   9.4152307e-03
   1.8161114e-02
   7.9055252e-03
   1.0993756e-01
   2.3892593e-02
   3.5484057e-02
   1.1501621e-02
   5.9184730e-02
   3.6173917e-02
   3.1322543e-02
   8.9808442e-03
   6.8701550e-02
   6.7775689e-02
   4.4140313e-02
   1.2512891e-02
   2.3719955e-02
   8.9587653e-03
   1.4008306e-02
   7.8398464e-03
   6.1877348e-02
   1.1335195e-02
   1.4949056e-02
   8.5589150e-03
   3.3495788e-02
   2.0307153e-02
   2.4029858e-02
   9.9438298e-03
   2.1008905e-02
   3.6082637e-02
   2.4506899e-02
   7.9362765e-03
   4.0584464e-02
   4.0960573e-02
   3.4986407e-02
   4.1973006e-02
   1.4340203e-02
   2.4923533e-02
   2.3616601e-02
   1.4555203e-02
   5.2922651e-02
   6.4036839e-02
   5.2338243e-02
   5.7600766e-02
   9.8071275e-03
   3.1104017e-02
   2.5365077e-02
   8.6796628e-03
   1.5754557e-01
   1.6714324e-01
   1.4798535e-01
   1.7819744e-01
   6.0874823e-02
   1.2080345e-01
   8.3297588e-02
   7.3903777e-02
   2.1755056e-01
   2.8159598e-01
   2.1009849e-01
   2.6909685e-01
   1.0915413e-02
   7.9116680e-02
   3.4106866e-02
   1.7455826e-02
   6.2579468e-02
   7.0720047e-02
   5.7359166e-02
   7.0645422e-02
   2.6219808e-02
   5.6807823e-02
   4.2767644e-02
   3.7018612e-02
   9.9355645e-02
   1.2023704e-01
   9.2982762e-02
   1.1744612e-01
   1.2707967e-02
   4.3059759e-02
   2.9019741e-02
   1.0122268e-02
   1.6766669e-02
   1.3613014e-02
   2.0566758e-02
   8.2598282e-03
   1.1544821e-02
   2.4657534e-02
   3.2528624e-02
   1.1401266e-02
   3.0055679e-02
   1.6191244e-02
   4.5457885e-02
   1.4279752e-02
   1.8729819e-02
   2.2449689e-02
   3.7926819e-02
   1.6665885e-02
   1.9671548e-02
   1.9808590e-02
   4.6098329e-02
   6.8289894e-03
   1.4002454e-02
   5.3732909e-02
   1.4781877e-01
   1.4752582e-02
   3.1824347e-02
   2.1590365e-02
   1.0894520e-01
   2.5750183e-02
   2.6203308e-02
   3.3580292e-02
   1.2936415e-01
   7.1650088e-02
   3.2523405e-02
   2.0362353e-02
   5.7864774e-02
   8.3755925e-03
   6.1657995e-02
   7.1057513e-02
   1.9576499e-01
   2.0817326e-02
   4.6408355e-02
   5.1086634e-02
   1.4509468e-01
   2.3405686e-02
   9.8596901e-02
   1.0328668e-01
   1.9809604e-01
   8.2856633e-02
   4.7125772e-02
   1.5944941e-02
   3.2019131e-02
   1.1364379e-02
   1.8492188e-01
   3.5219885e-02
   5.5871569e-02
   2.1553919e-02
   8.0428466e-02
   5.5029590e-02
   5.0265308e-02
   1.1141085e-02
   1.0001273e-01
   9.1907732e-02
   6.5188169e-02
   2.0618271e-02
   3.5656542e-02
   1.2736297e-02
   1.7843233e-02
   1.1037493e-02
   1.0728995e-01
   2.2353614e-02
   2.0156182e-02
   1.8052116e-02
   4.4578679e-02
   2.7018718e-02
   3.1039340e-02
   1.3932792e-02
   2.9754994e-02
   3.2456726e-02
   2.5554027e-02
   9.8334551e-03
   6.0671948e-02
   6.7336798e-02
   5.7414435e-02
   7.1197793e-02
   3.5047270e-02
   5.2761469e-02
   3.5949975e-02
   3.9384019e-02
   9.5807269e-02
   1.0342994e-01
   7.5757556e-02
   9.8747402e-02
   1.2573666e-02
   4.1952517e-02
   2.5587685e-02
   1.3112219e-02
