   1.5400672e-02
   2.2542158e-02
   7.6193005e-02
   5.2572511e-02
   1.1889859e-02
   2.4616586e-02
   4.3238979e-02
   5.0003346e-02
   1.1631136e-02
   2.3269968e-02
   2.9243605e-02
   4.6051994e-02
   1.4970505e-02
   1.1236128e-02
   1.9652655e-02
   4.7053944e-02
   2.2888109e-02
   2.2588478e-02
   7.4849084e-02
   5.4674402e-02
   1.1778020e-02
   2.0430021e-02
   2.6265156e-02
   4.5896471e-02
   1.1529680e-02
   1.5733423e-02
   2.1053577e-02
   5.0798401e-02
   1.4605756e-02
   9.3701622e-03
   1.7263664e-02
   4.7855664e-02
   3.2114450e-02
   2.3733994e-02
   5.6242567e-02
   4.8095565e-02
   1.2379023e-02
   2.0799642e-02
   2.0604528e-02
   4.7721051e-02
   1.1246426e-02
   1.3285602e-02
   2.2609519e-02
   4.9345277e-02
   1.4563104e-02
   8.8343872e-03
   1.9101821e-02
   5.5752460e-02
   1.8089768e-02
   3.2505564e-02
   5.0997898e-02
   4.3917861e-02
   1.2092194e-02
   2.7226582e-02
   2.8980998e-02
   4.8110604e-02
   1.1490037e-02
   1.7653726e-02
   3.0727383e-02
   4.9237810e-02
   1.7565623e-02
   8.8297818e-03
   2.6970737e-02
   6.2655754e-02
   1.5224720e-02
   3.2229282e-02
   7.1151756e-02
   4.8173957e-02
   1.1885129e-02
   4.3103222e-02
   4.3886036e-02
   5.1777013e-02
   1.1786081e-02
   2.8564848e-02
   3.5709791e-02
   5.5292122e-02
   2.3311211e-02
   9.3790153e-03
   2.9865561e-02
   6.5853342e-02
   1.4606584e-02
   1.9216834e-02
   7.3080823e-02
   5.3722776e-02
   1.2257857e-02
   2.4791174e-02
   3.0058425e-02
   4.6041261e-02
   1.1376414e-02
   1.8012486e-02
   2.1364216e-02
   4.8996624e-02
   1.9471545e-02
   9.1112796e-03
   1.8807327e-02
   5.2377515e-02
   1.4793021e-02
   1.5143919e-02
   5.5630665e-02
   6.5158561e-02
   1.2551971e-02
   1.8685170e-02
   2.2783631e-02
   4.3873083e-02
   1.1067665e-02
   1.5051099e-02
   1.6335791e-02
   4.7770467e-02
   1.9155202e-02
   9.0016108e-03
   1.5986048e-02
   4.6485040e-02
   1.4799044e-02
   1.7309811e-02
   5.6392357e-02
   5.2324131e-02
   1.1844416e-02
   1.9116240e-02
   3.1052886e-02
   5.1178690e-02
   1.1328806e-02
   1.6545460e-02
   2.1138541e-02
   4.6285667e-02
   1.5008629e-02
   9.5255813e-03
   1.7130084e-02
   4.7102854e-02
   9.0280026e-03
   2.8025644e-02
   9.3712255e-02
   5.4464053e-02
   7.0931530e-03
   3.4010168e-02
   5.6175116e-02
   3.1380165e-02
   6.5010167e-03
   3.1793367e-02
   3.7178345e-02
   2.6498910e-02
   1.0273156e-02
   1.1637297e-02
   1.8084856e-02
   2.9832322e-02
   1.4764127e-02
   2.6578866e-02
   8.4240928e-02
   5.1799551e-02
   6.8229213e-03
   2.6143996e-02
   3.1591203e-02
   2.5334917e-02
   7.1601747e-03
   2.0037817e-02
   2.3169568e-02
   3.1904187e-02
   9.2972517e-03
   7.6145055e-03
   1.3722056e-02
   3.0411316e-02
   2.2976672e-02
   3.2343391e-02
   6.7955106e-02
   4.4839814e-02
   6.8994174e-03
   2.2277618e-02
   2.0783629e-02
   2.4738539e-02
   6.9303336e-03
   1.3453812e-02
   2.5753714e-02
   3.1334806e-02
   9.4333719e-03
   6.1185542e-03
   1.5580744e-02
   3.9664198e-02
   1.2134723e-02
   4.5235533e-02
   6.0210127e-02
   3.9129909e-02
   7.0738029e-03
   3.3346739e-02
   3.3726133e-02
   2.6149146e-02
   6.7200717e-03
   2.0620745e-02
   3.9427813e-02
   3.1183422e-02
   1.3358775e-02
   6.3354881e-03
   3.1159900e-02
   4.9393523e-02
   9.8956395e-03
   3.8322959e-02
   7.9649724e-02
   4.1418783e-02
   7.5736563e-03
   5.8292739e-02
   5.6523412e-02
   3.1852283e-02
   7.5135278e-03
   3.6814015e-02
   4.5685828e-02
   3.7988547e-02
   1.8966354e-02
   7.1635507e-03
   3.8831912e-02
   5.1325791e-02
   9.5603922e-03
   2.0300424e-02
   7.5486399e-02
   4.4750698e-02
   7.5590070e-03
   2.8141603e-02
   3.5615310e-02
   2.7191786e-02
   6.6115381e-03
   2.0738527e-02
   2.3543363e-02
   2.9725157e-02
   1.5877903e-02
   6.9365795e-03
   1.6146010e-02
   3.3171169e-02
   9.2194974e-03
   1.5847547e-02
   5.5442367e-02
   5.4032121e-02
   7.0986780e-03
   1.8676259e-02
   2.1792321e-02
   2.6921399e-02
   5.9792320e-03
   1.5070756e-02
   1.6184110e-02
   2.9245993e-02
   1.4797269e-02
   7.1730330e-03
   1.0692719e-02
   2.8401222e-02
   8.7416396e-03
   2.0413695e-02
   6.2536478e-02
   4.6549018e-02
   6.4624939e-03
   2.5806140e-02
   3.6185890e-02
   3.2126162e-02
   5.9539136e-03
   2.2033047e-02
   2.4408188e-02
   2.5412219e-02
   9.5167514e-03
   8.4597915e-03
   1.4266353e-02
   2.9397637e-02
   7.4784444e-03
   2.9083734e-02
   1.0100954e-01
   5.5799916e-02
   4.3899058e-03
   5.3469691e-02
   8.2254775e-02
   2.6167022e-02
   4.4359998e-03
   4.5573875e-02
   5.6442078e-02
   1.8070094e-02
   8.5306065e-03
   1.4476261e-02
   1.6492115e-02
   1.8733449e-02
   2.1693286e-02
   3.1959582e-02
   7.4791096e-02
   5.0638232e-02
   4.5451564e-03
   3.3789538e-02
   4.4326093e-02
   1.7621696e-02
   4.5799832e-03
   2.8349968e-02
   3.0870888e-02
   2.1359114e-02
   7.2209360e-03
   8.3656982e-03
   1.2950659e-02
   2.1070058e-02
   3.6480818e-02
   4.6444710e-02
   8.4900506e-02
   4.8466135e-02
   4.0539289e-03
   2.7245458e-02
   3.1713605e-02
   1.5134560e-02
   4.1327788e-03
   1.7598700e-02
   3.3046946e-02
   2.2064580e-02
   8.8770958e-03
   6.5799858e-03
   1.5410590e-02
   3.5296001e-02
   1.4135138e-02
   7.4441694e-02
   7.3585130e-02
   4.8780240e-02
   5.0985720e-03
   4.6036448e-02
   4.2701066e-02
   1.8321021e-02
   5.1077739e-03
   3.0307496e-02
   5.0713331e-02
   2.4781896e-02
   1.2861641e-02
   6.2419008e-03
   4.4507168e-02
   5.1230367e-02
   7.8743575e-03
   6.0998585e-02
   9.4986878e-02
   4.4266712e-02
   6.7149559e-03
   8.1121914e-02
   7.4447528e-02
   2.5335813e-02
   6.3948715e-03
   5.4170735e-02
   5.9897441e-02
   3.6657933e-02
   1.9366059e-02
   6.5342155e-03
   6.1249483e-02
   5.8096509e-02
   7.5337873e-03
   2.8878905e-02
   8.0367014e-02
   4.2091519e-02
   4.9252547e-03
   3.7237562e-02
   4.3213595e-02
   1.9795915e-02
   4.3916525e-03
   3.0528495e-02
   2.7200190e-02
   2.4723852e-02
   1.5897278e-02
   6.2607056e-03
   2.0597128e-02
   3.1917848e-02
   7.0385248e-03
   1.8932575e-02
   6.9910437e-02
   5.0024591e-02
   4.4866167e-03
   1.9553130e-02
   2.8496239e-02
   1.4582834e-02
   4.0794117e-03
   2.0951277e-02
   1.8303720e-02
   1.7018197e-02
   1.4885961e-02
   6.2111663e-03
   9.3848631e-03
   2.2708649e-02
   5.9880684e-03
   1.9774565e-02
   7.1469069e-02
   4.8305862e-02
   4.1837138e-03
   3.7066028e-02
   5.3852450e-02
   2.5392240e-02
   4.7978419e-03
   3.1458549e-02
   3.2494016e-02
   1.3923987e-02
   9.3989233e-03
   8.9202132e-03
   1.2837819e-02
   1.9726356e-02
   8.6593954e-03
   3.3060215e-02
   9.5683068e-02
   5.6471098e-02
   3.9015908e-03
   5.6389432e-02
   5.6151696e-02
   2.5167394e-02
   3.6880390e-03
   5.9264939e-02
   5.3409979e-02
   2.1001911e-02
   9.6366648e-03
   2.3118850e-02
   2.2546628e-02
   1.5845628e-02
   3.0617313e-02
   4.3302219e-02
   7.1578436e-02
   5.4296799e-02
   3.0078746e-03
   4.0907741e-02
   4.4680707e-02
   1.4194687e-02
   3.7797610e-03
   4.2188082e-02
   4.3127373e-02
   2.4209408e-02
   8.8067250e-03
   1.3361317e-02
   1.8453665e-02
   1.7316995e-02
   5.1800631e-02
   6.3219361e-02
   7.7125110e-02
   5.0206661e-02
   3.1719501e-03
   3.7669800e-02
   3.6679186e-02
   9.9702412e-03
   3.5293861e-03
   2.3752028e-02
   5.1421102e-02
   2.4555836e-02
   8.0566667e-03
   1.0438766e-02
   2.1448210e-02
   3.4962840e-02
   2.0261297e-02
   1.0704567e-01
   8.3630420e-02
   6.0347348e-02
   5.4614665e-03
   6.1908454e-02
   6.1003674e-02
   2.3387173e-02
   5.2650520e-03
   4.5168381e-02
   8.0639176e-02
   2.5761710e-02
   1.6650764e-02
   8.9487573e-03
   6.8333685e-02
   6.0150571e-02
   1.1348484e-02
   8.7544762e-02
   1.1697147e-01
   5.8807787e-02
   1.0191765e-02
   1.0020157e-01
   9.7881295e-02
   2.6491098e-02
   1.0120250e-02
   7.1030833e-02
   9.6996173e-02
   2.9356467e-02
   2.8134134e-02
   7.6644723e-03
   1.0349000e-01
   7.7755608e-02
   8.4686242e-03
   4.1484430e-02
   9.2551731e-02
   4.6851527e-02
   4.1870703e-03
   4.9085259e-02
   5.5623900e-02
   1.8166514e-02
   5.7672332e-03
   4.7173087e-02
   3.7173975e-02
   2.2241803e-02
   2.2195151e-02
   5.3548892e-03
   3.3177216e-02
   2.6543820e-02
   8.7978793e-03
   2.9093342e-02
   4.9576737e-02
   3.8457204e-02
   3.4409226e-03
   2.2810152e-02
   3.8998246e-02
   1.4099807e-02
   3.4099158e-03
   3.5167225e-02
   2.2381688e-02
   1.5607674e-02
   2.0972217e-02
   6.8999133e-03
   1.2873022e-02
   1.6410531e-02
   6.9864378e-03
   2.1095384e-02
   5.9851620e-02
   3.9908461e-02
   3.7155580e-03
   4.8536085e-02
   5.1706694e-02
   2.3696648e-02
   3.3724071e-03
   3.8189854e-02
   3.6269613e-02
   1.3289542e-02
   1.2276445e-02
   1.4201047e-02
   1.7474981e-02
   1.6144205e-02
