   3.3851154e-02
   8.5205987e-02
   4.6591658e-02
   6.3567800e-03
   3.4288116e-02
   4.2088866e-02
   2.8191268e-02
   6.4055095e-03
   3.7791781e-02
   4.8516545e-02
   3.1198831e-02
   7.8868857e-03
   4.0922444e-02
   3.1130644e-02
   4.5518279e-02
   1.1385168e-02
   3.1733502e-02
   4.6320852e-02
   2.6735885e-02
   6.2437844e-03
   3.3148982e-02
   4.0252373e-02
   2.3917818e-02
   6.6845450e-03
   3.7145291e-02
   4.9741901e-02
   2.9864060e-02
   8.1270579e-03
   4.1872680e-02
   3.2177892e-02
   4.3791603e-02
   1.1679719e-02
   3.3222545e-02
   2.6541553e-02
   1.5172663e-02
   6.2120752e-03
   3.1268977e-02
   3.6836494e-02
   2.2751017e-02
   7.0444997e-03
   3.4659803e-02
   5.0580293e-02
   3.0697772e-02
   8.2710795e-03
   4.2743742e-02
   3.4400985e-02
   4.5723401e-02
   1.1644370e-02
   3.8559768e-02
   3.0516354e-02
   2.5776407e-02
   6.9852597e-03
   3.3315189e-02
   3.9045487e-02
   3.5270866e-02
   7.5844000e-03
   3.3791471e-02
   5.2082174e-02
   4.4059996e-02
   1.1495749e-02
   4.1290823e-02
   3.9116319e-02
   4.8792724e-02
   1.9023508e-02
   5.0289012e-02
   5.8030337e-02
   4.0269565e-02
   9.0807984e-03
   7.1518615e-02
   9.4590068e-02
   4.2127639e-02
   9.1978060e-03
   9.9564269e-02
   8.2400702e-02
   5.1790792e-02
   1.2119241e-02
   1.2307812e-01
   4.6670750e-02
   5.5316277e-02
   1.8223854e-02
   1.0785365e-01
   7.7747539e-02
   2.5436368e-02
   8.1259077e-03
   1.4942311e-01
   1.1056553e-01
   2.8341059e-02
   8.4241685e-03
   1.6490497e-01
   7.7084213e-02
   3.3588167e-02
   8.7173730e-03
   1.6825859e-01
   3.7759054e-02
   4.7729604e-02
   1.1898014e-02
   9.0163797e-02
   3.6568660e-02
   1.7095467e-02
   6.4351661e-03
   7.7712208e-02
   4.1331280e-02
   2.4380652e-02
   6.8353238e-03
   6.3879177e-02
   5.2529432e-02
   3.0400896e-02
   8.3811404e-03
   5.7538629e-02
   3.1532019e-02
   4.4204969e-02
   1.2192600e-02
   4.0100247e-02
   4.4399031e-02
   2.6635315e-02
   6.1682393e-03
   3.4535166e-02
   3.6144610e-02
   2.4721866e-02
   6.3175550e-03
   3.5314485e-02
   5.5592958e-02
   2.9524840e-02
   8.0902092e-03
   3.8132034e-02
   3.2016572e-02
   4.4680756e-02
   1.1463358e-02
   4.2244930e-02
   1.1097158e-01
   5.4437712e-02
   4.8057465e-03
   3.9194737e-02
   3.5289615e-02
   2.3784351e-02
   3.9180908e-03
   3.2952730e-02
   6.3806392e-02
   3.5916463e-02
   5.8013904e-03
   3.1562399e-02
   3.3200011e-02
   4.6507169e-02
   6.8096668e-03
   3.8635343e-02
   6.0631618e-02
   2.9414291e-02
   4.0850104e-03
   3.5279132e-02
   3.4956474e-02
   2.0424722e-02
   3.9101173e-03
   3.0336268e-02
   5.4148126e-02
   3.5084803e-02
   5.4258066e-03
   2.7909931e-02
   2.8225970e-02
   4.4039745e-02
   6.5473951e-03
   4.2709999e-02
   2.7698221e-02
   1.9588003e-02
   4.2296252e-03
   3.6267541e-02
   3.4803160e-02
   2.2993429e-02
   4.4508702e-03
   3.1242717e-02
   4.9497936e-02
   3.3886604e-02
   6.3189566e-03
   3.0068608e-02
   2.9373309e-02
   3.8092446e-02
   9.0009728e-03
   5.0063841e-02
   3.5386607e-02
   3.3018533e-02
   5.2316757e-03
   4.3792553e-02
   3.9938424e-02
   4.5921378e-02
   6.2667415e-03
   4.2851310e-02
   4.7278851e-02
   5.6375269e-02
   1.2790569e-02
   4.6397544e-02
   3.9086659e-02
   4.6253942e-02
   2.6464544e-02
   7.7911198e-02
   5.4629344e-02
   5.2328836e-02
   8.2203671e-03
   1.0445261e-01
   7.0629664e-02
   5.6015294e-02
   8.1959432e-03
   1.3821378e-01
   6.8366699e-02
   6.9919750e-02
   1.3372943e-02
   1.5959416e-01
   4.7114898e-02
   5.7176273e-02
   2.5330551e-02
   1.7388770e-01
   6.7501478e-02
   3.0325038e-02
   6.6319383e-03
   2.3901926e-01
   7.3052704e-02
   2.8872678e-02
   6.2877252e-03
   2.3715091e-01
   6.9008552e-02
   3.6707684e-02
   6.7194542e-03
   2.2931333e-01
   3.6362652e-02
   4.3245416e-02
   9.0295384e-03
   1.4027505e-01
   3.9912377e-02
   1.8375747e-02
   4.2334250e-03
   1.2966810e-01
   3.6115244e-02
   2.1113684e-02
   4.3931501e-03
   9.7472407e-02
   5.5328775e-02
   2.9264018e-02
   5.3069200e-03
   7.9887368e-02
   2.6426097e-02
   3.8783446e-02
   7.2675752e-03
   5.5844422e-02
   5.7090659e-02
   3.0108718e-02
   3.9673327e-03
   4.5715667e-02
   3.2030907e-02
   2.0668875e-02
   4.0494800e-03
   4.0543370e-02
   6.1482053e-02
   3.2184098e-02
   5.3372020e-03
   3.4370888e-02
   2.5591176e-02
   3.7300829e-02
   6.3190754e-03
   7.1781054e-02
   1.6990303e-01
   8.4703103e-02
   5.5347998e-03
   5.6002833e-02
   4.0612202e-02
   2.5369082e-02
   3.5736295e-03
   4.6192612e-02
   7.7770747e-02
   4.8110645e-02
   6.0102139e-03
   4.1546874e-02
   3.6390282e-02
   5.1737417e-02
   4.4819880e-03
   6.0375225e-02
   9.0451270e-02
   4.4632412e-02
   3.9892616e-03
   4.8749473e-02
   3.6934000e-02
   2.6423881e-02
   3.1154247e-03
   4.9574256e-02
   5.4671511e-02
   4.7629867e-02
   5.1260027e-03
   3.7898775e-02
   2.7951794e-02
   4.6160895e-02
   4.2126714e-03
   6.9679514e-02
   3.4544434e-02
   2.6059853e-02
   3.1805923e-03
   5.5256899e-02
   3.6363728e-02
   3.1474102e-02
   3.2256392e-03
   4.6652958e-02
   4.5423985e-02
   4.9509920e-02
   6.2714559e-03
   3.5854526e-02
   3.5348829e-02
   4.7067277e-02
   1.0144606e-02
   7.8136981e-02
   4.7893301e-02
   4.4294890e-02
   4.8110797e-03
   6.5631904e-02
   4.2995792e-02
   6.9710411e-02
   6.0594208e-03
   6.2100723e-02
   4.8809338e-02
   8.3477691e-02
   1.8890284e-02
   5.9310183e-02
   5.2834421e-02
   5.5361908e-02
   4.2536899e-02
   9.8218352e-02
   5.7647131e-02
   7.3875159e-02
   1.1075633e-02
   9.6508309e-02
   7.5243607e-02
   8.5746944e-02
   9.7213294e-03
   1.0258651e-01
   8.0928840e-02
   1.0208045e-01
   1.9735290e-02
   1.1025787e-01
   6.5648220e-02
   6.6569529e-02
   4.1387141e-02
   2.4607033e-01
   3.2185771e-02
   4.1126452e-02
   7.1744188e-03
   2.4160586e-01
   6.4613089e-02
   3.8124148e-02
   5.6662410e-03
   1.9939065e-01
   8.6673833e-02
   4.9250554e-02
   7.0993509e-03
   1.6076833e-01
   5.1836766e-02
   4.6079755e-02
   1.0127916e-02
   2.1927470e-01
   2.4798743e-02
   1.8830298e-02
   3.3259967e-03
   1.5887699e-01
   3.7351109e-02
   2.4310607e-02
   2.9538819e-03
   1.0712032e-01
   5.7167627e-02
   4.0671628e-02
   4.7647706e-03
   7.3543631e-02
   2.9823113e-02
   4.0311977e-02
   5.4403343e-03
   9.0823598e-02
   7.2929822e-02
   4.0562801e-02
   3.6802455e-03
   6.8304941e-02
   3.5958488e-02
   2.1343207e-02
   3.1261039e-03
   5.7643566e-02
   6.3167401e-02
   4.5322310e-02
   5.0450903e-03
   4.4776820e-02
   2.7993543e-02
   4.4331346e-02
   5.0184922e-03
   8.1671007e-02
   1.0885520e-01
   6.0658943e-02
   6.9596632e-03
   6.3130304e-02
   3.8093597e-02
   4.1475866e-02
   4.3093413e-03
   5.8541972e-02
   6.1666425e-02
   7.4720308e-02
   4.7293156e-03
   5.5406991e-02
   4.5798119e-02
   7.7387571e-02
   4.1349027e-03
   8.0900095e-02
   6.7568474e-02
   3.8642183e-02
   5.5810246e-03
   6.8562254e-02
   4.0330920e-02
   4.3868352e-02
   3.9721495e-03
   5.7426542e-02
   3.8291045e-02
   7.0362471e-02
   4.2997287e-03
   4.0707864e-02
   3.5941340e-02
   7.4906752e-02
   4.0706922e-03
   8.7363862e-02
   3.7399333e-02
   3.1820878e-02
   4.1989665e-03
   5.2630667e-02
   3.8875904e-02
   5.4238796e-02
   4.4167750e-03
   4.2308405e-02
   3.0835234e-02
   7.1755268e-02
   7.7027800e-03
   4.6598192e-02
   3.7177499e-02
   6.0612410e-02
   1.5822796e-02
   9.1671593e-02
   7.2786428e-02
   6.9606759e-02
   8.4147770e-03
   7.1241520e-02
   5.7720806e-02
   1.1545977e-01
   9.5672440e-03
   6.5445058e-02
   5.7374891e-02
   1.1175895e-01
   3.3751283e-02
   6.9834307e-02
   7.0051983e-02
   7.2592407e-02
   6.9986753e-02
   7.3929161e-02
   8.4063329e-02
   1.1474275e-01
   2.0491477e-02
   5.0199885e-02
   1.0483111e-01
   1.1055986e-01
   1.5219312e-02
   4.8946284e-02
   1.1426791e-01
   1.4147748e-01
   3.5026930e-02
   7.7947415e-02
   1.0139260e-01
   1.0995103e-01
   7.3346280e-02
   1.5079810e-01
   4.2409461e-02
   5.4409001e-02
   9.4205439e-03
   1.0297096e-01
   9.8572448e-02
   5.9251625e-02
   7.1052378e-03
   6.6505790e-02
   1.1360724e-01
   5.5051308e-02
   9.3639093e-03
   7.8318357e-02
   7.2965555e-02
   6.1110433e-02
   1.6141366e-02
   1.7024198e-01
   2.5907297e-02
   2.0198809e-02
   3.4401519e-03
   9.9274106e-02
   4.3647397e-02
   3.6549237e-02
   2.6856749e-03
   6.7738511e-02
   4.2234994e-02
   5.2148547e-02
   5.4342253e-03
   6.6673808e-02
   4.5593198e-02
   3.8147349e-02
   5.8927964e-03
   9.4028167e-02
   5.6112297e-02
   2.9954581e-02
   4.3085497e-03
   6.3754894e-02
   3.5035115e-02
   2.4882918e-02
   2.7664383e-03
   5.6752916e-02
   3.9946102e-02
   6.1291549e-02
   4.4172816e-03
   5.4919492e-02
   3.5707280e-02
   4.8400134e-02
   4.9637421e-03
