   2.7538916e-02
   4.6786297e-02
   5.2220650e-02
   5.7686795e-02
   3.5424616e-02
   5.1298629e-02
   4.6966564e-02
   2.8849656e-02
   1.1717412e-02
   8.6918157e-03
   9.8379459e-03
   3.2060120e-02
   1.9673448e-02
   1.6126567e-02
   1.2160598e-02
   4.0838316e-02
   1.5708953e-02
   2.2587560e-02
   2.8896542e-02
   3.6146495e-02
   2.6327107e-02
   3.3400591e-02
   2.4267841e-02
   2.6112432e-02
   1.1465224e-02
   8.2807457e-03
   9.9942796e-03
   3.3419851e-02
   1.9327581e-02
   1.5617391e-02
   1.2028311e-02
   4.2210419e-02
   1.0216446e-02
   1.1683797e-02
   1.8170662e-02
   3.1035028e-02
   2.8264141e-02
   3.2554254e-02
   1.2454956e-02
   5.5045687e-02
   1.1253724e-02
   8.8588875e-03
   1.0435631e-02
   3.2763425e-02
   1.9786689e-02
   1.5218808e-02
   1.1995144e-02
   4.2009622e-02
   1.0791743e-02
   1.1214485e-02
   2.0535069e-02
   3.0254358e-02
   2.4599276e-02
   3.6286786e-02
   1.5880052e-02
   1.0466243e-01
   1.1320302e-02
   8.5768588e-03
   1.9420952e-02
   3.2210093e-02
   1.9844752e-02
   1.4714003e-02
   1.7384913e-02
   4.4319171e-02
   1.4307438e-02
   1.4883842e-02
   2.4445547e-02
   2.8368067e-02
   2.8968960e-02
   5.1923022e-02
   1.7360937e-02
   5.1383153e-02
   1.1822314e-02
   8.6187832e-03
   2.3245517e-02
   3.2785442e-02
   1.9820701e-02
   1.5268454e-02
   1.9218242e-02
   4.6391323e-02
   2.2080548e-02
   1.5714724e-02
   2.0089315e-02
   2.8845167e-02
   4.8171546e-02
   5.5032443e-02
   1.2808693e-02
   2.7170956e-02
   1.1552351e-02
   8.7482603e-03
   1.2027175e-02
   3.3039004e-02
   1.9604959e-02
   1.5449180e-02
   1.3319033e-02
   4.2109113e-02
   1.7307747e-02
   1.1677170e-02
   1.8358029e-02
   2.7454434e-02
   3.7602652e-02
   4.1810550e-02
   1.2387463e-02
   2.7260968e-02
   1.1574667e-02
   8.5515538e-03
   1.0577760e-02
   3.2941427e-02
   1.8951740e-02
   1.4789514e-02
   1.2235725e-02
   3.9654940e-02
   1.6367320e-02
   2.2519765e-02
   2.8080279e-02
   3.6703978e-02
   2.6093205e-02
   3.7113920e-02
   2.4748510e-02
   2.6787946e-02
   1.1912858e-02
   8.6375615e-03
   9.9505568e-03
   3.0649414e-02
   1.9543692e-02
   1.5823396e-02
   1.2199108e-02
   3.9910980e-02
   3.3162817e-02
   6.4442508e-02
   7.0080005e-02
   7.0708148e-02
   3.9143927e-02
   6.2881701e-02
   7.8346975e-02
   2.1686982e-02
   6.7677679e-03
   5.2769613e-03
   7.0696999e-03
   1.6273126e-02
   1.1496026e-02
   9.9984314e-03
   8.1555964e-03
   2.2477500e-02
   1.6428931e-02
   2.8382521e-02
   3.3802848e-02
   3.4130480e-02
   2.1211466e-02
   3.6260299e-02
   3.6396053e-02
   1.6900489e-02
   6.4764735e-03
   4.8617315e-03
   6.8108789e-03
   1.7011603e-02
   1.1646258e-02
   9.9166809e-03
   7.9259034e-03
   2.2028830e-02
   8.5708126e-03
   9.5654894e-03
   1.3688456e-02
   2.0306831e-02
   1.2326128e-02
   1.8785417e-02
   1.1392220e-02
   4.5346417e-02
   6.5768976e-03
   4.9229958e-03
   6.5909312e-03
   1.8471219e-02
   1.0404903e-02
   8.7418109e-03
   7.7609601e-03
   2.0949835e-02
   8.9927809e-03
   1.0412321e-02
   1.9202424e-02
   2.0696258e-02
   1.6233966e-02
   2.3604257e-02
   1.6115433e-02
   9.1159299e-02
   6.5181083e-03
   4.5758467e-03
   2.6982855e-02
   1.8937398e-02
   1.1600323e-02
   8.1717269e-03
   1.9776201e-02
   2.8227823e-02
   1.4601434e-02
   1.6244128e-02
   2.9205870e-02
   1.8297996e-02
   3.1129081e-02
   5.6341045e-02
   1.9547189e-02
   4.3898955e-02
   8.0410540e-03
   4.9205166e-03
   3.4233760e-02
   2.0920986e-02
   1.3129374e-02
   8.6366655e-03
   2.2801181e-02
   3.3198204e-02
   3.1391934e-02
   1.7740889e-02
   2.1421824e-02
   1.6911587e-02
   5.4446608e-02
   5.2837383e-02
   1.2050564e-02
   1.9120833e-02
   7.2055706e-03
   5.0036861e-03
   9.4697056e-03
   1.8307075e-02
   1.0774868e-02
   7.7532856e-03
   8.5204011e-03
   2.2671485e-02
   2.4158577e-02
   1.2007970e-02
   1.5443465e-02
   1.5967106e-02
   2.9564928e-02
   2.4401879e-02
   1.0691474e-02
   1.5838794e-02
   6.2222416e-03
   4.6793530e-03
   6.5012397e-03
   1.6792526e-02
   9.9328943e-03
   8.3390651e-03
   7.2001545e-03
   2.2479290e-02
   1.9323690e-02
   2.8110158e-02
   3.4087170e-02
   3.3316948e-02
   2.0376084e-02
   3.5897739e-02
   3.6976419e-02
   1.6229002e-02
   6.1117001e-03
   4.9028019e-03
   7.1184277e-03
   1.6404374e-02
   1.1138118e-02
   9.4718048e-03
   7.8827729e-03
   2.2610577e-02
   5.0756808e-02
   1.2054749e-01
   1.2509163e-01
   1.0730385e-01
   6.3952968e-02
   8.6840726e-02
   1.1540274e-01
   2.6844095e-02
   4.5966757e-03
   4.5437408e-03
   3.3855066e-03
   9.6397623e-03
   7.0629404e-03
   6.1011203e-03
   5.8638491e-03
   1.2185347e-02
   2.5691440e-02
   5.0713617e-02
   5.7681352e-02
   4.5491572e-02
   3.0295637e-02
   4.3357641e-02
   5.4667860e-02
   1.6039237e-02
   3.7258116e-03
   3.9489055e-03
   3.8326737e-03
   9.6524321e-03
   6.5443884e-03
   5.7106353e-03
   5.0811339e-03
   1.1651541e-02
   1.2125798e-02
   1.2936651e-02
   1.7636875e-02
   1.4025283e-02
   9.6717682e-03
   1.9908100e-02
   1.6674189e-02
   1.4964924e-02
   4.0231431e-03
   3.4467825e-03
   7.1723778e-03
   1.0863719e-02
   5.3773704e-03
   5.3400369e-03
   6.1303121e-03
   1.5397994e-02
   1.4803054e-02
   1.3224867e-02
   2.5820008e-02
   1.5223066e-02
   1.1696353e-02
   2.6269572e-02
   2.2637110e-02
   2.3211405e-02
   5.3649135e-03
   3.0812926e-03
   4.3876298e-02
   1.4126067e-02
   6.7719128e-03
   5.5163028e-03
   2.7410826e-02
   2.9744077e-02
   1.9715570e-02
   2.5865721e-02
   4.3644723e-02
   1.5974559e-02
   3.0293852e-02
   7.4826494e-02
   2.6645180e-02
   1.8647967e-02
   8.4980866e-03
   3.3100073e-03
   5.7550024e-02
   1.7772950e-02
   1.1252416e-02
   5.6885602e-03
   3.4109324e-02
   3.9338931e-02
   4.2917401e-02
   2.9413655e-02
   2.7009564e-02
   1.1989905e-02
   6.0223326e-02
   7.8184009e-02
   1.5092863e-02
   1.0817376e-02
   5.4391306e-03
   3.5982165e-03
   1.3004771e-02
   1.2457789e-02
   7.5874017e-03
   4.4620340e-03
   9.3397051e-03
   1.8241800e-02
   3.5341851e-02
   1.8582888e-02
   1.8100023e-02
   1.1891087e-02
   3.5330549e-02
   3.2876797e-02
   1.3518505e-02
   1.0485166e-02
   3.9984831e-03
   3.6334458e-03
   3.9036416e-03
   1.1177427e-02
   6.2120813e-03
   5.7478771e-03
   5.0215679e-03
   1.4258537e-02
   3.0993668e-02
   5.0334912e-02
   5.6808092e-02
   4.4944379e-02
   2.7743721e-02
   4.1216277e-02
   5.6430411e-02
   1.6318662e-02
   3.7348112e-03
   3.8812859e-03
   3.5139450e-03
   9.7581176e-03
   6.4397813e-03
   6.2371432e-03
   5.7062856e-03
   1.2351760e-02
   7.4336626e-02
   1.7868732e-01
   1.5603340e-01
   1.2641981e-01
   1.0960790e-01
   1.1721446e-01
   1.1231784e-01
   4.2711757e-02
   4.2650416e-03
   4.6643843e-03
   4.0296274e-03
   6.5150387e-03
   5.2042748e-03
   5.7932427e-03
   5.9039826e-03
   1.0591174e-02
   4.1053955e-02
   7.2397493e-02
   6.8696931e-02
   5.3019736e-02
   5.2238647e-02
   5.4975536e-02
   6.3488819e-02
   2.0663040e-02
   3.0933018e-03
   4.2265118e-03
   4.0383325e-03
   6.4685973e-03
   4.1072764e-03
   4.8720837e-03
   5.1480555e-03
   8.0240555e-03
   2.1587206e-02
   1.8847179e-02
   2.1990199e-02
   1.2989339e-02
   1.4370082e-02
   2.3717981e-02
   2.7055174e-02
   1.3357552e-02
   2.9689481e-03
   3.3419637e-03
   8.9147547e-03
   8.0127530e-03
   3.7611031e-03
   5.1166639e-03
   9.2754913e-03
   1.2305847e-02
   2.6866507e-02
   1.4934432e-02
   4.2886864e-02
   1.5862079e-02
   1.6251285e-02
   3.1722926e-02
   3.8622320e-02
   2.0948170e-02
   7.1917032e-03
   2.6166497e-03
   6.7159019e-02
   1.7325299e-02
   8.3961105e-03
   3.9126710e-03
   4.2975985e-02
   4.4320520e-02
   3.2426067e-02
   2.9232403e-02
   7.0321888e-02
   1.9049814e-02
   4.1555461e-02
   7.6108083e-02
   4.4540152e-02
   2.0478969e-02
   1.4623300e-02
   3.2454308e-03
   8.9282632e-02
   2.7650490e-02
   1.7446928e-02
   4.3567801e-03
   5.5728085e-02
   6.8901472e-02
   6.8837531e-02
   3.5023142e-02
   3.6116548e-02
   1.2880839e-02
   6.9813848e-02
   8.7118924e-02
   2.5448767e-02
   9.3480917e-03
   7.6235072e-03
   2.9482548e-03
   1.8144844e-02
   1.0588838e-02
   9.4777085e-03
   4.2734537e-03
   1.3368607e-02
   2.1628823e-02
   6.0632698e-02
   2.2201966e-02
   2.4938352e-02
   1.2744473e-02
   4.5179572e-02
   4.3482568e-02
   2.2730306e-02
   8.1708794e-03
   2.8478869e-03
   3.1875218e-03
   3.9145276e-03
   6.7625712e-03
   4.0388200e-03
   4.4790250e-03
   4.6614236e-03
   1.0317525e-02
   5.1964454e-02
   7.5799890e-02
   7.4498527e-02
   5.4923140e-02
   4.9269959e-02
   5.1887449e-02
   6.6879615e-02
   2.2851603e-02
   3.2829319e-03
   3.9037692e-03
   4.3023513e-03
   7.8041903e-03
   5.1664603e-03
   4.6125436e-03
   4.6806461e-03
   9.0883682e-03
