   1.7651206e-02
   2.2207115e-02
   1.0772702e-02
   3.1619363e-02
   1.9625207e-02
   3.0060295e-02
   3.0313941e-02
   3.5217606e-02
   2.9459666e-02
   1.1327400e-01
   9.3118556e-02
   4.0622052e-02
   1.2022569e-02
   4.0903315e-02
   5.4395981e-02
   3.1167913e-02
   1.7100293e-02
   2.0754717e-02
   1.0120003e-02
   3.2863855e-02
   1.7073745e-02
   2.3899339e-02
   2.3804335e-02
   3.4722049e-02
   3.0167596e-02
   1.1010087e-01
   8.7881230e-02
   3.9726879e-02
   1.1731348e-02
   3.5785664e-02
   4.8019536e-02
   3.1766623e-02
   1.7184766e-02
   2.1164520e-02
   1.0151514e-02
   3.6215633e-02
   1.6952779e-02
   2.1577207e-02
   2.0870965e-02
   3.8655799e-02
   2.9590286e-02
   9.0367101e-02
   8.2367390e-02
   4.5597188e-02
   1.1264416e-02
   3.4438763e-02
   4.1914538e-02
   3.6825333e-02
   3.7937891e-02
   2.3981743e-02
   1.6491624e-02
   4.2618789e-02
   3.9320037e-02
   2.4095824e-02
   2.5711743e-02
   4.7172446e-02
   4.9521133e-02
   8.5286774e-02
   7.8831322e-02
   5.5862352e-02
   2.8671255e-02
   3.6765110e-02
   4.1588664e-02
   4.5310754e-02
   8.1595197e-02
   2.8083000e-02
   2.6556304e-02
   5.1510900e-02
   8.5330620e-02
   2.7277730e-02
   3.6574662e-02
   5.2201908e-02
   9.4672866e-02
   7.9997323e-02
   7.5434536e-02
   6.0801901e-02
   6.8399362e-02
   3.5593394e-02
   4.3134876e-02
   4.8305131e-02
   3.9959252e-02
   2.3585172e-02
   1.6543709e-02
   4.7756523e-02
   4.2659465e-02
   2.4856919e-02
   2.8352251e-02
   4.6722684e-02
   5.2154042e-02
   8.3763681e-02
   7.2354123e-02
   4.9011342e-02
   3.0839961e-02
   3.5394192e-02
   4.0644392e-02
   3.6253516e-02
   1.7798919e-02
   2.0338682e-02
   1.0790597e-02
   4.0175568e-02
   2.0315342e-02
   2.5836140e-02
   2.3865119e-02
   4.0667936e-02
   2.9509431e-02
   9.2260122e-02
   8.1149906e-02
   4.3045167e-02
   1.1115753e-02
   3.0645380e-02
   4.6062108e-02
   2.9398518e-02
   1.7585920e-02
   2.0670069e-02
   1.0209522e-02
   3.3532508e-02
   1.8869352e-02
   2.8250970e-02
   2.7301420e-02
   3.6652617e-02
   3.0279541e-02
   1.0333180e-01
   8.9925922e-02
   4.0204260e-02
   1.1666280e-02
   3.2003284e-02
   5.1210586e-02
   2.8878098e-02
   1.8501645e-02
   2.9494574e-02
   7.7964789e-03
   2.0141993e-02
   1.9467402e-02
   3.6955059e-02
   3.5561193e-02
   2.8825540e-02
   2.8918356e-02
   1.1200415e-01
   8.6388581e-02
   3.9259791e-02
   7.4492781e-03
   5.4889183e-02
   7.3283471e-02
   3.1219289e-02
   1.6500747e-02
   2.1925839e-02
   6.8123126e-03
   2.3901135e-02
   1.6431063e-02
   2.7781136e-02
   2.9386504e-02
   2.9516475e-02
   3.1718094e-02
   1.0951057e-01
   7.6029219e-02
   3.7382308e-02
   6.5215053e-03
   4.3829083e-02
   5.9387665e-02
   2.8179772e-02
   1.9575834e-02
   2.4068765e-02
   7.5845798e-03
   2.7061952e-02
   1.8528976e-02
   2.3902675e-02
   2.1027468e-02
   3.1557813e-02
   3.1758431e-02
   9.3962260e-02
   8.0408566e-02
   3.8181908e-02
   7.2129546e-03
   4.0138878e-02
   5.0315227e-02
   3.2311346e-02
   5.4280058e-02
   2.8885530e-02
   1.7580617e-02
   3.2364931e-02
   5.5417005e-02
   2.9414812e-02
   3.0703913e-02
   3.9208096e-02
   6.3457996e-02
   7.9552487e-02
   7.9585217e-02
   4.7016934e-02
   3.7885875e-02
   4.2850886e-02
   5.0847296e-02
   4.3675594e-02
   1.1746964e-01
   3.7224941e-02
   3.3005890e-02
   3.9513245e-02
   1.1895613e-01
   3.4044139e-02
   4.4163939e-02
   4.3683179e-02
   1.2426127e-01
   7.6507159e-02
   8.3726645e-02
   5.6216698e-02
   9.7934224e-02
   4.5077160e-02
   5.7067942e-02
   4.5868017e-02
   5.8386274e-02
   2.7491713e-02
   1.7412990e-02
   3.3413712e-02
   6.0426593e-02
   3.2421779e-02
   3.1164499e-02
   4.0033389e-02
   6.9030657e-02
   8.3324887e-02
   7.2979875e-02
   4.0629975e-02
   4.1456103e-02
   4.7484517e-02
   4.8354950e-02
   3.1177623e-02
   2.0137055e-02
   2.3370434e-02
   7.1589071e-03
   2.7676487e-02
   2.0713335e-02
   3.4786180e-02
   2.5218038e-02
   3.0693235e-02
   3.1408682e-02
   9.1278411e-02
   7.9774879e-02
   3.5319779e-02
   7.8786798e-03
   3.8641848e-02
   5.4041404e-02
   2.3368014e-02
   1.7215680e-02
   2.7179483e-02
   7.4433181e-03
   2.1563048e-02
   1.8835409e-02
   3.5571419e-02
   3.3070039e-02
   2.6239671e-02
   2.9329663e-02
   1.0115118e-01
   9.3564630e-02
   3.7071634e-02
   7.1925386e-03
   3.9379369e-02
   6.3644946e-02
   2.5549654e-02
   2.4733853e-02
   3.1472847e-02
   8.7750470e-03
   1.6956897e-02
   2.4408812e-02
   4.5567449e-02
   3.4329765e-02
   2.6581015e-02
   3.9339140e-02
   8.7605283e-02
   7.5708091e-02
   4.6915095e-02
   6.3036792e-03
   7.0770353e-02
   8.5891455e-02
   3.8735688e-02
   2.4536368e-02
   2.6663104e-02
   6.7326212e-03
   1.8060312e-02
   2.1355281e-02
   3.5396121e-02
   3.7758645e-02
   2.4691315e-02
   4.4376697e-02
   9.1230191e-02
   7.2727226e-02
   3.8112290e-02
   6.2899529e-03
   5.9040383e-02
   6.8232536e-02
   3.2517735e-02
   2.6426507e-02
   2.4336495e-02
   6.4942758e-03
   1.9827371e-02
   2.2980284e-02
   2.4581673e-02
   2.7060967e-02
   2.7046828e-02
   4.8033897e-02
   8.6752005e-02
   7.7535219e-02
   3.6535740e-02
   7.1646818e-03
   5.2911550e-02
   5.7528317e-02
   3.6449503e-02
   4.9500812e-02
   2.4820935e-02
   2.0064997e-02
   2.4534550e-02
   5.0424177e-02
   2.4889605e-02
   3.4617718e-02
   3.4919038e-02
   7.1134113e-02
   7.1221441e-02
   7.5139366e-02
   4.7074791e-02
   4.4265117e-02
   5.9077315e-02
   6.5773420e-02
   4.7402635e-02
   1.0752702e-01
   3.2297064e-02
   4.5682542e-02
   3.8327597e-02
   1.0336393e-01
   3.5246156e-02
   4.8690472e-02
   3.8883075e-02
   1.3201630e-01
   7.2989576e-02
   9.1752730e-02
   6.2964074e-02
   1.1508499e-01
   6.4938433e-02
   7.3322147e-02
   5.5608019e-02
   5.4947674e-02
   2.4659803e-02
   2.2780707e-02
   3.0667115e-02
   5.4757345e-02
   4.0642004e-02
   2.9786479e-02
   3.4474317e-02
   7.7473268e-02
   7.9827957e-02
   8.6981341e-02
   4.3115567e-02
   4.7831971e-02
   6.2066764e-02
   6.2026076e-02
   3.5459943e-02
   2.5504183e-02
   2.3510884e-02
   7.6386491e-03
   2.4721511e-02
   2.9805310e-02
   4.3729324e-02
   3.0827567e-02
   2.6100429e-02
   4.0735479e-02
   7.6877125e-02
   7.3071137e-02
   3.5654597e-02
   7.1416916e-03
   5.1213622e-02
   6.1076354e-02
   2.4279464e-02
   2.5666099e-02
   2.7126579e-02
   8.2267476e-03
   1.7722819e-02
   2.7203776e-02
   4.5674052e-02
   3.8241144e-02
   2.5301322e-02
   3.6883347e-02
   7.8163698e-02
   7.5545415e-02
   3.7124626e-02
   6.6187708e-03
   5.0415564e-02
   7.0011996e-02
   2.8970117e-02
   3.3066966e-02
   4.2612918e-02
   1.3194873e-02
   1.4941492e-02
   3.5762742e-02
   5.2442066e-02
   3.6346305e-02
   2.5979074e-02
   5.6076113e-02
   8.2967490e-02
   6.7045502e-02
   5.5963460e-02
   9.2509445e-03
   9.9837542e-02
   8.4072307e-02
   5.9368495e-02
   3.8711689e-02
   3.3841483e-02
   9.5573300e-03
   1.1599906e-02
   3.3622868e-02
   4.8676483e-02
   4.3398336e-02
   2.1707121e-02
   5.3985778e-02
   7.2340608e-02
   6.2418226e-02
   4.6413973e-02
   7.4006151e-03
   8.7111428e-02
   6.7899741e-02
   4.5660831e-02
   3.2729186e-02
   2.2863047e-02
   7.2565335e-03
   1.4094404e-02
   2.6373500e-02
   3.8462058e-02
   3.5231210e-02
   2.2817854e-02
   6.1235070e-02
   5.2368477e-02
   7.1167417e-02
   4.2166684e-02
   7.9912990e-03
   5.7501048e-02
   8.0840185e-02
   5.9408333e-02
   3.9538980e-02
   2.0589681e-02
   2.1893874e-02
   1.6037190e-02
   5.7835698e-02
   3.0782687e-02
   3.8915828e-02
   3.3811748e-02
   8.2016855e-02
   6.4658664e-02
   8.0620065e-02
   6.1806437e-02
   4.9774289e-02
   6.9843099e-02
   9.7232066e-02
   5.8886562e-02
   9.7962402e-02
   4.1867852e-02
   5.4822303e-02
   3.3149987e-02
   1.1231885e-01
   4.0802099e-02
   5.8833763e-02
   3.5366178e-02
   1.3396843e-01
   6.7415081e-02
   1.1280904e-01
   7.7841565e-02
   1.2015031e-01
   8.3632037e-02
   8.0103435e-02
   5.8822148e-02
   4.9354836e-02
   2.1739909e-02
   2.7626680e-02
   2.9540138e-02
   6.0164262e-02
   4.2836808e-02
   3.9532587e-02
   3.4499619e-02
   8.1542417e-02
   7.6654829e-02
   6.5284215e-02
   6.1898123e-02
   5.1410880e-02
   7.1976900e-02
   8.8452488e-02
   5.1682163e-02
   3.8550019e-02
   2.2376291e-02
   9.8616034e-03
   2.1667650e-02
   3.1184234e-02
   4.4870414e-02
   3.2839991e-02
   3.0253366e-02
   3.8773943e-02
   6.6766307e-02
   4.1020293e-02
   4.1326698e-02
   9.5920404e-03
   4.3493617e-02
   6.7947604e-02
   3.6373667e-02
   3.7839796e-02
   3.2101434e-02
   1.0400956e-02
   1.4123969e-02
   2.9402854e-02
   4.9923278e-02
   3.1132380e-02
   2.7418479e-02
   5.1431380e-02
   7.5383984e-02
   5.5093739e-02
   4.2780757e-02
   8.7656025e-03
   7.0460141e-02
   7.6221868e-02
   4.1926265e-02
