   3.3530682e-02
   4.6706472e-02
   3.7039530e-02
   1.3063222e-02
   6.1545055e-02
   1.1850242e-01
   8.1559092e-02
   1.2195769e-02
   8.7066457e-02
   1.2000797e-01
   8.1106842e-02
   1.1559336e-02
   5.9184711e-02
   5.3771503e-02
   5.1765170e-02
   1.3422725e-02
   6.0658097e-02
   5.0151423e-02
   2.8392710e-02
   1.2555195e-02
   8.5744098e-02
   8.9505479e-02
   3.8157612e-02
   1.0579773e-02
   4.8005912e-02
   5.7624105e-02
   3.7117820e-02
   1.0211271e-02
   2.8897928e-02
   2.2360720e-02
   2.5048926e-02
   1.2177772e-02
   1.0539864e-01
   1.0487465e-01
   2.2776078e-02
   1.2982399e-02
   5.2290104e-02
   6.7099243e-02
   1.7759569e-02
   1.0781177e-02
   3.9192785e-02
   2.8222596e-02
   1.6368087e-02
   1.0363257e-02
   1.4328725e-02
   5.7852441e-03
   1.2596992e-02
   1.7022274e-02
   6.5942422e-02
   1.4640051e-01
   2.9215768e-02
   2.2289444e-02
   4.0120050e-02
   5.5209059e-02
   2.3936113e-02
   1.9489383e-02
   4.1054383e-02
   3.2471981e-02
   2.2740887e-02
   1.9861935e-02
   1.5410651e-02
   6.5573328e-03
   1.9917928e-02
   2.8373715e-02
   3.9253395e-02
   7.7845037e-02
   4.5203675e-02
   3.8993407e-02
   4.8567180e-02
   5.3681780e-02
   3.8740840e-02
   3.4271717e-02
   5.0129037e-02
   4.2149931e-02
   3.1630363e-02
   3.3407394e-02
   1.7026342e-02
   1.3026332e-02
   2.2062546e-02
   3.7428182e-02
   3.1480171e-02
   4.5117550e-02
   3.0132573e-02
   2.0542456e-02
   3.9866671e-02
   4.1823681e-02
   2.3824425e-02
   1.7067634e-02
   4.3900065e-02
   3.5565332e-02
   1.8769667e-02
   1.5631070e-02
   2.5788054e-02
   1.7372571e-02
   1.1915389e-02
   1.7103933e-02
   2.9943803e-02
   3.7724666e-02
   2.3546690e-02
   1.3208145e-02
   3.5325110e-02
   3.4540895e-02
   1.8498272e-02
   1.0060653e-02
   4.6666000e-02
   3.5818011e-02
   1.4055223e-02
   9.7790547e-03
   4.6513252e-02
   8.9039486e-03
   8.8289417e-03
   9.8380130e-03
   3.1354878e-02
   4.0288914e-02
   2.7566331e-02
   1.2662256e-02
   3.6526062e-02
   6.1281607e-02
   4.0629882e-02
   1.0507057e-02
   8.7940767e-02
   7.9178497e-02
   3.7846792e-02
   1.0165385e-02
   4.8861030e-02
   2.1905012e-02
   2.1832978e-02
   1.1000506e-02
   3.8419172e-02
   4.5863025e-02
   3.8713980e-02
   9.7219124e-03
   9.4188489e-02
   2.0456916e-01
   1.4963031e-01
   1.1134210e-02
   1.2811275e-01
   1.8868320e-01
   1.4138457e-01
   1.2185932e-02
   8.3213501e-02
   8.5772924e-02
   7.7280983e-02
   1.3961412e-02
   9.4027266e-02
   5.5721924e-02
   2.8683860e-02
   8.2645556e-03
   1.3646995e-01
   1.5154466e-01
   5.9398104e-02
   7.8545446e-03
   5.0609302e-02
   8.4986918e-02
   6.0244612e-02
   8.4720533e-03
   4.0055454e-02
   3.4416232e-02
   3.7539516e-02
   1.3011327e-02
   1.7019840e-01
   1.1143915e-01
   2.2611931e-02
   8.4282923e-03
   7.7284813e-02
   1.0456268e-01
   2.0741731e-02
   7.2070202e-03
   3.9856490e-02
   3.7062492e-02
   2.0520661e-02
   8.2076387e-03
   1.6724559e-02
   8.1356578e-03
   2.1708876e-02
   2.2036489e-02
   1.0070603e-01
   1.2804340e-01
   2.8061952e-02
   2.1954678e-02
   5.5095602e-02
   6.9474541e-02
   2.5999378e-02
   2.1793310e-02
   4.3490786e-02
   3.7024423e-02
   3.1894799e-02
   2.1644998e-02
   1.6621999e-02
   1.0211738e-02
   3.7174419e-02
   3.6583982e-02
   5.1374383e-02
   7.9817377e-02
   4.5677871e-02
   4.4086527e-02
   6.2708229e-02
   6.1977584e-02
   5.4090995e-02
   4.5031205e-02
   5.9222210e-02
   4.5349862e-02
   5.0425056e-02
   4.0644877e-02
   1.9332701e-02
   2.2317836e-02
   3.9521355e-02
   4.2422626e-02
   3.8357358e-02
   5.2719846e-02
   3.1255070e-02
   2.0341350e-02
   4.4251822e-02
   5.1645488e-02
   2.9293455e-02
   1.8683111e-02
   5.0722223e-02
   3.9935078e-02
   2.7099637e-02
   1.6757339e-02
   3.1828474e-02
   3.2583777e-02
   1.7500771e-02
   1.8448371e-02
   3.0351438e-02
   4.2410769e-02
   2.0862835e-02
   9.6975230e-03
   3.7862424e-02
   4.9708948e-02
   2.5265710e-02
   6.7355917e-03
   6.1828054e-02
   4.6427492e-02
   2.0219797e-02
   6.2105325e-03
   5.8058765e-02
   1.5257632e-02
   1.1636731e-02
   8.7955426e-03
   3.2062672e-02
   4.0406432e-02
   2.8979760e-02
   8.6817415e-03
   3.9199691e-02
   1.0258812e-01
   7.3779367e-02
   7.7259769e-03
   1.3470985e-01
   1.2168059e-01
   6.4105876e-02
   8.3206473e-03
   6.4936146e-02
   3.4508847e-02
   3.1911790e-02
   1.0076251e-02
   6.9801904e-02
   4.3456085e-02
   5.1303893e-02
   8.8093877e-03
   1.6229044e-01
   1.4294402e-01
   8.8359907e-02
   7.5378297e-03
   1.9154181e-01
   1.5463425e-01
   1.1556271e-01
   1.2523008e-02
   1.2868659e-01
   1.4183265e-01
   1.2801225e-01
   2.0586716e-02
   1.6524872e-01
   4.5800332e-02
   3.5407513e-02
   7.3701502e-03
   2.4321429e-01
   1.3588747e-01
   3.7885040e-02
   5.3675477e-03
   7.7500500e-02
   7.1934804e-02
   5.4604042e-02
   7.7954419e-03
   6.3400030e-02
   5.5812504e-02
   6.1126322e-02
   1.7181650e-02
   2.8726366e-01
   5.8175329e-02
   2.6434507e-02
   6.9955676e-03
   1.4221881e-01
   9.4843671e-02
   1.6942527e-02
   5.7739355e-03
   5.4135945e-02
   3.9779779e-02
   2.3995228e-02
   7.2555048e-03
   2.7674507e-02
   1.2196702e-02
   3.4434304e-02
   3.4980450e-02
   1.4461799e-01
   7.2097972e-02
   3.4906555e-02
   2.7466077e-02
   7.8442536e-02
   5.5768285e-02
   3.2376908e-02
   2.7269999e-02
   4.8713066e-02
   3.7505142e-02
   4.3558784e-02
   2.7474804e-02
   2.6656976e-02
   1.7104169e-02
   5.6469891e-02
   5.4616317e-02
   6.9065496e-02
   9.4924174e-02
   5.2609824e-02
   6.3351706e-02
   7.5015634e-02
   6.9503546e-02
   7.0692472e-02
   6.2588945e-02
   6.9783553e-02
   5.2844264e-02
   7.2506905e-02
   5.7675820e-02
   2.5321100e-02
   3.0573849e-02
   5.5640295e-02
   5.7045657e-02
   5.7781462e-02
   5.1648099e-02
   3.4500014e-02
   2.7256409e-02
   6.2502965e-02
   6.1091971e-02
   3.5787262e-02
   2.4567889e-02
   6.2450688e-02
   4.1448250e-02
   3.9492570e-02
   2.3745615e-02
   4.7121204e-02
   4.5481287e-02
   2.3927294e-02
   2.5298793e-02
   4.9505275e-02
   4.6222698e-02
   2.5937816e-02
   9.2960298e-03
   5.8610991e-02
   6.3535474e-02
   1.6478250e-02
   5.1664142e-03
   8.7535039e-02
   4.7770020e-02
   2.2241861e-02
   5.4110130e-03
   8.6118750e-02
   2.2390325e-02
   1.4748308e-02
   1.1434910e-02
   5.1329050e-02
   4.8282113e-02
   4.3198641e-02
   7.9534929e-03
   7.0340484e-02
   7.7278376e-02
   4.5418542e-02
   5.5608409e-03
   1.9391264e-01
   1.1305919e-01
   5.5147629e-02
   6.8926318e-03
   1.0137456e-01
   5.6739680e-02
   5.0341796e-02
   1.4367112e-02
   9.8593690e-02
   4.7997944e-02
   8.9942969e-02
   1.2017182e-02
   2.1080489e-01
   4.7284942e-02
   3.6836449e-02
   5.1050032e-03
   2.3186849e-01
   1.4138244e-01
   9.0673126e-02
   1.5197997e-02
   2.3975962e-01
   2.6541352e-01
   2.3919713e-01
   4.1852381e-02
   1.6469492e-01
   3.9662674e-02
   5.7322953e-02
   8.0932518e-03
   2.5839272e-01
   6.9791339e-02
   2.5239220e-02
   3.7903178e-03
   9.3580529e-02
   5.8012474e-02
   5.0002608e-02
   8.7661473e-03
   1.0724798e-01
   1.0137200e-01
   1.1095562e-01
   2.6805522e-02
   1.9832729e-01
   4.0549412e-02
   3.4935392e-02
   7.5453846e-03
   1.1348498e-01
   4.6223257e-02
   2.0998221e-02
   5.3375964e-03
   6.3007459e-02
   2.2999056e-02
   2.7449535e-02
   8.2312366e-03
   4.1100468e-02
   1.8035466e-02
   4.5398682e-02
   4.6488907e-02
   8.6507782e-02
   6.7729987e-02
   4.4904284e-02
   4.1321121e-02
   6.1334457e-02
   4.1583456e-02
   4.0063240e-02
   3.7422951e-02
   5.4436315e-02
   2.9321833e-02
   5.4063283e-02
   4.3147121e-02
   3.6237475e-02
   2.6252698e-02
   6.7596294e-02
   7.0408151e-02
   8.3170056e-02
   1.0990865e-01
   5.3064652e-02
   9.8738760e-02
   1.0960426e-01
   6.4120457e-02
   8.1120096e-02
   9.7559527e-02
   1.0027254e-01
   4.9292743e-02
   9.2990659e-02
   9.5757052e-02
   3.8943965e-02
   3.7595183e-02
   6.5499231e-02
   9.0009063e-02
   6.0817007e-02
   4.9877979e-02
   4.9950555e-02
   3.9318707e-02
   5.8862966e-02
   5.1087413e-02
   4.8577208e-02
   3.8364075e-02
   7.3852301e-02
   4.0069971e-02
   5.0591718e-02
   3.8294025e-02
   5.9761643e-02
   5.3528365e-02
   2.9509729e-02
   3.7428107e-02
   7.3276758e-02
   3.1230185e-02
   4.9050435e-02
   1.1321127e-02
   7.0202038e-02
   5.1267222e-02
   2.0883251e-02
   5.7967408e-03
   8.1580773e-02
   3.6707431e-02
   3.2013778e-02
   7.6105325e-03
   1.0832921e-01
   2.7128544e-02
   1.9105423e-02
   1.5935902e-02
   6.8557300e-02
   4.4160049e-02
   6.3341521e-02
   9.9066943e-03
   9.2587322e-02
   4.3072917e-02
   2.7237212e-02
   4.7507533e-03
   2.0374361e-01
   8.2867034e-02
   4.9900375e-02
   9.0967054e-03
   1.5335327e-01
   1.0355514e-01
   9.3209878e-02
   2.5813313e-02
