   4.4197552e-02
   2.5110565e-02
   3.4652147e-02
   2.2657707e-02
   3.6599714e-02
   2.9681107e-02
   4.9769301e-02
   1.5645443e-02
   3.1305745e-02
   3.1537484e-02
   3.8675535e-02
   1.5244835e-02
   3.0707212e-02
   3.8091887e-02
   4.2438939e-02
   1.4040877e-02
   4.0383972e-02
   2.7131386e-02
   2.3340512e-02
   1.9774551e-02
   3.2732040e-02
   2.8822836e-02
   3.9376833e-02
   1.6644541e-02
   2.9636078e-02
   2.8029136e-02
   3.4439098e-02
   1.4462248e-02
   3.3814654e-02
   3.4276206e-02
   3.0977873e-02
   1.3374450e-02
   5.4930393e-02
   2.8337698e-02
   1.8441657e-02
   1.9575929e-02
   5.9163462e-02
   3.1759188e-02
   3.4602046e-02
   2.0694360e-02
   6.8836249e-02
   3.4357961e-02
   3.4781747e-02
   1.8529773e-02
   7.8040570e-02
   5.3870253e-02
   2.5438529e-02
   1.6927931e-02
   1.6222428e-01
   5.6866720e-02
   2.5709394e-02
   2.1814384e-02
   1.5172338e-01
   7.8956708e-02
   4.5769349e-02
   2.2796305e-02
   1.3770205e-01
   1.0157902e-01
   3.9046243e-02
   3.5180848e-02
   1.0396474e-01
   1.4713116e-01
   3.1364307e-02
   3.3035960e-02
   1.1987408e-01
   6.1143443e-02
   3.7061941e-02
   2.8248571e-02
   8.9621462e-02
   7.7357873e-02
   6.1626967e-02
   2.0472728e-02
   6.6130467e-02
   8.4195264e-02
   4.8141383e-02
   2.6635069e-02
   4.6096053e-02
   1.1083277e-01
   4.3808706e-02
   2.4102962e-02
   3.9192326e-02
   3.2849621e-02
   2.7974578e-02
   2.5620824e-02
   3.1310808e-02
   3.7243493e-02
   4.7961194e-02
   1.9093685e-02
   2.8947705e-02
   3.5681590e-02
   4.2579915e-02
   1.4741099e-02
   3.2782704e-02
   4.8188407e-02
   3.2797389e-02
   1.3049812e-02
   4.4105563e-02
   2.8301360e-02
   1.7899612e-02
   1.8756734e-02
   3.2861244e-02
   3.5170443e-02
   3.4398157e-02
   1.6996009e-02
   2.7769808e-02
   3.3149414e-02
   3.3957615e-02
   1.3958098e-02
   2.9129054e-02
   3.8909264e-02
   2.6380230e-02
   1.3891049e-02
   4.3875966e-02
   2.4744727e-02
   2.4853431e-02
   2.0146713e-02
   3.4580734e-02
   3.0572217e-02
   3.9580271e-02
   1.6320376e-02
   3.0719828e-02
   3.0706869e-02
   3.3432279e-02
   1.4867150e-02
   2.8892292e-02
   3.6553636e-02
   3.0641384e-02
   1.3462057e-02
   3.2352954e-02
   2.3719698e-02
   3.0369539e-02
   1.4646309e-02
   3.2066122e-02
   2.3677709e-02
   5.5609912e-02
   1.3544580e-02
   3.2766223e-02
   2.9325338e-02
   4.2692374e-02
   8.4904050e-03
   3.0923264e-02
   3.7263554e-02
   4.3973833e-02
   7.1890908e-03
   3.4916565e-02
   2.1211242e-02
   2.3311609e-02
   1.3344070e-02
   3.4044057e-02
   2.4028715e-02
   3.9146945e-02
   1.4610871e-02
   3.7597492e-02
   2.8790379e-02
   3.8762201e-02
   9.0941368e-03
   4.4998284e-02
   3.7286948e-02
   3.2408416e-02
   8.5776057e-03
   8.0028042e-02
   2.6327757e-02
   2.1469854e-02
   1.4548792e-02
   9.4458073e-02
   2.6566815e-02
   3.7731837e-02
   1.8575391e-02
   1.1662275e-01
   3.5807967e-02
   3.6738299e-02
   1.4891890e-02
   1.2815645e-01
   5.8741387e-02
   2.7235296e-02
   1.7733416e-02
   2.2483267e-01
   4.9536273e-02
   2.6500054e-02
   1.9039141e-02
   2.4540278e-01
   5.5074483e-02
   5.6136157e-02
   2.0012813e-02
   2.3227155e-01
   7.9778783e-02
   4.0846929e-02
   3.6050931e-02
   1.7277688e-01
   1.2857364e-01
   3.2423247e-02
   4.2131227e-02
   1.6241939e-01
   5.4314677e-02
   3.8425036e-02
   2.9493989e-02
   1.4046511e-01
   5.6050517e-02
   7.1031474e-02
   1.9613521e-02
   1.0678584e-01
   6.8239897e-02
   5.8247369e-02
   2.8722785e-02
   7.4190371e-02
   9.7503461e-02
   4.5844916e-02
   3.1010151e-02
   4.3956399e-02
   2.8637774e-02
   3.0406708e-02
   2.4187803e-02
   3.9518390e-02
   3.2472953e-02
   5.5536263e-02
   1.7000290e-02
   3.7624750e-02
   3.9419923e-02
   4.8244055e-02
   1.2041506e-02
   4.1289341e-02
   5.0806187e-02
   3.6494743e-02
   9.8241111e-03
   3.2862309e-02
   2.1304462e-02
   1.9093117e-02
   1.5090272e-02
   2.7235730e-02
   2.5041455e-02
   3.4346052e-02
   1.4599406e-02
   2.9310720e-02
   3.2430809e-02
   3.5336114e-02
   8.6271372e-03
   3.5130166e-02
   3.9757755e-02
   2.6447497e-02
   7.4999263e-03
   2.9213976e-02
   2.3308415e-02
   2.4060871e-02
   1.2179556e-02
   2.7479887e-02
   2.4711050e-02
   4.3800719e-02
   1.4234129e-02
   2.8708827e-02
   2.7515650e-02
   3.7533548e-02
   8.3887586e-03
   3.1781271e-02
   3.5094947e-02
   3.3888478e-02
   6.9766394e-03
   4.6872839e-02
   2.5567729e-02
   3.2149017e-02
   1.3492836e-02
   4.1476827e-02
   2.7079239e-02
   6.9781721e-02
   1.4454904e-02
   5.0021730e-02
   3.9965753e-02
   5.7544697e-02
   7.5890217e-03
   5.4294966e-02
   3.8894642e-02
   5.5570655e-02
   7.5993584e-03
   5.2461907e-02
   2.0668276e-02
   2.2926146e-02
   1.0788223e-02
   4.6402391e-02
   2.6527934e-02
   4.5334194e-02
   1.6058108e-02
   6.3242055e-02
   3.4699220e-02
   4.6901584e-02
   7.9478808e-03
   7.8935049e-02
   3.7812494e-02
   4.0342297e-02
   8.9248866e-03
   8.5783951e-02
   2.6896765e-02
   2.2174070e-02
   1.4163348e-02
   1.1668605e-01
   2.6073234e-02
   4.3027699e-02
   1.5228217e-02
   1.5845078e-01
   3.1922918e-02
   4.0009994e-02
   1.3273411e-02
   2.0342323e-01
   3.6791958e-02
   3.0898899e-02
   2.0000022e-02
   1.7405540e-01
   6.2552609e-02
   2.9555099e-02
   2.2365086e-02
   2.4417725e-01
   6.5541118e-02
   6.0141049e-02
   1.6974898e-02
   2.7055734e-01
   5.6596909e-02
   5.6060549e-02
   4.2295717e-02
   2.6261145e-01
   6.4078182e-02
   3.7114054e-02
   5.3744856e-02
   1.1785336e-01
   7.4947856e-02
   5.0574008e-02
   4.0621098e-02
   1.2020539e-01
   6.9790609e-02
   8.3071902e-02
   2.2513963e-02
   1.0924489e-01
   5.9945419e-02
   7.7481844e-02
   3.7412949e-02
   1.0451044e-01
   8.6064145e-02
   5.8245074e-02
   4.4212315e-02
   5.7146236e-02
   3.2288443e-02
   4.5803715e-02
   3.0204376e-02
   5.4415736e-02
   4.0814303e-02
   7.6506384e-02
   1.8892288e-02
   5.9602227e-02
   4.8711091e-02
   5.6315910e-02
   1.2292882e-02
   7.3574081e-02
   5.0265718e-02
   4.1882079e-02
   1.0619790e-02
   4.5009319e-02
   2.0532949e-02
   2.2393346e-02
   1.7360859e-02
   4.0658768e-02
   2.7499536e-02
   4.3331720e-02
   1.2056511e-02
   5.4134395e-02
   3.9088886e-02
   3.8343940e-02
   7.6928902e-03
   5.9796192e-02
   4.4571251e-02
   3.4854706e-02
   7.6472592e-03
   3.3894181e-02
   2.2727525e-02
   2.5009982e-02
   1.3794777e-02
   3.9626025e-02
   3.1872723e-02
   6.3207485e-02
   1.2672108e-02
   4.7997758e-02
   3.6543604e-02
   5.3837333e-02
   6.9133560e-03
   4.8800204e-02
   4.1228525e-02
   4.1527759e-02
   6.9578248e-03
   5.1870324e-02
   1.9283101e-02
   3.2786403e-02
   2.0827947e-02
   5.7480369e-02
   3.4884050e-02
   7.6865271e-02
   1.4231771e-02
   6.4265504e-02
   4.3691933e-02
   6.5826394e-02
   6.9108834e-03
   8.1487864e-02
   3.4160651e-02
   6.6227287e-02
   7.3003378e-03
   5.7635892e-02
   1.7865401e-02
   2.1750266e-02
   1.3626123e-02
   5.4493245e-02
   3.5426833e-02
   5.3783238e-02
   1.3254243e-02
   6.4756222e-02
   3.7847467e-02
   5.3570475e-02
   6.5294392e-03
   9.7656257e-02
   4.1598093e-02
   4.1867383e-02
   8.8619990e-03
   5.9892293e-02
   2.3448899e-02
   2.6456630e-02
   1.6127551e-02
   6.4098798e-02
   3.4484290e-02
   5.7414494e-02
   1.3905719e-02
   1.1865105e-01
   4.4674963e-02
   6.2865689e-02
   1.5057586e-02
   1.8122309e-01
   3.0074125e-02
   3.7371695e-02
   2.0079309e-02
   6.0090553e-02
   8.1123941e-02
   4.8336029e-02
   2.5037562e-02
   7.2760172e-02
   8.8568151e-02
   8.5730672e-02
   2.1850085e-02
   1.3567121e-01
   7.2066121e-02
   1.0148091e-01
   6.3940592e-02
   1.7374301e-01
   6.6747211e-02
   4.5150433e-02
   7.6133274e-02
   4.0461782e-02
   1.0616442e-01
   7.7573016e-02
   6.1223831e-02
   3.8481578e-02
   9.7605117e-02
   1.2551272e-01
   3.4814004e-02
   5.6353714e-02
   8.5191645e-02
   1.2702322e-01
   5.7222620e-02
   8.4073119e-02
   9.3910806e-02
   6.6224508e-02
   7.2123505e-02
   6.6342287e-02
   3.2884076e-02
   6.8638623e-02
   4.0843837e-02
   5.6338120e-02
   5.5523578e-02
   9.2252158e-02
   2.7277056e-02
   8.0981396e-02
   5.4177251e-02
   6.6435628e-02
   1.4504397e-02
   9.9473290e-02
   4.6181563e-02
   5.7180848e-02
   1.5501173e-02
   5.9309147e-02
   1.6020639e-02
   3.5330348e-02
   1.8386284e-02
   4.3530520e-02
   3.6227476e-02
   6.0441792e-02
   1.1363047e-02
   5.7931405e-02
   3.8785085e-02
   4.2139709e-02
   6.9730324e-03
   7.7748656e-02
   2.9648609e-02
   6.6543177e-02
   1.0534322e-02
   2.9120257e-02
   1.5694994e-02
   3.3782214e-02
   1.9781049e-02
   4.1540504e-02
   3.6734160e-02
   8.7180465e-02
   1.0805751e-02
   6.7212731e-02
   4.4364572e-02
   5.9170354e-02
   7.4388981e-03
   7.8319050e-02
   3.2682344e-02
   5.9949912e-02
   8.0194175e-03
