   1.2553316e-02
   8.4104696e-03
   8.4599592e-03
   3.5509121e-02
   2.6758604e-02
   1.7609036e-02
   1.9386612e-02
   4.7399055e-02
   2.0177090e-01
   1.7702398e-01
   2.3625198e-01
   7.8932993e-02
   2.4909629e-02
   3.8829122e-02
   3.2398298e-02
   4.7421131e-02
   1.2636259e-02
   7.8972736e-03
   8.0609461e-03
   3.4867212e-02
   1.5108088e-02
   1.0425478e-02
   1.2559247e-02
   3.2731846e-02
   9.4670169e-02
   1.1319876e-01
   1.0458190e-01
   4.2557962e-02
   1.9938115e-02
   2.0940350e-02
   1.9087149e-02
   3.3519961e-02
   1.2518363e-02
   7.6492303e-03
   8.0378568e-03
   3.8396284e-02
   8.9493785e-03
   6.8774875e-03
   9.1685588e-03
   2.5924155e-02
   6.0698409e-02
   6.8948120e-02
   4.7949996e-02
   2.4226354e-02
   2.2346336e-02
   1.2082146e-02
   1.3077035e-02
   2.7262129e-02
   1.2386477e-02
   7.9027032e-03
   8.1409132e-03
   3.6109801e-02
   8.6348327e-03
   6.8410300e-03
   9.6868677e-03
   2.4396550e-02
   5.2313987e-02
   9.0799883e-02
   5.0203349e-02
   2.2647372e-02
   1.3858874e-02
   1.5125727e-02
   1.4936336e-02
   2.7729521e-02
   1.2737223e-02
   7.7458811e-03
   1.4000877e-02
   4.1313786e-02
   8.8463910e-03
   7.0538688e-03
   1.7939284e-02
   2.5809757e-02
   4.0867951e-02
   8.5652985e-02
   8.8085964e-02
   2.3768499e-02
   9.3888249e-03
   1.4614643e-02
   2.2857931e-02
   2.9295482e-02
   1.1685718e-02
   7.6125837e-03
   1.3077468e-02
   3.9426491e-02
   8.5170697e-03
   6.8205744e-03
   1.6070837e-02
   2.6370024e-02
   3.1858109e-02
   5.3168304e-02
   6.1782304e-02
   2.7266607e-02
   8.4122866e-03
   1.1316244e-02
   1.9771665e-02
   3.9933056e-02
   1.1974321e-02
   7.6570441e-03
   7.6710042e-03
   3.4034342e-02
   8.8722529e-03
   6.8475590e-03
   8.1505822e-03
   2.5062790e-02
   3.1527825e-02
   7.0237927e-02
   4.4920471e-02
   2.4733262e-02
   8.5866461e-03
   1.1710496e-02
   1.3208709e-02
   5.0772894e-02
   1.2664522e-02
   8.0374721e-03
   8.0089020e-03
   3.4912929e-02
   1.4470488e-02
   1.0146367e-02
   1.2263686e-02
   3.3538036e-02
   9.2579469e-02
   1.3958997e-01
   1.0327675e-01
   4.2389430e-02
   1.4114654e-02
   2.2032499e-02
   1.8938640e-02
   3.7760552e-02
   6.9496003e-03
   5.5109230e-03
   5.4325000e-03
   1.9693879e-02
   2.3734966e-02
   2.0046778e-02
   2.3119107e-02
   4.9335856e-02
   2.2276831e-01
   1.6663384e-01
   2.1955372e-01
   8.0155686e-02
   3.2604303e-02
   4.8832957e-02
   3.8952649e-02
   4.5374844e-02
   6.5739788e-03
   4.9289283e-03
   5.0231130e-03
   1.9318955e-02
   1.1679506e-02
   1.0802721e-02
   1.2553825e-02
   2.6355375e-02
   9.8585814e-02
   8.5264213e-02
   9.4708011e-02
   3.7648313e-02
   2.4657147e-02
   2.3471696e-02
   1.8794727e-02
   2.6695039e-02
   6.7323027e-03
   5.1946100e-03
   4.0953015e-03
   2.0519603e-02
   6.5432931e-03
   5.6280135e-03
   6.2497091e-03
   1.3772800e-02
   5.7309285e-02
   4.3940160e-02
   3.0446274e-02
   1.5697941e-02
   2.7163258e-02
   1.2726427e-02
   9.4620604e-03
   1.8711001e-02
   6.7871967e-03
   5.5370452e-03
   5.9745330e-03
   2.0721627e-02
   6.4532747e-03
   5.2430090e-03
   8.2211588e-03
   1.3315128e-02
   4.8755970e-02
   9.2448041e-02
   4.2871132e-02
   1.5279290e-02
   1.5524718e-02
   1.9018726e-02
   1.3628880e-02
   1.9501505e-02
   7.5676022e-03
   5.1366147e-03
   1.7983584e-02
   3.1155910e-02
   7.3276879e-03
   5.7125334e-03
   2.5705259e-02
   1.6404286e-02
   3.9398320e-02
   9.2845559e-02
   1.1022687e-01
   1.7587468e-02
   8.7257614e-03
   1.8109038e-02
   3.0173264e-02
   2.1591390e-02
   5.8254777e-03
   4.4142753e-03
   1.6409706e-02
   2.8615452e-02
   6.2344666e-03
   5.5870349e-03
   2.2809895e-02
   1.5733164e-02
   2.7288247e-02
   4.1315999e-02
   7.3428765e-02
   1.9953603e-02
   7.9930071e-03
   1.1913743e-02
   2.5508633e-02
   3.9398011e-02
   6.3755098e-03
   4.4546402e-03
   5.0213612e-03
   1.9927500e-02
   6.4849155e-03
   5.8141034e-03
   6.5476997e-03
   1.3849767e-02
   3.0345274e-02
   4.7912881e-02
   2.7278913e-02
   1.7724358e-02
   7.7697746e-03
   1.0591271e-02
   1.1326194e-02
   5.2552860e-02
   6.8766419e-03
   4.7889748e-03
   4.7089742e-03
   1.8653672e-02
   1.2339857e-02
   1.0471312e-02
   1.1852820e-02
   2.7440611e-02
   1.0207894e-01
   1.1671504e-01
   9.0116002e-02
   3.9136130e-02
   1.7273543e-02
   2.5442896e-02
   1.9397685e-02
   3.3236943e-02
   4.8602764e-03
   4.8806756e-03
   4.7284323e-03
   1.1095511e-02
   1.9768139e-02
   3.0770181e-02
   2.7138354e-02
   2.9410563e-02
   1.0194329e-01
   6.2991016e-02
   5.5359822e-02
   6.1547171e-02
   2.8765097e-02
   4.9971346e-02
   3.4053084e-02
   6.2109668e-02
   4.0872213e-03
   4.2311973e-03
   3.4716069e-03
   1.1307686e-02
   1.0660634e-02
   1.4142749e-02
   1.3767559e-02
   1.5782436e-02
   4.9942281e-02
   3.5972506e-02
   3.1077314e-02
   3.2452658e-02
   2.9448397e-02
   2.5442762e-02
   1.7714830e-02
   3.3011537e-02
   3.8805357e-03
   4.5907465e-03
   3.2302663e-03
   1.1017432e-02
   7.0688725e-03
   7.1754940e-03
   7.1764574e-03
   9.5806532e-03
   5.8744531e-02
   3.4176994e-02
   1.9028114e-02
   1.3090727e-02
   2.8702892e-02
   1.9673521e-02
   8.5352799e-03
   1.6002914e-02
   5.1426846e-03
   4.6135117e-03
   7.5302506e-03
   1.4640891e-02
   6.7625339e-03
   6.5254951e-03
   1.1999787e-02
   1.0009659e-02
   5.7913564e-02
   8.7733552e-02
   3.0120822e-02
   1.1776377e-02
   1.8827308e-02
   2.2685964e-02
   1.4963087e-02
   1.4902692e-02
   7.9293065e-03
   3.3448508e-03
   2.8636569e-02
   3.7632909e-02
   7.6965485e-03
   5.8787712e-03
   4.4697296e-02
   1.3545137e-02
   3.6117636e-02
   8.2067706e-02
   8.3382532e-02
   1.4465606e-02
   1.2365146e-02
   2.1056982e-02
   4.6460111e-02
   1.8877449e-02
   4.3321513e-03
   2.3945761e-03
   2.6349071e-02
   3.2491501e-02
   6.1534122e-03
   5.9108413e-03
   3.8937256e-02
   9.3665225e-03
   2.4934269e-02
   3.1318173e-02
   6.7071155e-02
   1.5312694e-02
   9.8713990e-03
   1.4857227e-02
   3.6589012e-02
   3.8258608e-02
   4.2006602e-03
   2.5327674e-03
   5.6568398e-03
   1.4977293e-02
   6.8664076e-03
   6.7134108e-03
   8.4953709e-03
   8.6949272e-03
   2.4271786e-02
   2.6693821e-02
   2.2200406e-02
   1.5188370e-02
   9.0746647e-03
   1.3463047e-02
   1.4087767e-02
   5.7425316e-02
   4.7535761e-03
   3.5000010e-03
   4.4198171e-03
   1.1616678e-02
   1.0839892e-02
   1.5214011e-02
   1.3443155e-02
   1.5784554e-02
   5.3658217e-02
   4.4140719e-02
   3.2551300e-02
   3.4608290e-02
   1.6057355e-02
   2.7097220e-02
   1.8716786e-02
   4.1289631e-02
   4.6035810e-03
   7.2833109e-03
   6.8417583e-03
   9.9002179e-03
   5.0361138e-02
   5.0549228e-02
   4.0963076e-02
   4.1670054e-02
   7.0605420e-02
   6.2362768e-02
   6.0370229e-02
   5.3826950e-02
   5.0883379e-02
   9.2351288e-02
   5.8329735e-02
   7.1381062e-02
   4.7518262e-03
   4.9199001e-03
   4.3942467e-03
   1.0754214e-02
   2.0464787e-02
   2.1621037e-02
   2.0409333e-02
   1.5584276e-02
   4.4456311e-02
   3.1166436e-02
   3.2479342e-02
   3.0340478e-02
   5.5844665e-02
   4.5955755e-02
   2.9945444e-02
   4.0849935e-02
   3.6487381e-03
   3.8616825e-03
   4.0057171e-03
   9.6724192e-03
   9.7469352e-03
   1.0686573e-02
   1.0860469e-02
   8.3636157e-03
   8.5752420e-02
   3.8216904e-02
   2.3256896e-02
   1.2610989e-02
   4.6832167e-02
   3.8536910e-02
   1.2087231e-02
   1.6834596e-02
   8.3776079e-03
   2.9481761e-03
   1.0675619e-02
   1.8089304e-02
   1.1646865e-02
   1.0756336e-02
   2.0704456e-02
   1.0696135e-02
   8.8501304e-02
   8.6023867e-02
   3.2151647e-02
   1.3316716e-02
   3.2569531e-02
   2.9584164e-02
   2.3810638e-02
   1.6550500e-02
   1.5687056e-02
   2.2562423e-03
   4.8139930e-02
   6.0536027e-02
   1.5323518e-02
   9.7925225e-03
   7.1011342e-02
   2.3668481e-02
   4.4575639e-02
   6.8464510e-02
   8.2482316e-02
   1.7375607e-02
   2.4070775e-02
   3.5981432e-02
   8.4335148e-02
   2.1954628e-02
   6.0798493e-03
   2.2125680e-03
   4.3574821e-02
   4.4424128e-02
   1.0316916e-02
   8.5976012e-03
   6.4137377e-02
   1.7907280e-02
   3.0193351e-02
   2.4295524e-02
   7.5687915e-02
   1.6702019e-02
   1.4576998e-02
   2.3247791e-02
   5.8307279e-02
   3.0947082e-02
   4.1861953e-03
   2.6737514e-03
   8.7792529e-03
   1.2210007e-02
   1.0280631e-02
   1.0578184e-02
   1.3749624e-02
   8.1725223e-03
   2.5527649e-02
   2.5649846e-02
   2.7874632e-02
   1.5552246e-02
   1.6761241e-02
   1.7845517e-02
   2.6938997e-02
   4.2904176e-02
   5.5125882e-03
   4.4550197e-03
   6.8407296e-03
   9.6160918e-03
   2.2069590e-02
   2.2540128e-02
   1.9291934e-02
   2.0432180e-02
   4.0809836e-02
   3.5247732e-02
   4.5931254e-02
   3.3488434e-02
   2.8887298e-02
   4.6873067e-02
   3.0042944e-02
   4.2275030e-02
