   6.7888208e-02
   8.7564319e-02
   1.0049121e-01
   1.2406208e-02
   8.0085732e-02
   1.1533102e-01
   7.8823917e-02
   5.5500991e-03
   7.4267909e-02
   8.5966542e-02
   6.6438437e-02
   7.4788346e-03
   7.0343494e-02
   1.0441666e-01
   8.3064258e-02
   1.2240472e-02
   4.5092415e-02
   3.9830912e-02
   4.6827696e-02
   8.0345077e-03
   6.4006783e-02
   4.9511958e-02
   3.6491930e-02
   4.8389086e-03
   3.8854580e-02
   3.7056103e-02
   3.4713548e-02
   6.7286151e-03
   4.0181153e-02
   4.3887496e-02
   4.1301068e-02
   1.0644260e-02
   3.6091872e-02
   1.1262500e-02
   1.6193068e-02
   5.4780473e-03
   3.1302676e-02
   6.7167655e-03
   1.0529554e-02
   5.0921384e-03
   2.1602707e-02
   8.0561005e-03
   1.3749819e-02
   6.3956799e-03
   2.2827843e-02
   1.0496235e-02
   1.4648932e-02
   1.0917092e-02
   2.2653401e-02
   1.6237939e-02
   1.8270902e-02
   6.2905210e-03
   2.5387943e-02
   5.7257763e-03
   1.3530464e-02
   6.4147376e-03
   2.3912953e-02
   7.4914871e-03
   1.7412806e-02
   7.9012774e-03
   2.3621250e-02
   9.3998704e-03
   1.7786056e-02
   1.2639884e-02
   1.5613060e-02
   1.2329463e-02
   3.0528285e-02
   8.7655978e-03
   3.0797500e-02
   5.8602500e-03
   2.2674436e-02
   9.0570943e-03
   3.1239739e-02
   7.5581521e-03
   2.6657283e-02
   1.1557789e-02
   2.7973801e-02
   9.3308594e-03
   2.5249833e-02
   1.4800302e-02
   1.2769936e-02
   7.7681160e-03
   3.2040730e-02
   1.0474635e-02
   2.6073154e-02
   5.8892653e-03
   1.4769397e-02
   6.3292319e-03
   2.5086127e-02
   7.5647212e-03
   1.8256314e-02
   8.4710503e-03
   2.9576976e-02
   8.6477594e-03
   1.8025139e-02
   1.1511848e-02
   1.2833083e-02
   8.3336318e-03
   2.2255046e-02
   9.3755862e-03
   2.3134453e-02
   7.1284054e-03
   9.8594613e-03
   4.7168429e-03
   2.6188865e-02
   7.9412162e-03
   1.3361738e-02
   6.8436558e-03
   4.2249776e-02
   9.4419047e-03
   1.4011280e-02
   1.0248696e-02
   3.0038266e-02
   3.4783751e-02
   4.3994959e-02
   8.4219119e-03
   3.8855076e-02
   4.2466778e-02
   3.2416269e-02
   5.1517799e-03
   5.2904550e-02
   3.2390602e-02
   3.1143755e-02
   6.0628359e-03
   5.1002260e-02
   3.9449710e-02
   3.7361659e-02
   1.1092989e-02
   9.9521011e-02
   1.2703864e-01
   1.3499849e-01
   1.7962683e-02
   1.0862320e-01
   1.5158096e-01
   1.0311594e-01
   5.3096092e-03
   1.1171392e-01
   1.4120027e-01
   1.0310735e-01
   8.0588544e-03
   9.7463079e-02
   1.4746958e-01
   1.0236700e-01
   1.2125272e-02
   6.4314254e-02
   5.8438465e-02
   6.3067764e-02
   1.2212850e-02
   9.1781303e-02
   6.6390656e-02
   5.1299434e-02
   3.5101271e-03
   5.7147644e-02
   6.0369264e-02
   5.4836147e-02
   6.0302773e-03
   5.5048045e-02
   6.0904451e-02
   5.4791272e-02
   7.9576876e-03
   4.8662610e-02
   1.6626520e-02
   1.9576134e-02
   7.6681040e-03
   3.9384104e-02
   7.3019727e-03
   1.6630137e-02
   3.1676793e-03
   2.4418578e-02
   8.1835091e-03
   2.3211375e-02
   4.5872126e-03
   2.4537118e-02
   7.9816990e-03
   2.1996625e-02
   6.7098793e-03
   2.8900277e-02
   2.7681449e-02
   2.2864943e-02
   8.4464094e-03
   2.9112028e-02
   4.3563102e-03
   2.0958159e-02
   4.9203215e-03
   2.7114386e-02
   6.5521281e-03
   2.7380606e-02
   6.3225557e-03
   2.5758868e-02
   6.6350494e-03
   2.6953453e-02
   9.4121089e-03
   2.0022320e-02
   1.9518252e-02
   4.8497837e-02
   1.1822610e-02
   3.7611313e-02
   4.5030206e-03
   4.0433981e-02
   8.2632191e-03
   3.6115393e-02
   6.4681885e-03
   4.9429689e-02
   1.0340115e-02
   3.2831836e-02
   6.7032925e-03
   4.5755953e-02
   1.2640025e-02
   1.4005078e-02
   1.0320542e-02
   5.3238556e-02
   1.6345300e-02
   2.7575776e-02
   4.6949494e-03
   2.3174291e-02
   5.2588121e-03
   2.9560506e-02
   6.7202817e-03
   2.9214680e-02
   6.2151072e-03
   4.0776156e-02
   5.8852849e-03
   2.7625848e-02
   7.9214871e-03
   1.6311558e-02
   1.0556657e-02
   3.2910567e-02
   1.5567780e-02
   2.2633120e-02
   7.4176560e-03
   1.5431764e-02
   3.4128393e-03
   3.6904287e-02
   7.9087429e-03
   2.0531736e-02
   4.1403216e-03
   5.8767848e-02
   7.4412758e-03
   1.9846704e-02
   6.1834552e-03
   4.2520378e-02
   4.8220094e-02
   5.6573424e-02
   1.1796139e-02
   4.7580972e-02
   5.3926963e-02
   4.3948956e-02
   4.0416764e-03
   7.9852730e-02
   5.1292848e-02
   4.6742879e-02
   4.3140682e-03
   7.3356271e-02
   5.3520750e-02
   4.5679506e-02
   7.0546437e-03
   1.4475088e-01
   1.7827810e-01
   1.6809924e-01
   3.5447445e-02
   1.9726337e-01
   2.8904274e-01
   1.9874029e-01
   9.4518838e-03
   2.0404746e-01
   3.1900442e-01
   2.1809852e-01
   1.4631577e-02
   1.9188820e-01
   2.9221183e-01
   2.0067918e-01
   2.2925911e-02
   9.1907039e-02
   7.8305915e-02
   7.8734674e-02
   2.2888290e-02
   1.4742953e-01
   1.2617855e-01
   1.0513362e-01
   4.6071210e-03
   1.1846267e-01
   1.3498655e-01
   1.1786927e-01
   7.8674303e-03
   1.0859998e-01
   1.2049279e-01
   1.0937843e-01
   1.1504579e-02
   7.1604759e-02
   2.1818845e-02
   2.2883248e-02
   1.3271078e-02
   6.4668305e-02
   1.1948092e-02
   3.1914808e-02
   2.6915495e-03
   4.4843439e-02
   1.2336306e-02
   4.3864142e-02
   3.5128971e-03
   4.7068466e-02
   9.7031351e-03
   4.4403329e-02
   5.0991983e-03
   4.3264117e-02
   4.1835319e-02
   3.0048367e-02
   1.2737351e-02
   4.6548791e-02
   5.7064253e-03
   3.1851009e-02
   5.9399805e-03
   4.1725263e-02
   6.7527867e-03
   3.7209257e-02
   6.0179951e-03
   3.9655570e-02
   6.8760007e-03
   3.7776649e-02
   9.4838878e-03
   3.2162040e-02
   2.8631035e-02
   5.8862761e-02
   1.8608732e-02
   4.6171203e-02
   4.7598113e-03
   7.1917571e-02
   1.0798918e-02
   5.0475031e-02
   7.0159691e-03
   8.0138974e-02
   1.2374992e-02
   5.0676160e-02
   6.9838809e-03
   7.4994326e-02
   1.3058172e-02
   2.2000186e-02
   1.4399479e-02
   7.1829997e-02
   2.9967776e-02
   3.8333729e-02
   4.5582582e-03
   3.1453241e-02
   5.8407253e-03
   4.4858705e-02
   7.0770876e-03
   3.7791498e-02
   5.9948666e-03
   6.6978328e-02
   6.3292296e-03
   3.5008393e-02
   7.7754618e-03
   2.4695309e-02
   1.2472730e-02
   4.5583799e-02
   2.7228912e-02
   3.6857355e-02
   1.0222500e-02
   1.8586989e-02
   3.1416200e-03
   7.1515195e-02
   1.0663367e-02
   2.9337518e-02
   3.2115227e-03
   1.0243496e-01
   8.2910489e-03
   3.2551754e-02
   4.6091084e-03
   5.9179880e-02
   6.6994734e-02
   7.0178397e-02
   1.7847970e-02
   9.0678610e-02
   9.7607002e-02
   7.4698091e-02
   4.3446259e-03
   1.4774732e-01
   1.1174342e-01
   8.1870057e-02
   5.3338651e-03
   1.2023000e-01
   1.0307238e-01
   8.0413058e-02
   9.1871498e-03
   2.6149929e-01
   3.1557548e-01
   2.7650404e-01
   7.2838977e-02
   2.5062647e-01
   3.9372924e-01
   2.8243655e-01
   1.4242738e-02
   2.4001993e-01
   4.0310279e-01
   2.7477044e-01
   1.8908801e-02
   2.7268657e-01
   4.2833120e-01
   3.0111161e-01
   3.2751814e-02
   1.3226132e-01
   1.3747004e-01
   1.2817405e-01
   3.8639143e-02
   1.5224713e-01
   1.7065491e-01
   1.4228053e-01
   6.7490297e-03
   1.5181211e-01
   1.7026551e-01
   1.4099808e-01
   9.6018966e-03
   1.4596076e-01
   1.7594036e-01
   1.5204397e-01
   1.5726671e-02
   8.2344152e-02
   2.8545938e-02
   2.9272985e-02
   1.7616980e-02
   7.4050687e-02
   1.4736484e-02
   2.3662142e-02
   2.8975778e-03
   6.0292449e-02
   1.4865961e-02
   2.9055722e-02
   3.9316332e-03
   6.1048757e-02
   1.2136326e-02
   3.3027813e-02
   4.9382634e-03
   5.6597989e-02
   5.3214148e-02
   3.1989235e-02
   2.4896955e-02
   6.0896847e-02
   9.2697591e-03
   4.5804828e-02
   9.8964795e-03
   6.3095711e-02
   8.6069750e-03
   4.3693207e-02
   1.0302681e-02
   5.7340417e-02
   6.6570682e-03
   3.9978754e-02
   1.3386294e-02
   5.1711354e-02
   3.7995670e-02
   5.8854345e-02
   3.3339843e-02
   8.8812314e-02
   8.7884376e-03
   1.0740054e-01
   1.9227490e-02
   1.0340834e-01
   7.7785300e-03
   1.0408557e-01
   2.0929163e-02
   9.6767791e-02
   6.8631568e-03
   9.8471157e-02
   2.2495018e-02
   3.3810012e-02
   1.6220376e-02
   7.9322457e-02
   4.9862266e-02
   5.1145412e-02
   6.7553641e-03
   4.4449873e-02
   8.5111912e-03
   5.9266057e-02
   8.7940749e-03
   4.5366544e-02
   9.3905665e-03
   5.7281315e-02
   6.5312251e-03
   4.0861104e-02
   1.1790594e-02
   3.9045803e-02
   1.3125791e-02
   5.3384513e-02
   4.2378977e-02
   5.5184122e-02
   1.1858578e-02
   1.1489205e-02
   2.9604658e-03
   7.8170888e-02
   1.2900943e-02
   1.8494438e-02
   3.2365569e-03
   8.7268494e-02
   1.1537501e-02
   2.3932943e-02
   4.5617614e-03
   9.8543204e-02
   1.0836222e-01
   1.0810046e-01
   3.0308723e-02
   1.2405194e-01
   1.3133852e-01
   1.0363215e-01
   5.4059490e-03
   1.7517252e-01
   1.4003068e-01
   9.5021099e-02
   7.0742164e-03
   1.4214259e-01
   1.5133704e-01
   1.0949709e-01
   1.3551291e-02
