   1.0501745e-01
   1.1183897e-01
   1.5939334e-01
   6.4629197e-02
   1.7675146e-01
   1.4549302e-01
   2.0412709e-01
   6.2310264e-02
   2.6239017e-02
   3.6505934e-02
   2.0830180e-02
   3.3463243e-02
   1.7422337e-02
   2.4141040e-02
   2.0476580e-02
   4.9539432e-02
   6.1691552e-02
   9.9583678e-02
   7.0963323e-02
   5.0369099e-02
   8.3645299e-02
   1.0251540e-01
   8.6088590e-02
   4.4651948e-02
   1.2206572e-02
   2.3255285e-02
   1.3919187e-02
   2.8386513e-02
   1.9524662e-02
   1.3801395e-02
   1.6854551e-02
   3.7776761e-02
   5.6333009e-02
   6.8280280e-02
   4.2343762e-02
   4.5753229e-02
   5.2904189e-02
   6.3541405e-02
   4.3785095e-02
   3.6978006e-02
   7.4041011e-03
   1.5586929e-02
   1.1282654e-02
   2.5770146e-02
   2.4795415e-02
   7.8754500e-03
   1.5853623e-02
   3.3790823e-02
   8.8755064e-02
   6.4769872e-02
   4.7755547e-02
   4.6653811e-02
   5.6819636e-02
   9.0968832e-02
   5.2222304e-02
   3.5166774e-02
   6.6532060e-03
   2.1404266e-02
   1.1512542e-02
   2.4377139e-02
   1.6346658e-02
   8.2156844e-03
   1.7221829e-02
   4.0883731e-02
   6.5611839e-02
   7.2660103e-02
   7.4651420e-02
   5.6582309e-02
   5.5873133e-02
   8.8146552e-02
   8.1081323e-02
   4.0313348e-02
   7.2338479e-03
   1.8521689e-02
   2.0649275e-02
   2.5255270e-02
   1.5178771e-02
   8.5771447e-03
   2.7173774e-02
   3.8795263e-02
   3.7291098e-02
   5.1123723e-02
   5.3200115e-02
   5.6198832e-02
   4.0078912e-02
   5.0802402e-02
   5.8026493e-02
   4.4221502e-02
   5.9354948e-03
   1.2651395e-02
   1.9228091e-02
   2.6675100e-02
   1.4320355e-02
   8.0081755e-03
   2.4063891e-02
   4.0771477e-02
   4.5158613e-02
   7.4842170e-02
   4.3119248e-02
   4.2828247e-02
   4.2428900e-02
   7.4260786e-02
   4.5551505e-02
   3.4700826e-02
   5.6387633e-03
   1.4267020e-02
   1.1543803e-02
   2.6546841e-02
   1.3900954e-02
   7.9369368e-03
   1.5912993e-02
   4.4085838e-02
   6.7991592e-02
   9.7330019e-02
   8.5575230e-02
   4.9231611e-02
   9.6561305e-02
   1.2102760e-01
   1.0269874e-01
   4.3704581e-02
   1.3593379e-02
   2.3629541e-02
   1.4707338e-02
   2.8803043e-02
   1.4266140e-02
   1.3382480e-02
   1.6552499e-02
   3.9322454e-02
   1.3494660e-01
   1.2376822e-01
   2.5078246e-01
   6.8988435e-02
   2.3890164e-01
   1.2390929e-01
   2.3183510e-01
   5.4133009e-02
   2.6917679e-02
   4.0547866e-02
   2.6305906e-02
   2.5080867e-02
   1.4652119e-02
   2.5711369e-02
   2.1168379e-02
   5.0909180e-02
   6.9870651e-02
   9.4931044e-02
   9.3236148e-02
   4.0109213e-02
   1.0087561e-01
   1.0064629e-01
   9.2417754e-02
   3.4496009e-02
   1.2805413e-02
   2.6571603e-02
   1.3372879e-02
   1.7404810e-02
   1.8659469e-02
   1.3879976e-02
   1.5639175e-02
   3.5290074e-02
   5.8343194e-02
   7.0525363e-02
   3.6526747e-02
   2.7728640e-02
   5.0672773e-02
   6.4447358e-02
   4.3330614e-02
   2.5322733e-02
   6.8928781e-03
   1.8292574e-02
   6.7043588e-03
   1.4132412e-02
   2.3205806e-02
   6.4856797e-03
   1.1471362e-02
   3.0709384e-02
   1.1217155e-01
   7.5982697e-02
   4.4030152e-02
   3.0230321e-02
   5.9271693e-02
   1.0799568e-01
   4.4329673e-02
   2.5297867e-02
   5.8745937e-03
   2.8429588e-02
   9.3772057e-03
   1.4585443e-02
   1.1918176e-02
   5.9883837e-03
   1.4808455e-02
   4.0634405e-02
   8.1125893e-02
   9.2066877e-02
   9.5897913e-02
   4.5269471e-02
   6.4525284e-02
   1.0637756e-01
   9.4341703e-02
   3.5599105e-02
   7.0603592e-03
   2.4660094e-02
   2.8792839e-02
   1.5408902e-02
   9.4793607e-03
   6.8342914e-03
   3.6269132e-02
   3.7957784e-02
   3.2606911e-02
   5.2442424e-02
   5.9958387e-02
   4.8048072e-02
   3.8921718e-02
   4.7894657e-02
   6.3850470e-02
   4.1225359e-02
   6.7783212e-03
   1.4022998e-02
   2.5173282e-02
   1.4591543e-02
   8.6082313e-03
   6.2732040e-03
   2.9319277e-02
   3.6274705e-02
   3.1956088e-02
   9.1096587e-02
   3.6334254e-02
   2.7613999e-02
   3.6702011e-02
   8.2948096e-02
   4.6397153e-02
   2.7058462e-02
   6.1831055e-03
   1.2725593e-02
   8.8680526e-03
   1.4469894e-02
   8.2329800e-03
   5.7234699e-03
   1.1837329e-02
   4.2272832e-02
   7.1524553e-02
   1.2075824e-01
   1.1995845e-01
   4.2159926e-02
   1.1269399e-01
   1.2884717e-01
   1.1326606e-01
   3.6632661e-02
   1.3214575e-02
   2.5510034e-02
   1.4229371e-02
   1.7830431e-02
   9.4014108e-03
   1.3306865e-02
   1.3810176e-02
   3.5066903e-02
   1.3766237e-01
   8.4189750e-02
   1.6935308e-01
   5.6411456e-02
   2.9099828e-01
   8.7715931e-02
   1.7540792e-01
   5.1757649e-02
   4.9543031e-02
   4.8575904e-02
   3.2193389e-02
   2.6587505e-02
   1.5838651e-02
   3.3958428e-02
   2.4922604e-02
   6.3850820e-02
   7.7790454e-02
   8.3362468e-02
   6.1438568e-02
   3.8561162e-02
   1.1881738e-01
   5.1125854e-02
   7.0848733e-02
   3.4430496e-02
   1.9002391e-02
   3.6210570e-02
   1.3508029e-02
   1.2394306e-02
   2.4787962e-02
   1.7850932e-02
   1.7121060e-02
   4.5089532e-02
   5.0208263e-02
   5.7356097e-02
   3.2342222e-02
   2.8024800e-02
   4.5325898e-02
   3.1096198e-02
   2.5042651e-02
   2.3830527e-02
   7.4466197e-03
   2.6611896e-02
   5.9291441e-03
   8.0571612e-03
   2.4239425e-02
   5.9640813e-03
   1.1670515e-02
   4.0859815e-02
   8.1454158e-02
   7.6047316e-02
   3.8901404e-02
   2.0241093e-02
   6.2019445e-02
   9.0444930e-02
   3.9263465e-02
   2.1723103e-02
   6.5924674e-03
   4.1985676e-02
   1.1896174e-02
   1.1453722e-02
   1.0837305e-02
   5.4563964e-03
   2.0436130e-02
   5.5857431e-02
   6.2138334e-02
   9.9439524e-02
   1.1451107e-01
   4.3791465e-02
   6.2040042e-02
   9.7633466e-02
   1.0608783e-01
   3.8298111e-02
   8.3768247e-03
   3.5893269e-02
   4.5696918e-02
   1.3664904e-02
   8.8957604e-03
   5.5253073e-03
   5.4870702e-02
   5.6105245e-02
   3.0582834e-02
   4.4720355e-02
   6.7883775e-02
   4.6439845e-02
   3.2465599e-02
   3.3662848e-02
   7.2090127e-02
   4.4979800e-02
   7.9215504e-03
   1.7845020e-02
   4.0708862e-02
   1.1037602e-02
   6.5891892e-03
   4.4919425e-03
   4.8259240e-02
   4.1589964e-02
   3.7652466e-02
   8.7751195e-02
   2.5294408e-02
   1.9419964e-02
   3.2765541e-02
   5.2546192e-02
   2.7565736e-02
   2.4959851e-02
   7.2411546e-03
   1.6629821e-02
   1.1180960e-02
   9.2755891e-03
   6.8222140e-03
   5.2625104e-03
   1.3175480e-02
   4.9503244e-02
   7.3393174e-02
   1.0720605e-01
   8.0523364e-02
   3.3016626e-02
   1.3014156e-01
   9.1949135e-02
   8.5931748e-02
   3.5558205e-02
   2.1747058e-02
   3.0714637e-02
   1.7256111e-02
   1.4799469e-02
   9.0779318e-03
   1.6845582e-02
   1.4889476e-02
   4.4170622e-02
   1.2164813e-01
   3.5019495e-02
   6.2156849e-02
   3.2028574e-02
   8.4975697e-02
   4.1336581e-02
   4.1279469e-02
   6.0861524e-02
   7.5304389e-02
   7.5036198e-02
   4.2811248e-02
   3.4784395e-02
   1.9509660e-02
   2.4200184e-02
   2.6645809e-02
   7.8108408e-02
   6.7722186e-02
   1.8356176e-02
   2.4073975e-02
   1.9267889e-02
   3.9391328e-02
   2.4747171e-02
   3.1460844e-02
   3.7954692e-02
   2.7828537e-02
   4.3767884e-02
   1.7269194e-02
   1.3822922e-02
   4.6523508e-02
   1.9557895e-02
   1.9714689e-02
   6.7604855e-02
   4.8541501e-02
   1.8743150e-02
   1.9342875e-02
   1.2749860e-02
   3.6933780e-02
   2.6088348e-02
   2.6275028e-02
   2.3616409e-02
   1.0521588e-02
   5.3268235e-02
   8.0720624e-03
   7.9814168e-03
   4.6900760e-02
   9.0245409e-03
   1.7758375e-02
   4.4761881e-02
   9.3763940e-02
   6.1640326e-02
   2.3397010e-02
   1.4873255e-02
   6.8431363e-02
   6.7071937e-02
   2.8721059e-02
   2.1640830e-02
   1.2206053e-02
   6.2473450e-02
   1.8226288e-02
   1.2399538e-02
   1.9012468e-02
   9.2962896e-03
   3.5958990e-02
   6.3971341e-02
   7.8261875e-02
   6.9211289e-02
   5.5145778e-02
   5.7168864e-02
   6.3564897e-02
   6.4948589e-02
   7.3244452e-02
   4.3137010e-02
   1.5731186e-02
   5.3283691e-02
   7.8464992e-02
   1.8165996e-02
   1.4233233e-02
   8.6706039e-03
   9.5153369e-02
   6.6166736e-02
   3.6313500e-02
   1.8662598e-02
   3.3079758e-02
   5.7538327e-02
   2.5965681e-02
   1.9915489e-02
   5.0432779e-02
   5.1530257e-02
   1.1732660e-02
   3.5826277e-02
   6.6800408e-02
   1.3921892e-02
   1.0604628e-02
   7.5474293e-03
   7.1765386e-02
   4.2244975e-02
   3.0797409e-02
   2.0483619e-02
   1.3416683e-02
   1.4476725e-02
   2.3111301e-02
   1.3740215e-02
   2.7115142e-02
   2.7306480e-02
   7.3131402e-03
   3.0003151e-02
   1.9374169e-02
   9.2128394e-03
   1.2192783e-02
   5.4204958e-03
   2.2222389e-02
   4.9943220e-02
   6.3988537e-02
   3.1092046e-02
   2.9447660e-02
   1.6485974e-02
   4.8734277e-02
   2.8895611e-02
   2.8333651e-02
   3.8949143e-02
   3.2614037e-02
   4.6279050e-02
   2.2655528e-02
   1.8154746e-02
   1.1909914e-02
   1.1112474e-02
   1.5616068e-02
   4.8398037e-02
