   2.8497674e-02
   8.7025151e-02
   6.6635497e-02
   2.6540058e-02
   6.1605312e-02
   1.0093760e-01
   5.9926782e-02
   5.1104747e-02
   8.9816451e-02
   8.3118506e-02
   4.3507427e-02
   6.0532525e-02
   4.8070516e-02
   9.1051139e-02
   7.1314529e-02
   4.8830926e-02
   5.6708686e-02
   5.5284724e-02
   4.1903485e-02
   2.2739861e-02
   9.0980709e-02
   1.0141254e-01
   4.0073246e-02
   5.3380128e-02
   4.5256108e-02
   5.7033055e-02
   3.8461559e-02
   5.9222579e-02
   4.5408193e-02
   8.6279027e-02
   7.2155848e-02
   5.3306002e-02
   1.1685361e-01
   8.9425899e-02
   2.3753183e-02
   2.2158237e-02
   5.5109978e-02
   9.1155313e-02
   2.9120576e-02
   5.4266497e-02
   3.6042143e-02
   4.7391731e-02
   3.5466000e-02
   6.3738048e-02
   4.4373613e-02
   8.1200205e-02
   6.4555012e-02
   5.9581529e-02
   7.6293930e-02
   1.4183423e-01
   2.5251301e-02
   2.6065128e-02
   3.4563255e-02
   7.1717314e-02
   3.3646062e-02
   6.0189482e-02
   3.9568584e-02
   5.6640536e-02
   4.2255349e-02
   7.5239867e-02
   4.7503583e-02
   7.5787999e-02
   6.2343407e-02
   6.8399973e-02
   3.8980741e-02
   6.8338759e-02
   4.9227152e-02
   3.5180174e-02
   3.7320320e-02
   7.2452381e-02
   4.6444133e-02
   6.8907499e-02
   4.8004631e-02
   7.5073607e-02
   5.2722033e-02
   8.9290947e-02
   5.8058098e-02
   7.5971238e-02
   6.6015817e-02
   7.6609895e-02
   2.9844901e-02
   3.2490831e-02
   4.7451530e-02
   3.3991612e-02
   3.4189001e-02
   5.3418521e-02
   4.0468123e-02
   6.2560149e-02
   3.9504692e-02
   6.1930757e-02
   4.1259855e-02
   7.8642741e-02
   7.6152593e-02
   8.2331903e-02
   6.5099552e-02
   6.1429158e-02
   2.6887910e-02
   2.6792755e-02
   2.4532259e-02
   4.1102581e-02
   3.2990593e-02
   4.1963745e-02
   3.4672037e-02
   5.5584315e-02
   4.9906425e-02
   6.7306720e-02
   3.4632109e-02
   6.3751794e-02
   1.2097877e-01
   8.6360246e-02
   6.6437326e-02
   5.1289957e-02
   2.7299324e-02
   4.6945013e-02
   3.4928419e-02
   2.9677264e-02
   3.5016045e-02
   5.8702074e-02
   4.1771900e-02
   5.7449937e-02
   9.4946928e-02
   8.9145347e-02
   3.8255312e-02
   5.8194682e-02
   8.5423999e-02
   8.6455330e-02
   6.4677909e-02
   4.6798915e-02
   3.4810577e-02
   1.3241993e-01
   1.0250661e-01
   2.1925364e-02
   9.3907624e-02
   1.5653682e-01
   8.9680605e-02
   4.5537449e-02
   1.2983143e-01
   1.0373884e-01
   4.6748638e-02
   4.8839111e-02
   4.8790183e-02
   9.0309776e-02
   8.0283515e-02
   4.3842632e-02
   9.2358999e-02
   8.2114369e-02
   6.2910475e-02
   1.6872389e-02
   1.4797175e-01
   1.4215618e-01
   5.4966800e-02
   4.3620802e-02
   5.1964052e-02
   6.5031387e-02
   4.2889368e-02
   4.8243459e-02
   4.2855687e-02
   8.7494776e-02
   8.1168473e-02
   4.5751583e-02
   2.0231982e-01
   9.0500802e-02
   2.7562456e-02
   1.6116332e-02
   8.5368037e-02
   1.1099695e-01
   2.7857460e-02
   4.6693079e-02
   3.7104320e-02
   5.2762467e-02
   3.6412686e-02
   5.0481688e-02
   4.1066993e-02
   8.3678961e-02
   6.8001367e-02
   5.2181460e-02
   1.2553237e-01
   1.1756837e-01
   2.8661625e-02
   2.2769939e-02
   4.2748012e-02
   7.6495469e-02
   3.2901350e-02
   4.8011348e-02
   4.1812602e-02
   6.0670394e-02
   4.1899972e-02
   5.9479885e-02
   4.4265084e-02
   7.2554514e-02
   5.9746101e-02
   5.5374112e-02
   5.2243389e-02
   6.3667677e-02
   6.3608319e-02
   3.2919452e-02
   4.3836113e-02
   6.6667080e-02
   5.2191731e-02
   5.8363710e-02
   6.0660351e-02
   6.5812178e-02
   5.1231526e-02
   6.6763736e-02
   5.6656521e-02
   7.0869073e-02
   6.0246285e-02
   6.5904357e-02
   3.8403127e-02
   3.6155947e-02
   6.1119437e-02
   3.6049601e-02
   3.7411526e-02
   6.4743191e-02
   4.3631729e-02
   5.1199954e-02
   5.1731750e-02
   6.7250408e-02
   3.7196357e-02
   6.1288394e-02
   9.2490561e-02
   7.3146425e-02
   6.1394196e-02
   5.2542273e-02
   3.5080884e-02
   2.9553277e-02
   2.7815374e-02
   4.8402645e-02
   3.1903151e-02
   5.2271727e-02
   3.4176100e-02
   4.8410233e-02
   7.0874929e-02
   8.7263890e-02
   3.1330410e-02
   5.0361644e-02
   1.6827486e-01
   8.8221803e-02
   6.9452956e-02
   4.3059170e-02
   3.3964302e-02
   6.1513245e-02
   4.9497135e-02
   3.0385997e-02
   4.0399969e-02
   8.1943408e-02
   5.3209163e-02
   5.1353447e-02
   1.3910653e-01
   1.1854649e-01
   3.6727436e-02
   4.1376293e-02
   1.1470708e-01
   9.3114100e-02
   7.4300893e-02
   4.2602304e-02
   5.6209132e-02
   5.6696828e-02
   6.1682280e-02
   2.4436712e-02
   1.6287756e-01
   8.4028058e-02
   5.5102635e-02
   4.4191469e-02
   2.0342684e-01
   1.0819705e-01
   6.7441449e-02
   4.0657163e-02
   6.4819403e-02
   8.6782098e-02
   8.5505426e-02
   5.1186141e-02
   1.4614841e-01
   3.6485143e-02
   5.3557944e-02
   1.9284243e-02
   2.4000481e-01
   1.0675085e-01
   4.0449806e-02
   4.4716157e-02
   8.6062908e-02
   8.0677465e-02
   5.7372615e-02
   3.7462030e-02
   4.7911186e-02
   7.8834943e-02
   7.4247375e-02
   4.3423489e-02
   2.8451040e-01
   3.4579530e-02
   4.0456098e-02
   1.4530074e-02
   1.3768542e-01
   8.6935930e-02
   3.2847866e-02
   4.0549051e-02
   5.9231333e-02
   6.5144777e-02
   4.6334255e-02
   3.9231073e-02
   4.6650328e-02
   7.1524963e-02
   6.1175004e-02
   4.8053168e-02
   1.5874784e-01
   4.6138104e-02
   4.0685486e-02
   2.2934720e-02
   6.9193497e-02
   5.5331249e-02
   4.3106284e-02
   4.1329753e-02
   6.1789475e-02
   6.6231206e-02
   5.4811019e-02
   4.7659568e-02
   5.6436773e-02
   6.1575510e-02
   5.7759609e-02
   5.3935986e-02
   6.8634316e-02
   5.1615085e-02
   7.6547660e-02
   4.1484442e-02
   5.6195196e-02
   7.3889017e-02
   6.5288790e-02
   5.1879898e-02
   6.1231863e-02
   7.0291713e-02
   5.6520645e-02
   6.4070210e-02
   7.2055258e-02
   6.2674344e-02
   5.3266071e-02
   5.3972818e-02
   5.6549117e-02
   2.8991228e-02
   7.3256768e-02
   4.1433256e-02
   5.6768518e-02
   5.9237175e-02
   5.0973579e-02
   4.6312958e-02
   7.2146401e-02
   5.9626617e-02
   4.3298841e-02
   5.0466221e-02
   1.0489986e-01
   6.7535400e-02
   5.5638090e-02
   3.9746508e-02
   5.2116681e-02
   3.1846248e-02
   3.7274081e-02
   5.6614909e-02
   5.1231150e-02
   5.8729082e-02
   4.3377195e-02
   3.9681945e-02
   1.1820605e-01
   7.5921208e-02
   4.1395117e-02
   3.8508166e-02
   2.1947393e-01
   6.8892375e-02
   6.0811952e-02
   3.6335930e-02
   5.2058615e-02
   4.3874308e-02
   3.8186949e-02
   3.4160323e-02
   7.3452763e-02
   4.8043899e-02
   5.3257581e-02
   4.6307504e-02
   2.3032328e-01
   1.1870402e-01
   5.3861566e-02
   3.0145133e-02
   1.6019410e-01
   8.1536993e-02
   7.3963448e-02
   3.9565589e-02
   7.3366776e-02
   4.7660574e-02
   7.8627087e-02
   3.4659341e-02
   1.9963992e-01
   4.8512455e-02
   6.4321652e-02
   4.9775131e-02
   2.2339417e-01
   8.9994729e-02
   1.0901255e-01
   3.5304822e-02
   7.9178832e-02
   6.1901029e-02
   8.3869740e-02
   6.2290445e-02
   1.4332089e-01
   2.6330777e-02
   6.9691338e-02
   2.7365703e-02
   2.3904391e-01
   5.1610265e-02
   5.3345323e-02
   3.9910194e-02
   9.6151091e-02
   9.2012204e-02
   8.3868816e-02
   3.7814185e-02
   5.8378950e-02
   7.0411429e-02
   6.7362338e-02
   4.9269807e-02
   1.7656238e-01
   1.8769281e-02
   6.9529332e-02
   2.0216100e-02
   1.1370768e-01
   3.6268957e-02
   4.5123920e-02
   3.4500387e-02
   8.4879741e-02
   6.4637601e-02
   5.4024380e-02
   4.1304696e-02
   5.7597619e-02
   4.7088351e-02
   6.1803658e-02
   4.3896772e-02
   8.0326058e-02
   3.1533282e-02
   5.0394762e-02
   3.3967279e-02
   6.0876414e-02
   3.3909634e-02
   5.0828122e-02
   4.2968217e-02
   6.4816318e-02
   5.6152396e-02
   5.6046821e-02
   4.8599407e-02
   5.3129360e-02
   5.8059376e-02
   5.9301302e-02
   4.1010980e-02
   7.1239248e-02
   4.4304967e-02
   1.0220820e-01
   5.8985684e-02
   8.7109171e-02
   6.0167607e-02
   7.4507013e-02
   5.1604196e-02
   8.2378685e-02
   7.0776954e-02
   7.5723059e-02
   5.3301260e-02
   6.2044371e-02
   6.4731859e-02
   5.4410640e-02
   5.1400371e-02
   4.9676426e-02
   1.8864669e-02
   1.0630313e-01
   6.5867752e-02
   5.8017984e-02
   3.6015522e-02
   6.6126637e-02
   4.4381071e-02
   6.0835242e-02
   5.8329765e-02
   5.4804336e-02
   4.2159677e-02
   7.2697163e-02
   5.6127712e-02
   4.4923689e-02
   3.6406659e-02
   6.8562783e-02
   1.7897138e-02
   6.1410286e-02
   8.9124329e-02
   7.9171225e-02
   3.8756132e-02
   5.9371263e-02
   4.1578013e-02
   1.0488128e-01
   6.4361177e-02
   5.3680096e-02
   3.3260543e-02
   1.7151648e-01
   5.6077849e-02
   5.2813504e-02
   3.1664599e-02
   7.2199002e-02
   3.9021742e-02
   4.6653125e-02
   5.4193057e-02
   9.7289585e-02
   3.4702741e-02
   6.4564608e-02
   6.1267134e-02
   2.2492445e-01
   7.6761335e-02
   7.4294113e-02
   2.8450327e-02
   1.5546936e-01
   6.0070921e-02
   6.5409295e-02
   4.7914073e-02
