   4.1802254e-02
   5.5061169e-02
   5.4934539e-02
   2.5680685e-02
   4.9933381e-02
   6.8890639e-02
   7.2744697e-02
   2.3894999e-02
   3.2193933e-02
   4.6663664e-02
   4.5719095e-02
   2.0912185e-02
   5.3153258e-02
   6.7724340e-02
   6.1465949e-02
   2.8319517e-02
   3.0971076e-02
   2.8967002e-02
   2.9011749e-02
   1.6451795e-02
   3.3508006e-02
   3.4893539e-02
   3.7089135e-02
   1.4180724e-02
   2.3670848e-02
   2.3405517e-02
   2.6233213e-02
   1.4886633e-02
   3.4717973e-02
   3.3206530e-02
   3.4813441e-02
   2.0460872e-02
   2.6546380e-02
   1.3203283e-02
   1.6320683e-02
   1.0963628e-02
   2.4497077e-02
   1.4685068e-02
   1.8295394e-02
   9.4138952e-03
   1.8469134e-02
   9.9189291e-03
   1.5031230e-02
   1.1548613e-02
   2.4398718e-02
   1.1119515e-02
   2.0374058e-02
   1.6013209e-02
   5.7070687e-02
   2.6933467e-02
   2.8013783e-02
   1.1480387e-02
   5.1241279e-02
   2.7951214e-02
   2.7766863e-02
   1.1059915e-02
   4.6442553e-02
   2.3921365e-02
   3.4002360e-02
   1.2725841e-02
   4.5301735e-02
   2.2007167e-02
   4.1495305e-02
   1.6856657e-02
   1.2477838e-01
   5.3144943e-02
   5.5207979e-02
   1.4840839e-02
   1.1920533e-01
   5.6611564e-02
   4.9747523e-02
   1.5333644e-02
   1.1954375e-01
   5.6090850e-02
   7.1894497e-02
   1.7363681e-02
   1.0054130e-01
   4.7363527e-02
   7.6698005e-02
   2.0559577e-02
   6.0541179e-02
   2.5292641e-02
   3.0888993e-02
   1.2638550e-02
   5.8659781e-02
   2.9480124e-02
   2.9497402e-02
   1.1299865e-02
   5.6220125e-02
   2.7415909e-02
   3.4839336e-02
   1.2113600e-02
   5.6861859e-02
   2.5319647e-02
   4.0737595e-02
   1.6341317e-02
   2.4476564e-02
   1.2306297e-02
   1.6030196e-02
   1.2173517e-02
   2.3874981e-02
   1.4139830e-02
   1.8386113e-02
   1.0002322e-02
   1.8511692e-02
   9.5560607e-03
   1.3883285e-02
   1.0670732e-02
   2.7307192e-02
   1.2005785e-02
   1.9766040e-02
   1.4885470e-02
   2.9463889e-02
   2.5899127e-02
   2.9284334e-02
   1.6198749e-02
   3.1072432e-02
   3.0882584e-02
   3.5005141e-02
   1.3824395e-02
   2.1654766e-02
   2.1136474e-02
   2.2751011e-02
   1.3754708e-02
   3.4111969e-02
   2.8645987e-02
   3.0153465e-02
   1.8203277e-02
   4.4373456e-02
   7.8444175e-02
   8.0504090e-02
   3.7893459e-02
   7.3370047e-02
   1.1626939e-01
   1.0671117e-01
   3.8599767e-02
   4.4217106e-02
   7.5326853e-02
   6.3069582e-02
   2.7418857e-02
   6.5983258e-02
   1.0729556e-01
   9.5204689e-02
   3.6451239e-02
   3.1198995e-02
   4.0491212e-02
   3.9040055e-02
   1.9886414e-02
   4.1440550e-02
   5.8379479e-02
   5.0804514e-02
   1.8969670e-02
   2.4803882e-02
   3.7444171e-02
   3.3264980e-02
   1.5856119e-02
   3.8622774e-02
   5.1934905e-02
   5.1439457e-02
   2.1882672e-02
   2.7431622e-02
   1.7622152e-02
   1.7955331e-02
   9.3631241e-03
   2.3975199e-02
   2.1081841e-02
   1.9877819e-02
   8.7395860e-03
   1.4667344e-02
   1.3736316e-02
   1.7893527e-02
   8.4620332e-03
   2.6652239e-02
   1.6565731e-02
   2.7488619e-02
   1.2193855e-02
   8.6612165e-02
   4.2021237e-02
   3.8725898e-02
   9.8017389e-03
   7.4486949e-02
   3.5392720e-02
   3.7042867e-02
   1.0856866e-02
   7.3641814e-02
   3.3454157e-02
   5.1964317e-02
   1.2665879e-02
   6.9033951e-02
   3.3337593e-02
   6.2292065e-02
   1.5914820e-02
   1.9638723e-01
   8.4510729e-02
   8.4350973e-02
   1.5849926e-02
   1.9382308e-01
   6.9490008e-02
   7.5806260e-02
   1.6892230e-02
   2.0908456e-01
   7.9479486e-02
   1.1478794e-01
   1.9861065e-02
   1.6838518e-01
   7.4133471e-02
   1.2734354e-01
   2.4310144e-02
   9.0541139e-02
   3.8598269e-02
   4.4572409e-02
   1.2189766e-02
   8.8093996e-02
   3.6795147e-02
   4.0678684e-02
   1.1942632e-02
   9.3179300e-02
   3.8478930e-02
   5.3522706e-02
   1.1699411e-02
   8.7234080e-02
   3.7455000e-02
   6.4070441e-02
   1.4597640e-02
   2.3236817e-02
   1.6167494e-02
   1.9175161e-02
   1.1363488e-02
   2.3501500e-02
   2.0433588e-02
   2.0944100e-02
   8.7102028e-03
   1.6534943e-02
   1.3506082e-02
   1.7000005e-02
   7.6594432e-03
   3.1537902e-02
   1.7137032e-02
   2.6915153e-02
   1.0312716e-02
   2.7230799e-02
   3.5931978e-02
   3.8678125e-02
   1.9272229e-02
   3.8892590e-02
   5.0542779e-02
   4.7149576e-02
   1.7201843e-02
   2.3277730e-02
   3.2630865e-02
   2.9044276e-02
   1.3495447e-02
   3.8605634e-02
   4.2015724e-02
   4.2271070e-02
   1.6734159e-02
   7.1325399e-02
   1.3346139e-01
   1.2892832e-01
   6.6044576e-02
   1.0319415e-01
   1.6469926e-01
   1.4218572e-01
   7.0914023e-02
   5.5759441e-02
   1.2036667e-01
   1.1537716e-01
   5.0104976e-02
   1.0547374e-01
   1.6647775e-01
   1.4969833e-01
   6.6474371e-02
   4.8924934e-02
   6.4372778e-02
   5.8935147e-02
   3.2522455e-02
   5.6117438e-02
   8.2792841e-02
   6.7176566e-02
   3.3645712e-02
   3.0589562e-02
   5.7590351e-02
   5.6110129e-02
   2.7131621e-02
   5.6416683e-02
   7.8391418e-02
   7.6820984e-02
   3.6468349e-02
   3.8415860e-02
   2.7744815e-02
   2.7664423e-02
   1.2107944e-02
   3.2858774e-02
   3.0029131e-02
   3.0854842e-02
   1.3257957e-02
   1.6055537e-02
   2.1371890e-02
   2.5719911e-02
   1.1520719e-02
   3.7924558e-02
   2.4963021e-02
   3.5946418e-02
   1.2101575e-02
   1.1905978e-01
   6.4659856e-02
   5.4034635e-02
   1.3817657e-02
   9.7665295e-02
   5.6562565e-02
   5.4138355e-02
   1.4265886e-02
   1.0030818e-01
   5.4038968e-02
   7.3175684e-02
   1.5982494e-02
   9.8795339e-02
   4.6962846e-02
   7.7871531e-02
   1.7135216e-02
   2.5510234e-01
   1.3861339e-01
   1.2422609e-01
   2.2601340e-02
   2.5678834e-01
   1.2662511e-01
   1.2231715e-01
   2.4283012e-02
   2.8943112e-01
   1.3357839e-01
   1.6346191e-01
   2.6862280e-02
   2.3030806e-01
   1.0923665e-01
   1.6661389e-01
   3.0416282e-02
   1.2243029e-01
   6.3749164e-02
   6.2475059e-02
   1.5538961e-02
   1.1594187e-01
   6.3244879e-02
   5.8807302e-02
   1.6375937e-02
   1.2768321e-01
   6.1500162e-02
   7.3469624e-02
   1.4702632e-02
   1.2060065e-01
   5.5527993e-02
   8.0698721e-02
   1.5025805e-02
   3.4297761e-02
   2.8827406e-02
   2.6763286e-02
   1.6107403e-02
   3.4898575e-02
   3.1466592e-02
   2.9333988e-02
   1.1789718e-02
   1.6973451e-02
   1.7295353e-02
   2.5681771e-02
   9.6310331e-03
   4.5646641e-02
   2.3520198e-02
   3.2594692e-02
   1.1622521e-02
   3.9036311e-02
   5.9649657e-02
   5.4663882e-02
   3.0934563e-02
   5.5656098e-02
   7.1150370e-02
   5.8914337e-02
   3.0230409e-02
   2.8960265e-02
   5.2144960e-02
   4.7329705e-02
   2.2021743e-02
   5.8975201e-02
   6.2602282e-02
   5.9794184e-02
   2.5968723e-02
   9.9464580e-02
   1.9209884e-01
   2.3425375e-01
   1.2542781e-01
   1.1593110e-01
   2.2859310e-01
   2.6950130e-01
   1.4507602e-01
   6.8605095e-02
   1.7879733e-01
   1.9886442e-01
   9.8360531e-02
   1.1794838e-01
   1.9901079e-01
   1.6733693e-01
   8.8417806e-02
   5.8550276e-02
   9.1246843e-02
   1.0274235e-01
   5.9507750e-02
   6.5144196e-02
   1.0558800e-01
   1.1911507e-01
   6.7273967e-02
   3.9615035e-02
   8.1406452e-02
   9.1597736e-02
   5.2722983e-02
   6.5507874e-02
   9.1310479e-02
   7.9373315e-02
   4.8426680e-02
   4.7865409e-02
   3.6807001e-02
   3.8790047e-02
   2.2730274e-02
   3.7437290e-02
   3.0607542e-02
   4.0838756e-02
   2.3918144e-02
   1.9879552e-02
   2.9946260e-02
   3.4536660e-02
   2.2718821e-02
   5.1464152e-02
   2.3828557e-02
   3.3173904e-02
   1.6562423e-02
   9.8100893e-02
   7.5520426e-02
   6.5518916e-02
   2.6706912e-02
   7.4706867e-02
   6.4744644e-02
   6.0301781e-02
   2.2344500e-02
   7.8592844e-02
   6.3192911e-02
   7.6801986e-02
   2.8447507e-02
   9.3394391e-02
   5.4472439e-02
   8.1953540e-02
   2.9090220e-02
   1.7014664e-01
   1.7519477e-01
   1.4518839e-01
   4.6944499e-02
   1.8145765e-01
   1.6770053e-01
   1.4302726e-01
   5.5285893e-02
   2.1390760e-01
   1.5339582e-01
   1.7586955e-01
   5.9363842e-02
   1.4772536e-01
   1.2364402e-01
   1.6199389e-01
   5.6648415e-02
   9.6800454e-02
   8.1108361e-02
   6.9529817e-02
   2.7264798e-02
   9.0975970e-02
   6.8192519e-02
   6.4790569e-02
   2.6647372e-02
   9.7074360e-02
   6.8052530e-02
   7.8396708e-02
   2.6349481e-02
   1.0507573e-01
   6.8061963e-02
   7.6502748e-02
   2.7039101e-02
   4.7031231e-02
   4.0260404e-02
   3.1440876e-02
   2.8462080e-02
   4.7579940e-02
   3.4776721e-02
   3.6090903e-02
   1.9617340e-02
   1.9200914e-02
   2.1374378e-02
   3.8624868e-02
   1.5184447e-02
   6.2625006e-02
   2.4660425e-02
   3.7294608e-02
   1.4664631e-02
   5.4915968e-02
   7.7488288e-02
   9.2286393e-02
   5.5560362e-02
   6.5316312e-02
   8.3983749e-02
   1.0273047e-01
   5.9892997e-02
   3.6542788e-02
   7.6221317e-02
   7.2519332e-02
   4.0849134e-02
   8.2292527e-02
   7.0002481e-02
   7.2937928e-02
   3.6439866e-02
