   4.6971153e-02
   8.5760690e-02
   6.2010065e-02
   7.9030367e-03
   3.5550017e-02
   4.6759680e-02
   2.7633823e-02
   7.4294815e-03
   4.2663090e-02
   3.6384188e-02
   3.4839116e-02
   1.0865724e-02
   3.4961000e-02
   3.7466668e-02
   2.9870523e-02
   1.4772064e-02
   3.8690414e-02
   4.3365721e-02
   3.3899054e-02
   7.5359521e-03
   3.4404565e-02
   4.5129463e-02
   2.2966722e-02
   7.1625677e-03
   4.2206749e-02
   4.1937724e-02
   3.5555683e-02
   1.0158652e-02
   3.5365105e-02
   4.3614909e-02
   3.0929795e-02
   1.4774089e-02
   3.3425421e-02
   1.9627269e-02
   1.9291371e-02
   7.2543337e-03
   3.2004181e-02
   3.7342988e-02
   2.1395277e-02
   7.7932333e-03
   3.9199993e-02
   4.5085806e-02
   3.6681149e-02
   1.0915477e-02
   3.3640269e-02
   5.0371852e-02
   3.2851595e-02
   1.5027626e-02
   3.6028661e-02
   2.4681870e-02
   3.0148100e-02
   7.6544960e-03
   3.1775892e-02
   4.2057943e-02
   3.4192901e-02
   1.1564761e-02
   3.6998425e-02
   4.4430301e-02
   4.2617962e-02
   1.9665921e-02
   3.0824788e-02
   5.1144894e-02
   4.3940462e-02
   2.4115045e-02
   4.9456138e-02
   3.5242498e-02
   4.3660939e-02
   9.7153550e-03
   8.1067935e-02
   8.6983301e-02
   4.2868361e-02
   1.1150325e-02
   1.0418203e-01
   5.9771072e-02
   5.0509274e-02
   1.6271170e-02
   9.5921606e-02
   6.9699787e-02
   5.4158721e-02
   2.1379411e-02
   1.0107840e-01
   4.0129725e-02
   2.9298903e-02
   8.5133407e-03
   1.6767099e-01
   9.7204499e-02
   2.7208194e-02
   8.6099897e-03
   1.6726547e-01
   5.4520454e-02
   3.9115410e-02
   1.1185643e-02
   1.3820973e-01
   6.2376205e-02
   3.6921449e-02
   1.5107632e-02
   7.7982180e-02
   2.4192089e-02
   2.0723509e-02
   7.5496989e-03
   7.7754512e-02
   4.2119831e-02
   2.0691605e-02
   7.0488467e-03
   6.3092589e-02
   3.9418425e-02
   3.3895351e-02
   1.0870378e-02
   4.6669081e-02
   5.5907566e-02
   3.3240777e-02
   1.4697374e-02
   4.2236265e-02
   4.1383732e-02
   3.3975732e-02
   7.2137467e-03
   3.3358861e-02
   4.0608890e-02
   2.2205852e-02
   7.3547889e-03
   3.8482260e-02
   4.2685300e-02
   3.2102019e-02
   1.1287800e-02
   3.3192340e-02
   5.1048324e-02
   3.1871013e-02
   1.4762397e-02
   6.0976017e-02
   1.1791899e-01
   7.6440811e-02
   6.6074017e-03
   3.6343072e-02
   4.1830394e-02
   2.6308971e-02
   4.2360961e-03
   3.7014142e-02
   4.4765856e-02
   3.7212297e-02
   6.1520655e-03
   2.4576252e-02
   4.5785319e-02
   3.6303718e-02
   8.0660814e-03
   4.7785882e-02
   5.9864961e-02
   4.0890243e-02
   4.9564727e-03
   3.2293219e-02
   4.0325653e-02
   2.1590695e-02
   3.8637822e-03
   3.5014246e-02
   3.9979201e-02
   3.5817459e-02
   6.0272729e-03
   2.2075774e-02
   4.8466586e-02
   3.6008894e-02
   8.1868591e-03
   4.0937327e-02
   2.4380894e-02
   2.4565723e-02
   4.8635625e-03
   3.2990456e-02
   3.6048170e-02
   2.1486856e-02
   6.2900512e-03
   3.6005106e-02
   4.0230487e-02
   3.3586379e-02
   9.9040568e-03
   2.2536902e-02
   5.4908372e-02
   3.5000026e-02
   1.1529278e-02
   4.3183722e-02
   3.0215593e-02
   3.7778500e-02
   5.2602794e-03
   4.0367816e-02
   4.4964973e-02
   4.2816821e-02
   1.4846629e-02
   4.7519557e-02
   3.8518663e-02
   4.8293464e-02
   2.8952125e-02
   3.5163328e-02
   4.7790699e-02
   5.4964073e-02
   2.7890107e-02
   7.3232487e-02
   4.2177927e-02
   5.2127611e-02
   8.0163199e-03
   1.1927905e-01
   7.5604007e-02
   5.3480417e-02
   1.2816546e-02
   1.4813080e-01
   5.6377754e-02
   5.9429206e-02
   2.1034708e-02
   1.4338809e-01
   6.1224092e-02
   7.0726730e-02
   2.2512253e-02
   1.6361414e-01
   4.9386803e-02
   3.3241417e-02
   6.5875570e-03
   2.5999120e-01
   7.3934257e-02
   2.8489688e-02
   6.9296621e-03
   2.4857140e-01
   5.2517712e-02
   3.9644927e-02
   8.2484456e-03
   2.0358914e-01
   5.5259652e-02
   4.0266424e-02
   1.0044301e-02
   1.2400706e-01
   3.0832103e-02
   2.2946768e-02
   5.0102826e-03
   1.2502506e-01
   4.4697408e-02
   1.7174257e-02
   4.4684988e-03
   9.7613819e-02
   3.7851036e-02
   3.2529499e-02
   6.2879375e-03
   6.6722445e-02
   5.6904234e-02
   3.4442127e-02
   8.5286330e-03
   5.9230417e-02
   5.4729767e-02
   4.1429952e-02
   5.2779769e-03
   4.0887948e-02
   3.8585175e-02
   2.0660266e-02
   4.1900128e-03
   4.0752292e-02
   4.5077205e-02
   3.0737210e-02
   5.9446353e-03
   2.8446954e-02
   5.1937643e-02
   3.3462550e-02
   8.4856292e-03
   9.5397264e-02
   1.5586215e-01
   9.5931418e-02
   9.2426427e-03
   5.3865574e-02
   4.4087227e-02
   2.5361283e-02
   3.3853801e-03
   4.7127653e-02
   6.2685207e-02
   4.0415820e-02
   3.3467603e-03
   3.2074783e-02
   7.0703395e-02
   4.4545166e-02
   5.2239187e-03
   7.7579968e-02
   8.1833750e-02
   5.3877365e-02
   5.5512125e-03
   4.5613982e-02
   3.6322299e-02
   2.4441535e-02
   3.0082967e-03
   5.0836898e-02
   4.7061745e-02
   4.5330420e-02
   3.7447906e-03
   2.9210497e-02
   5.6941565e-02
   4.5083139e-02
   5.6683379e-03
   6.3306354e-02
   2.4071261e-02
   3.4163572e-02
   4.4261487e-03
   5.4012056e-02
   3.5259970e-02
   2.7643200e-02
   7.7827969e-03
   5.0866537e-02
   3.9713774e-02
   4.3772627e-02
   1.3896812e-02
   3.0203510e-02
   5.3554762e-02
   4.1720670e-02
   1.4433689e-02
   6.9187254e-02
   4.2880386e-02
   5.3116810e-02
   5.5262404e-03
   6.2170837e-02
   5.6321342e-02
   6.5547869e-02
   2.4363209e-02
   5.8651645e-02
   3.4616530e-02
   6.0680244e-02
   5.2274562e-02
   5.0317943e-02
   4.5928281e-02
   7.4825108e-02
   4.8732597e-02
   8.3766371e-02
   5.0369374e-02
   7.8294866e-02
   1.0403936e-02
   1.0353518e-01
   9.3181878e-02
   8.3574623e-02
   2.0290900e-02
   1.1279719e-01
   5.3066950e-02
   7.8875780e-02
   3.5732325e-02
   1.2929550e-01
   5.1790420e-02
   9.1640957e-02
   3.7742365e-02
   2.2220472e-01
   2.7479362e-02
   4.5220733e-02
   6.9676978e-03
   2.5557914e-01
   7.9593092e-02
   3.9606255e-02
   8.5475445e-03
   2.1677297e-01
   6.2819168e-02
   5.0677754e-02
   8.5791051e-03
   1.8259154e-01
   4.8664935e-02
   4.6550322e-02
   9.5493793e-03
   1.8538056e-01
   2.3070667e-02
   2.4755267e-02
   3.8815811e-03
   1.5205130e-01
   4.2613406e-02
   1.6380044e-02
   3.7393863e-03
   1.0500919e-01
   5.0218441e-02
   4.1357201e-02
   4.1548992e-03
   7.1975075e-02
   6.2053889e-02
   4.0781371e-02
   5.4154010e-03
   8.5249543e-02
   6.5151311e-02
   5.2242108e-02
   5.3533800e-03
   6.0247116e-02
   3.9151695e-02
   1.8037437e-02
   2.9289089e-03
   5.3826783e-02
   4.9982600e-02
   3.8840856e-02
   3.4414046e-03
   3.6066242e-02
   6.7341968e-02
   3.9506819e-02
   5.4188347e-03
   9.6196145e-02
   1.5556513e-01
   1.1139819e-01
   1.2266120e-02
   5.7436727e-02
   4.5282308e-02
   3.3080749e-02
   4.2418819e-03
   4.7540326e-02
   6.4402781e-02
   7.1389653e-02
   3.4797466e-03
   4.2286322e-02
   7.6570556e-02
   6.2169280e-02
   6.0952771e-03
   8.7273903e-02
   8.7324180e-02
   6.6417105e-02
   8.8616163e-03
   5.9734639e-02
   4.1469470e-02
   3.3130202e-02
   3.4643756e-03
   4.6553947e-02
   4.2797361e-02
   6.5707572e-02
   3.7059952e-03
   2.8774386e-02
   5.4148179e-02
   6.6668101e-02
   6.1678919e-03
   7.0748828e-02
   3.0684125e-02
   4.9312934e-02
   6.4042546e-03
   6.4429894e-02
   3.2161329e-02
   4.0178407e-02
   1.1767052e-02
   4.5656610e-02
   3.0515265e-02
   6.2445443e-02
   2.3026787e-02
   4.1301459e-02
   4.9820889e-02
   5.1293425e-02
   2.4329554e-02
   8.5997187e-02
   6.7893498e-02
   7.9611279e-02
   8.8499645e-03
   6.8261296e-02
   6.5076500e-02
   9.6314587e-02
   4.4844735e-02
   5.9892770e-02
   4.4968307e-02
   7.6620564e-02
   9.5785037e-02
   5.5041950e-02
   5.8850478e-02
   1.0024350e-01
   8.8282950e-02
   6.4329833e-02
   7.9352230e-02
   1.0830476e-01
   1.7277800e-02
   5.4665916e-02
   1.2605177e-01
   1.0842109e-01
   3.6316361e-02
   6.5581769e-02
   8.6317301e-02
   1.2026791e-01
   6.6344149e-02
   9.0462185e-02
   7.4781664e-02
   1.2107171e-01
   6.9914833e-02
   1.4310703e-01
   3.7190810e-02
   6.8436153e-02
   1.0690486e-02
   8.8259079e-02
   9.5762186e-02
   5.8093026e-02
   1.1427194e-02
   9.5191777e-02
   8.6240344e-02
   6.8099461e-02
   1.1123958e-02
   1.0049129e-01
   6.8663545e-02
   5.7600651e-02
   1.4693937e-02
   1.4591040e-01
   2.4605490e-02
   2.6202671e-02
   5.4067955e-03
   9.0158395e-02
   4.2676922e-02
   2.3472166e-02
   3.8488908e-03
   7.1387537e-02
   4.0326405e-02
   5.4747950e-02
   2.9248085e-03
   5.9509441e-02
   5.2814871e-02
   5.6842759e-02
   6.8367110e-03
   8.9380696e-02
   6.8860330e-02
   4.9385976e-02
   7.6472443e-03
   6.4146668e-02
   4.0806968e-02
   1.8775664e-02
   3.2593266e-03
   5.5009097e-02
   4.4635545e-02
   6.4241081e-02
   3.1736798e-03
   4.2050634e-02
   5.5606853e-02
   5.6580372e-02
   6.4840554e-03
