   3.6727440e-02
   5.1294271e-02
   4.0277492e-02
   7.4875746e-03
   3.4659617e-02
   3.0899948e-02
   3.6509480e-02
   8.1113800e-03
   3.3272345e-02
   3.3685688e-02
   2.0995080e-02
   9.0670791e-03
   4.1778103e-02
   3.7146017e-02
   4.5537915e-02
   1.0555793e-02
   3.4690544e-02
   4.7104988e-02
   3.4625337e-02
   7.3403367e-03
   3.2499168e-02
   3.3495005e-02
   2.9715551e-02
   8.3144475e-03
   3.2417584e-02
   3.0688381e-02
   1.9675499e-02
   8.9245951e-03
   4.4359125e-02
   3.6736984e-02
   4.0165737e-02
   1.0737068e-02
   3.4689475e-02
   4.9441542e-02
   3.3114891e-02
   8.0308318e-03
   3.0024879e-02
   3.8755927e-02
   2.7907336e-02
   8.6312853e-03
   2.9830433e-02
   3.2293104e-02
   2.1523103e-02
   8.6780032e-03
   4.2000283e-02
   3.7433986e-02
   3.7468981e-02
   1.0990516e-02
   3.8346555e-02
   5.4185119e-02
   4.1084234e-02
   9.1983052e-03
   3.0393839e-02
   4.0587012e-02
   4.0153991e-02
   9.2687123e-03
   3.0181952e-02
   3.3809327e-02
   4.3809820e-02
   9.3972450e-03
   3.9189115e-02
   3.8758136e-02
   5.5822086e-02
   1.2035904e-02
   4.8723362e-02
   9.8022871e-02
   5.3458367e-02
   1.0823174e-02
   6.7346349e-02
   8.2832567e-02
   5.1863778e-02
   1.1018116e-02
   9.6747287e-02
   5.9437562e-02
   5.5908211e-02
   1.0956174e-02
   1.2429916e-01
   5.1631052e-02
   7.7231042e-02
   1.3360530e-02
   1.0282992e-01
   1.3188376e-01
   4.1599553e-02
   9.2663188e-03
   1.4058168e-01
   9.7258307e-02
   3.8164087e-02
   1.0418188e-02
   1.6298938e-01
   6.1426781e-02
   2.8751783e-02
   1.0913375e-02
   1.7016754e-01
   5.0108980e-02
   4.9828861e-02
   1.1750879e-02
   8.6309992e-02
   6.3530207e-02
   3.0898685e-02
   7.3305727e-03
   7.4130431e-02
   3.7764791e-02
   2.6665969e-02
   8.8652633e-03
   6.1896011e-02
   3.0573277e-02
   2.2083022e-02
   8.8784741e-03
   5.5616055e-02
   4.0771712e-02
   4.2065240e-02
   1.1516260e-02
   3.9858703e-02
   4.7519531e-02
   3.2753892e-02
   7.1267318e-03
   3.3532098e-02
   2.7875226e-02
   2.9472491e-02
   8.4726177e-03
   3.2102533e-02
   3.1606667e-02
   2.0555230e-02
   8.5019944e-03
   3.8001135e-02
   3.6264561e-02
   4.3406110e-02
   1.0815531e-02
   4.3379698e-02
   5.3544611e-02
   3.8054105e-02
   5.1258332e-03
   3.5645839e-02
   2.7777990e-02
   3.5447042e-02
   5.0199367e-03
   2.9780868e-02
   3.0819073e-02
   2.1672308e-02
   6.4036669e-03
   2.6148008e-02
   3.3386670e-02
   4.0134128e-02
   9.0960450e-03
   4.1263841e-02
   4.9763203e-02
   3.3985101e-02
   4.4916342e-03
   3.2061007e-02
   2.8659703e-02
   2.9082546e-02
   5.1295985e-03
   2.6061455e-02
   2.6977921e-02
   1.9251706e-02
   6.1498252e-03
   2.4350516e-02
   3.4087569e-02
   3.4858964e-02
   7.9410300e-03
   4.4413079e-02
   4.9291898e-02
   3.3777531e-02
   5.0192513e-03
   3.1292476e-02
   3.8933638e-02
   3.4508083e-02
   5.8156778e-03
   2.6901182e-02
   2.3143122e-02
   1.8104099e-02
   5.1596267e-03
   2.3965864e-02
   3.5874072e-02
   3.5859462e-02
   7.9920469e-03
   4.6398982e-02
   5.5394299e-02
   4.9944311e-02
   7.1350648e-03
   3.7398510e-02
   4.5061924e-02
   5.4270968e-02
   7.4901376e-03
   3.9719976e-02
   2.8076924e-02
   5.5849444e-02
   7.6585286e-03
   4.0211257e-02
   3.8318347e-02
   6.1581161e-02
   9.5784795e-03
   7.0439637e-02
   8.5471138e-02
   7.2976969e-02
   9.5410161e-03
   1.0711997e-01
   6.4875424e-02
   6.1143775e-02
   9.9445358e-03
   1.4274597e-01
   4.9177028e-02
   7.1873359e-02
   9.3803694e-03
   1.6172431e-01
   5.3562190e-02
   8.7451816e-02
   1.1787602e-02
   1.6760872e-01
   1.1600712e-01
   5.3238779e-02
   6.7291060e-03
   2.3736168e-01
   7.0570856e-02
   4.1779123e-02
   7.8829462e-03
   2.5092933e-01
   4.8453037e-02
   2.3911612e-02
   7.4530314e-03
   2.3185334e-01
   5.3649846e-02
   4.5814369e-02
   8.7172687e-03
   1.3603315e-01
   6.4014331e-02
   3.2216910e-02
   4.5840726e-03
   1.2174071e-01
   3.5227552e-02
   2.9756384e-02
   5.4548830e-03
   9.9799961e-02
   2.9570224e-02
   1.8847363e-02
   6.0290382e-03
   7.6230034e-02
   4.0504679e-02
   3.7417274e-02
   7.3422422e-03
   5.4600250e-02
   4.8951052e-02
   3.1382620e-02
   4.4930051e-03
   4.0415008e-02
   2.7797833e-02
   3.0684818e-02
   4.8659011e-03
   3.4172926e-02
   2.9690027e-02
   2.0787010e-02
   5.8356021e-03
   2.8594907e-02
   3.4317177e-02
   3.9517008e-02
   7.7329595e-03
   6.6679806e-02
   6.3261978e-02
   4.3897640e-02
   4.9397019e-03
   4.9130619e-02
   3.1920984e-02
   4.4496890e-02
   3.8479185e-03
   4.1783616e-02
   2.8818687e-02
   2.0774638e-02
   4.0194066e-03
   2.8481821e-02
   3.9510217e-02
   3.9026503e-02
   9.1117313e-03
   5.8986347e-02
   5.5413838e-02
   4.3708153e-02
   4.2447997e-03
   4.4893753e-02
   3.6295902e-02
   3.5995390e-02
   3.9725108e-03
   3.9188646e-02
   2.4981424e-02
   1.8168230e-02
   3.7240926e-03
   2.8832169e-02
   4.1994043e-02
   3.5161037e-02
   7.6701357e-03
   6.7214474e-02
   5.1102296e-02
   4.8153806e-02
   5.0587137e-03
   5.1145315e-02
   4.8252225e-02
   4.9521890e-02
   4.3929908e-03
   4.0238611e-02
   2.1023741e-02
   2.0282878e-02
   4.9625407e-03
   3.0990811e-02
   4.0203881e-02
   3.4716878e-02
   5.9930864e-03
   6.2971443e-02
   5.1942512e-02
   7.7207714e-02
   8.4788613e-03
   5.6196969e-02
   4.7260653e-02
   8.3999135e-02
   7.6594432e-03
   6.0863722e-02
   3.1030929e-02
   7.7242650e-02
   9.4537204e-03
   5.1914107e-02
   4.0079884e-02
   7.8038163e-02
   8.9128641e-03
   9.0461925e-02
   7.1313836e-02
   1.0738103e-01
   1.2758053e-02
   1.0070625e-01
   7.1163803e-02
   9.3982242e-02
   1.0812686e-02
   1.1138663e-01
   6.6553742e-02
   9.6135728e-02
   1.0573035e-02
   1.1936661e-01
   6.1785039e-02
   1.2332924e-01
   1.3819242e-02
   2.4627110e-01
   7.2683990e-02
   6.9352701e-02
   6.8174498e-03
   2.6244646e-01
   6.7442819e-02
   6.5693267e-02
   6.9287824e-03
   2.1735716e-01
   6.4327180e-02
   2.6770620e-02
   6.4099338e-03
   1.8576886e-01
   5.9885539e-02
   5.3574830e-02
   8.0584018e-03
   2.1753141e-01
   4.8236921e-02
   3.6872007e-02
   3.8960599e-03
   1.5912445e-01
   3.2479603e-02
   3.5880726e-02
   4.0368424e-03
   1.1184747e-01
   2.7093232e-02
   1.7671198e-02
   4.6536103e-03
   7.6739334e-02
   4.1785989e-02
   3.0721286e-02
   7.6569035e-03
   9.0421952e-02
   4.8554044e-02
   3.6821399e-02
   4.1811075e-03
   5.9594542e-02
   2.8048521e-02
   3.7263349e-02
   3.8563171e-03
   5.2423298e-02
   3.1461500e-02
   1.7885258e-02
   3.6264849e-03
   3.5041936e-02
   3.8873028e-02
   3.4265485e-02
   7.5991345e-03
   6.8041675e-02
   6.6999808e-02
   6.5958343e-02
   5.5028349e-03
   6.0023200e-02
   3.6868088e-02
   7.9579800e-02
   5.1177214e-03
   6.1954219e-02
   2.0388175e-02
   1.9406052e-02
   4.5331852e-03
   2.9351460e-02
   4.4470191e-02
   3.9997607e-02
   1.0242721e-02
   6.6595882e-02
   6.3294016e-02
   7.0205428e-02
   5.4166899e-03
   6.0403831e-02
   4.3161023e-02
   5.8538996e-02
   4.0157358e-03
   4.7686372e-02
   1.6157744e-02
   1.5424173e-02
   4.2195530e-03
   2.5091995e-02
   5.0257150e-02
   4.0921286e-02
   8.5734781e-03
   8.3617277e-02
   5.1521949e-02
   6.7213222e-02
   8.0817817e-03
   5.7062592e-02
   5.4149367e-02
   7.5538434e-02
   4.3889498e-03
   3.7480697e-02
   2.3115551e-02
   2.2514738e-02
   5.1116501e-03
   3.5181575e-02
   4.4200007e-02
   4.3079171e-02
   6.8307128e-03
   7.8659572e-02
   4.6059117e-02
   1.2201415e-01
   1.4162023e-02
   6.1246514e-02
   5.2148636e-02
   9.2960536e-02
   1.1736352e-02
   5.5669073e-02
   3.3125903e-02
   6.3989565e-02
   1.3389482e-02
   4.9146794e-02
   4.1122273e-02
   7.4359782e-02
   1.2014139e-02
   7.4499883e-02
   8.6797804e-02
   1.4076523e-01
   2.3272414e-02
   4.8412938e-02
   8.6710118e-02
   1.5922192e-01
   1.7360641e-02
   4.9231153e-02
   9.9116221e-02
   9.2734292e-02
   1.9086031e-02
   6.0366586e-02
   8.4266484e-02
   9.7154275e-02
   2.4168335e-02
   1.5886693e-01
   8.3593220e-02
   8.9607738e-02
   1.1096063e-02
   1.0380007e-01
   9.1201566e-02
   1.1414094e-01
   8.6505469e-03
   6.3818730e-02
   9.3682393e-02
   3.4221765e-02
   8.6667705e-03
   6.8428971e-02
   7.5061381e-02
   4.9915656e-02
   1.1191802e-02
   1.7111854e-01
   5.8518466e-02
   4.5103736e-02
   4.1543799e-03
   1.0411742e-01
   3.9226558e-02
   4.2072203e-02
   3.9751297e-03
   5.6999225e-02
   2.8553937e-02
   1.5234578e-02
   3.5533749e-03
   4.7629997e-02
   3.3145610e-02
   3.6250629e-02
   8.3183954e-03
   8.7661043e-02
   5.5648658e-02
   4.6664543e-02
   5.4297289e-03
   5.4606076e-02
   2.4763023e-02
   5.9167914e-02
   4.7245719e-03
   6.1596863e-02
   2.6676700e-02
   1.4902444e-02
   3.4267958e-03
   4.1600451e-02
   3.8289804e-02
   3.7320774e-02
   8.4046954e-03
