   6.2713949e-03
   1.2113071e-02
   1.2411598e-02
   2.5323557e-02
   2.0051589e-02
   1.2904386e-02
   1.7909905e-02
   2.8854568e-02
   1.4898739e-02
   1.8143980e-02
   1.9637391e-02
   2.5866518e-02
   7.7404813e-03
   9.1658207e-03
   9.9325310e-03
   2.5599124e-02
   4.3793954e-03
   7.1400185e-03
   8.7186201e-03
   2.2431798e-02
   1.4243416e-02
   1.1698981e-02
   1.6542273e-02
   2.6247101e-02
   1.0613321e-02
   1.5419809e-02
   1.8254997e-02
   2.4586421e-02
   4.8856931e-03
   5.6866370e-03
   6.6023981e-03
   2.2330126e-02
   3.8086148e-03
   4.8410976e-03
   7.7499910e-03
   2.1957850e-02
   1.0399948e-02
   1.1716657e-02
   1.6673490e-02
   2.6077084e-02
   7.0834057e-03
   1.4949210e-02
   1.8572753e-02
   2.5057934e-02
   3.9291480e-03
   3.7585907e-03
   5.0794622e-03
   2.2022219e-02
   4.1762348e-03
   5.0390749e-03
   1.0087701e-02
   2.4899963e-02
   1.0833994e-02
   1.3343788e-02
   1.8098816e-02
   2.9163772e-02
   7.5176358e-03
   1.6522247e-02
   2.0338422e-02
   2.7728673e-02
   4.2973356e-03
   3.7779252e-03
   6.1048595e-03
   2.5418749e-02
   5.2945418e-03
   6.6393381e-03
   1.1342791e-02
   2.7852934e-02
   1.2373921e-02
   1.5536870e-02
   1.9304657e-02
   3.1464443e-02
   1.1248367e-02
   1.7456152e-02
   2.0931561e-02
   2.9771142e-02
   5.5843657e-03
   3.9404691e-03
   6.2401309e-03
   2.8396334e-02
   4.5321300e-03
   6.7425058e-03
   8.7446226e-03
   2.4876773e-02
   1.3813284e-02
   1.5763527e-02
   1.7859772e-02
   2.9003533e-02
   1.2676043e-02
   1.6081370e-02
   1.9194337e-02
   2.6916217e-02
   4.7999327e-03
   3.7734865e-03
   5.1730787e-03
   2.4158953e-02
   4.1329577e-03
   5.2867341e-03
   7.4699773e-03
   2.1821657e-02
   1.1584856e-02
   1.2883944e-02
   1.5846755e-02
   2.5935039e-02
   7.9833530e-03
   1.4513058e-02
   1.7290113e-02
   2.3894107e-02
   3.7599308e-03
   3.6088151e-03
   4.6841213e-03
   2.1153513e-02
   4.3823547e-03
   7.3168571e-03
   8.6182356e-03
   2.2343371e-02
   1.3323953e-02
   1.2022921e-02
   1.5869824e-02
   2.5983358e-02
   9.5467120e-03
   1.5041094e-02
   1.7194413e-02
   2.3772450e-02
   4.5402581e-03
   4.7684992e-03
   5.5795759e-03
   2.1780629e-02
   6.7394041e-03
   1.6200239e-02
   1.4906924e-02
   2.7107615e-02
   2.8131358e-02
   1.5535003e-02
   2.3085287e-02
   3.4380704e-02
   2.0692378e-02
   2.4945747e-02
   2.5571700e-02
   2.9219998e-02
   9.4159488e-03
   1.1125614e-02
   1.2010584e-02
   2.9718766e-02
   4.8763598e-03
   9.6340897e-03
   1.0377145e-02
   2.4495648e-02
   1.8727560e-02
   1.4063501e-02
   2.1460231e-02
   3.1308178e-02
   1.3747835e-02
   2.0126909e-02
   2.3250494e-02
   2.8087502e-02
   6.1612497e-03
   6.9555850e-03
   7.9633221e-03
   2.5923334e-02
   4.2499127e-03
   6.1900793e-03
   8.9147910e-03
   2.3955155e-02
   1.2646306e-02
   1.4045242e-02
   2.1107728e-02
   3.0895187e-02
   8.2278643e-03
   1.8666975e-02
   2.2655891e-02
   2.8514123e-02
   4.6643619e-03
   4.5415354e-03
   6.0399049e-03
   2.5008732e-02
   4.4727339e-03
   6.3242819e-03
   1.1649423e-02
   2.5577087e-02
   1.2611820e-02
   1.5830331e-02
   2.1512041e-02
   3.3393711e-02
   8.5128918e-03
   1.9910455e-02
   2.3599010e-02
   3.0472854e-02
   4.9048974e-03
   4.3426496e-03
   7.0675062e-03
   2.7486147e-02
   5.5646216e-03
   8.4446184e-03
   1.3077382e-02
   2.7068902e-02
   1.4165272e-02
   1.9165114e-02
   2.2611408e-02
   3.4389153e-02
   1.3276273e-02
   2.0220108e-02
   2.3700416e-02
   3.1260245e-02
   6.1858469e-03
   4.4556810e-03
   7.1759294e-03
   2.9260421e-02
   4.8137046e-03
   8.6708898e-03
   9.9267932e-03
   2.5426403e-02
   1.6899718e-02
   2.0729167e-02
   2.1515548e-02
   3.2789554e-02
   1.5366599e-02
   1.8797616e-02
   2.2286562e-02
   2.9512411e-02
   5.4478408e-03
   4.3143723e-03
   5.9844386e-03
   2.5346430e-02
   4.5609605e-03
   6.9924425e-03
   8.6644189e-03
   2.3775430e-02
   1.4107453e-02
   1.6649315e-02
   1.9334441e-02
   3.0748714e-02
   9.4205905e-03
   1.7563876e-02
   2.1219740e-02
   2.7315671e-02
   4.4665658e-03
   4.2760144e-03
   5.5548884e-03
   2.3623096e-02
   4.8689819e-03
   9.8734815e-03
   1.0246496e-02
   2.4469815e-02
   1.6781757e-02
   1.4539952e-02
   1.9783586e-02
   3.0470757e-02
   1.1998294e-02
   1.9095147e-02
   2.1224942e-02
   2.7074916e-02
   5.4589589e-03
   5.8138655e-03
   6.6715106e-03
   2.4655584e-02
   6.6789272e-03
   2.0051025e-02
   1.5945332e-02
   2.4369206e-02
   3.7301701e-02
   1.6499173e-02
   2.8369585e-02
   3.6307119e-02
   2.7407033e-02
   3.1182256e-02
   2.9977953e-02
   2.6989136e-02
   1.1548574e-02
   1.3632946e-02
   1.5171316e-02
   3.1657327e-02
   4.5649172e-03
   1.1689237e-02
   1.0470182e-02
   2.1473842e-02
   2.2699948e-02
   1.4396503e-02
   2.4378298e-02
   3.1211361e-02
   1.6796315e-02
   2.1947818e-02
   2.4398249e-02
   2.4905130e-02
   7.3182164e-03
   7.8444555e-03
   9.1717876e-03
   2.5214599e-02
   3.7115701e-03
   6.9188499e-03
   8.4940856e-03
   2.0910598e-02
   1.3101382e-02
   1.3792081e-02
   2.2385068e-02
   3.1380899e-02
   8.3586266e-03
   1.7814506e-02
   2.0926606e-02
   2.4813009e-02
   4.9326234e-03
   4.3753451e-03
   5.9459805e-03
   2.3022117e-02
   3.7734606e-03
   6.8247267e-03
   1.1985303e-02
   2.1667397e-02
   1.3127756e-02
   1.6115909e-02
   2.1913383e-02
   3.4546115e-02
   8.4007056e-03
   1.9222729e-02
   2.0886799e-02
   2.7637281e-02
   5.0222469e-03
   4.0326100e-03
   7.0799333e-03
   2.5095982e-02
   4.9531497e-03
   9.6725160e-03
   1.3504721e-02
   2.2228261e-02
   1.5175532e-02
   2.3202209e-02
   2.2872411e-02
   3.3459499e-02
   1.5631719e-02
   1.8522073e-02
   2.0861611e-02
   2.8279474e-02
   6.1650099e-03
   3.9801770e-03
   7.2770221e-03
   2.6035283e-02
   4.2386940e-03
   9.9251773e-03
   9.4650146e-03
   2.1247372e-02
   1.9913448e-02
   2.7056396e-02
   2.1474192e-02
   3.0973176e-02
   1.8977428e-02
   1.6941793e-02
   2.0772649e-02
   2.6739448e-02
   5.4240073e-03
   3.9326120e-03
   5.8814855e-03
   2.1712108e-02
   4.0705623e-03
   7.4809315e-03
   8.2579041e-03
   2.0230448e-02
   1.5590462e-02
   1.9483374e-02
   1.9074766e-02
   2.8703412e-02
   9.9927876e-03
   1.6163750e-02
   2.0474695e-02
   2.4707388e-02
   4.4836747e-03
   4.0551168e-03
   5.5141086e-03
   2.0171864e-02
   4.4668275e-03
   1.1669551e-02
   1.0186577e-02
   2.0949733e-02
   1.9788222e-02
   1.5287837e-02
   2.1150511e-02
   2.9290887e-02
   1.4127840e-02
   2.0028638e-02
   2.1482797e-02
   2.3858983e-02
   6.0346932e-03
   6.1847176e-03
   7.2502466e-03
   2.2540713e-02
   6.6804811e-03
   2.1667995e-02
   1.7797697e-02
   2.0578859e-02
   5.4011758e-02
   1.7268615e-02
   2.8572561e-02
   3.5730798e-02
   3.8728669e-02
   3.8819123e-02
   3.6313247e-02
   2.4983937e-02
   1.5460435e-02
   1.8609850e-02
   2.3463700e-02
   3.8139042e-02
   4.1866708e-03
   1.2890658e-02
   1.0574010e-02
   1.6785588e-02
   3.0310305e-02
   1.3743495e-02
   2.3393625e-02
   2.8411275e-02
   2.2165794e-02
   2.3903841e-02
   2.4642263e-02
   2.0469988e-02
   9.8602278e-03
   9.2756134e-03
   1.2414651e-02
   2.5530664e-02
   3.0939877e-03
   6.8524638e-03
   7.5509846e-03
   1.5880890e-02
   1.2869706e-02
   1.2637820e-02
   2.1064205e-02
   2.8944274e-02
   8.5860398e-03
   1.6373288e-02
   1.6282735e-02
   1.8989241e-02
   5.3759688e-03
   3.4888925e-03
   5.3766873e-03
   1.8873196e-02
   3.2289110e-03
   6.7936312e-03
   1.3179009e-02
   1.6869429e-02
   1.3059262e-02
   1.6679475e-02
   2.0263974e-02
   3.2745503e-02
   8.5572582e-03
   1.8776853e-02
   1.6101822e-02
   2.2339851e-02
   5.0541717e-03
   3.2381103e-03
   7.0853615e-03
   2.2397192e-02
   4.7136247e-03
   1.1384455e-02
   1.5418182e-02
   1.7326195e-02
   1.6409697e-02
   2.9279022e-02
   2.1586550e-02
   2.9988024e-02
   2.0135766e-02
   1.6711773e-02
   1.6729834e-02
   2.3918089e-02
   6.6746841e-03
   3.2540569e-03
   7.3703104e-03
   2.3486689e-02
   3.7764851e-03
   1.1695643e-02
   8.7926621e-03
   1.6243644e-02
   2.3333680e-02
   3.5489008e-02
   2.0930130e-02
   2.6825158e-02
   2.5754509e-02
   1.3647912e-02
   1.7779745e-02
   2.1739947e-02
   5.7684137e-03
   3.1753290e-03
   5.2297632e-03
   1.7154425e-02
   3.5922294e-03
   7.0346030e-03
   7.1920282e-03
   1.5574024e-02
   1.7810691e-02
   2.2590665e-02
   1.7892133e-02
   2.4163065e-02
   1.1026451e-02
   1.2417951e-02
   1.8302882e-02
   1.9715270e-02
   4.4385684e-03
   3.3657749e-03
   4.7985553e-03
   1.5485095e-02
   4.0143747e-03
   1.1641784e-02
   1.0197515e-02
   1.6238920e-02
   2.5798976e-02
   1.5725540e-02
   2.0330345e-02
   2.5633262e-02
   1.8031022e-02
   1.9659758e-02
   2.0445436e-02
   1.9104760e-02
   7.3185922e-03
   7.0884353e-03
   9.0417573e-03
   2.1130055e-02
