   2.1476902e-02
   8.5554697e-02
   7.2867930e-02
   6.7696527e-02
   1.7497372e-02
   2.7724031e-02
   6.1899498e-02
   7.7540375e-02
   1.6684730e-02
   5.3607948e-02
   6.9190197e-02
   6.1033692e-02
   2.7872521e-02
   6.3163988e-02
   5.8853023e-02
   6.2157035e-02
   2.5853857e-02
   4.8911162e-02
   3.9181367e-02
   5.2002519e-02
   1.6786788e-02
   1.9471701e-02
   3.7377257e-02
   6.0143154e-02
   1.4787102e-02
   3.0737886e-02
   4.6056837e-02
   6.1547965e-02
   2.2579892e-02
   3.7387282e-02
   3.5708785e-02
   5.1381599e-02
   2.9263360e-02
   2.9457331e-02
   2.4376540e-02
   4.5365695e-02
   1.8005628e-02
   1.3371715e-02
   2.2344427e-02
   5.2622285e-02
   1.4226551e-02
   1.4561739e-02
   3.3537291e-02
   6.8294361e-02
   1.6795680e-02
   1.7533749e-02
   2.0956209e-02
   4.8693258e-02
   1.8914687e-02
   3.3918489e-02
   2.5533291e-02
   4.5053132e-02
   2.8127054e-02
   1.6667766e-02
   2.3145480e-02
   5.3237509e-02
   1.5574730e-02
   1.2936286e-02
   3.0257327e-02
   5.4618783e-02
   1.6069215e-02
   1.7915502e-02
   3.0184342e-02
   3.7307039e-02
   1.5667211e-02
   2.8297039e-02
   3.6490034e-02
   4.7870930e-02
   4.7760870e-02
   2.5130838e-02
   3.1991411e-02
   5.5818889e-02
   1.8944854e-02
   1.4111722e-02
   2.9085770e-02
   5.3951696e-02
   1.6960301e-02
   2.2441011e-02
   3.1933777e-02
   3.5317771e-02
   1.5233291e-02
   2.1717707e-02
   3.2785606e-02
   4.9762223e-02
   2.5864342e-02
   1.5220766e-02
   2.8395392e-02
   5.6918405e-02
   1.5853146e-02
   1.6014867e-02
   2.1135313e-02
   5.0723068e-02
   1.8961433e-02
   2.5222998e-02
   2.1823561e-02
   3.4946322e-02
   1.6009286e-02
   2.0721225e-02
   2.9113099e-02
   6.8328716e-02
   1.7568931e-02
   1.0592757e-02
   2.9810315e-02
   5.4289684e-02
   2.2427401e-02
   1.8908609e-02
   2.0681584e-02
   4.9385212e-02
   2.3845350e-02
   2.0992778e-02
   1.9831145e-02
   3.5208490e-02
   1.8276475e-02
   4.2767700e-02
   4.2105339e-02
   6.1943155e-02
   1.7417880e-02
   1.7548187e-02
   3.9796378e-02
   5.8589648e-02
   2.2812255e-02
   3.1608474e-02
   3.8915087e-02
   5.2786738e-02
   2.3949010e-02
   3.2264382e-02
   3.2111958e-02
   4.3136489e-02
   1.2008631e-02
   4.2135928e-02
   6.3784689e-02
   5.8587246e-02
   1.2585924e-02
   3.3010215e-02
   6.7686491e-02
   5.4836579e-02
   1.3362675e-02
   5.4181937e-02
   6.2801383e-02
   4.4116091e-02
   2.0660333e-02
   4.8764739e-02
   6.2303849e-02
   6.1421514e-02
   2.1610005e-02
   3.2627158e-02
   3.4603883e-02
   3.9650079e-02
   1.2862692e-02
   2.4370594e-02
   3.8270913e-02
   3.7259091e-02
   1.1088087e-02
   2.8502770e-02
   4.6272028e-02
   4.9990140e-02
   1.5092175e-02
   2.7349478e-02
   3.7429992e-02
   4.6449881e-02
   2.8000494e-02
   2.6977021e-02
   1.8308356e-02
   2.9370129e-02
   1.1998638e-02
   1.7413491e-02
   2.2339426e-02
   2.9682942e-02
   9.4459094e-03
   1.1833052e-02
   4.1695368e-02
   5.9361260e-02
   1.1064084e-02
   1.3871549e-02
   1.7009011e-02
   4.5140330e-02
   1.4769763e-02
   2.9302044e-02
   2.0481087e-02
   2.8435212e-02
   2.7440634e-02
   2.2865647e-02
   2.6816146e-02
   3.1227989e-02
   1.2310150e-02
   1.1187416e-02
   3.7819333e-02
   3.9574705e-02
   9.9098505e-03
   1.3163649e-02
   3.2136071e-02
   2.8074751e-02
   1.0182164e-02
   2.4123373e-02
   3.5510249e-02
   3.8041618e-02
   5.6430917e-02
   3.3802010e-02
   4.4623785e-02
   3.3746000e-02
   1.8115336e-02
   1.4062295e-02
   3.4065012e-02
   3.5137262e-02
   1.1020213e-02
   1.7364496e-02
   3.2783136e-02
   2.2722309e-02
   9.4673401e-03
   1.7354062e-02
   3.4227386e-02
   3.9083157e-02
   2.5150348e-02
   1.8788725e-02
   3.4377996e-02
   3.2845758e-02
   1.3687804e-02
   1.7489700e-02
   2.0078955e-02
   3.0328039e-02
   1.4132756e-02
   2.1673331e-02
   1.5360029e-02
   2.1808675e-02
   9.7157899e-03
   1.5410199e-02
   2.8361054e-02
   6.3193843e-02
   1.0797755e-02
   1.2343715e-02
   3.1546384e-02
   3.0519422e-02
   1.8451799e-02
   2.2574568e-02
   1.8761912e-02
   3.0221457e-02
   2.3697495e-02
   1.8298382e-02
   1.3938583e-02
   2.1507224e-02
   1.0314907e-02
   2.4334362e-02
   4.0982660e-02
   5.7853349e-02
   1.1100704e-02
   2.1402873e-02
   4.4882793e-02
   3.7133552e-02
   1.9826980e-02
   3.6526106e-02
   3.5107050e-02
   3.2521933e-02
   2.3074325e-02
   2.8111117e-02
   2.6757739e-02
   3.6636796e-02
   1.2128732e-02
   5.1004872e-02
   5.8337066e-02
   4.0477037e-02
   9.1432799e-03
   4.6480730e-02
   7.5307928e-02
   3.8598027e-02
   1.2380850e-02
   7.2858445e-02
   7.1912654e-02
   2.9907232e-02
   2.8809570e-02
   5.2598491e-02
   5.1687960e-02
   6.0141206e-02
   2.4668699e-02
   4.6359852e-02
   3.6221560e-02
   2.7380364e-02
   9.6780164e-03
   3.5960220e-02
   4.2439196e-02
   2.2656962e-02
   1.0492682e-02
   3.6807224e-02
   5.2332461e-02
   4.4933103e-02
   1.9336119e-02
   2.9911334e-02
   3.4819908e-02
   4.3416899e-02
   3.1759705e-02
   3.8273081e-02
   2.1199023e-02
   2.3595084e-02
   1.0055490e-02
   2.7057068e-02
   2.6029266e-02
   1.7651809e-02
   9.3959598e-03
   1.5420904e-02
   5.4551177e-02
   6.2076651e-02
   1.2073006e-02
   1.3983601e-02
   2.4294872e-02
   4.9535513e-02
   1.7542260e-02
   3.6449030e-02
   2.4900144e-02
   2.4490297e-02
   3.1640671e-02
   3.3153009e-02
   3.2703757e-02
   1.8632781e-02
   1.5895147e-02
   1.4473000e-02
   4.7237478e-02
   3.4565032e-02
   1.0232382e-02
   1.3164612e-02
   4.3265395e-02
   2.7093817e-02
   1.0662493e-02
   2.8541582e-02
   4.4828866e-02
   3.2466497e-02
   6.7555286e-02
   4.9123820e-02
   6.1609853e-02
   2.3527574e-02
   2.1469263e-02
   2.1643959e-02
   4.3295737e-02
   2.5883829e-02
   1.4248657e-02
   1.7676007e-02
   3.9666276e-02
   2.0404065e-02
   9.3512032e-03
   1.6779324e-02
   4.0926713e-02
   4.0688325e-02
   2.9496990e-02
   2.7612368e-02
   4.2353790e-02
   2.1878112e-02
   1.5493901e-02
   2.6679916e-02
   2.7677689e-02
   2.1758182e-02
   1.9849440e-02
   2.7003912e-02
   1.8780975e-02
   1.5156507e-02
   1.0490696e-02
   1.4900707e-02
   4.0468629e-02
   7.9669535e-02
   9.9473558e-03
   1.7778879e-02
   3.6752332e-02
   2.0141041e-02
   2.1614091e-02
   3.5768475e-02
   2.2914546e-02
   1.8387007e-02
   3.3370335e-02
   2.5460904e-02
   1.6814878e-02
   1.5484580e-02
   9.6647916e-03
   2.8480556e-02
   4.6427049e-02
   5.3778164e-02
   8.2685268e-03
   2.9259663e-02
   4.8778713e-02
   2.4410216e-02
   2.1591857e-02
   5.5569161e-02
   4.3483309e-02
   2.1460574e-02
   3.1440299e-02
   2.5793580e-02
   2.4547908e-02
   3.5429146e-02
   1.8773900e-02
   8.2704775e-02
   8.9059107e-02
   4.9029101e-02
   9.7990092e-03
   5.3569082e-02
   9.1347061e-02
   3.7560515e-02
   1.5261612e-02
   9.6259132e-02
   7.7802591e-02
   3.5312381e-02
   4.0128227e-02
   8.9660972e-02
   7.3958501e-02
   6.0354527e-02
   4.3758839e-02
   7.8437038e-02
   5.1968340e-02
   2.9578561e-02
   9.6061705e-03
   4.6724826e-02
   4.9911272e-02
   1.9374169e-02
   1.3512060e-02
   5.4989435e-02
   6.4722784e-02
   4.3914117e-02
   2.9445251e-02
   4.0668245e-02
   4.9922608e-02
   4.8098546e-02
   5.5834152e-02
   5.3134117e-02
   3.1017838e-02
   2.7191836e-02
   1.0990039e-02
   3.7093386e-02
   3.9068744e-02
   1.7596327e-02
   1.3985737e-02
   2.4099661e-02
   7.4948780e-02
   5.4230288e-02
   1.7806113e-02
   1.7778285e-02
   3.4672625e-02
   4.7051799e-02
   2.9116614e-02
   4.7641940e-02
   3.7569597e-02
   2.2500146e-02
   3.6663197e-02
   5.3301092e-02
   5.8638267e-02
   1.6545262e-02
   2.1929448e-02
   1.9897321e-02
   7.5986348e-02
   4.1983489e-02
   1.7888332e-02
   2.0420784e-02
   6.9056734e-02
   2.7391678e-02
   1.6274858e-02
   4.2001266e-02
   7.0413142e-02
   3.6010899e-02
   7.6792091e-02
   8.6673096e-02
   1.1498268e-01
   2.0166544e-02
   2.6448349e-02
   3.6951408e-02
   6.5414660e-02
   2.2435877e-02
   2.6689399e-02
   2.4171256e-02
   6.2172648e-02
   1.8776821e-02
   1.4875045e-02
   2.4105281e-02
   5.7880517e-02
   4.7533799e-02
   3.4886062e-02
   4.5781773e-02
   7.2193868e-02
   1.6326016e-02
   2.3269266e-02
   4.5231793e-02
   4.1439444e-02
   1.5507396e-02
   3.4063634e-02
   3.0737819e-02
   3.5843533e-02
   1.3124680e-02
   1.7278742e-02
   2.0844670e-02
   5.4122359e-02
   7.2847813e-02
   1.2335271e-02
   3.4021508e-02
   4.6830270e-02
   1.4359344e-02
   3.9551180e-02
   4.7476657e-02
   2.7356107e-02
   1.5413230e-02
   4.5641340e-02
   2.8182326e-02
   2.3856951e-02
   1.8684888e-02
   1.5256562e-02
   3.9256021e-02
   5.5755634e-02
   5.8765698e-02
   9.7404895e-03
   3.6562070e-02
   5.6201342e-02
   2.0102300e-02
   3.6523398e-02
   7.4914992e-02
   4.8186529e-02
   1.8802540e-02
   4.9850453e-02
   3.7665356e-02
   3.2591395e-02
   3.9587080e-02
