   3.8252838e-02
   9.3290798e-02
   8.1225596e-02
   1.0487700e-02
   5.8171641e-02
   8.4728651e-02
   6.7349873e-02
   6.0367002e-03
   7.9608850e-02
   1.2445984e-01
   8.4653154e-02
   4.2303056e-03
   6.8690218e-02
   7.3063105e-02
   8.4210806e-02
   9.8666530e-03
   5.3931020e-02
   4.2397879e-02
   3.7321709e-02
   9.2366785e-03
   6.7915775e-02
   3.4729633e-02
   3.1150008e-02
   4.8592803e-03
   4.0733222e-02
   4.8074365e-02
   3.7280448e-02
   3.6401872e-03
   3.3540595e-02
   3.1492472e-02
   3.8796168e-02
   6.9997613e-03
   8.2229406e-02
   2.4775473e-02
   1.6822290e-02
   8.1490157e-03
   3.7467975e-02
   8.9724418e-03
   1.2252142e-02
   4.8300670e-03
   2.7014770e-02
   6.6449395e-03
   9.9000484e-03
   3.6786245e-03
   1.4931926e-02
   7.9867588e-03
   1.6411137e-02
   8.9736050e-03
   5.4186273e-02
   2.9157836e-02
   2.2661142e-02
   8.8215433e-03
   2.9861705e-02
   9.1080731e-03
   1.7509216e-02
   6.2086685e-03
   2.9737463e-02
   6.0419259e-03
   1.4627187e-02
   4.9683680e-03
   1.5820211e-02
   7.8648645e-03
   2.4157496e-02
   1.0736316e-02
   3.7531160e-02
   2.1583140e-02
   3.4914501e-02
   1.1373151e-02
   3.7881751e-02
   1.0487555e-02
   2.7738396e-02
   8.9585073e-03
   3.6957994e-02
   6.4121415e-03
   2.2760538e-02
   7.4336799e-03
   1.9724937e-02
   1.3132820e-02
   2.4292029e-02
   8.8740177e-03
   2.9333226e-02
   1.6616791e-02
   2.3031060e-02
   9.5504932e-03
   3.2069143e-02
   9.5932996e-03
   1.6782070e-02
   6.0179411e-03
   3.0283369e-02
   6.3462849e-03
   1.2815245e-02
   4.8562437e-03
   2.5400510e-02
   1.9874010e-02
   1.4983010e-02
   5.6085992e-03
   2.7727276e-02
   1.5929986e-02
   1.8236578e-02
   8.4663769e-03
   2.7651081e-02
   8.5543748e-03
   1.3254059e-02
   4.6914276e-03
   3.4966927e-02
   6.9098054e-03
   9.9465558e-03
   3.3650096e-03
   4.5243487e-02
   1.4221045e-02
   1.1704537e-02
   4.5122225e-03
   3.1119905e-02
   4.3721858e-02
   4.3121822e-02
   8.7987082e-03
   3.3533767e-02
   3.4942258e-02
   3.3594485e-02
   5.1248833e-03
   7.0040427e-02
   4.7699809e-02
   3.5483655e-02
   3.4047600e-03
   5.3175189e-02
   3.0384248e-02
   3.6563829e-02
   6.3863373e-03
   4.9297128e-02
   1.3837042e-01
   1.0221329e-01
   1.1714974e-02
   8.8912889e-02
   1.5229429e-01
   1.1431485e-01
   7.4935453e-03
   1.1330948e-01
   1.6269566e-01
   1.1195030e-01
   5.0248266e-03
   9.6047349e-02
   1.0575505e-01
   1.1730263e-01
   1.4531729e-02
   7.9768501e-02
   5.9423998e-02
   4.7004912e-02
   7.0042163e-03
   1.0661633e-01
   6.0450286e-02
   5.3420704e-02
   4.1736593e-03
   4.9272086e-02
   6.2240690e-02
   5.1609956e-02
   3.1232992e-03
   4.6077020e-02
   4.5451716e-02
   5.5232201e-02
   9.4292164e-03
   1.2754731e-01
   3.2549668e-02
   2.1798881e-02
   5.1678931e-03
   5.5568866e-02
   9.6682440e-03
   2.0992057e-02
   3.3322361e-03
   2.7984276e-02
   6.1360789e-03
   1.4766412e-02
   2.5985478e-03
   1.8598553e-02
   1.0440825e-02
   2.5376124e-02
   1.3233999e-02
   8.2242139e-02
   3.5336718e-02
   3.3830184e-02
   6.4661205e-03
   3.6575891e-02
   8.4956186e-03
   2.6533013e-02
   5.1563722e-03
   3.2893840e-02
   4.8896782e-03
   2.1825314e-02
   4.5075798e-03
   1.6883021e-02
   1.1053614e-02
   4.0041134e-02
   1.5550888e-02
   5.1715571e-02
   2.5699079e-02
   5.3642698e-02
   9.7546661e-03
   4.6403706e-02
   9.4667086e-03
   4.7750205e-02
   8.4801335e-03
   4.3248970e-02
   5.1021525e-03
   4.0369090e-02
   7.8902803e-03
   2.2330541e-02
   2.0356158e-02
   3.7653804e-02
   1.2142545e-02
   3.5150740e-02
   1.8051978e-02
   3.2793716e-02
   6.9930521e-03
   3.6518723e-02
   8.6778002e-03
   2.6828384e-02
   4.8046005e-03
   3.6225472e-02
   5.1204641e-03
   1.9309606e-02
   4.3145306e-03
   3.2442696e-02
   3.1807259e-02
   2.0601463e-02
   6.8993368e-03
   3.0951386e-02
   1.7469410e-02
   2.5540622e-02
   5.8534527e-03
   3.0010434e-02
   9.1163553e-03
   2.4741415e-02
   3.3394510e-03
   4.6260223e-02
   6.1535905e-03
   1.6055182e-02
   2.4174575e-03
   5.9547126e-02
   2.0467641e-02
   1.6651686e-02
   6.1704502e-03
   3.6293045e-02
   6.1374567e-02
   5.4622073e-02
   7.0014978e-03
   4.2224552e-02
   6.1508115e-02
   5.8725104e-02
   4.2966432e-03
   1.0289007e-01
   6.2704757e-02
   5.1858239e-02
   2.7565004e-03
   7.1974531e-02
   4.2889334e-02
   4.8714407e-02
   9.3301553e-03
   9.0869233e-02
   2.3622783e-01
   1.7330748e-01
   2.1198947e-02
   1.5607652e-01
   3.4606528e-01
   2.6229766e-01
   1.5657946e-02
   1.9370086e-01
   3.4041819e-01
   2.4589089e-01
   1.0497719e-02
   1.4178528e-01
   1.8480839e-01
   1.6994977e-01
   3.0523021e-02
   1.4113878e-01
   9.1851629e-02
   7.5584769e-02
   9.5755532e-03
   1.9066978e-01
   1.3354859e-01
   1.0467180e-01
   6.2221559e-03
   8.9178964e-02
   1.3055393e-01
   1.0067440e-01
   4.9410770e-03
   6.6854551e-02
   7.8833111e-02
   7.9811208e-02
   1.7533176e-02
   2.2110146e-01
   2.4341408e-02
   3.5702724e-02
   4.3015480e-03
   1.0696664e-01
   1.2928489e-02
   3.0763123e-02
   2.6309630e-03
   4.6316307e-02
   8.1158392e-03
   1.6684601e-02
   2.4396623e-03
   2.9962989e-02
   1.5337613e-02
   3.6492705e-02
   2.5118465e-02
   1.2223695e-01
   2.6420165e-02
   4.2365912e-02
   6.6707586e-03
   5.4619692e-02
   9.8224254e-03
   3.4315526e-02
   5.5113053e-03
   4.7876086e-02
   4.5495066e-03
   3.0229498e-02
   5.4981154e-03
   2.3865797e-02
   1.5579977e-02
   5.6857206e-02
   3.0865129e-02
   7.0678458e-02
   3.4171581e-02
   7.1828790e-02
   1.2342523e-02
   6.5532766e-02
   9.7268149e-03
   7.7736661e-02
   1.1529182e-02
   5.9193447e-02
   4.7931629e-03
   7.2163828e-02
   1.0749893e-02
   3.2547910e-02
   3.1021914e-02
   4.9459051e-02
   2.1775931e-02
   5.4474320e-02
   2.3807364e-02
   3.9049346e-02
   7.2239446e-03
   4.7287107e-02
   8.8243028e-03
   3.5869282e-02
   6.1566951e-03
   5.2997887e-02
   4.7660558e-03
   2.9420475e-02
   5.2048340e-03
   4.5408826e-02
   4.8555322e-02
   2.9254073e-02
   1.1396999e-02
   5.4593161e-02
   2.0767413e-02
   4.1863360e-02
   5.3843562e-03
   5.2517366e-02
   1.2942379e-02
   4.3855362e-02
   3.1010814e-03
   7.5659774e-02
   8.1428476e-03
   2.8724123e-02
   1.9262619e-03
   8.7854162e-02
   3.0464198e-02
   2.1986255e-02
   1.0795074e-02
   6.5361828e-02
   1.0747194e-01
   9.1983512e-02
   1.0511466e-02
   8.5412279e-02
   1.3815671e-01
   1.3200054e-01
   6.8261400e-03
   1.5778491e-01
   1.3107085e-01
   1.1338171e-01
   4.0490841e-03
   1.0961790e-01
   6.9606759e-02
   7.0091911e-02
   1.7057272e-02
   1.1079184e-01
   2.0263724e-01
   2.0545216e-01
   3.1745501e-02
   2.0030552e-01
   2.8161395e-01
   2.0782226e-01
   1.3575700e-02
   2.2044358e-01
   3.0155966e-01
   2.3026593e-01
   1.1531707e-02
   2.5894782e-01
   3.3838421e-01
   2.9213688e-01
   5.9215903e-02
   1.5956134e-01
   8.5438855e-02
   8.0844700e-02
   1.4860961e-02
   2.2440626e-01
   1.0926979e-01
   8.2552247e-02
   5.3228862e-03
   1.0206532e-01
   1.1633983e-01
   9.4653495e-02
   5.8237351e-03
   1.2550390e-01
   1.3643992e-01
   1.3073592e-01
   3.3001110e-02
   1.9299310e-01
   2.3685426e-02
   2.7729299e-02
   5.1217773e-03
   1.0376485e-01
   1.5346484e-02
   1.5607290e-02
   2.6721768e-03
   5.6728236e-02
   7.4808151e-03
   9.5513724e-03
   2.4195174e-03
   3.8112011e-02
   1.8604333e-02
   4.3537505e-02
   3.8871642e-02
   9.1409199e-02
   3.6491439e-02
   5.0794717e-02
   1.0359957e-02
   5.6956977e-02
   1.4314723e-02
   4.1820280e-02
   9.5286379e-03
   5.5615894e-02
   4.8503075e-03
   4.2403113e-02
   9.0520894e-03
   3.4903858e-02
   2.3172487e-02
   6.9316581e-02
   4.8555505e-02
   8.8285737e-02
   5.2508470e-02
   8.3958648e-02
   1.9700088e-02
   1.1870226e-01
   1.3539312e-02
   1.0184362e-01
   2.1403208e-02
   1.1338371e-01
   6.4240806e-03
   1.0671992e-01
   2.0804428e-02
   5.4666646e-02
   4.6027806e-02
   5.4508027e-02
   3.7753444e-02
   6.2112629e-02
   3.6623225e-02
   3.9659347e-02
   9.2412047e-03
   6.0735460e-02
   1.2106464e-02
   4.0551901e-02
   1.0173861e-02
   6.6523828e-02
   5.9109600e-03
   4.3669127e-02
   9.5167086e-03
   5.5429053e-02
   6.6489846e-02
   3.5292886e-02
   2.2119083e-02
   8.1535161e-02
   2.6692409e-02
   3.1098945e-02
   6.4604226e-03
   5.2398149e-02
   1.4425226e-02
   1.9960131e-02
   2.6293113e-03
   8.6931422e-02
   8.3651692e-03
   1.4746927e-02
   2.2953949e-03
   9.1659382e-02
   3.9393608e-02
   2.9874217e-02
   1.6087290e-02
   7.5253956e-02
   9.3606532e-02
   1.0606838e-01
   1.4915908e-02
   9.8571889e-02
   1.2004949e-01
   9.7383678e-02
   6.1666626e-03
   1.7592520e-01
   1.1530500e-01
   1.0107435e-01
   4.1568023e-03
   1.4827767e-01
   1.2374590e-01
   1.1892661e-01
   2.9201621e-02
